135
-131
-132
-133
-134
-136
-137
-138
-139
-115
-125
-215
-225
-235
-315
-325
-335
-145
-155
-165
-175
-185
-195
-435
-535
-635
-735
-835
-935
197
-191
-192
-193
-194
-196
-198
-199
-177
-187
-277
-287
-297
-377
-387
-397
-117
-127
-147
-157
-167
-497
-597
-697
-797
-897
-997
218
-211
-212
-213
-214
-216
-217
-219
-118
-128
-228
-238
-318
-328
-338
-248
-258
-268
-278
-288
-298
-418
-518
-618
-718
-818
-918
249
-241
-242
-243
-244
-245
-246
-247
-149
-159
-169
-259
-269
-349
-359
-369
-229
-239
-279
-289
-299
-449
-549
-649
-749
-849
-949
256
-251
-252
-253
-254
-255
-257
-146
-156
-166
-266
-346
-356
-366
-226
-236
-276
-286
-296
-456
-556
-656
-756
-856
-956
323
-321
-322
-324
-326
-327
-329
-113
-123
-223
-233
-313
-333
-343
-353
-363
-373
-383
-393
-423
-523
-623
-723
-823
-923
379
-371
-372
-374
-375
-376
-378
-179
-189
-389
-399
-319
-339
-479
-579
-679
-779
-879
-979
431
-432
-433
-434
-436
-437
-438
-439
-411
-421
-511
-521
-531
-611
-621
-631
-441
-451
-461
-471
-481
-491
-231
-331
-731
-831
-931
525
-522
-524
-526
-527
-528
-529
-415
-425
-515
-615
-625
-545
-555
-565
-575
-585
-595
-725
-825
-925
563
-561
-562
-564
-566
-567
-568
-569
-443
-453
-463
-543
-553
-643
-653
-663
-513
-533
-573
-583
-593
-163
-263
-763
-863
-963
582
-581
-584
-586
-587
-588
-589
-472
-482
-492
-572
-592
-672
-682
-692
-512
-532
-542
-552
-182
-282
-382
-782
-882
-982
598
-591
-594
-596
-599
-478
-488
-498
-578
-678
-688
-698
-538
-548
-558
-398
-798
-898
-998
627
-622
-624
-626
-628
-629
-417
-427
-517
-537
-617
-637
-647
-657
-667
-677
-687
-227
-727
-827
-927
681
-683
-684
-685
-686
-689
-571
-671
-691
-641
-651
-661
-181
-281
-381
-781
-881
-981
694
-693
-695
-696
-699
-474
-484
-494
-574
-674
-614
-634
-644
-654
-664
-294
-394
-794
-894
-994
722
-721
-724
-726
-728
-729
-712
-732
-812
-822
-832
-912
-922
-932
-742
-752
-762
-772
-792
-122
-222
-422
746
-741
-743
-744
-745
-747
-748
-766
-846
-866
-946
-966
-716
-736
-776
-786
-796
-446
-546
-646
789
-783
-784
-785
-787
-788
-799
-889
-899
-989
-999
-719
-739
-759
-769
-489
499
-493
-495
-496
-419
-429
-459
-469
842
-841
-843
-844
-845
-847
-848
-852
-862
-942
-952
-962
-872
-892
-142
-342
-442
-642
868
-861
-864
-865
-867
-869
-758
-768
-858
-948
-958
-968
-828
-838
-878
-888
-168
-368
-468
-668
886
-883
-884
-885
-887
-876
-896
-976
-986
-996
-816
-826
-836
-186
-386
-486
396
-391
-392
-395
-176
-316
-336
934
-933
-936
-937
-938
-939
-714
-734
-814
-824
-834
-914
-924
-944
-954
-964
-974
-984
-234
-334
-534
969
-961
-965
-967
-859
-959
-919
-929
-669
995
-991
-992
-993
972
-971
-973
-975
-977
-978
-775
-795
-875
-895
-985
-915
-945
-955
-172
-272
292
-291
-293
-295
-232
237
-317
-337
332
-112
-312
-262
-267
-352
-362
-632
-737
-837
-111
-114
-116
119
126
-121
-124
-129
-519
-619
-819
-426
-926
916
-911
-913
-917
-416
-516
514
-414
-424
428
-638
-448
-458
-544
-554
-314
311
-221
224
-264
-274
-284
-341
-351
-361
-711
-811
-616
-928
921
-821
829
738
-733
-839
833
-713
-813
-778
988
-983
-987
-853
-873
-893
891
-771
-791
793
-871
-773
-753
-851
-941
-951
-633
178
-171
-173
-174
271
-273
-275
-188
-388
-148
-158
-261
265
-345
-355
-365
283
-285
-183
184
-384
385
-144
-154
-164
-465
-665
-765
-483
-485
487
-477
-577
576
-476
-676
466
-462
-464
-467
-666
662
-452
-652
412
-413
-612
613
473
-475
-673
675
-447
-457
-536
539
636
-639
-559
659
-655
-658
648
-645
445
-444
454
-455
344
-347
-348
-354
-364
367
-357
358
152
-151
-153
-162
161
-141
143
541
-547
-551
557
-943
947
953
-957
-757
-767
-857
751
-754
-755
-761
764
-854
855
-774
777
874
-877
715
-717
-815
817
