135
-131
-132
-133
-134
-136
-137
-138
-139
-115
-125
-215
-225
-235
-315
-325
-335
-145
-155
-165
-175
-185
-195
-435
-535
-635
-735
-835
-935
144
-141
-142
-143
-146
-147
-148
-149
-154
-164
-244
-254
-264
-344
-354
-364
-114
-124
-174
-184
-194
-444
-544
-644
-744
-844
-944
257
-251
-252
-253
-255
-256
-258
-259
-157
-167
-247
-267
-347
-357
-367
-217
-227
-237
-277
-287
-297
-457
-557
-657
-757
-857
-957
288
-281
-282
-283
-284
-285
-286
-289
-178
-188
-198
-278
-298
-378
-388
-398
-218
-228
-238
-248
-268
-488
-588
-688
-788
-888
-988
331
-332
-333
-334
-336
-337
-338
-339
-111
-121
-211
-221
-231
-311
-321
-341
-351
-361
-371
-381
-391
-431
-531
-631
-731
-831
-931
368
-362
-363
-365
-366
-369
-158
-168
-348
-358
-318
-328
-468
-568
-668
-768
-868
-968
376
-372
-373
-374
-375
-377
-379
-176
-186
-196
-276
-296
-386
-396
-316
-326
-346
-356
-476
-576
-676
-776
-876
-976
399
-392
-393
-394
-395
-397
-179
-189
-199
-279
-299
-389
-319
-329
-349
-359
-499
-599
-699
-799
-899
-999
441
-442
-443
-445
-446
-447
-448
-449
-451
-461
-541
-551
-561
-641
-651
-661
-411
-421
-471
-481
-491
-241
-741
-841
-941
482
-483
-484
-485
-486
-487
-489
-472
-492
-572
-582
-592
-672
-682
-692
-412
-422
-432
-452
-462
-182
-382
-782
-882
-982
533
-532
-534
-536
-537
-538
-539
-413
-423
-433
-513
-523
-613
-623
-633
-543
-553
-563
-573
-583
-593
-233
-733
-833
-933
586
-581
-584
-585
-587
-589
-496
-596
-686
-696
-516
-526
-546
-556
-566
-786
-886
-986
638
-632
-634
-636
-637
-639
-418
-428
-438
-518
-528
-618
-628
-648
-658
-678
-698
-738
-838
-938
649
-642
-643
-645
-646
-647
-459
-469
-549
-559
-569
-659
-669
-619
-629
-679
-689
-249
-749
-849
-949
681
-683
-684
-685
-687
-571
-591
-671
-691
-611
-621
-181
-781
-881
-981
713
-711
-712
-714
-715
-716
-717
-718
-719
-723
-813
-823
-913
-923
-743
-753
-763
-773
-783
-793
-113
-213
-313
727
-721
-722
-724
-725
-726
-728
-729
-737
-817
-827
-837
-917
-927
-937
-747
-767
-777
-787
-797
-127
-327
-427
-527
-627
437
-434
-436
-439
-417
-517
-617
-467
-477
-497
764
-761
-762
-765
-766
-769
-754
-854
-864
-954
-964
-734
-774
-784
-794
-464
-564
-664
795
-791
-792
-796
-798
-775
-785
789
-875
-885
-895
-975
-985
-995
-779
-879
-889
-979
-989
-745
-755
-739
-759
385
-383
-384
-387
-275
-295
-345
-355
317
-312
-314
-117
324
-322
-323
-214
-224
-234
-424
-524
-624
-824
-924
-495
-595
-695
818
-811
-812
-814
-815
-816
-819
-828
-918
-928
-848
-858
-878
-898
-118
128
-122
-123
-126
-129
223
-222
-226
-229
-243
-263
-273
-293
853
-851
-852
-855
-856
-859
-843
-863
-943
-953
-963
-873
-883
-893
343
-342
-153
-163
-353
352
-152
-162
-242
-262
-552
-652
-752
-952
-453
-653
869
-861
-862
-865
-866
-867
-959
-969
-829
-839
159
-151
-156
-169
-269
-119
934
-932
-936
-939
-834
-914
-974
-984
-994
239
-232
-236
-219
884
-887
-874
-894
947
-942
-945
-946
-948
-847
-967
-977
-987
983
-973
-993
-997
-547
-183
187
-177
-197
998
-991
-992
-996
896
-891
-892
-897
877
-871
-872
-778
-978
821
-822
-825
-826
-911
-921
845
-842
-846
-955
-965
832
-836
-732
736
-912
-922
-916
-926
-746
-756
-958
511
-512
-514
-515
-519
-521
-245
246
265
-261
-266
161
-166
-171
-191
116
-112
212
-216
-272
-292
-612
-416
-616
-545
-961
-465
-565
-665
-577
-677
291
-294
-271
274
-474
-574
-674
192
-193
-172
173
-473
-673
675
-475
-575
-615
614
-414
-654
-694
-625
-655
656
-456
-466
463
-663
-666
-493
693
-697
597
-594
-598
494
-498
-454
554
-555
-558
455
-458
548
-542
-415
419
-429
-529
-425
426
525
-522
622
-626
478
-479
-578
579
562
-567
-662
667
915
-919
-925
929
742
-748
-962
966
-956
951
-751
758
771
-772
-971
972
