127
-121
-122
-123
-124
-125
-126
-128
-129
-117
-137
-217
-227
-237
-317
-327
-337
-147
-157
-167
-177
-187
-197
-427
-527
-627
-727
-827
-927
189
-181
-182
-183
-184
-185
-186
-188
-179
-199
-279
-289
-299
-379
-389
-399
-119
-139
-149
-159
-169
-489
-589
-689
-789
-889
-989
244
-241
-242
-243
-245
-246
-247
-248
-249
-144
-154
-164
-254
-264
-344
-354
-364
-214
-224
-234
-274
-284
-294
-444
-544
-644
-744
-844
-944
288
-281
-282
-283
-285
-286
-287
-178
-198
-278
-298
-378
-388
-398
-218
-228
-238
-258
-268
-488
-588
-688
-788
-888
-988
292
-291
-293
-295
-296
-297
-172
-192
-272
-372
-382
-392
-212
-222
-232
-252
-262
-492
-592
-692
-792
-892
-992
332
-331
-333
-334
-335
-336
-338
-339
-112
-132
-312
-322
-342
-352
-362
-432
-532
-632
-732
-832
-932
341
-343
-345
-346
-347
-348
-349
-141
-151
-161
-251
-261
-351
-361
-311
-321
-371
-381
-391
-441
-541
-641
-741
-841
-941
369
-363
-365
-366
-367
-368
-259
-269
-359
-319
-329
-469
-569
-669
-769
-869
-969
445
-442
-443
-446
-447
-448
-449
-455
-465
-545
-555
-565
-645
-655
-665
-415
-425
-435
-475
-485
-495
-145
-745
-845
-945
474
-471
-472
-473
-476
-477
-478
-479
-484
-494
-574
-584
-594
-674
-684
-694
-414
-424
-434
-454
-464
-174
-374
-774
-874
-974
551
-552
-553
-554
-556
-557
-558
-559
-451
-461
-561
-651
-661
-511
-521
-531
-571
-581
-591
-751
-851
-951
597
-593
-595
-596
-598
-599
-487
-497
-577
-587
-677
-687
-697
-517
-537
-547
-567
-397
-797
-897
-997
611
-612
-613
-614
-615
-616
-617
-618
-619
-411
-421
-431
-621
-631
-671
-681
-691
-111
-211
-711
-811
-911
633
-634
-635
-636
-637
-638
-639
-413
-423
-433
-513
-523
-533
-623
-643
-653
-663
-673
-683
-693
-133
-233
-733
-833
-933
646
-642
-647
-648
-649
-456
-466
-546
-566
-656
-666
-626
-676
-686
-696
-146
-746
-846
-946
722
-721
-723
-724
-725
-726
-728
-729
-712
-812
-822
-912
-922
-742
-752
-762
-772
-782
-422
-522
-622
773
-771
-775
-776
-777
-778
-779
-783
-793
-873
-883
-893
-973
-983
-993
-713
-743
-753
-763
-173
-273
-373
-573
835
-831
-834
-836
-837
-838
-839
-715
-735
-815
-825
-915
-925
-935
-855
-865
-875
-885
-895
-135
-235
-535
871
-872
-876
-877
-878
-879
-781
-791
-881
-891
-971
-981
-991
-821
-861
-171
-271
191
-193
-194
-195
-196
-131
481
-482
-483
-486
-491
918
-913
-914
-916
-917
-919
-718
-738
-818
-828
-928
-938
-948
-958
-968
-978
-998
-118
-318
-418
-518
931
-934
-936
-937
-939
-731
-921
761
-764
-765
-766
-767
-768
-961
221
-223
-225
-226
-229
-231
952
-953
-954
-955
-956
-957
-959
-842
-852
-862
-942
-962
882
-884
-886
-887
-972
-982
-152
-452
-652
-582
-682
685
-575
-585
-675
-695
-625
-385
-785
-985
966
-963
-964
-965
-967
755
-754
-756
-757
-758
-759
-856
-866
-795
-926
-976
-986
-996
-155
-255
-355
-166
-266
-316
-516
-529
-353
-419
-458
-814
-326
-568
-857
-163
-436
-819
-116
-324
-396
-499
-528
-539
-658
-794
-843
-467
-514
-716
-824
-868
-899
-148
-213
-276
315
-313
-314
-115
-215
-325
-375
-395
-515
525
-524
-526
995
-994
-999
-975
-498
-562
-629
-739
-853
-463
-549
-668
-747
-136
-153
-257
-386
-428
-576
-849
-387
-416
-457
538
-534
-536
624
-628
426
-429
-438
-496
493
-583
586
-453
459
-659
468
-462
-548
412
-417
-512
519
437
-439
564
-563
543
-542
662
-664
-667
-654
657
572
-578
-579
-672
-219
216
-236
239
-256
253
-143
142
-162
-263
113
-114
-323
328
134
-138
-358
-813
714
-717
-719
-734
-924
-784
984
-987
-894
-816
817
-737
736
-826
-786
787
-977
979
-799
-796
798
896
-898
-748
749
-859
-949
-847
848
-858
854
-864
-867
863
-943
947
-823
829
923
-929
-357
356
-156
158
267
-265
165
-168
-175
176
275
-277
-376
377
678
-679
-698
699
383
-384
-393
394
