112
-111
-113
-114
-115
-116
-117
-118
-119
-122
-132
-212
-222
-232
-312
-322
-332
-142
-152
-162
-172
-182
-192
-412
-512
-612
-712
-812
-912
173
-171
-174
-175
-176
-177
-178
-179
-183
-193
-273
-283
-293
-373
-383
-393
-123
-133
-143
-153
-163
-473
-573
-673
-773
-873
-973
214
-211
-213
-215
-216
-217
-218
-219
-124
-134
-224
-234
-314
-324
-334
-244
-254
-264
-274
-284
-294
-414
-514
-614
-714
-814
-914
253
-251
-252
-255
-256
-257
-258
-259
-243
-263
-343
-353
-363
-223
-233
-453
-553
-653
-753
-853
-953
316
-311
-313
-315
-317
-318
-319
-126
-136
-226
-236
-326
-336
-346
-356
-366
-376
-386
-396
-416
-516
-616
-716
-816
-916
345
-341
-342
-344
-347
-348
-349
-145
-155
-165
-245
-265
-355
-365
-325
-335
-375
-385
-395
-445
-545
-645
-745
-845
-945
352
-351
-354
-357
-358
-359
-242
-262
-362
-372
-382
-392
-452
-552
-652
-752
-852
-952
367
-361
-364
-368
-369
-147
-157
-167
-247
-267
-327
-337
-377
-387
-397
-467
-567
-667
-767
-867
-967
381
-384
-388
-389
-181
-191
-271
-281
-291
-371
-391
-321
-331
-481
-581
-681
-781
-881
-981
428
-421
-422
-423
-424
-425
-426
-427
-429
-418
-438
-518
-528
-538
-618
-628
-638
-448
-458
-468
-478
-488
-498
-128
-228
-328
-728
-828
-928
457
-451
-454
-455
-456
-459
-447
-547
-557
-647
-657
-417
-437
-477
-487
-497
-757
-857
-957
469
-461
-462
-463
-464
-465
-466
-449
-549
-559
-569
-649
-659
-669
-419
-439
-479
-489
-499
-169
-269
-769
-869
-969
476
-471
-472
-474
-475
-486
-496
-576
-586
-596
-676
-686
-696
-436
-446
-276
-776
-876
-976
511
-513
-515
-517
-519
-411
-431
-521
-531
-611
-621
-631
-541
-551
-561
-571
-591
-711
-811
-911
536
-532
-533
-534
-535
-537
-539
-526
-626
-636
-546
-556
-566
-736
-836
-936
655
-651
-654
-656
-658
-555
-565
-665
-615
-625
-635
-675
-685
-695
-755
-855
-955
682
-683
-684
-687
-688
-689
-482
-492
-572
-582
-592
-672
-692
-622
-632
-642
-662
-282
-782
-882
-982
788
-783
-784
-785
-786
-787
-789
-778
-798
-878
-888
-898
-978
-988
-998
-718
-738
-748
-758
-768
-188
-288
-588
868
-861
-862
-863
-864
-865
-866
-848
-858
-948
-958
-968
-818
-838
918
-913
-915
-917
-919
-938
-168
-268
-568
-668
877
-871
-872
-874
-875
-879
-777
-797
-887
-897
-977
-987
-997
-817
-827
-837
-847
-277
-577
-677
891
-892
-893
-894
-895
-896
-899
-771
-791
-971
-991
-821
-831
-841
-851
671
-674
-678
-679
-491
-691
441
-442
-443
-444
-641
-661
432
-433
-434
-435
-522
-732
-832
-932
-141
-241
-741
-941
922
-921
-923
-924
-925
-926
-927
-929
-722
-822
842
-843
-844
-846
-849
-742
-762
-942
-962
-972
-992
-542
562
-563
-564
947
-943
-944
-946
-949
-747
-937
961
-963
-964
-965
-966
-751
-761
-951
765
-763
-764
-766
743
-744
-746
-749
-713
-723
-733
-793
-715
-725
-735
-775
-795
-931
-543
-643
663
-664
-666
646
-644
-648
-613
-623
-633
-693
698
-694
-697
-699
-578
-598
-146
-246
151
-154
-156
-158
-159
-161
-261
266
-166
164
-144
-121
-131
-184
-194
-286
-296
544
-548
-554
558
-524
-574
-584
-594
-198
-298
-398
985
-983
-984
-986
-989
-885
-975
-995
-935
-185
-285
-485
-585
-729
-239
-199
-829
-279
-739
-139
-299
-794
-227
-529
834
-833
-835
-839
-724
-734
-824
-934
-854
-884
624
-627
-629
-634
484
-483
-494
-999
-225
-379
-137
-595
-779
-129
-187
238
-231
-235
-237
221
-229
127
-125
135
-138
-338
-195
-197
196
-186
189
-289
287
-297
-399
394
-374
378
-278
148
-149
-248
249
-721
731
-737
-527
-727
726
-826
717
-719
-756
-796
-617
619
637
-639
-819
939
-933
993
-994
-996
-883
886
-889
-856
859
956
-954
-959
754
-759
-774
772
-792
799
974
-979
329
-323
333
-339
-272
275
292
-295
-575
579
495
-493
-589
-599
413
-415
-523
525
-813
815
823
-825
583
-587
-593
597
