129
-121
-122
-123
-124
-125
-126
-127
-128
-119
-139
-219
-229
-239
-319
-329
-339
-149
-159
-169
-179
-189
-199
-429
-529
-629
-729
-829
-929
198
-191
-192
-193
-194
-195
-196
-197
-178
-188
-278
-288
-298
-378
-388
-398
-118
-138
-148
-158
-168
-498
-598
-698
-798
-898
-998
248
-241
-242
-243
-244
-245
-246
-247
-249
-258
-268
-348
-358
-368
-218
-228
-238
-448
-548
-648
-748
-848
-948
265
-261
-262
-263
-264
-266
-267
-269
-145
-155
-165
-255
-345
-355
-365
-215
-225
-235
-275
-285
-295
-465
-565
-665
-765
-865
-965
337
-331
-332
-333
-334
-335
-336
-338
-117
-137
-217
-227
-237
-317
-327
-347
-357
-367
-377
-387
-397
-437
-537
-637
-737
-837
-937
359
-351
-352
-353
-354
-356
-259
-349
-369
-379
-389
-399
-459
-559
-659
-759
-859
-959
383
-381
-382
-384
-385
-386
-173
-183
-273
-283
-293
-373
-393
-313
-323
-343
-363
-483
-583
-683
-783
-883
-983
423
-421
-422
-424
-425
-426
-427
-428
-413
-433
-513
-523
-533
-613
-623
-633
-443
-453
-463
-473
-493
-223
-723
-823
-923
452
-451
-454
-455
-456
-457
-458
-442
-462
-542
-552
-562
-642
-652
-662
-412
-432
-472
-482
-492
-152
-252
-752
-852
-952
544
-541
-543
-545
-546
-547
-549
-444
-464
-554
-564
-644
-654
-664
-514
-524
-534
-574
-584
-594
-144
-344
-744
-844
-944
622
-621
-624
-625
-626
-627
-628
-512
-522
-532
-612
-632
-672
-682
-692
-222
-322
-722
-822
-922
653
-651
-655
-656
-657
-658
-553
-563
-643
-663
-673
-693
-153
-253
-753
-853
-953
666
-661
-667
-668
-669
-446
-466
-556
-566
-646
-616
-636
-676
-686
-696
-166
-366
-766
-866
-966
681
-684
-685
-687
-688
-689
-471
-481
-491
-571
-581
-591
-671
-691
-611
-631
-641
-181
-281
-781
-881
-981
721
-724
-725
-726
-727
-728
-711
-731
-811
-821
-831
-911
-921
-931
-741
-751
-761
-771
-791
-221
-321
-521
734
-732
-733
-735
-736
-738
-739
-714
-814
-824
-834
-914
-924
-934
-754
-764
-774
-784
-794
-134
-234
-434
-634
769
-762
-763
-767
-768
-749
-849
-869
-949
-969
-719
-779
-789
-799
-469
-569
773
-772
-775
-776
-777
-778
-793
-873
-893
-973
-993
-713
-743
-573
593
-592
-595
-596
-597
-599
813
-812
-815
-816
-817
-818
-819
-833
-913
-933
-843
-863
-113
-213
233
-231
-232
-236
-133
851
-854
-855
-856
-857
-858
-841
-861
-941
-951
-961
-871
-891
-151
-251
-551
879
-872
-874
-875
-876
-877
-878
-889
-899
-979
-989
-999
-839
-279
-479
-579
-679
935
-932
-936
-938
-939
-715
-825
-835
-915
-925
919
-912
-916
-917
-918
-945
-955
-975
-985
-995
-419
-519
-619
-135
-435
-535
-635
943
-942
-946
-947
-963
-143
163
-161
-162
-164
-167
958
-954
-956
-957
-758
-868
-968
-928
-978
-988
-558
994
-991
-992
-996
-997
971
-972
-974
-976
-977
-884
-894
-984
864
-862
-867
-964
-364
-171
-271
-371
-294
-394
-494
-694
-487
-186
-587
-286
-316
-418
-182
-475
-518
-585
-116
-296
-486
-577
-787
-172
-214
-447
-526
-882
-174
-297
-311
-392
415
-411
-414
-416
-417
614
-615
-617
-618
-515
-525
-445
-485
-495
-674
-114
-314
-115
-315
325
-324
-326
-328
224
-226
318
-312
-254
154
-156
-157
-184
-274
-284
374
-372
-375
-376
-395
-718
788
-782
-785
-786
-888
-474
484
-488
-489
-588
-896
-538
576
-572
-575
-578
582
-586
-589
-476
-496
436
-431
-438
-439
-516
-536
555
-557
-645
539
-531
511
-517
527
-528
638
-639
-561
-567
568
-468
478
-477
-678
-111
112
-132
-212
-142
-211
216
131
-136
-141
291
-292
-299
-391
396
-176
-276
289
-282
-287
272
-277
146
-147
-256
257
-346
-712
832
-836
-838
828
-826
-827
-842
-892
-716
717
926
-927
-747
-757
-797
-986
-746
-846
756
-755
-796
886
-885
-887
-982
987
792
-795
895
-897
-742
745
962
-967
-845
847
342
-341
361
-362
441
-449
-461
467
-647
649
-497
499
-699
185
-187
-175
177
675
-677
-695
697
