147
-141
-142
-143
-144
-145
-146
-148
-149
-157
-167
-247
-257
-267
-347
-357
-367
-117
-127
-137
-177
-187
-197
-447
-547
-647
-747
-847
-947
156
-151
-152
-153
-154
-155
-158
-159
-166
-246
-256
-266
-346
-356
-366
-116
-126
-136
-176
-186
-196
-456
-556
-656
-756
-856
-956
169
-161
-162
-163
-164
-165
-168
-249
-259
-269
-349
-359
-369
-119
-129
-139
-179
-189
-199
-469
-569
-669
-769
-869
-969
299
-291
-292
-293
-294
-295
-296
-297
-298
-279
-289
-379
-389
-399
-219
-229
-239
-499
-599
-699
-799
-899
-999
327
-321
-322
-323
-324
-325
-326
-328
-329
-217
-227
-237
-317
-337
-377
-387
-397
-427
-527
-627
-727
-827
-927
364
-361
-362
-363
-365
-368
-244
-254
-264
-344
-354
-314
-334
-374
-384
-394
-464
-564
-664
-764
-864
-964
475
-471
-472
-473
-474
-476
-477
-478
-479
-485
-495
-575
-585
-595
-675
-685
-695
-415
-425
-435
-445
-455
-465
-175
-275
-375
-775
-875
-975
483
-481
-482
-484
-486
-487
-488
-489
-493
-573
-583
-593
-673
-683
-693
-413
-423
-433
-443
-453
-463
-183
-283
-383
-783
-883
-983
498
-491
-492
-494
-496
-497
-578
-588
-598
-678
-688
-698
-418
-428
-438
-448
-458
-468
-198
-398
-798
-898
-998
543
-541
-542
-544
-545
-546
-548
-549
-553
-563
-643
-653
-663
-513
-523
-533
-243
-343
-743
-843
-943
554
-551
-552
-555
-557
-558
-559
-444
-454
-644
-654
-514
-524
-534
-574
-584
-594
-754
-854
-954
565
-561
-562
-566
-567
-568
-645
-655
-665
-515
-525
-535
-265
-765
-865
-965
611
-612
-613
-614
-615
-616
-617
-618
-619
-411
-421
-431
-511
-521
-531
-621
-631
-641
-651
-661
-671
-681
-691
-111
-211
-311
-711
-811
-911
687
-682
-684
-686
-689
-577
-587
-597
-677
-697
-637
-657
-667
-287
277
-271
-272
-273
-274
-276
-278
-777
-877
-977
-787
-887
-987
718
-712
-713
-714
-715
-716
-717
-719
-728
-738
-818
-828
-838
-918
-928
-938
-748
-758
-768
-778
-788
-118
-218
-318
-518
731
-732
-733
-734
-735
-736
-737
-739
-721
-821
-831
-921
-931
-741
-751
-761
-771
-781
-791
-131
-231
-331
766
-762
-763
-767
-746
-846
-866
-946
-966
-726
-776
-786
-796
-466
-666
792
-793
-794
-795
-797
-772
-782
-872
-882
-892
-972
-982
-992
-722
-742
-752
757
-753
-755
-759
-857
-867
-957
-967
-457
467
-461
-462
-417
-437
-192
-392
-592
-692
839
-832
-833
-834
-835
-836
-837
-729
-819
-829
-919
-929
-939
-849
-859
-879
-889
-339
319
-312
-313
-315
-316
-419
-519
-439
-539
-639
844
-841
-842
-845
-848
-744
-944
-814
-824
-874
-884
-894
853
-851
-852
-855
-858
-863
-953
-963
-813
-823
-873
-893
-253
-353
263
-261
-262
-268
-213
-223
-233
888
-881
-885
-886
-878
-978
-988
-868
-188
-288
-388
924
-922
-923
-925
-926
-724
-914
-934
-974
-984
-994
-124
-224
-424
-624
933
-932
-935
-936
-937
-723
725
-913
-815
-825
-915
773
-774
-779
-973
-993
784
-785
-789
-745
749
-949
-959
895
-891
-896
-897
-985
-995
997
-991
-996
817
-812
-816
-917
113
-112
-114
-115
-123
-133
-333
-173
-193
215
-212
-214
-216
-125
-135
-225
-235
-335
-245
-255
-285
414
-412
-416
-434
-634
-517
537
-532
-536
-538
528
-522
-526
-529
-628
-638
623
-622
-625
-626
-629
-633
635
-632
-636
429
-422
-426
-449
-459
-128
-228
-649
659
-652
-658
-679
-373
393
-391
-395
-396
-184
-284
234
-232
-236
-238
-134
-195
185
-181
-182
-385
121
-122
-221
-171
-191
194
-174
674
-672
-676
-694
696
-576
-586
-596
591
-571
-581
516
-512
432
-436
-442
-452
451
-441
446
-646
912
-916
-822
826
862
-861
-942
-952
-962
871
-876
-971
-981
222
-226
-132
138
-332
336
-338
172
-178
-282
-372
-382
378
-371
-376
-242
-252
286
-281
381
-386
-341
-351
-348
-358
-251
258
241
-248
-941
-951
961
-968
352
-355
-342
345
642
-648
-662
668
-945
948
955
-958
-572
579
582
-589
976
-979
-986
989
