163
-161
-162
-164
-165
-166
-167
-168
-169
-143
-153
-243
-253
-263
-343
-353
-363
-113
-123
-133
-173
-183
-193
-463
-563
-663
-763
-863
-963
235
-231
-232
-233
-234
-236
-237
-238
-239
-115
-125
-135
-215
-225
-315
-325
-335
-245
-255
-265
-275
-285
-295
-435
-535
-635
-735
-835
-935
256
-251
-252
-254
-257
-258
-259
-146
-156
-246
-266
-346
-356
-366
-216
-226
-276
-286
-296
-456
-556
-656
-756
-856
-956
267
-261
-262
-264
-268
-269
-147
-157
-247
-347
-357
-367
-217
-227
-277
-287
-297
-467
-567
-667
-767
-867
-967
311
-312
-313
-314
-316
-317
-318
-319
-111
-121
-131
-211
-221
-321
-331
-341
-351
-361
-371
-381
-391
-411
-511
-611
-711
-811
-911
355
-352
-354
-358
-359
-145
-155
-345
-365
-375
-385
-395
-455
-555
-655
-755
-855
-955
364
-362
-368
-369
-144
-154
-244
-344
-324
-334
-374
-384
-394
-464
-564
-664
-764
-864
-964
396
-392
-393
-397
-398
-399
-176
-186
-196
-376
-386
-326
-336
-496
-596
-696
-796
-896
-996
518
-512
-513
-514
-515
-516
-517
-519
-418
-428
-438
-528
-538
-618
-628
-638
-548
-558
-568
-578
-588
-598
-118
-218
-718
-818
-918
524
-521
-522
-523
-525
-526
-527
-529
-414
-424
-434
-534
-614
-624
-634
-544
-554
-574
-584
-594
-124
-224
-724
-824
-924
577
-571
-572
-573
-575
-576
-579
-477
-487
-497
-587
-597
-677
-687
-697
-537
-547
-557
-177
-377
-777
-877
-977
582
-581
-583
-585
-586
-589
-472
-482
-492
-592
-672
-682
-692
-532
-542
-552
-562
-182
-282
-382
-782
-882
-982
622
-621
-623
-625
-626
-627
-629
-412
-422
-432
-612
-632
-642
-652
-662
-122
-222
-322
-722
-822
-922
639
-631
-633
-636
-637
-419
-429
-439
-539
-619
-649
-659
-669
-679
-689
-699
-139
-339
-739
-839
-939
654
-651
-653
-657
-658
-444
-454
-644
-674
-684
-694
-754
-854
-954
688
-681
-683
-685
-686
-478
-488
-498
-678
-698
-648
-668
-188
-288
-388
-788
-888
-988
761
-762
-765
-766
-768
-769
-741
-751
-841
-851
-861
-941
-951
-961
-721
-731
-771
-781
-791
-461
-561
-661
793
-792
-794
-795
-797
-798
-799
-773
-783
-873
-883
-893
-973
-983
-993
-713
-723
-733
-743
-753
-293
-493
-593
-693
816
-812
-813
-814
-815
-817
-819
-716
-726
-736
-826
-836
-916
-926
-936
-846
-866
-876
-886
-116
-416
-616
879
-871
-872
-874
-875
-878
-779
-789
-889
-899
-979
-989
-999
-829
-849
-859
-869
-179
-279
-379
-479
898
-891
-892
-894
-895
-897
-778
-978
-998
-828
-838
-848
-858
-868
-198
-298
919
-912
-913
-914
-915
-917
-719
-729
-929
-949
-959
-969
-119
-219
923
-921
-925
-927
-928
-823
-833
-933
-943
-953
-223
-323
-423
952
-957
-958
-742
-752
-842
-852
-862
865
-942
-962
-745
-845
-945
-965
832
-831
-834
-837
-712
-732
-932
772
-774
-775
-776
-972
-992
-825
-885
-132
-332
-152
-452
462
-465
-466
-468
-469
-442
-565
-665
666
-446
-546
-566
569
-646
-449
-459
-549
-559
536
-531
-533
-426
-436
-599
-676
126
-127
-128
-129
-136
-966
968
-748
-758
-948
-938
-172
-272
-372
342
-348
-349
-142
-242
971
-974
-975
-976
-881
-981
-991
821
-827
-931
-421
431
-433
-437
-441
-451
-471
-481
-491
333
-337
-338
-213
-373
378
-178
-278
-383
-328
-171
-271
-671
476
-473
-474
-475
-486
-184
-747
-194
-485
-787
-189
-191
-284
-443
-495
-984
299
-291
-292
-294
192
-195
-197
-199
-289
-389
387
-187
-112
212
-214
274
-273
283
-281
181
-185
-174
175
-141
-151
241
-248
-249
228
-229
-138
329
-327
-728
738
-734
-737
-541
-641
551
-553
-591
595
691
-695
-675
673
-483
543
-545
-453
-643
413
-415
-417
-613
-843
853
-857
-887
884
-784
-994
-844
847
-757
759
-947
-749
-447
-647
645
-445
448
457
-458
425
-427
-615
617
715
-714
-717
934
-937
-725
727
744
-746
-944
946
-785
786
-986
114
-117
-134
137
-148
149
158
-159
-484
489
494
-499
985
-987
-995
997
