158
-151
-152
-153
-154
-155
-156
-157
-159
-148
-168
-248
-258
-268
-348
-358
-368
-118
-128
-138
-178
-188
-198
-458
-558
-658
-758
-858
-958
211
-212
-213
-214
-215
-216
-217
-218
-219
-111
-121
-131
-221
-231
-311
-321
-331
-241
-251
-261
-271
-281
-291
-411
-511
-611
-711
-811
-911
224
-222
-223
-225
-226
-227
-228
-229
-114
-124
-134
-234
-314
-324
-334
-244
-254
-264
-274
-284
-294
-424
-524
-624
-724
-824
-924
326
-322
-323
-325
-327
-328
-329
-116
-126
-136
-236
-316
-336
-346
-356
-366
-376
-386
-396
-426
-526
-626
-726
-826
-926
337
-332
-333
-335
-338
-339
-117
-127
-137
-237
-317
-347
-357
-367
-377
-387
-397
-437
-537
-637
-737
-837
-937
359
-351
-352
-353
-354
-355
-149
-169
-249
-259
-269
-349
-369
-319
-379
-389
-399
-459
-559
-659
-759
-859
-959
381
-382
-383
-384
-385
-388
-171
-181
-191
-371
-391
-341
-361
-481
-581
-681
-781
-881
-981
464
-461
-462
-463
-465
-466
-467
-468
-469
-444
-454
-544
-554
-564
-644
-654
-664
-414
-434
-474
-484
-494
-164
-364
-764
-864
-964
488
-482
-483
-485
-486
-487
-489
-478
-498
-578
-588
-598
-678
-688
-698
-418
-428
-438
-448
-288
-788
-888
-988
495
-491
-492
-493
-496
-497
-499
-475
-575
-585
-595
-675
-685
-695
-415
-425
-435
-445
-455
-195
-295
-395
-795
-895
-995
553
-551
-552
-555
-556
-557
-443
-453
-543
-563
-643
-653
-663
-513
-523
-533
-573
-583
-593
-253
-753
-853
-953
562
-561
-565
-566
-567
-568
-569
-442
-452
-542
-642
-652
-662
-512
-522
-532
-572
-582
-592
-162
-262
-362
-762
-862
-962
571
-574
-576
-577
-579
-471
-591
-671
-691
-521
-531
-541
-771
-871
-971
627
-621
-622
-623
-625
-628
-629
-417
-427
-517
-527
-617
-647
-657
-667
-677
-687
-697
-727
-827
-927
676
-672
-673
-674
-679
-476
-586
-596
-686
-696
-616
-636
-646
-656
-666
-176
-276
-776
-876
-976
683
-682
-684
-689
-473
-693
-613
-633
-183
-283
-783
-883
-983
692
-694
-699
-472
-612
-632
-192
-292
-392
-792
-892
-992
719
-712
-713
-714
-715
-716
-717
-718
-729
-739
-819
-829
-839
-919
-929
-939
-749
-769
-779
-789
-799
-119
-419
-519
-619
743
-741
-742
-744
-745
-746
-747
-748
-763
-843
-863
-943
-963
-723
-733
-773
-793
-143
-243
-343
752
-751
-754
-755
-756
-757
-842
-852
-942
-952
-722
-732
-772
-782
-252
798
-791
-794
-796
-797
-778
-878
-898
-978
-998
-728
-738
-768
-298
-398
825
-821
-822
-823
-828
-725
721
-731
-831
-921
-931
-735
-815
-835
-915
-925
-935
-761
-845
-855
-865
-875
-885
-421
-125
-525
856
-851
-854
-857
-766
-846
-866
-946
-956
-966
-816
-836
-886
-896
954
-951
-955
-957
-844
-944
-914
-934
-974
-984
-994
-256
-456
982
-985
-986
-987
-989
-872
-882
-972
-912
-922
-932
-182
-282
993
-991
-996
-997
-999
891
-893
-894
-897
-899
-873
-973
786
-784
-785
-787
-736
734
-814
-834
-774
-841
-861
-913
-923
928
-818
-838
-918
-938
-933
936
-916
917
-817
-947
-967
-977
-948
-968
-528
529
-429
-439
-539
-639
-549
-589
-599
479
-477
-449
-129
-534
-634
614
-615
-618
-514
-436
-536
-179
-279
-879
-979
975
-775
777
-877
874
-884
-887
889
765
-767
-945
-965
-849
-869
-165
-265
-365
363
-163
-263
-313
-373
-393
394
-174
-184
-194
-374
144
-141
-142
-145
-146
-147
161
-166
-167
-344
-661
-961
969
941
-949
-441
-641
649
-645
-648
-669
-665
668
-548
-638
848
-847
867
-868
266
-267
-246
-286
-296
-175
-275
-375
-177
-277
584
-587
-594
597
-547
-186
196
-193
-197
-199
187
-185
-189
285
-287
-289
-297
299
-293
139
-132
-133
-135
-239
115
-112
-113
-235
-315
-245
-255
257
345
-342
242
-247
-232
-272
-515
-545
546
655
-651
451
-457
-446
447
-431
631
-635
535
-538
518
-516
416
-412
-413
813
-812
832
-833
312
-318
-122
123
-233
238
172
-173
-372
378
273
-278
422
-423
-432
433
