189
-181
-182
-183
-184
-185
-186
-187
-188
-179
-199
-279
-289
-299
-379
-389
-399
-119
-129
-139
-149
-159
-169
-489
-589
-689
-789
-889
-989
246
-241
-242
-243
-244
-245
-247
-248
-249
-146
-156
-166
-256
-266
-346
-356
-366
-216
-226
-236
-276
-286
-296
-446
-546
-646
-746
-846
-946
259
-251
-252
-253
-254
-255
-257
-258
-269
-349
-359
-369
-219
-229
-239
-459
-559
-659
-759
-859
-959
285
-281
-282
-283
-284
-287
-288
-175
-195
-275
-295
-375
-385
-395
-215
-225
-235
-265
-485
-585
-685
-785
-885
-985
315
-311
-312
-313
-314
-316
-317
-318
-319
-115
-125
-135
-325
-335
-345
-355
-365
-415
-515
-615
-715
-815
-915
322
-321
-323
-324
-326
-327
-328
-329
-112
-122
-132
-212
-222
-232
-332
339
-331
-333
-334
-336
-337
-338
-342
-352
-362
-372
-382
-392
-422
-522
-622
-722
-822
-922
-439
-539
-639
-739
-839
-939
347
-341
-343
-344
-348
-147
-157
-167
-267
-357
-367
-377
-387
-397
-447
-547
-647
-747
-847
-947
453
-451
-452
-454
-455
-456
-457
-458
-443
-463
-543
-553
-563
-643
-653
-663
-413
-423
-433
-473
-483
-493
-153
-353
-753
-853
-953
499
-491
-492
-494
-495
-496
-497
-498
-479
-579
-599
-679
-699
-419
-429
-449
-469
-799
-899
-999
528
-521
-523
-524
-525
-526
-527
-529
-418
-428
-438
-518
-538
-618
-628
-638
-548
-558
-568
-578
-588
-598
-128
-228
-728
-828
-928
542
-541
-544
-545
-549
-442
-462
-552
-562
-642
-652
-662
-512
-532
-572
-582
-592
-142
-742
-842
-942
565
-561
-564
-566
-567
-569
-445
-465
-555
-645
-655
-665
-535
-575
-595
519
-511
-513
-514
-516
-517
-619
-629
-719
-819
-919
-165
-765
-865
-965
573
-571
-574
-576
-577
-583
-593
-673
-683
-693
-533
-173
-273
-373
-773
-873
-973
624
-621
-623
-625
-626
-627
-414
-424
-434
-534
-614
-634
-644
-654
-664
-674
-684
-694
-124
-224
-724
-824
-924
658
-651
-656
-657
-448
-468
-648
-668
-678
-688
-698
-158
-358
-758
-858
-958
696
-691
-692
-695
-697
-476
-486
-586
-596
-676
-686
-616
-636
-666
-196
-396
-796
-896
-996
713
-711
-712
-714
-716
-717
-718
-723
-733
-813
-823
-833
-913
-923
-933
-743
-763
-783
-793
-113
-213
-613
633
-631
-632
-635
-637
675
-671
-672
-677
-475
-133
-233
-775
-875
-975
754
-751
-752
-755
-756
-757
-744
-764
-844
-854
-864
-944
-954
-964
-734
-774
-784
-794
-154
-354
351
-141
-151
-161
-261
-361
-371
-381
-391
-551
-851
-951
-554
766
-761
-762
-767
-768
-769
-856
-866
-956
-966
-726
-736
-776
-786
556
-557
-466
-536
795
-791
-792
-797
-798
-895
-995
-725
-735
-745
831
-832
-834
-835
-836
-837
-838
-721
-731
-811
-821
-911
-921
-931
-841
-861
-871
-881
-891
-131
-231
-431
-531
537
-417
-427
-437
-617
-587
-597
-137
-237
-737
-937
912
-914
-916
-917
-918
-732
738
-812
-932
-818
-938
-748
-778
-788
-952
-962
-972
-982
-992
-412
-612
611
-411
416
-421
432
-435
-436
425
-426
-472
-482
682
-681
-687
-641
649
-669
-661
667
-467
-111
-211
-116
-816
-825
-925
935
-934
-936
814
-817
-874
-884
-894
-945
-955
957
-857
-867
-967
-927
-977
-987
-997
-114
-214
136
-134
-138
234
-238
-126
-176
-264
-274
-294
-749
741
-941
-961
-771
-781
-441
444
461
-464
-471
-481
-474
-484
-144
-849
-949
-782
787
-777
-877
-887
-897
772
-779
-872
-882
-892
-727
729
827
-826
-829
926
-929
-976
-986
-127
-227
-172
-272
-487
488
477
-478
-177
-277
-388
-888
-988
943
-948
-843
-863
-963
-983
-993
-143
974
-971
-978
-979
-984
981
-991
-994
998
-878
-898
893
-883
886
-876
879
-869
969
-968
-174
-374
376
-378
-386
-581
584
591
-594
383
-384
-193
-293
-393
-363
-191
-291
-198
-298
-398
394
-194
164
-162
-163
-168
263
-262
-268
152
-155
-364
368
145
-148
-192
197
292
-297
123
-121
221
-223
171
-178
-271
278
-117
118
217
-218
-845
848
855
-852
862
-868
