122
-121
-123
-124
-125
-126
-127
-128
-129
-112
-132
-212
-222
-232
-312
-322
-332
-142
-152
-162
-172
-182
-192
-422
-522
-622
-722
-822
-922
219
-211
-213
-214
-215
-216
-217
-218
-119
-139
-229
-239
-319
-329
-339
-249
-259
-269
-279
-289
-299
-419
-519
-619
-719
-819
-919
231
-233
-234
-235
-236
-237
-238
-111
-131
-221
-311
-321
-331
-241
-251
-261
-271
-281
-291
-431
-531
-631
-731
-831
-931
284
-282
-283
-285
-286
-287
-288
-174
-184
-194
-274
-294
-374
-384
-394
-224
-244
-254
-264
-484
-584
-684
-784
-884
-984
313
-314
-315
-316
-317
-318
-113
-133
-223
-323
-333
-343
-353
-363
-373
-383
-393
-413
-513
-613
-713
-813
-913
358
-351
-352
-354
-355
-356
-357
-359
-148
-158
-168
-248
-258
-268
-348
-368
-328
-338
-378
-388
-398
-458
-558
-658
-758
-858
-958
379
-371
-372
-375
-376
-377
-179
-189
-199
-389
-399
-349
-369
-479
-579
-679
-779
-879
-979
395
-391
-392
-396
-397
-175
-185
-195
-275
-295
-385
-325
-335
-345
-365
-495
-595
-695
-795
-895
-995
421
-423
-424
-425
-426
-427
-428
-429
-411
-511
-521
-611
-621
-441
-451
-461
-471
-481
-491
-721
-821
-921
463
-462
-464
-465
-466
-467
-468
-469
-443
-453
-543
-553
-563
-643
-653
-663
-433
-473
-483
-493
-163
-263
-763
-863
-963
499
-492
-494
-496
-497
-498
-489
-589
-599
-689
-699
-439
-449
-459
-799
-899
-999
548
-541
-542
-544
-545
-546
-547
-549
-448
-568
-648
-668
-518
-528
-538
-578
-588
-598
-748
-848
-948
557
-551
-552
-554
-555
-556
-559
-447
-457
-567
-647
-657
-667
-517
-527
-537
-577
-587
-597
-157
-257
-757
-857
-957
634
-632
-633
-635
-636
-637
-638
-639
-414
-434
-514
-524
-534
-614
-624
-644
-654
-664
-674
-694
-134
-334
-734
-834
-934
652
-651
-655
-656
-659
-442
-452
-562
-642
-662
-612
-672
-682
-692
-252
-752
-852
-952
688
-681
-683
-685
-686
-687
-478
-488
-678
-698
-618
-628
-188
-788
-888
-988
727
-723
-724
-725
-726
-728
-729
-717
-737
-817
-827
-837
-917
-927
-937
-747
-767
-777
-787
-797
-227
-327
-627
732
-733
-735
-736
-738
-739
-712
-812
-832
-912
-932
-742
-762
-772
-782
-792
-432
-532
754
-751
-753
-755
-756
-759
-744
-764
-844
-854
-864
-944
-954
-964
-714
-774
-794
-154
-454
843
-841
-842
-845
-846
-847
-849
-743
-853
-943
-953
-823
-833
-873
-883
-893
-143
-243
859
-851
-855
-856
-749
-769
-869
-949
-959
-969
789
-781
-783
-785
-786
-889
-989
-829
-839
-159
871
-872
-874
-875
-876
-877
-878
-771
-791
-881
-891
-971
-981
-991
-811
-861
-171
-571
-671
882
-885
-886
-887
-892
-972
-982
-992
-862
-382
-482
-582
915
-911
-914
-916
-918
711
-715
-716
-718
-815
-825
-835
-925
-935
-741
-761
865
-866
-867
-868
-745
746
-765
-945
-955
-965
-766
768
-946
-956
951
-941
-961
-966
-968
775
-773
-776
-778
-975
-985
793
-796
-798
-973
-983
-993
897
-894
-896
-898
-977
-987
986
-976
-996
-997
-926
-936
-115
-415
-515
-615
-146
-246
-346
-446
-646
-151
-165
-265
-565
-665
-475
-575
-675
-186
-386
-486
-586
-193
-293
-593
-693
-197
-297
-697
974
-978
-994
998
-924
-928
-938
-474
444
-445
-564
-144
-344
-574
594
-591
-592
-596
292
-296
-298
-272
-242
-262
-198
-166
-526
-147
-116
-436
-167
-626
-136
-177
-276
-361
-366
-416
576
-572
-573
472
-476
-477
-676
-696
691
-581
-412
512
-516
456
-455
645
-641
-649
-566
-666
561
-569
-661
669
-536
616
-617
-625
677
-673
583
-585
485
-487
-435
-523
-533
623
-629
-816
-923
929
933
-939
-529
525
-535
539
-225
135
-137
-138
-145
-155
-245
247
255
-253
-256
153
-156
266
-267
-347
-367
-173
-183
273
-277
-278
178
-176
196
-191
-118
228
-226
-828
-947
942
-962
967
-342
341
-141
149
-161
362
-364
164
-169
181
-187
-381
387
-114
117
324
-326
336
-337
814
-818
-824
826
-836
838
-417
418
437
-438
