189
-181
-182
-183
-184
-185
-186
-187
-188
-179
-199
-279
-289
-299
-379
-389
-399
-119
-129
-139
-149
-159
-169
-489
-589
-689
-789
-889
-989
226
-221
-222
-223
-224
-225
-227
-228
-229
-116
-126
-136
-216
-236
-316
-326
-336
-246
-256
-266
-276
-286
-296
-426
-526
-626
-726
-826
-926
233
-231
-232
-234
-235
-237
-238
-239
-113
-123
-133
-213
-313
-323
-333
-243
-253
-263
-273
-283
-293
-433
-533
-633
-733
-833
-933
262
-261
-264
-265
-267
-268
-269
-142
-152
-162
-242
-252
-342
-352
-362
-212
-272
-282
-292
-462
-562
-662
-762
-862
-962
288
-281
-284
-285
-287
-178
-198
-278
-298
-378
-388
-398
-218
-248
-258
-488
-588
-688
-788
-888
-988
344
-341
-343
-345
-346
-347
-348
-349
-144
-154
-164
-244
-254
-354
-364
-314
-324
-334
-374
-384
-394
-444
-544
-644
-744
-844
-944
356
-351
-353
-355
-357
-358
-359
-146
-156
-166
-366
-376
-386
-396
-456
-556
-656
-756
-856
-956
377
-371
-372
-373
-375
-177
-197
-277
-297
-387
-397
-317
-327
-337
-367
-477
-577
-677
-777
-877
-977
421
-422
-423
-424
-425
-427
-428
-429
-411
-431
-511
-521
-531
-611
-621
-631
-441
-451
-461
-471
-481
-491
-121
-321
-721
-821
-921
449
-442
-443
-445
-446
-447
-448
-459
-469
-549
-559
-569
-649
-659
-669
-419
-439
-479
-499
-249
-749
-849
-949
486
-482
-483
-484
-485
-487
-476
-496
-576
-586
-596
-676
-686
-696
-416
-436
-466
-786
-886
-986
495
-492
-493
-494
-497
-498
-475
-575
-585
-595
-675
-685
-695
-415
-435
-455
-465
-195
-295
-395
-795
-895
-995
525
-522
-523
-524
-527
-528
-529
-515
-535
-615
-625
-635
-545
-555
-565
-125
-325
-725
-825
-925
598
-591
-592
-593
-594
-597
-599
-478
-578
-678
-698
-518
-538
-548
-558
-568
-798
-898
-998
619
-612
-613
-614
-616
-617
-618
-519
-539
-629
-639
579
-571
-572
-573
-574
-679
-699
-219
259
-251
-255
-257
-369
-319
-719
-819
-919
-759
-859
-959
-779
-879
-979
638
-632
-634
-636
-637
-418
-438
-628
-648
-658
-668
-138
-338
-738
-838
-938
718
-711
-712
-713
-714
-715
-716
-717
-728
-818
-828
-918
-928
-748
-758
-768
-778
-118
-318
737
-731
-732
-734
-735
-736
-739
-727
-817
-827
-837
-917
-927
-937
-747
-757
-767
-787
-797
-137
-437
-537
784
-781
-782
-783
-785
-774
-794
-874
-884
-894
-974
-984
-994
-724
-754
-764
-584
-684
835
-831
-832
-834
-836
-839
-815
-915
-935
-845
-855
-865
-875
-885
-135
-335
841
-842
-843
-846
-847
-848
-741
-751
-761
-851
-861
-941
-951
-961
-811
-871
-881
-891
-141
-241
-541
-641
929
-922
-923
-924
-729
-829
-939
-969
-999
-329
339
-331
-332
947
-942
-943
-945
-946
-948
-857
-867
-957
-967
-987
-997
-147
-247
245
-145
-155
-165
-365
-215
-275
217
-211
-214
-117
-127
-417
-517
627
-622
-623
-624
-647
-657
-667
-687
-697
587
-581
-582
-583
-547
-557
-567
-645
-745
148
-143
-158
-168
-368
-128
328
-322
-887
897
-892
-893
-896
-899
799
-791
-792
-793
-796
771
-772
-773
-775
-776
-971
-981
-991
-769
869
-863
-864
-866
-868
-171
-271
274
-174
-194
-294
291
-191
-381
-391
-671
-474
-674
694
-691
-692
-693
681
-682
-683
-651
-661
-654
-664
964
-963
-965
-966
-968
-854
-954
-914
-934
-464
-564
468
-463
-467
457
-452
-453
-454
-458
554
-551
-552
-553
561
-563
-566
-514
-534
151
-153
-157
-161
-361
363
-163
167
-111
-131
311
-312
-315
115
-112
-114
-175
385
-382
-383
392
-393
-172
-192
-911
931
-932
-936
536
-532
-516
-546
-663
-763
975
-972
-973
-976
-978
-985
878
-872
-873
-876
996
-992
-993
816
-812
-813
-814
824
-822
-823
-916
-858
958
-952
-953
-955
414
-412
-413
513
-512
432
-434
-472
473
672
-673
542
-543
-642
-652
912
-913
-722
723
-743
-753
853
-852
882
-883
-982
983
122
-124
-132
134
-742
746
752
-755
765
-766
643
-646
-653
655
-665
666
-173
176
193
-196
