128
-121
-122
-123
-124
-125
-126
-127
-129
-118
-138
-218
-228
-238
-318
-328
-338
-148
-158
-168
-178
-188
-198
-428
-528
-628
-728
-828
-928
137
-131
-132
-133
-134
-135
-136
-139
-117
-217
-227
-237
-317
-327
-337
-147
-157
-167
-177
-187
-197
-437
-537
-637
-737
-837
-937
171
-172
-173
-174
-175
-176
-179
-181
-191
-271
-281
-291
-371
-381
-391
-111
-141
-151
-161
-471
-571
-671
-771
-871
-971
182
-183
-184
-185
-186
-189
-192
-272
-282
-292
-372
-382
-392
-112
-142
-152
-162
-482
-582
-682
-782
-882
-982
199
-193
-194
-195
-196
-279
-289
-299
-379
-389
-399
-119
-149
-159
-169
-499
-599
-699
-799
-899
-999
232
-231
-233
-234
-235
-236
-239
-212
-222
-312
-322
-332
-242
-252
-262
-432
-532
-632
-732
-832
-932
254
-251
-253
-255
-256
-257
-258
-259
-144
-154
-164
-244
-264
-344
-354
-364
114
-113
-115
-116
-214
-224
-314
-324
-334
-274
-284
-294
-414
-514
-614
-714
-814
-914
-454
-554
-654
-754
-854
-954
323
-321
-325
-326
-329
-213
-223
-313
-333
-343
-353
-363
-373
-383
-393
-423
-523
-623
-723
-823
-923
489
-481
-483
-484
-485
-486
-487
-488
-479
-579
-589
-679
-689
-419
-429
-439
-449
-459
-469
-789
-889
-989
491
-492
-493
-494
-495
-496
-497
-498
-581
-591
-681
-691
-411
-421
-431
-441
-451
-461
-791
-891
-991
533
-531
-534
-535
-536
-538
-539
-413
-433
-513
-613
-633
-543
-553
-563
-573
-583
-593
-733
-833
-933
622
-621
-624
-625
-626
-627
-629
-412
-422
-512
-522
-612
-642
-652
-662
-672
-692
-722
-822
-922
647
-641
-643
-644
-645
-646
-648
-649
-447
-457
-467
-547
-557
-567
-657
-667
-617
-677
-687
-697
-247
-347
-747
-847
-947
655
-651
-653
-656
-658
-659
-445
-455
-465
-545
-555
-565
-665
-615
-635
-675
-685
-695
-155
-355
-755
-855
-955
694
-693
-696
-698
-474
-574
-584
-594
-674
-684
-634
-664
-394
-794
-894
-994
734
-731
-735
-736
-738
-739
-724
-824
-834
-924
-934
-744
-764
-774
-784
-434
751
-752
-753
-756
-757
-758
-759
-741
-761
-841
-851
-861
-941
-951
-961
-711
-721
-781
-351
-551
767
-762
-763
-765
-766
-768
-769
-857
-867
-957
-967
-717
-727
-777
-787
-797
357
-352
-356
-358
-359
-267
-367
-377
-387
-397
783
-785
-786
-788
-773
-793
-873
-883
-893
-973
-983
-993
-713
-743
-283
-683
293
-295
-296
-297
-298
-273
-243
-263
825
-821
-826
-827
-829
-715
-725
-815
-835
-915
-925
-935
-845
-865
-875
-885
-895
-225
-425
-525
944
-942
-943
-945
-946
-948
-949
-844
-864
-964
-974
-984
-444
-544
969
-962
-963
-965
-966
-968
745
-742
-746
-748
-749
-849
-859
-869
-959
-775
-795
-919
-929
-939
-979
-145
165
-163
-166
-245
-265
-345
-365
559
-552
-556
-558
-549
-569
-669
-519
-529
-269
-369
977
-972
-975
-976
-978
-877
-887
-897
-987
-997
817
-811
-812
-813
-816
-818
-819
913
-911
-912
-916
-917
-918
712
-716
-718
-719
-927
-772
-792
-953
-417
-517
-277
287
-285
-286
-288
-477
427
-424
-426
524
-521
-526
-527
464
-462
-463
-466
-468
-564
-577
-587
597
-592
-595
-596
-598
992
-995
-996
-998
-872
-892
985
-981
-986
-988
881
-884
-886
-888
874
-876
-878
-879
779
-776
-778
798
-796
896
-898
726
-729
-836
-926
921
-831
-931
-936
938
-838
839
-846
-856
-866
956
-952
-958
-221
-226
229
-219
-319
-339
-249
349
-341
-342
-346
-348
362
-361
-366
-368
619
-611
-616
-618
-639
-438
-638
-156
153
-143
146
-246
-266
-446
-546
-453
-853
-456
-562
-862
-374
384
-385
-386
-388
-585
395
-396
-398
-275
-375
215
-211
-216
-315
-335
276
-278
-376
378
-415
-515
435
-436
-475
575
-572
-576
-578
472
-473
-476
-478
673
-676
-678
-442
-452
458
542
-541
-548
-448
443
-663
-568
-668
416
-418
-516
-636
631
-511
518
561
-566
-661
666
586
-588
-686
688
311
-316
-331
336
241
-248
-261
268
-842
852
-858
-843
848
863
-868
