137
-131
-132
-133
-134
-135
-136
-138
-139
-117
-127
-217
-227
-237
-317
-327
-337
-147
-157
-167
-177
-187
-197
-437
-537
-637
-737
-837
-937
211
-212
-213
-214
-215
-216
-218
-219
-111
-121
-221
-231
-311
-321
-331
-241
-251
-261
-271
-281
-291
-411
-511
-611
-711
-811
-911
318
-312
-313
-314
-315
-316
-319
-118
-128
-228
-238
-328
-338
-348
-358
-368
-378
-388
-398
-418
-518
-618
-718
-818
-918
323
-322
-324
-325
-326
-329
-113
-123
-223
-233
-333
-343
-353
-363
-373
-383
-393
-423
-523
-623
-723
-823
-923
336
-332
-334
-335
-339
-116
-126
-226
-236
-346
-356
-366
-376
-386
-396
-436
-536
-636
-736
-836
-936
345
-341
-342
-344
-347
-349
-145
-155
-165
-245
-255
-265
-355
-365
-375
-385
-395
-445
-545
-645
-745
-845
-945
387
-381
-382
-384
-389
-277
-287
-297
-377
-397
-357
-367
-487
-587
-687
-787
-887
-987
394
-391
-392
-399
-174
-184
-194
-274
-284
-294
-374
-354
-364
-494
-594
-694
-794
-894
-994
421
-422
-424
-425
-426
-427
-428
-429
-431
-521
-531
-621
-631
-441
-451
-461
-471
-481
-491
-721
-821
-921
485
-482
-483
-484
-486
-488
-489
-475
-495
-575
-585
-595
-675
-685
-695
-415
-435
-455
-465
-185
-285
-785
-885
-985
497
-492
-493
-496
-498
-499
-477
-577
-597
-677
-697
-417
-447
-457
-467
-797
-897
-997
522
-524
-525
-526
-527
-528
-529
-412
-432
-512
-532
-612
-622
-632
-542
-552
-562
-572
-582
-592
-122
-222
-722
-822
-922
571
-573
-574
-576
-578
-579
-581
-591
-671
-681
-691
-541
-551
-561
-171
-371
-771
-871
-971
593
-596
-598
-599
-473
-583
-673
-683
-693
-513
-533
-543
-553
-563
-193
-293
-793
-893
-993
625
-624
-626
-627
-628
-629
-515
-535
-615
-635
-655
-665
-125
-225
-725
-825
-925
669
-661
-662
-663
-664
-666
-667
-668
-449
-459
-469
-549
-559
-569
-649
-659
-619
-639
-679
-689
-699
-169
-269
-369
-769
-869
-969
715
-712
-713
-714
-716
-717
-719
-735
-815
-835
-915
-935
-755
-765
-775
-795
-115
235
-232
-234
-239
112
-114
-119
-142
-152
-162
-172
-182
-192
-275
-295
-812
-912
756
-751
-752
-753
-754
-757
-758
-759
-746
-766
-846
-856
-866
-946
-956
-966
-726
-776
-786
-796
-156
-256
-456
-556
-656
841
-842
-843
-844
-847
-848
-849
-741
-761
-851
-861
-941
-951
-961
-831
-881
-891
-141
-641
651
-652
-653
-654
-657
-658
-151
-351
361
-362
-161
864
-862
-863
-865
-867
-868
-744
-764
-854
-944
-954
-964
-814
-824
-834
-874
-884
-164
-264
-464
-564
955
-952
-953
-957
-958
-959
-855
-965
-975
-995
-555
565
-566
-567
-568
972
-973
-974
-976
-977
-978
-979
-772
-782
-792
-872
-882
-892
-982
-992
-932
-942
-962
-272
-372
379
-179
-189
-199
-279
-289
-299
352
-359
-242
-252
-262
-452
-852
832
-833
-838
-839
-732
-472
-672
-479
589
-584
-586
-588
-519
-539
-779
-879
-789
-889
-989
986
-981
-983
-984
-988
-876
-886
-896
-996
-916
-926
826
-827
-828
-829
-816
-186
-286
-686
998
-991
-999
-778
-788
-798
-878
-888
883
-773
-783
-873
-898
-813
-853
858
-857
-859
-748
-768
-948
-968
931
-933
-934
-938
-939
-731
-928
728
-724
-727
-729
-738
927
-924
-929
-817
819
-917
-739
-919
877
-875
895
-899
-777
774
-784
781
-791
799
-734
733
-913
914
-743
-763
-749
949
-943
-947
963
-967
-414
-514
-614
-419
439
-433
-434
-438
-633
-149
-249
-158
-258
-458
-558
-163
-263
-463
-474
-674
684
-682
-688
692
-696
-698
-642
-634
638
534
-538
-544
-554
557
-547
-647
-517
516
-416
413
-613
-616
617
-443
-453
454
643
-644
-646
-648
-444
-546
548
-448
-468
478
-476
676
-678
-143
-243
-148
-248
-154
-254
-257
175
-173
-176
-178
-195
273
-276
-278
-183
-283
153
-159
-253
259
129
-124
224
-229
144
-146
-244
-181
188
191
-196
-198
296
-292
-298
282
-288
166
-168
-246
247
-266
-267
268
446
-442
462
-466
742
-747
-762
767
