128
-121
-122
-123
-124
-125
-126
-127
-129
-118
-138
-218
-228
-238
-318
-328
-338
-148
-158
-168
-178
-188
-198
-428
-528
-628
-728
-828
-928
165
-161
-162
-163
-164
-166
-167
-169
-145
-155
-245
-255
-265
-345
-355
-365
-115
-135
-175
-185
-195
-465
-565
-665
-765
-865
-965
213
-211
-212
-214
-215
-216
-217
-219
-113
-133
-223
-233
-313
-323
-333
-243
-253
-263
-273
-283
-293
-413
-513
-613
-713
-813
-913
284
-281
-282
-285
-286
-287
-288
-289
-174
-184
-194
-274
-294
-374
-384
-394
-224
-234
-244
-254
-264
-484
-584
-684
-784
-884
-984
297
-291
-292
-295
-296
-298
-299
-177
-187
-197
-277
-377
-387
-397
-227
-237
-247
-257
-267
-497
-597
-697
-797
-897
-997
352
-351
-353
-354
-356
-357
-358
-359
-142
-152
-242
-252
-262
-342
-362
-312
-322
-332
-372
-382
-392
-452
-552
-652
-752
-852
-952
375
-371
-373
-376
-378
-379
-275
-385
-395
-315
-325
-335
-475
-575
-675
-775
-875
-975
422
-421
-423
-424
-425
-426
-427
-429
-412
-432
-512
-522
-532
-612
-622
-632
-442
-462
-472
-482
-492
-222
-722
-822
-922
445
-441
-443
-444
-446
-447
-448
-449
-455
-545
-555
-645
-655
-415
-435
-485
-495
-745
-845
-945
483
-481
-486
-487
-488
-489
-473
-493
-573
-583
-593
-673
-683
-693
-433
-453
-463
-183
-383
-783
-883
-983
496
-491
-494
-498
-499
-476
-576
-586
-596
-676
-686
-696
-416
-436
-456
-466
-196
-396
-796
-896
-996
572
-571
-574
-577
-578
-579
-582
-592
-672
-682
-692
-542
-562
-172
-272
232
-231
-235
-236
-239
-112
-132
225
-221
-226
-229
-525
-625
-725
-825
-925
-732
-832
-932
-772
-872
-972
614
-611
-615
-616
-617
-618
-619
-414
-434
-514
-524
-534
-624
-634
-644
-654
-664
-674
-694
-114
-314
-714
-814
-914
623
-621
-626
-627
-629
-523
-533
-633
-643
-653
-663
-723
-823
-923
659
-651
-656
-657
-658
-459
-469
-549
-559
-569
-649
-669
-639
-679
-689
-699
-159
-259
-759
-859
-959
687
-681
-685
-688
-477
-587
-677
-637
-647
-667
-787
-887
-987
744
-741
-742
-743
-746
-747
-748
-749
-754
-764
-844
-854
-864
-944
-954
-964
-724
-734
-774
-794
-144
-344
-544
763
-761
-762
-766
-767
-768
-769
-753
-843
-853
-863
-943
-953
-963
-733
-773
-793
-363
-563
781
-782
-785
-786
-788
-789
-771
-791
-871
-881
-891
-971
-981
-991
-711
-721
-731
-751
-181
-381
-581
816
-811
-812
-815
-817
-818
-819
-716
-726
-736
-826
-836
-916
-926
-936
-846
-856
-866
-876
-886
-116
-316
-516
838
-831
-833
-834
-835
-837
-839
933
-931
-934
-935
-937
-938
-939
-718
-738
-918
-848
-858
-868
-878
-888
-898
-973
-993
-438
-538
-638
857
-851
-855
-757
-847
-867
-947
-957
-967
-827
-877
-157
-457
-557
874
-873
-879
893
-892
-894
-895
-899
-974
-994
-824
924
-921
-927
-929
885
-882
-889
-795
-985
-995
-324
173
-171
-176
-179
-193
-393
-143
-153
343
-341
-346
-347
-348
-349
-543
553
-551
-554
-556
-558
-474
594
-591
-595
-598
-599
-564
-585
695
-691
-698
-635
915
-911
-912
-917
-919
821
-829
712
-715
-717
-719
-735
-792
755
-756
-758
-955
776
-777
-778
-779
-976
-986
977
-978
-979
798
-799
-988
-998
-841
-861
-515
535
-531
-536
-537
-539
-321
-521
-276
-398
-399
391
-191
-271
-311
-331
-361
-189
-199
192
-182
186
-386
-136
-146
-156
982
-989
-992
999
-942
-962
-949
-969
-151
154
-364
-134
334
-336
-337
-339
326
-327
-329
-366
-526
636
-631
-646
-666
-454
464
-461
-467
-468
261
-266
-268
-269
-141
-241
-251
-561
-661
-961
-568
-248
119
-111
-117
131
-137
-139
317
-319
147
-149
-367
-417
437
-431
-439
-517
-527
529
-419
-519
479
-471
-478
671
-678
588
-589
-518
511
-411
418
451
-458
-541
-641
-548
727
-729
-737
739
941
-946
-948
-951
-547
546
-566
567
-246
249
256
-258
368
-369
278
-279
-388
389
648
-642
662
-668
842
-849
-862
869
-956
958
966
-968
