146
-141
-142
-143
-144
-145
-147
-148
-149
-156
-166
-246
-256
-266
-346
-356
-366
-116
-126
-136
-176
-186
-196
-446
-546
-646
-746
-846
-946
164
-161
-162
-163
-165
-167
-168
-169
-154
-244
-254
-264
-344
-354
-364
-114
-124
-134
-174
-184
-194
-464
-564
-664
-764
-864
-964
293
-291
-292
-294
-295
-296
-297
-298
-299
-173
-183
-193
-273
-283
-373
-383
-393
-213
-223
-233
-243
-253
-263
-493
-593
-693
-793
-893
-993
321
-322
-323
-324
-325
-326
-327
-328
-329
-111
-121
-131
-211
-221
-231
-311
-331
-341
-351
-361
-371
-381
-391
-421
-521
-621
-721
-821
-921
362
-363
-365
-367
-368
-369
-152
-242
-252
-262
-342
-352
-312
-332
-372
-382
-392
-462
-562
-662
-762
-862
-962
376
-374
-375
-377
-378
-379
-276
-286
-386
-396
-316
-336
-476
-576
-676
-776
-876
-976
432
-431
-433
-434
-435
-436
-437
-438
-439
-412
-422
-512
-522
-532
-612
-622
-632
-442
-452
-472
-482
-492
-132
-232
-732
-832
-932
516
-511
-513
-514
-515
-517
-518
-519
-416
-426
-526
-536
-616
-626
-636
-556
-566
-586
-596
-216
-716
-816
-916
559
-551
-552
-553
-554
-555
-557
-558
-449
-459
-469
-549
-569
-649
-659
-669
-529
-539
-579
-589
-599
-159
-259
-359
-759
-859
-959
581
-582
-583
-584
-585
-587
-588
-471
-481
-491
-571
-591
-671
-681
-691
-531
-541
-561
-181
-281
-781
-881
-981
595
-592
-594
-597
-598
-475
-485
-495
-575
-675
-685
-695
-525
-535
-545
-565
-195
-395
-795
-895
-995
618
-611
-613
-614
-615
-617
-619
-418
-428
-528
-538
-628
-638
-648
-658
-668
-678
-688
-698
-118
-218
-318
-718
-818
-918
634
-631
-633
-635
-637
-639
411
-413
-414
-415
-417
-419
-424
-524
-534
-624
-441
-451
-461
-644
-654
-674
-684
-694
-711
-811
-911
-234
-334
-734
-834
-934
696
-692
-697
-699
-486
-496
-686
-656
-666
-796
-896
-996
767
-761
-763
-765
-766
-768
-769
-747
-757
-847
-857
-867
-947
-957
-967
-717
-727
-737
-777
-787
-797
-267
-467
-567
-667
819
-812
-813
-814
-815
-817
-719
-729
-739
-829
-839
-919
-929
-939
-849
-869
-879
-889
-899
-119
-219
-319
827
-822
-823
-824
-825
-826
-828
-837
-917
-927
-937
-877
-887
-897
-127
-227
-427
-527
523
-423
-533
537
-623
-627
-543
-563
568
-448
-458
-468
-548
-573
-547
-577
-578
-123
-723
-923
-137
-237
-337
-268
-868
-968
836
-831
-833
-835
-838
-726
-736
-926
-936
-856
-866
-886
226
-222
-224
-225
-228
-229
-236
855
-851
-852
-853
-854
-858
-745
-755
-845
-865
-945
-955
-965
-875
-885
-155
-255
-355
-455
-655
942
-941
-943
-944
-948
-949
-742
-752
-842
-952
-912
-922
-972
-982
-992
-542
544
-444
-454
572
-574
-672
-682
-642
652
-651
-653
-657
-744
-844
-172
-272
-772
-872
963
-961
-966
-969
-743
-753
-843
-863
861
-741
-751
-841
848
-951
-953
-748
749
-758
-958
-779
-789
-799
-871
-891
-878
-888
-898
-913
-933
-973
-983
-248
-348
-249
-349
269
-261
-265
-239
-279
-289
-661
641
-643
-645
-647
-241
-463
-663
665
-445
-465
466
-456
425
-429
-625
629
-679
-689
-125
-725
-925
-129
971
-974
-975
-977
-978
-979
-771
-791
-991
731
-733
-735
-738
-931
713
-712
-714
-715
722
-724
-728
-782
-792
-773
-783
-113
-313
-122
128
-138
-238
235
-115
-135
-215
-315
-335
-338
-158
-178
-188
-198
-245
247
345
-343
-347
-157
-257
-357
-275
-285
-217
-277
-287
-385
915
-914
924
-928
-935
938
-954
956
754
-756
-774
-784
-794
798
-778
775
-785
-985
-788
786
-986
-988
-998
-984
-994
443
-447
-453
457
-473
-483
-477
-487
-497
-171
-271
191
-192
-197
-199
-151
153
251
-258
-353
358
-133
139
333
-339
-179
-189
-388
-398
-175
177
185
-182
-187
282
-284
-288
-387
-397
278
-274
112
-117
-212
214
-314
317
-677
673
-683
687
-873
874
883
-882
-884
892
-894
-474
-478
479
-489
-499
-987
989
997
-999
488
-484
494
-498
384
-389
-394
399
