146
-141
-142
-143
-144
-145
-147
-148
-149
-156
-166
-246
-256
-266
-346
-356
-366
-116
-126
-136
-176
-186
-196
-446
-546
-646
-746
-846
-946
154
-151
-152
-153
-155
-157
-158
-159
-164
-244
-254
-264
-344
-354
-364
-114
-124
-134
-174
-184
-194
-454
-554
-654
-754
-854
-954
185
-181
-182
-183
-187
-188
-189
-175
-195
-275
-285
-295
-375
-385
-395
-115
-125
-135
-165
-485
-585
-685
-785
-885
-985
224
-221
-222
-223
-225
-226
-227
-228
-229
-214
-234
-314
-324
-334
-274
-284
-294
-424
-524
-624
-724
-824
-924
315
-311
-312
-313
-316
-317
-318
-319
-215
-235
-325
-335
-345
-355
-365
-415
-515
-615
-715
-815
-915
368
-361
-362
-363
-367
-369
-168
-248
-258
-268
-348
-358
-328
-338
-378
-388
-398
-468
-568
-668
-768
-868
-968
458
-451
-452
-453
-455
-456
-457
-459
-448
-548
-558
-648
-658
-418
-428
-438
-478
-488
-498
-758
-858
-958
461
-462
-463
-464
-465
-466
-467
-469
-441
-541
-551
-561
-641
-651
-661
-411
-421
-431
-471
-481
-491
-161
-261
-761
-861
-961
473
-472
-474
-475
-476
-477
-479
-483
-493
-573
-583
-593
-673
-683
-693
-413
-423
-433
-443
-173
-273
-373
-773
-873
-973
533
-531
-532
-534
-535
-536
-537
-538
-539
-513
-523
-613
-623
-633
-543
-553
-563
-133
-233
-333
-733
-833
-933
555
-552
-556
-557
-559
-445
-545
-565
-645
-655
-665
-525
-575
-595
-255
-755
-855
-955
598
-591
-592
-594
-596
-597
-599
-578
-588
-678
-688
-698
-518
-528
-198
-298
-798
-898
-998
611
-612
-614
-616
-617
-618
-619
-511
-521
-621
-631
-671
-681
-691
-111
-211
-711
-811
-911
662
-663
-664
-666
-667
-669
-442
-542
-562
-642
-652
-622
-632
-672
-682
-692
-162
-262
-762
-862
-962
695
-694
-696
-697
-699
-495
-675
-625
-635
-795
-895
-995
717
-712
-713
-714
-716
-718
-719
-727
-737
-817
-827
-837
-917
-927
-937
-747
-757
-767
-777
-787
-797
-117
-217
-417
-517
835
-831
-832
-834
-836
-838
-839
-725
-735
-825
-925
-935
-845
-865
-875
425
-422
-426
-427
-429
-435
844
-841
-842
-843
-847
-848
-849
-744
-764
-864
-944
-964
-814
-874
-884
-894
-444
-544
-644
564
-566
-567
-569
656
-653
-657
-659
643
-647
-649
-514
-574
-584
-626
-636
-676
-686
-243
-343
-743
-943
-756
-856
-956
883
-881
-882
-886
-887
-888
-889
-783
-793
-893
-983
-993
-813
-823
-853
-863
-283
-383
896
-891
-892
-897
-899
-776
-786
-796
-876
-976
-986
-996
-816
-826
-866
-296
-396
-496
928
-921
-922
-923
-926
-929
-728
-738
-818
-828
-918
-938
878
-871
-872
-877
-879
-778
-788
-978
-988
748
-741
-742
-745
-749
-948
-128
-628
638
-634
-637
-639
-138
-238
-178
118
-112
-113
-119
-218
-278
288
-281
-282
-286
-287
-289
932
-931
-934
-936
-939
-722
-732
-812
819
-822
-912
-729
-739
-829
821
-721
-731
-919
-851
852
-857
-859
-752
-942
-952
867
-869
-947
-957
-967
-972
-982
-992
-219
-419
-519
-121
-321
-132
-232
-332
-432
-252
-352
-167
-267
965
-963
-966
-969
-765
-945
766
-763
-769
775
-771
-772
-774
-779
-975
-726
723
-913
-753
953
-951
-959
-736
734
-914
916
-784
-794
213
-212
-216
-123
-323
-253
-263
-293
414
-412
-416
-434
-484
-494
512
-516
-522
-572
-582
245
-241
-242
-247
-249
342
-341
-347
-349
-265
269
-169
163
-353
-259
-359
-193
393
-391
-392
-394
-397
-399
-239
-279
-299
-322
122
-127
-129
-172
-192
-372
-382
941
-949
-751
759
-789
-799
-971
-981
-991
272
-271
-276
-277
-292
236
-231
-237
-326
-336
526
-527
-529
-436
486
-482
-487
-489
492
-497
-499
-576
-586
376
-371
-374
-377
-379
384
-381
-386
-387
-389
782
-781
791
-792
581
-587
-589
-571
171
-177
-179
-191
-291
297
-197
199
-131
331
-337
-339
137
-139
-327
329
251
-257
-351
357
627
-629
-437
439
447
-449
-547
549
577
-579
-677
-687
-977
-684
689
674
-679
-974
979
-989
-999
-984
987
994
-997
