146
-141
-142
-143
-144
-145
-147
-148
-149
-156
-166
-246
-256
-266
-346
-356
-366
-116
-126
-136
-176
-186
-196
-446
-546
-646
-746
-846
-946
251
-252
-253
-254
-255
-257
-258
-259
-151
-161
-241
-261
-341
-351
-361
-211
-221
-231
-271
-281
-291
-451
-551
-651
-751
-851
-951
269
-262
-263
-264
-265
-267
-268
-159
-169
-249
-349
-359
-369
-219
-229
-239
-279
-289
-299
-469
-569
-669
-769
-869
-969
339
-331
-332
-333
-334
-335
-336
-337
-338
-119
-129
-139
-319
-329
-379
-389
-399
-439
-539
-639
-739
-839
-939
358
-352
-353
-354
-355
-357
-158
-168
-248
-348
-368
-318
-328
-378
-388
-398
-458
-558
-658
-758
-858
-958
363
-362
-364
-365
-367
-153
-163
-243
-343
-313
-323
-373
-383
-393
-463
-563
-663
-763
-863
-963
381
-382
-384
-385
-386
-387
-171
-181
-191
-371
-391
-311
-321
-481
-581
-681
-781
-881
-981
438
-431
-432
-433
-434
-435
-436
-437
-418
-428
-518
-528
-538
-618
-628
-638
-448
-468
-478
-488
-498
-138
-238
-738
-838
-938
466
-461
-462
-464
-465
-467
-456
-556
-566
-656
-666
-416
-426
-476
-486
-496
-766
-866
-966
487
-482
-483
-484
-485
-489
-477
-497
-577
-587
-597
-677
-687
-697
-417
-427
-447
-457
-187
-287
-787
-887
-987
536
-531
-532
-533
-534
-535
-537
-516
-526
-616
-626
-636
-576
-586
-596
-236
-736
-836
-936
574
-571
-572
-573
-575
-578
-579
-474
-494
-584
-594
-674
-684
-694
-514
-524
-544
-554
-564
-174
-274
-374
-774
-874
-974
633
-631
-632
-634
-635
-637
-413
-423
-513
-523
-613
-623
-643
-653
-673
-683
-693
-133
-233
-733
-833
-933
642
-641
-644
-645
-647
-648
-649
-442
-452
-542
-552
-562
-652
-662
-612
-622
-672
-682
-692
-242
-342
-742
-842
-942
667
-661
-664
-665
-668
-547
-557
-567
-657
-617
-627
-167
-767
-867
-967
678
-671
-675
-676
-679
-588
-598
-688
-698
-178
-278
-778
-878
-978
796
-791
-792
-793
-794
-795
-797
-798
-799
-776
-786
-876
-886
-896
-976
-986
-996
-716
-726
-756
-296
-396
-696
686
-685
-689
-286
812
-811
-813
-814
-815
-816
-817
-818
-819
-712
-722
-732
-822
-832
-912
-922
-932
-852
-862
-872
-882
-892
-112
-212
-312
-412
-512
888
-883
-884
-885
-889
-788
-898
-988
-998
-828
-848
-868
-188
-288
899
-891
-893
-894
-895
-897
-779
-789
-879
-979
-989
-999
-829
-849
-859
-199
-499
-599
-699
914
-911
-913
-915
-916
-917
-918
-919
-714
-724
-734
-824
-834
-924
-934
-944
-954
-964
-984
-994
784
-782
-783
-785
-744
-754
-764
-114
-214
-314
-414
-614
-184
-284
959
-952
-953
-955
-956
-957
856
-853
-854
-855
-857
-749
-759
-949
-826
926
-921
-923
-925
-927
-928
-929
-226
-326
-459
-559
-659
985
-982
-983
-775
-875
-975
-995
-935
-945
-965
-185
-285
-585
992
-991
-993
-997
-772
-972
-962
-192
-292
-392
-492
-592
-115
-125
-117
-155
-193
175
-172
-173
-177
-179
-195
-275
-295
-375
-395
189
-182
-183
-135
-165
-475
479
-471
-472
-473
582
-583
-589
422
-421
-424
-425
-429
-522
624
-621
-625
-629
-419
-449
549
-541
-543
-545
-548
568
-561
-565
441
-443
-444
-445
-411
415
-515
-525
-615
-491
454
-453
-455
553
-555
-654
655
493
-495
-593
595
-591
691
-695
-519
-529
619
-611
-215
-315
-715
-719
729
-721
-723
-725
-727
-728
718
-711
-713
-717
823
-821
-825
-827
-748
-768
-843
-873
-118
-218
-122
-222
-322
372
-376
-377
-272
-282
283
-273
-293
276
-277
232
-234
-235
-237
-132
-213
-223
-216
217
316
-317
-127
-137
-227
-327
-247
-297
113
-111
-123
511
-517
-521
527
121
-124
-128
-131
134
-224
-324
325
-225
228
-154
-164
162
-152
157
-347
-194
-197
198
397
-394
294
-298
-244
245
344
-345
-741
-841
-941
-844
864
-861
-865
-745
-845
847
-747
743
-753
-943
-757
-947
948
-968
961
-761
-773
973
-971
-977
835
-831
-837
-735
871
-877
-771
777
731
-737
-931
937
752
-755
-762
765
