125
-121
-122
-123
-124
-126
-127
-128
-129
-115
-135
-215
-225
-235
-315
-325
-335
-145
-155
-165
-175
-185
-195
-425
-525
-625
-725
-825
-925
186
-181
-182
-183
-184
-187
-188
-189
-176
-196
-276
-286
-296
-376
-386
-396
-116
-136
-146
-156
-166
-486
-586
-686
-786
-886
-986
231
-232
-233
-234
-236
-237
-238
-239
-111
-131
-211
-221
-311
-321
-331
-241
-251
-261
-271
-281
-291
-431
-531
-631
-731
-831
-931
263
-262
-264
-265
-266
-267
-268
-269
-143
-153
-163
-243
-253
-343
-353
-363
-213
-223
-273
-283
-293
-463
-563
-663
-763
-863
-963
316
-312
-313
-314
-317
-318
-319
-216
-226
-326
-336
-346
-356
-366
-416
-516
-616
-716
-816
-916
329
-322
-323
-324
-327
-328
-119
-139
-219
-229
-339
-349
-359
-369
-379
-389
-399
-429
-529
-629
-729
-829
-929
338
-332
-333
-334
-337
-118
-138
-218
-228
-348
-358
-368
-378
-388
-398
-438
-538
-638
-738
-838
-938
361
-362
-364
-365
-367
-141
-151
-161
-341
-351
-371
-381
-391
-461
-561
-661
-761
-861
-961
427
-421
-422
-423
-424
-426
-428
-417
-437
-517
-527
-537
-617
-627
-637
-447
-457
-467
-477
-487
-497
-227
-727
-827
-927
434
-432
-433
-435
-436
-439
-414
-514
-524
-534
-614
-624
-634
-444
-454
-464
-474
-484
-494
-134
-734
-834
-934
445
-441
-442
-443
-446
-448
-449
-455
-465
-545
-555
-565
-645
-655
-665
-415
-475
-485
-495
-245
-345
-745
-845
-945
489
-481
-482
-483
-488
-479
-499
-579
-589
-599
-679
-689
-699
-419
-459
-469
-289
-789
-889
-989
564
-562
-566
-567
-568
-569
-544
-554
-644
-654
-664
-574
-584
-594
-164
-764
-864
-964
575
-571
-572
-573
-576
-577
-578
-585
-595
-675
-685
-695
-515
-535
-275
-375
-775
-875
-975
581
-582
-583
-587
-588
-471
-491
-591
-671
-681
-691
-511
-521
-541
-551
-781
-881
-981
659
-651
-652
-653
-656
-657
-658
-549
-559
-649
-669
-619
-639
-159
-259
-759
-859
-959
662
-666
-667
-668
-452
-462
-542
-552
-642
-612
-622
-632
-672
-682
-692
-162
-762
-862
-962
693
-694
-696
-697
-698
-473
-493
-593
-673
-683
-613
-623
-633
-643
-193
-393
-793
-893
-993
741
-742
-743
-744
-746
-747
-748
-749
-751
-841
-851
-941
-951
-711
-721
-771
-791
-641
451
-453
-456
-458
-411
413
-412
-418
-513
-523
-533
-113
133
-132
-137
-173
-713
-813
-913
-733
-833
-933
753
-752
-754
-755
-756
-757
-758
-843
-853
-943
-953
-723
-773
-783
543
-546
-547
-548
-553
769
-765
-766
-767
-768
-849
-869
-949
-969
-719
-739
-779
-799
-169
784
-782
-785
-787
-788
-774
-794
-874
-884
-894
-974
-984
-994
-714
-724
-284
-384
-684
674
-676
-677
-678
-174
-274
-374
844
-842
-846
-847
-848
-854
-944
-954
-814
-824
-144
-244
-344
898
-891
-892
-895
-896
-897
-899
-778
-798
-878
-888
-978
-988
-998
-818
-828
-858
-868
-198
-298
-498
-598
956
-952
-955
-957
-958
-856
-866
-946
-966
-926
-936
-976
-996
-256
246
-242
-247
-248
-249
149
-142
-147
-148
-179
-199
-646
-556
466
-468
-476
-496
492
-472
478
-592
596
-597
687
-688
-526
-536
557
-558
-647
648
-618
-628
-948
968
-965
-967
-918
-928
-157
-257
-357
-857
865
-867
-855
852
-942
947
-812
-822
-832
-872
-882
-815
-835
-885
-917
-937
-977
-987
-997
342
-347
-152
-252
-352
167
-168
-117
217
-212
-214
-177
-197
-277
-287
-297
-372
-382
-392
-717
-817
-178
158
-154
-258
-278
288
-282
-285
982
-983
-985
-772
-792
-972
-992
-912
-922
-932
385
-383
-387
373
-377
-295
-395
397
-394
255
-254
354
-355
-873
-973
883
-887
-823
923
-921
-924
914
-911
-915
-919
-114
112
-222
224
-172
171
-191
-192
194
-294
-512
-712
-871
-971
979
991
-995
-999
795
-796
-797
-879
-715
718
-728
-735
935
-939
615
-611
621
-626
-635
636
811
-819
-821
826
-726
722
-732
-736
737
-836
-837
839
776
-777
-876
877
-518
519
528
-522
532
-539
272
-279
-292
299
