114
-111
-112
-113
-115
-116
-117
-118
-119
-124
-134
-214
-224
-234
-314
-324
-334
-144
-154
-164
-174
-184
-194
-414
-514
-614
-714
-814
-914
129
-121
-122
-123
-125
-126
-127
-128
-139
-219
-229
-239
-319
-329
-339
-149
-159
-169
-179
-189
-199
-429
-529
-629
-729
-829
-929
162
-161
-163
-165
-166
-167
-168
-142
-152
-242
-252
-262
-342
-352
-362
-132
-172
-182
-192
-462
-562
-662
-762
-862
-962
233
-231
-232
-235
-236
-237
-238
-133
-213
-223
-313
-323
-333
-243
-253
-263
-273
-283
-293
-433
-533
-633
-733
-833
-933
271
-272
-274
-275
-276
-277
-278
-279
-171
-181
-191
-281
-291
-371
-381
-391
-211
-221
-241
-251
-261
-471
-571
-671
-771
-871
-971
347
-341
-343
-344
-345
-346
-348
-349
-147
-157
-247
-257
-267
-357
-367
-317
-327
-337
-377
-387
-397
-447
-547
-647
-747
-847
-947
351
-353
-354
-355
-356
-358
-359
-141
-151
-361
131
-135
-136
-137
-138
-311
-321
-331
-431
-531
-631
-731
-831
-931
-451
-551
-651
-751
-851
-951
366
-363
-364
-365
-368
-369
-146
-156
-246
-256
-266
-316
-326
-336
-376
-386
-396
-466
-566
-666
-766
-866
-966
442
-441
-443
-444
-445
-446
-448
-449
-452
-542
-552
-642
-652
-412
-422
-432
-472
-482
-492
-742
-842
-942
476
-473
-474
-475
-477
-478
-479
-486
-496
-576
-586
-596
-676
-686
-696
-416
-426
-436
-456
-176
-776
-876
-976
538
-532
-534
-535
-536
-537
-539
-418
-428
-438
-518
-528
-618
-628
-638
-548
-558
-568
-578
-588
-598
-338
-738
-838
-938
546
-541
-543
-544
-545
-549
-556
-646
-656
-516
-526
-746
-846
-946
581
-582
-583
-584
-585
-587
-589
-481
-491
-591
-681
-691
-511
-521
-561
-781
-881
-981
673
-672
-674
-675
-677
-678
-679
-483
-493
-573
-593
-683
-693
-613
-623
-643
-653
-663
-173
-373
-773
-873
-973
689
-682
-684
-685
-687
-688
-489
-499
-579
-599
-699
-619
-639
-649
-659
-669
-289
-389
-789
-889
-989
719
-711
-712
-713
-715
-716
-717
-718
-739
-819
-839
-919
-939
-749
-759
-769
-779
-799
-419
-519
439
-434
-435
-437
-459
-469
763
-761
-764
-765
-767
-768
-743
-753
-843
-853
-863
-943
-953
-963
-723
-783
-793
143
-145
-148
-153
-183
-193
-463
-563
772
-774
-775
-777
-778
-782
-792
-872
-882
-892
-972
-982
-992
-722
-732
-752
-372
-572
844
-841
-845
-848
-849
-744
-754
-854
-864
-944
-954
-964
-824
-834
-874
-884
-894
-244
-644
859
-852
-855
-856
-857
-858
952
-955
-956
-957
-958
-959
756
-755
-757
-758
-869
-949
-969
-726
-736
-786
-796
-879
-899
-912
-922
-932
249
-245
-248
-259
-269
-299
-559
569
-564
-565
-567
925
-921
-923
-924
-926
-927
-928
-725
-735
-815
-825
-835
-915
-935
-945
-965
-975
-985
-995
-225
-325
-425
-525
-625
941
-948
-741
-861
-961
-911
-991
-641
974
-977
-978
-979
-784
-794
-984
-994
999
-993
-996
-997
-998
-934
-374
-574
379
-375
-378
-399
987
-983
-986
-988
-787
-797
-877
-887
-897
913
-916
-917
-918
-813
-823
936
-937
-816
-826
-836
-967
968
867
-865
-868
745
-748
-785
788
-798
-878
875
-795
791
-891
-885
-895
-888
-898
-721
-728
-817
-827
-837
832
-812
-822
-413
-513
-332
335
-215
-315
-385
-395
-632
-635
-636
-645
648
-458
-468
-658
-668
-698
-467
-667
-268
-175
-575
577
-487
-497
-597
-697
-517
-527
-557
-177
178
-188
-198
-288
-298
-388
-398
-158
155
-255
-265
264
-254
258
-185
-195
-284
-294
-218
-228
-455
-555
-655
-464
-664
-187
186
-196
197
-286
-296
-287
-297
-886
883
-893
896
-383
393
-392
-394
384
-382
282
-285
-292
295
-212
-222
-484
485
-488
-495
-595
-695
498
-494
-415
-465
461
-661
665
-411
417
-427
-617
-627
-637
634
-424
-524
-624
-421
423
-523
522
-512
515
-612
-622
-615
-453
553
-554
454
-457
-654
657
-592
594
692
-694
312
-318
-322
328
-217
216
-226
227
-616
611
-621
626
-811
818
821
-828
724
-727
-734
737
