168
-161
-162
-163
-164
-165
-166
-167
-169
-148
-158
-248
-258
-268
-348
-358
-368
-118
-128
-138
-178
-188
-198
-468
-568
-668
-768
-868
-968
211
-212
-213
-214
-215
-216
-217
-218
-219
-111
-121
-131
-221
-231
-311
-321
-331
-241
-251
-261
-271
-281
-291
-411
-511
-611
-711
-811
-911
289
-282
-283
-284
-285
-286
-287
-288
-179
-189
-199
-279
-299
-379
-389
-399
-229
-239
-249
-259
-269
-489
-589
-689
-789
-889
-989
295
-292
-293
-294
-296
-297
-298
-175
-185
-195
-275
-375
-385
-395
-225
-235
-245
-255
-265
-495
-595
-695
-795
-895
-995
325
-322
-323
-324
-326
-327
-328
-329
-115
-125
-135
-315
-335
-345
-355
-365
-425
-525
-625
-725
-825
-925
373
-371
-372
-374
-376
-377
-378
-173
-183
-193
-273
-383
-393
-313
-333
-343
-353
-363
-473
-573
-673
-773
-873
-973
412
-413
-414
-415
-416
-417
-418
-419
-422
-432
-512
-522
-532
-612
-622
-632
-442
-452
-462
-472
-482
-492
-112
-312
-712
-812
-912
476
-471
-474
-475
-477
-478
-479
-486
-496
-576
-586
-596
-676
-686
-696
-426
-436
-446
-456
-466
-176
-276
-776
-876
-976
484
-481
-483
-485
-487
-488
-494
-574
-584
-594
-674
-684
-694
-424
-434
-444
-454
-464
-184
-384
-784
-884
-984
516
-513
-514
-515
-517
-518
-519
-526
-536
-616
-626
-636
-546
-556
-566
-116
-316
-716
-816
-916
548
-541
-542
-543
-544
-545
-547
-549
-448
-458
-558
-648
-658
-528
-538
-578
-588
-598
-748
-848
-948
551
-552
-553
-554
-555
-557
-559
-441
-451
-461
-561
-641
-651
-661
-521
-531
-571
-581
-591
-151
-351
-751
-851
-951
629
-621
-623
-624
-627
-628
-429
-439
-529
-539
-619
-639
-649
-659
-669
-679
-699
-129
-729
-829
-929
644
-642
-643
-645
-646
-647
-564
-654
-664
-614
-634
-144
-244
-344
-744
-844
-944
683
-681
-682
-685
-687
-688
-493
-583
-593
-693
-613
-633
-653
-663
-783
-883
-983
724
-721
-722
-723
-726
-727
-728
-714
-734
-814
-824
-834
-914
-924
-934
-754
-764
-774
-794
-124
-224
-524
534
-533
-535
-537
-134
-234
-334
819
-813
-815
-817
-818
-719
-739
-839
-919
-939
-849
-859
-869
-879
-899
-119
-319
836
-831
-832
-833
-835
-837
-838
-736
-826
-926
-936
-846
-856
-866
-886
-896
-136
-236
-336
923
-921
-922
-927
-928
-713
-733
-823
-913
-933
-943
-953
-963
-993
113
-114
-117
-123
-133
-223
-233
314
-317
-318
-143
-153
-354
-364
-394
-423
-523
527
433
-431
-435
-437
-438
-427
-617
-637
-443
-453
-463
563
-562
-565
-567
-569
-577
-587
-597
-127
-227
-827
-263
-763
-863
945
-941
-942
-946
-947
-949
-745
-755
-765
-845
-855
-865
-955
-965
-915
-935
-975
-985
-145
155
-152
-154
-156
-157
-159
-445
-455
465
-467
-469
-655
-665
952
-954
-956
-957
-958
-959
-742
-752
-762
-842
-852
-862
-962
-932
-972
-982
-992
-252
-352
-652
662
-666
-667
656
-657
-672
-692
-256
-356
-756
-262
-362
964
-961
-966
-967
-969
-854
-864
-974
-994
254
-253
-257
243
-242
-246
-247
-264
-274
-743
-843
999
-991
-996
-997
-998
-779
-799
-979
986
-981
-987
-988
-786
-796
579
-572
-575
-499
-599
592
-582
585
-675
-785
-885
875
-871
-872
-874
-877
-878
894
-891
-892
-893
-897
-898
793
-791
-792
-797
-798
-775
-753
853
-857
-858
758
-757
-759
-718
-738
-778
-788
174
-171
-172
-177
-194
-186
-386
-192
-392
122
-126
-132
-222
-232
-332
226
-228
-142
342
-341
-346
-347
-349
-182
272
-277
-278
-382
-266
267
-147
-357
359
-367
-149
-369
139
-137
-339
-237
238
337
-338
-387
-397
-822
732
-731
-735
-737
715
-717
-772
-782
882
-881
-887
-888
978
-971
-977
828
-821
931
-937
-938
917
-918
-615
618
635
-631
-638
421
-428
-491
498
-497
-678
-698
457
-459
-447
449
-749
769
-761
-766
-767
746
-741
-747
-146
141
-361
366
-181
187
-197
-191
196
-396
-841
847
861
-867
-787
781
-771
777
671
-677
-691
697
-381
388
391
-398
