122
-121
-123
-124
-125
-126
-127
-128
-129
-112
-132
-212
-222
-232
-312
-322
-332
-142
-152
-162
-172
-182
-192
-422
-522
-622
-722
-822
-922
183
-181
-184
-185
-186
-187
-188
-189
-173
-193
-273
-283
-293
-373
-383
-393
-113
-133
-143
-153
-163
-483
-583
-683
-783
-883
-983
234
-231
-233
-235
-236
-237
-238
-239
-114
-134
-214
-224
-314
-324
-334
-244
-254
-264
-274
-284
-294
-434
-534
-634
-734
-834
-934
247
-241
-242
-243
-245
-246
-248
-249
-147
-157
-167
-257
-267
-347
-357
-367
-217
-227
-277
-287
-297
-447
-547
-647
-747
-847
-947
253
-251
-252
-255
-256
-258
-259
-263
-343
-353
-363
-213
-223
-453
-553
-653
-753
-853
-953
266
-261
-262
-265
-268
-269
-146
-156
-166
-346
-356
-366
-216
-226
-276
-286
-296
-466
-566
-666
-766
-866
-966
289
-281
-282
-285
-288
-179
-199
-279
-299
-379
-389
-399
-219
-229
-489
-589
-689
-789
-889
-989
349
-341
-342
-344
-345
-348
-149
-159
-169
-359
-369
-319
-329
-339
-449
-549
-649
-749
-849
-949
352
-351
-354
-355
-358
-362
-372
-382
-392
-452
-552
-652
-752
-852
-952
378
-371
-374
-375
-376
-377
-178
-198
-278
-298
-388
-398
-318
-328
-338
-368
-478
-578
-678
-778
-878
-978
469
-461
-462
-463
-464
-465
-467
-468
-459
-559
-569
-659
-669
-419
-429
-439
-479
-499
-769
-869
-969
495
-491
-492
-493
-494
-496
-497
-498
-475
-485
-575
-585
-595
-675
-685
-695
-415
-425
-435
-445
-455
-195
-295
-395
-795
-895
-995
527
-521
-523
-524
-525
-526
-528
-529
-417
-427
-437
-517
-537
-617
-627
-637
-557
-567
-577
-587
-597
-327
-727
-827
-927
532
-531
-533
-535
-536
-538
-539
-412
-432
-512
-612
-632
-542
-562
-572
-582
-592
-732
-832
-932
613
-611
-614
-615
-616
-618
-619
-413
-423
-433
-513
-623
-633
-643
-663
-673
-693
-313
-713
-813
-913
621
-624
-625
-626
-628
-629
-411
-421
-431
-511
-631
-641
-651
-661
-671
-681
-691
-221
-321
-721
-821
-921
654
-655
-656
-657
-658
-444
-454
-544
-554
-564
-644
-664
-674
-684
-694
-154
-754
-854
-954
697
-692
-696
-698
-699
-477
-487
-677
-687
457
-451
-456
-458
-667
-757
-857
-957
-197
-397
-797
-897
-997
714
-711
-712
-715
-716
-717
-718
-719
-724
-814
-824
-914
-924
-744
-764
-774
-784
-794
-414
-514
424
-426
-428
-474
-484
733
-731
-735
-736
-737
-738
-739
-723
-823
-833
-923
-933
-743
-763
-773
-793
323
-325
-326
-333
759
-751
-755
-756
-758
-859
-959
-729
-779
-799
787
-781
-782
-785
-786
-788
-777
-877
-887
-977
-987
-767
177
-171
-174
-175
-176
-387
-117
-137
815
-811
-812
-816
-817
-818
-819
912
-911
-915
-916
-917
-918
-919
-725
-825
-835
-925
-935
-845
-855
-865
-875
-885
-942
-962
-972
-982
-992
-115
-215
-315
-515
635
-636
-638
-639
519
-516
-518
-579
-599
679
-672
-676
-645
-665
317
-311
-316
-337
-119
139
-131
-135
-136
-138
225
-228
-335
-275
385
-381
-384
-386
218
-211
-118
-365
111
-116
-331
336
-141
-151
-161
361
-364
-191
196
-194
394
-391
-396
416
-418
-436
438
-446
-476
-486
-448
-488
-836
-936
-838
-938
-839
-939
-561
-761
-861
-961
-879
-979
-985
-594
-894
-994
-596
-796
-896
-996
944
-941
-943
-945
-946
-948
-844
-864
-964
-974
-984
-144
164
-165
-168
958
-951
-955
-956
-748
-768
-848
-858
-868
-968
-928
-988
-998
-158
155
-145
148
-548
-648
-555
-558
-871
-891
-571
-881
-872
-886
-971
-742
-541
776
-771
-772
-775
975
-973
-976
-876
-986
981
-791
-991
741
-745
-746
-841
-851
856
-846
765
-762
-965
792
-798
-882
-892
-726
728
-828
831
-837
-931
937
-826
829
926
-929
867
-862
-863
842
-843
963
-967
-899
999
-993
-441
551
-556
-581
-591
-442
443
-543
-563
-473
-642
646
662
-668
-546
545
-565
568
-588
-598
593
-573
688
-682
-686
873
-874
-893
898
884
-888
574
-576
-584
586
-481
482
471
-472
-271
272
291
-292
