134
-131
-132
-133
-135
-136
-137
-138
-139
-114
-124
-214
-224
-234
-314
-324
-334
-144
-154
-164
-174
-184
-194
-434
-534
-634
-734
-834
-934
158
-151
-152
-153
-155
-156
-157
-159
-148
-168
-248
-258
-268
-348
-358
-368
-118
-128
-178
-188
-198
-458
-558
-658
-758
-858
-958
225
-221
-222
-223
-226
-227
-228
-229
-115
-125
-215
-235
-315
-325
-335
-245
-255
-265
-275
-285
-295
-425
-525
-625
-725
-825
-925
272
-271
-273
-274
-276
-277
-278
-279
-172
-182
-192
-282
-292
-372
-382
-392
-212
-232
-242
-252
-262
-472
-572
-672
-772
-872
-972
286
-281
-283
-284
-287
-288
-289
-176
-186
-196
-296
-376
-386
-396
-216
-236
-246
-256
-266
-486
-586
-686
-786
-886
-986
294
-291
-293
-297
-298
-299
-374
-384
-394
-244
-254
-264
-494
-594
-694
-794
-894
-994
319
-311
-312
-313
-316
-317
-318
-119
-129
-219
-239
-329
-339
-349
-359
-369
-379
-389
-399
-419
-519
-619
-719
-819
-919
321
-322
-323
-326
-327
-328
-111
-121
-211
-231
-331
-341
-351
-361
-371
-381
-391
-421
-521
-621
-721
-821
-921
437
-431
-432
-433
-435
-436
-438
-439
-417
-427
-517
-527
-537
-617
-627
-637
-447
-457
-467
-477
-487
-497
-237
-337
-737
-837
-937
513
-511
-512
-514
-515
-516
-518
-413
-423
-523
-533
-613
-623
-633
-543
-553
-563
-573
-583
-593
-113
-213
-713
-813
-913
585
-581
-582
-584
-587
-588
-589
-475
-485
-495
-575
-595
-675
-685
-695
-535
-545
-555
-565
-185
-385
-785
-885
-985
597
-591
-592
-596
-598
-599
-577
-677
-687
-697
-547
-557
-567
-197
-397
-797
-897
-997
655
-651
-652
-653
-654
-656
-657
-659
-445
-455
-465
-645
-665
415
-411
-412
-414
-416
-418
-615
-635
-715
-815
-915
-355
-755
-855
-955
664
-661
-662
-663
-666
-667
-668
-669
-444
-454
-464
-544
-554
-564
-644
647
-641
-642
-643
-646
-648
-649
-614
-624
-674
-684
-147
-247
-347
-747
-847
-947
-364
-764
-864
-964
681
-682
-683
-688
-689
-471
-481
-491
-571
-671
-691
-611
-631
531
-532
-536
-538
-539
-541
-551
-561
-731
-831
-931
-181
-781
-881
-981
791
-792
-793
-795
-796
-798
-799
-771
-871
-891
-971
-991
-711
-741
-751
-761
171
-173
-175
-177
-179
-191
-141
-161
812
-811
-814
-816
-817
-818
911
-912
-914
-916
-917
-918
-712
-722
-732
-822
-832
-922
-932
-842
-852
-862
-882
-892
-941
-951
-961
-112
-612
714
-716
-717
-718
-724
-824
-924
-744
-754
-774
-784
845
-841
-843
-844
-846
-848
-849
-745
-765
-865
-945
-965
-835
-875
-895
-145
-345
876
-873
-874
-877
-878
-879
-776
-896
-976
-996
-826
-836
-856
-866
-476
-576
-676
893
-898
-899
-773
-783
-883
-973
-983
-993
-823
-833
-853
-863
-193
-393
-493
-693
673
-678
-679
-473
-483
-373
929
-923
-926
-927
-928
-729
-739
-829
-839
838
-728
-738
-828
827
-727
-938
-939
-857
-867
-887
-868
-888
-949
-959
-969
-979
-989
-999
-127
-429
-529
-629
639
-632
-636
-638
-699
332
-333
-336
-338
-122
-342
-352
-362
-238
233
-123
126
-116
117
-217
218
-146
-166
-167
-187
-243
-253
-263
616
-618
-426
-526
-626
-696
496
-492
-498
-499
-446
-456
-466
723
-726
-733
-933
-743
-753
-763
199
-195
-189
183
-383
-143
-163
165
-162
-169
142
-149
-365
-442
-542
-742
-942
954
-952
-953
-956
-957
-854
-944
884
-889
-974
-984
344
-343
-346
-354
-484
963
-962
-966
-967
-968
-943
443
-441
-448
-449
-453
-463
241
-249
-251
-261
353
-356
-357
-363
366
-367
-566
-766
978
-975
-977
-778
-788
-988
-998
987
-982
-777
-787
992
-995
-782
789
775
-779
-735
736
935
-936
-746
-756
946
-948
-749
748
-768
-759
-769
-546
556
-552
-559
-548
549
-459
-469
-569
-579
-375
395
-398
377
-378
-387
388
-478
-578
574
-474
479
-489
424
-422
-428
-524
482
-488
-692
698
-452
451
-461
-462
468
562
-568
-522
528
622
-628
-851
859
861
-869
752
-757
-762
767
257
-259
-267
269
