164
-161
-162
-163
-165
-166
-167
-168
-169
-144
-154
-244
-254
-264
-344
-354
-364
-114
-124
-134
-174
-184
-194
-464
-564
-664
-764
-864
-964
223
-221
-222
-224
-225
-226
-227
-228
-229
-113
-123
-133
-213
-233
-313
-323
-333
-243
-253
-263
-273
-283
-293
-423
-523
-623
-723
-823
-923
239
-231
-232
-234
-235
-236
-237
-238
-119
-129
-139
-219
-319
-329
-339
-249
-259
-269
-279
-289
-299
-439
-539
-639
-739
-839
-939
248
-241
-242
-245
-246
-247
-148
-158
-258
-268
-348
-358
-368
-218
-278
-288
-298
-448
-548
-648
-748
-848
-948
256
-251
-252
-255
-257
-146
-156
-266
-346
-356
-366
-216
-276
-286
-296
-456
-556
-656
-756
-856
-956
359
-351
-352
-353
-355
-357
-149
-159
-349
-369
-379
-389
-399
-459
-559
-659
-759
-859
-959
361
-362
-363
-365
-367
-141
-151
-261
-341
-311
-321
-331
-371
-381
-391
-461
-561
-661
-761
-861
-961
436
-431
-432
-433
-434
-435
-437
-438
-416
-426
-516
-526
-536
-616
-626
-636
-446
-466
-476
-486
-496
-136
-336
-736
-836
-936
458
-451
-452
-453
-454
-455
-457
-468
-558
-568
-658
-668
-418
-428
-478
-488
-498
-758
-858
-958
534
-531
-532
-533
-535
-537
-538
-414
-424
-514
-524
-614
-624
-634
-544
-554
-574
-584
-594
-334
-734
-834
-934
562
-563
-565
-566
-567
-569
-442
-462
-542
-552
-642
-652
-662
-512
-522
-572
-582
-592
-262
-762
-862
-962
575
-571
-573
-576
-577
-578
-579
-475
-485
-495
-585
-595
-675
-685
-695
-515
-525
-545
-555
-175
-275
-375
-775
-875
-975
612
-611
-613
-615
-617
-618
-619
-412
-422
-622
-632
-672
-682
-692
-112
-212
-312
-712
-812
-912
625
-621
-627
-628
-629
-415
-425
-635
-645
-655
-665
-125
-325
-725
-825
-925
689
-681
-683
-684
-686
-687
-688
-479
-489
-499
-589
-599
-679
-699
-649
-669
-189
-789
-889
-989
696
-691
-693
-694
-697
-698
-586
-596
-676
546
-541
-543
-547
-549
-646
-666
-746
-846
-946
-196
-396
-796
-896
-996
718
-711
-713
-714
-715
-716
-717
-719
-728
-738
-818
-828
-838
-918
-928
-938
-768
-778
-788
-798
-118
-318
-518
749
-741
-742
-743
-744
-745
-747
-769
-849
-869
-949
-969
-729
-779
-799
-449
469
-463
-465
-467
445
-441
-443
-444
-447
-419
-429
-145
-345
-845
-945
751
-752
-753
-754
-755
-757
-841
-851
-941
-951
-721
-731
-771
-781
-791
641
-643
-644
-647
-551
-651
654
-653
-657
-631
-671
-674
-854
-954
773
-772
-774
-776
-777
-783
-793
-873
-883
-893
-973
-983
-993
-733
-763
-173
-373
-473
-673
822
-821
-824
-826
-827
-829
-722
-732
-832
-922
-932
-842
-852
-872
-882
-892
-122
-322
877
-871
-874
-876
-878
-879
-787
-797
-887
-897
-977
-987
-997
-817
-837
-847
-857
-867
-177
-277
-377
-477
-677
678
-588
-598
528
-521
-527
-529
-638
519
-511
-513
-517
-819
899
-891
-894
-895
-898
-979
-999
-919
929
-921
-924
-926
-927
-128
-328
-178
-378
-978
179
-171
-172
-176
-199
943
-942
-944
-947
952
-953
-955
-957
-843
844
-853
855
-863
-963
-765
-865
-965
-814
-884
-815
-835
-885
-972
-982
-992
-913
-933
-143
-343
153
-152
-155
-157
265
-267
-183
-193
-215
-285
-295
-553
557
663
-667
-587
-597
-633
637
413
-411
-417
421
-427
-471
-481
-491
-483
-493
-813
833
-831
-121
-137
-337
-737
735
-915
-935
-785
-795
-135
-335
-937
931
-811
816
-911
-726
-916
881
-886
-888
-971
-981
-991
-866
868
-968
-116
-316
-131
271
-272
-274
-181
-191
-281
-291
111
-115
-117
-211
315
-314
-317
-385
-395
-581
583
591
-593
-383
393
-392
-394
-397
-398
998
-994
-995
985
-984
-986
-988
-185
195
-192
-197
-198
126
-127
-326
-186
132
-138
-332
338
-142
147
342
-347
-182
-187
188
-388
-372
-382
472
-474
-482
-492
214
-217
-324
327
-284
-294
-387
-914
917
724
-727
-784
-794
792
-782
786
974
-976
-766
767
966
-967
-374
376
384
-386
282
-287
-292
297
-484
487
494
-497
