227
-221
-222
-223
-224
-225
-226
-228
-229
-117
-127
-137
-217
-237
-317
-327
-337
-247
-257
-267
-277
-287
-297
-427
-527
-627
-727
-827
-927
236
-231
-232
-233
-234
-235
-238
-239
-116
-126
-136
-216
-316
-326
-336
-246
-256
-266
-276
-286
-296
-436
-536
-636
-736
-836
-936
261
-262
-263
-264
-265
-268
-269
-141
-151
-161
-241
-251
-341
-351
-361
-211
-271
-281
-291
-461
-561
-661
-761
-861
-961
318
-311
-312
-313
-314
-315
-319
-118
-128
-138
-218
-328
-338
-348
-358
-368
-378
-388
-398
-418
-518
-618
-718
-818
-918
332
-331
-333
-334
-335
-339
-112
-122
-132
-212
-322
-342
-352
-362
-372
-382
-392
-432
-532
-632
-732
-832
-932
366
-363
-364
-365
-367
-369
-146
-156
-166
-346
-356
-376
-386
-396
-466
-566
-666
-766
-866
-966
385
-381
-383
-384
-387
-389
-175
-185
-195
-275
-285
-295
-375
-395
-325
-345
-355
-485
-585
-685
-785
-885
-985
429
-421
-422
-423
-424
-425
-426
-428
-419
-439
-519
-529
-539
-619
-629
-639
-449
-459
-469
-479
-489
-499
-129
-329
-729
-829
-929
457
-451
-452
-453
-454
-455
-456
-458
-447
-467
-547
-557
-567
-647
-657
-667
-417
-437
-477
-487
-497
-157
-357
-757
-857
-957
473
-471
-472
-474
-475
-476
-478
-483
-493
-573
-583
-593
-673
-683
-693
-413
-433
-443
-463
-173
-273
-373
-773
-873
-973
526
-521
-522
-523
-524
-525
-528
-416
-516
-616
-626
-546
-556
-576
-586
-596
-726
-826
-926
592
-591
-594
-595
-597
-598
-599
-482
-492
-572
-582
-672
-682
-692
-512
-542
-552
-562
-192
-292
-792
-892
-992
611
-612
-613
-614
-615
-617
-411
-431
-511
-531
-621
-631
-641
-651
-671
-681
-691
-111
-711
-811
-911
624
-622
-623
-625
-628
412
-414
-415
-434
-514
-534
-634
-442
-462
-644
-654
-664
-674
-684
-694
-712
-812
-912
-124
-324
-724
-824
-924
656
-652
-653
-655
-658
-659
-446
-646
-676
-686
-696
-756
-856
-956
679
-675
-677
-678
-579
-589
-689
-699
-649
-669
-179
-279
-379
-779
-879
-979
751
-752
-753
-754
-755
-758
-759
-741
-841
-851
-941
-951
-721
-731
-771
-781
-791
-551
764
-762
-763
-765
-767
-768
-769
-744
-844
-854
-864
-944
-954
-964
-714
-734
-774
-784
-794
-164
-464
-564
843
-842
-845
-846
-847
-848
-849
-743
-853
-863
-943
-953
-963
-813
-823
-833
-883
-893
-143
-243
-343
-543
-643
882
-881
-884
-886
-887
-888
-889
-772
-782
-872
-972
-982
-822
-852
-862
-182
-282
935
-931
-933
-934
-937
-938
-939
-715
-725
-735
-815
-825
-835
-915
-925
-945
-955
-965
-975
-995
125
-121
-123
-115
-135
-215
-145
-155
-165
515
-513
-517
-435
438
-535
-635
-538
-638
-448
-468
465
-445
-545
-555
-565
-645
-665
-495
-488
-498
-575
695
-697
-698
-738
-838
-865
-795
-895
949
-942
-946
-947
-948
746
-742
-745
-747
-748
-749
855
-858
-859
-869
-959
-969
722
-723
-728
-922
775
-776
-777
-778
-875
-716
-786
-796
-919
-989
-999
245
-242
-244
-248
-249
-255
-149
-349
-549
962
-967
-968
-952
958
867
-868
-817
-837
-877
-897
-928
828
-821
-878
-898
-978
-988
-998
-158
-258
-558
-162
-662
642
-648
-142
-167
987
-981
-983
-984
-986
-787
-797
-977
-997
-917
717
-713
-719
-737
-187
-587
-687
688
577
-571
-574
-578
-588
-537
533
-633
637
-553
-563
663
-668
-133
-733
739
-819
-839
-789
-799
899
-891
-894
-896
-139
-163
-177
-377
-188
-288
-788
783
-793
798
-993
-183
-283
-198
-298
278
-272
-274
172
-171
-174
-176
-178
-152
252
-253
-254
-259
-199
-299
-399
359
-353
-354
153
-154
-159
-169
168
-148
-113
-193
548
-541
-544
441
-444
554
-559
-568
569
-481
-491
581
-584
-181
-114
119
-219
-189
289
-284
131
-134
-321
323
-213
214
-191
293
-294
-393
913
-914
-916
-923
921
-831
834
-814
816
871
-874
-876
-971
-991
-371
374
391
-394
-397
-184
186
-194
-196
197
144
-147
-344
347
-974
976
994
-996
484
-486
-494
496
