187
-181
-182
-183
-184
-185
-186
-188
-189
-177
-197
-277
-287
-297
-377
-387
-397
-117
-127
-137
-147
-157
-167
-487
-587
-687
-787
-887
-987
223
-221
-222
-224
-225
-226
-227
-228
-229
-113
-123
-133
-213
-233
-313
-323
-333
-243
-253
-263
-273
-283
-293
-423
-523
-623
-723
-823
-923
236
-231
-232
-234
-235
-237
-238
-239
-116
-126
-136
-216
-316
-326
-336
-246
-256
-266
-276
-286
-296
-436
-536
-636
-736
-836
-936
278
-271
-272
-274
-275
-279
-178
-198
-288
-298
-378
-388
-398
-218
-248
-258
-268
-478
-578
-678
-778
-878
-978
299
-291
-292
-294
-295
-179
-199
-289
-379
-389
-399
-219
-249
-259
-269
-499
-599
-699
-799
-899
-999
349
-341
-342
-343
-344
-345
-346
-347
-348
-149
-159
-169
-359
-369
-319
-329
-339
-449
-549
-649
-749
-849
-949
375
-371
-372
-373
-374
-376
-175
-195
-285
-385
-395
-315
-325
-335
-355
-365
-475
-575
-675
-775
-875
-975
396
-391
-392
-393
-394
-176
-196
-386
-356
-366
-496
-596
-696
-796
-896
-996
444
-441
-442
-443
-445
-446
-447
-448
-454
-464
-544
-554
-564
-644
-654
-664
-414
-424
-434
-474
-484
-494
-144
-244
-744
-844
-944
476
-471
-472
-473
-477
-479
-486
-576
-586
-676
-686
-416
-426
-456
-466
-776
-876
-976
524
-521
-522
-525
-526
-527
-528
-529
-514
-534
-614
-624
-634
-574
-584
-594
-124
-324
-724
-824
-924
538
-531
-532
-533
-535
-537
-539
-418
-428
-438
-518
-618
-628
-638
-548
-558
-568
-588
-598
-138
-338
-738
-838
-938
577
-571
-572
-573
-579
-497
-597
-677
-697
-517
-547
-557
-567
-777
-877
-977
622
-621
-625
-626
-627
-629
-412
-422
-432
-512
-612
-632
-642
-652
-662
-672
-682
-692
-122
-322
-722
-822
-922
657
-651
-653
-655
-656
-658
-659
-457
-467
-647
-667
-617
-637
-257
-357
-757
-857
-957
681
-683
-684
-685
-688
-689
-481
-491
-581
-591
-671
-691
-611
-631
-641
-661
-281
-381
-781
-881
-981
733
-731
-732
-734
-735
-737
-739
-713
-813
-833
-913
-933
-743
-753
-763
-773
-783
-793
-433
-633
745
-741
-742
-746
-747
-748
-755
-765
-845
-855
-865
-945
-955
-965
-715
-725
-785
-795
-145
-245
-545
-645
754
-751
-752
-756
-758
-759
-764
-854
-864
-954
-964
-714
-774
-784
-794
-154
-254
-354
779
-771
-772
-789
-879
-889
-979
-989
-719
-729
-769
-679
834
-831
-832
-835
-837
-839
-814
-914
-934
-874
-884
-894
-134
-334
851
-852
-853
-856
-858
-859
-761
-841
-861
-941
-951
-961
-811
-821
-871
-891
-151
-251
-351
-451
-551
863
-862
-866
-867
-868
-869
-843
-943
-953
-963
-873
872
-782
-792
-882
-892
-972
-982
-992
-812
-842
-883
-893
-163
-363
-463
-563
-663
-172
967
-962
-966
-968
-969
-767
-847
-947
959
-952
-956
-958
-917
-927
-937
-997
-919
-929
-939
247
-241
-242
-267
-367
-217
-459
-559
974
-971
-973
-984
-994
171
-173
-174
-191
-111
-121
-131
-141
-161
541
-542
-543
-546
-461
-561
-511
673
-674
-483
-493
-583
-593
-693
694
-695
-698
-613
-643
143
-142
-146
-148
-153
-353
-193
383
-382
-384
942
-946
-948
-762
712
-711
-716
-717
-718
-912
-932
-112
-212
-312
-983
993
-991
-995
-998
791
-797
-798
897
-895
-898
-721
727
-726
-728
-817
-827
-327
-427
284
-282
192
-194
-132
332
-331
-337
317
-311
-314
-318
-152
-162
-214
114
-115
-118
-119
-164
-264
364
-361
-362
-368
261
-262
-265
-211
215
321
-328
-125
-135
139
128
-129
-158
-168
358
-352
252
-255
-415
-515
-615
-815
-915
-417
437
-431
-435
-439
-421
411
-413
-419
513
-516
-519
616
-619
453
-452
-455
-458
-553
-646
648
-468
-668
-666
-911
-816
-916
918
-818
819
-828
-928
-829
-988
-921
931
-935
429
-425
635
-639
-469
-489
589
-582
-585
-569
669
-665
846
-848
-766
768
786
-788
-886
-986
985
-885
888
825
-826
-925
926
-552
482
-485
-488
-492
-592
595
-495
498
-462
465
562
-565
-566
-555
556
155
-156
-165
166
