121
-122
-123
-124
-125
-126
-127
-128
-129
-111
-131
-211
-221
-231
-311
-321
-331
-141
-151
-161
-171
-181
-191
-421
-521
-621
-721
-821
-921
133
-132
-134
-135
-136
-137
-138
-139
-113
-213
-223
-233
-313
-323
-333
-143
-153
-163
-173
-183
-193
-433
-533
-633
-733
-833
-933
178
-172
-174
-175
-176
-177
-179
-188
-198
-278
-288
-298
-378
-388
-398
-118
-148
-158
-168
-478
-578
-678
-778
-878
-978
186
-182
-184
-185
-187
-189
-196
-276
-286
-296
-376
-386
-396
-116
-146
-156
-166
-486
-586
-686
-786
-886
-986
218
-212
-214
-215
-216
-217
-219
-228
-238
-318
-328
-338
-248
-258
-268
-418
-518
-618
-718
-818
-918
263
-261
-262
-264
-265
-266
-267
-269
-243
-253
-343
-353
-363
-273
-283
-293
-463
-563
-663
-763
-863
-963
319
-312
-314
-315
-316
-317
-119
-229
-239
-329
-339
-349
-359
-369
-379
-389
-399
-419
-519
-619
-719
-819
-919
371
-372
-373
-374
-375
-377
-271
-281
-291
-381
-391
-341
-351
-361
-471
-571
-671
-771
-871
-971
383
-382
-384
-385
-387
-393
-483
-583
-683
-783
-883
-983
434
-431
-432
-435
-436
-437
-438
-439
-414
-424
-514
-524
-534
-614
-624
-634
-444
-454
-464
-474
-484
-494
-234
-334
-734
-834
-934
468
-461
-462
-465
-466
-467
-469
-448
-458
-548
-558
-568
-648
-658
-668
-428
-488
-498
-368
-768
-868
-968
476
-472
-473
-475
-477
-479
-496
-576
-596
-676
-696
-416
-426
-446
-456
-776
-876
-976
492
-491
-493
-495
-497
-499
-482
-572
-582
-592
-672
-682
-692
-412
-422
-442
-452
-192
-292
-392
-792
-892
-992
554
-551
-552
-553
-555
-556
-557
-559
-544
-564
-644
-654
-664
-574
-584
-594
-154
-254
-354
-754
-854
-954
641
-642
-643
-645
-646
-647
-649
-441
-451
-541
-561
-651
-661
-611
-631
-681
-691
-241
251
-252
-255
-256
-257
-259
-741
-841
-941
-751
-851
-951
666
-662
-665
-667
-669
-546
-566
-656
-616
-626
-636
-366
-766
-866
-966
674
-673
-675
-677
-679
-684
-694
-274
-774
-874
-974
746
-742
-743
-744
-745
-747
-748
-749
-756
-846
-856
-946
-956
-716
-726
-736
-796
-246
-346
356
-352
-355
-357
-358
348
-342
-344
-345
-347
-326
-336
-848
-948
773
-772
-775
-777
-779
-793
-873
-893
-973
-993
-713
-723
-753
-573
797
-791
-794
-795
-798
-799
-787
-877
-887
-897
-977
-987
-997
-717
-727
-737
-757
-767
-197
-297
-397
-597
-697
859
-852
-853
-855
-857
-858
-759
-769
-849
-869
-949
-959
-969
-829
-839
-879
-889
-899
-159
-459
-659
867
-861
-862
-864
-865
-847
-947
-957
-967
-817
-827
-837
-167
-367
-567
939
-931
-932
-935
-936
-937
-938
-729
-739
-929
789
-781
-782
-784
-785
-788
-979
-989
-999
-539
-639
-289
-489
-589
-689
962
-961
-964
-965
761
-762
-764
-765
-752
-842
-942
-952
-711
-731
-912
-922
-972
975
-875
872
-882
-982
-885
-895
-985
-995
-812
-822
-832
-915
-925
-945
-955
-162
-362
-562
-272
282
-284
-285
-287
277
-275
-279
-222
-232
-242
-227
-237
-247
-575
-577
579
-599
-699
-529
-549
-569
565
-445
-455
-545
-655
449
-443
-447
-429
629
-622
-623
-625
-627
-628
-515
-525
-535
-585
-595
-149
-249
169
-164
-165
-199
299
-294
-295
364
-365
-144
-244
245
-145
-155
224
-225
-226
-114
-324
236
-235
194
-195
-394
395
115
-112
-117
-325
-335
-415
-615
-715
-815
-724
714
-712
-814
-824
-914
-924
-536
-836
-845
755
-758
958
-953
-725
-735
-928
-988
-998
-894
-994
-695
981
-984
-881
-891
-991
996
884
-888
-896
898
-844
843
-943
944
-813
-823
-828
-838
-911
-916
-926
-543
-481
411
-413
-417
-511
-531
-811
816
831
-835
825
-826
-516
526
-522
-523
-527
-528
-425
635
-632
-637
-638
538
-532
-537
485
-487
-685
-588
-598
728
-722
732
-738
322
-327
-332
337
-581
587
591
-593
693
-698
-687
688
513
-512
-517
612
-613
-617
-423
427
453
-457
-653
542
-547
-652
657
-913
917
923
-927
-142
147
152
-157
