128
-121
-122
-123
-124
-125
-126
-127
-129
-118
-138
-218
-228
-238
-318
-328
-338
-148
-158
-168
-178
-188
-198
-428
-528
-628
-728
-828
-928
163
-161
-162
-164
-165
-166
-167
-169
-143
-153
-243
-253
-263
-343
-353
-363
-113
-133
-173
-183
-193
-463
-563
-663
-763
-863
-963
184
-181
-182
-185
-186
-187
-189
-174
-194
-274
-284
-294
-374
-384
-394
-114
-134
-144
-154
-484
-584
-684
-784
-884
-984
223
-221
-222
-224
-225
-226
-227
-229
-213
-233
-313
-323
-333
-273
-283
-293
-423
-523
-623
-723
-823
-923
235
-231
-232
-234
-236
-237
-239
-115
-135
-215
-315
-325
-335
-245
-255
-265
-275
-285
-295
-435
-535
-635
-735
-835
-935
259
-251
-252
-254
-256
-257
-258
-149
-159
-249
-269
-349
-359
-369
-219
-279
-289
-299
-459
-559
-659
-759
-859
-959
264
-261
-262
-266
-267
-268
-244
-344
-354
-364
-214
-464
-564
-664
-764
-864
-964
319
-311
-312
-314
-316
-317
-119
-139
-329
-339
-379
-389
-399
-419
-519
-619
-719
-819
-919
346
-341
-342
-345
-347
-348
-146
-156
-246
-356
-366
-326
-336
-376
-386
-396
-446
-546
-646
-746
-846
-946
368
-361
-362
-365
-367
-248
-358
-378
-388
-398
-468
-568
-668
-768
-868
-968
395
-391
-392
-393
-397
-175
-195
-375
-385
-355
-495
-595
-695
-795
-895
-995
411
-412
-413
-414
-415
-416
-417
-418
-421
-431
-511
-521
-531
-611
-621
-631
-441
-451
-461
-471
-481
-491
-111
-211
-711
-811
-911
472
-473
-474
-475
-476
-477
-478
-479
-482
-492
-572
-582
-592
-672
-682
-692
-422
-432
-442
-452
-462
-172
-272
-372
-772
-872
-972
522
-524
-525
-526
-527
-529
-512
-532
-612
-622
-632
-542
-552
-562
-322
-722
-822
-922
558
-551
-553
-554
-555
-556
-557
-448
-458
-548
-648
-658
-518
-538
-578
-588
-598
-758
-858
-958
585
-581
-583
-586
-587
-589
-485
-575
-675
-685
-515
-545
-565
-785
-885
-985
594
-591
-593
-596
-597
-599
-494
-574
-674
-694
-514
-534
-544
-794
-894
-994
627
-624
-625
-626
-629
-427
-437
-517
-537
-617
-637
-647
-657
-667
-677
-687
-697
-327
-727
-827
-927
666
-661
-662
-665
-669
-456
-466
-566
-656
-616
-636
-676
-686
-696
-766
-866
-966
883
-881
-882
-886
-887
-888
-889
-773
-783
-793
-873
-893
-973
-983
-993
-813
-833
-843
-853
-383
373
-371
-377
-573
-673
-483
-683
913
-912
-914
-915
-916
-917
-918
-713
-733
-933
-943
-953
-513
516
-426
-436
-536
-576
-613
-116
-216
136
-131
-132
-137
-176
-196
-716
-816
-736
-836
-936
932
-931
-934
-937
-938
-939
-712
-732
-812
-832
-942
-952
-962
-982
-992
-332
945
-941
-944
-947
-948
-949
-745
-755
-765
-845
-855
-865
-955
-965
-925
-975
-145
155
-151
-152
-157
-445
-645
-455
-655
465
-467
-469
-425
615
-614
-618
-715
-815
979
-971
-974
-976
-977
-978
-779
-789
-799
-879
-899
-989
-999
-929
-969
-179
199
-191
-192
-197
-579
-679
-499
-699
998
-991
-996
-997
-778
-788
-798
-878
-898
-988
-298
-498
-698
-741
-747
751
-752
-753
-754
-756
-757
-761
-841
-851
-861
-951
-961
967
743
-742
-744
-748
-749
-767
-847
-857
-867
-957
848
-842
-844
-849
-721
-731
-771
-781
-791
-818
-838
-987
718
-714
-717
-738
814
-817
-724
-734
-824
-834
-924
774
-775
-776
-777
-874
875
-871
-876
-877
725
-726
-729
-825
-854
954
-956
856
-852
-826
926
-921
-896
981
-986
-891
-443
-543
533
-539
-433
-633
-643
-351
-651
-454
-654
561
-567
-569
-541
-641
-571
577
-487
-497
-547
549
-449
-649
276
-271
-277
-278
-286
-296
288
-281
-282
-287
-177
171
-291
-381
-141
241
-242
-247
-671
678
-488
-688
438
-434
-439
-638
-681
689
691
-693
493
-496
486
-489
-453
457
653
-652
642
-644
444
-447
-424
429
634
-639
324
-321
331
-334
-337
821
-829
-831
-142
147
352
-357
112
-117
-212
217
292
-297
-382
387
782
-786
-787
-792
-892
897
796
-797
-762
769
862
-869
737
-739
-837
839
