119
-111
-112
-113
-114
-115
-116
-117
-118
-129
-139
-219
-229
-239
-319
-329
-339
-149
-159
-169
-179
-189
-199
-419
-519
-619
-719
-819
-919
131
-132
-133
-134
-135
-136
-137
-138
-121
-211
-221
-231
-311
-321
-331
-141
-151
-161
-171
-181
-191
-431
-531
-631
-731
-831
-931
198
-192
-193
-194
-195
-196
-197
-178
-188
-278
-288
-298
-378
-388
-398
-128
-148
-158
-168
-498
-598
-698
-798
-898
-998
234
-232
-233
-235
-236
-237
-238
-124
-214
-224
-314
-324
-334
-244
-254
-264
-274
-284
-294
-434
-534
-634
-734
-834
-934
313
-312
-315
-316
-317
-318
-123
-213
-223
-323
-333
-343
-353
-363
-373
-383
-393
-413
-513
-613
-713
-813
-913
356
-351
-352
-354
-355
-357
-358
-359
-146
-156
-166
-246
-256
-266
-346
-366
-326
-336
-376
-386
-396
-456
-556
-656
-756
-856
-956
364
-361
-362
-365
-367
-368
-369
-144
-154
-164
-344
-374
-384
-394
-464
-564
-664
-764
-864
-964
453
-451
-452
-454
-455
-457
-458
-459
-443
-463
-543
-553
-563
-643
-653
-663
-423
-433
-473
-483
-493
-153
-253
-753
-853
-953
475
-471
-472
-474
-476
-477
-478
-479
-485
-495
-575
-585
-595
-675
-685
-695
-415
-425
-435
-445
-465
-175
-275
-375
-775
-875
-975
497
-491
-492
-494
-496
-499
-487
-577
-587
-597
-677
-687
-697
-417
-427
-437
-447
-467
-297
-397
-797
-897
-997
522
-521
-523
-524
-525
-526
-527
-528
-529
-412
-422
-432
-512
-532
-612
-622
-632
-542
-552
-562
-572
-582
-592
-122
-222
-322
-722
-822
-922
545
-541
-544
-546
-547
-548
-549
-555
-565
-645
-655
-665
-515
-535
-145
-245
-345
-745
-845
-945
591
-593
-594
-596
-599
-481
-571
-581
-671
-681
-691
-511
-551
-561
-291
-391
-791
-891
-991
659
-651
-652
-654
-657
-658
-449
-469
-559
-569
-649
-669
-629
-639
-679
-689
-699
-259
-759
-859
-959
673
-672
-674
-676
-678
-573
-583
-683
-693
533
-536
-537
-538
-539
-623
-633
-733
-833
-933
-173
-273
-773
-873
-973
682
-684
-686
-688
-482
-692
-642
-662
-182
-282
-382
-782
-882
-982
732
-735
-736
-737
-738
-739
-712
-812
-832
-912
-932
-742
-752
-762
-772
-792
212
-215
-216
-217
-218
-332
-242
-252
-262
-272
-292
748
-741
-743
-744
-746
-747
-749
-758
-768
-848
-858
-868
-948
-958
-968
-718
-728
-778
-788
-248
-348
-448
-648
777
-771
-774
-776
-779
-787
-877
-887
-977
-987
-717
-727
-757
-767
-177
-277
-377
783
-781
-784
-785
-786
-789
-793
-883
-893
-983
-993
-723
-763
-183
-283
293
-295
-296
-299
-243
-263
865
-861
-862
-863
-866
-867
-869
-755
-765
-855
-955
-965
-815
-825
-835
-885
-895
-165
-265
879
-871
-872
-874
-876
-878
-799
-889
-899
-979
-989
-999
-829
-839
-849
-279
-379
-579
589
-584
-586
-588
-489
-289
-389
399
-392
-395
-349
911
-914
-915
-916
-917
-918
-711
-721
-811
-821
-921
-941
-951
-961
-971
-981
881
-884
-886
-888
-841
-851
-411
-611
-281
-381
923
-924
-925
-926
-927
-928
-929
-823
843
-842
-844
-846
-847
-943
-963
-143
163
-162
-167
125
-126
-127
-225
-325
-335
226
-227
-228
-155
255
-251
-257
-258
268
-261
-267
-269
249
-241
-247
341
-342
-347
-185
271
-276
-371
372
-172
-285
385
-387
-286
287
-187
-625
-725
-426
-626
-726
-826
-441
-641
-949
751
-754
-761
558
-554
-557
-468
-568
-668
-518
-578
488
-484
-486
-418
-428
-438
-972
978
-974
-976
-988
-938
-985
-142
147
152
-157
-647
-947
-852
892
-894
-896
-992
-952
-174
176
184
-186
574
-576
-694
696
-514
-616
-636
-646
644
-444
-614
-624
-666
-944
-984
986
-796
-996
-936
-946
942
-962
-966
766
-769
969
-967
-716
729
-724
-939
-429
439
-436
836
-837
-838
-816
-442
446
462
-461
-466
661
-667
-566
567
421
-424
-621
414
-416
516
-517
-714
715
-935
937
-817
-827
794
-795
-994
995
857
-854
954
-957
-814
818
824
-828
-615
635
-637
-638
617
-618
-627
628
327
-328
-337
338
