134
-131
-132
-133
-135
-136
-137
-138
-139
-114
-124
-214
-224
-234
-314
-324
-334
-144
-154
-164
-174
-184
-194
-434
-534
-634
-734
-834
-934
151
-152
-153
-155
-156
-157
-158
-159
-141
-161
-241
-251
-261
-341
-351
-361
-111
-121
-171
-181
-191
-451
-551
-651
-751
-851
-951
178
-172
-173
-175
-176
-177
-179
-188
-198
-278
-288
-298
-378
-388
-398
-118
-128
-148
-168
-478
-578
-678
-778
-878
-978
284
-281
-282
-283
-285
-286
-287
-289
-274
-294
-374
-384
-394
-244
-254
-264
-484
-584
-684
-784
-884
-984
297
-291
-292
-293
-295
-296
-299
-187
-197
-277
-377
-387
-397
-217
-227
-237
-247
-257
-267
-497
-597
-697
-797
-897
-997
323
-321
-322
-325
-326
-327
-328
-329
-113
-123
-213
-223
-233
-313
-333
-343
-353
-363
-373
-383
-393
-423
-523
-623
-723
-823
-923
345
-342
-344
-346
-347
-348
-349
-145
-165
-245
-255
-265
-355
-365
-315
-335
-375
-385
-395
-445
-545
-645
-745
-845
-945
358
-352
-354
-356
-357
-359
364
-362
-366
-367
-368
-369
-248
-258
-268
-318
-338
-458
-558
-658
-758
-858
-958
-464
-564
-664
-764
-864
-964
381
-382
-386
-389
-271
-371
-391
-311
-331
-481
-581
-681
-781
-881
-981
421
-422
-424
-425
-426
-427
-428
-429
-411
-431
-511
-521
-531
-611
-621
-631
-441
-461
-471
-491
-221
-721
-821
-921
453
-452
-454
-455
-456
-457
-459
-443
-463
-543
-553
-563
-643
-653
-663
-413
-433
-473
-483
-493
-253
-753
-853
-953
498
-492
-494
-495
-496
-499
-488
-588
-598
-688
-698
-418
-438
-448
-468
-798
-898
-998
549
-541
-542
-544
-546
-547
-548
-449
-469
-559
-569
-649
-659
-669
-519
-529
-539
-579
-589
-599
-149
-249
-749
-849
-949
586
-582
-583
-585
-587
-476
-486
-576
-596
-676
-686
-696
-516
-526
-536
-556
-566
-186
-786
-886
-986
593
-591
-592
-594
-595
-573
-673
-683
-693
-513
-533
-193
-793
-893
-993
679
-671
-672
-674
-675
-677
-479
-489
-689
-699
-619
-629
-639
-279
-379
-779
-879
-979
685
-682
-687
-475
-485
-575
-695
-615
-625
-635
-655
-665
-185
-785
-885
-985
728
-722
-724
-725
-726
-727
-729
-718
-738
-818
-828
-838
-918
-928
-938
-748
-768
-788
-228
-528
-628
799
-791
-792
-794
-795
-796
-789
-889
-899
-989
-999
-719
-739
-759
-769
189
-182
-183
273
-272
-275
-276
195
-192
-196
-199
-399
-115
-125
-119
-129
-169
-243
-263
-773
-873
-973
-895
-995
812
-811
-813
-814
-815
-816
-817
-819
-712
-732
-822
-832
-912
-922
-932
-842
-852
-862
-872
-882
-892
-112
-212
-312
-412
-512
-612
835
-831
-833
-836
-837
-839
-715
-735
-825
-915
-925
-935
-855
-865
-875
-235
-435
-535
856
-854
-857
-859
-746
-756
-766
-846
-866
-946
-956
-966
-826
-876
-896
-256
-656
868
-861
-863
-867
-869
-848
-948
-968
-888
988
-982
-983
-987
829
-824
-827
-919
-929
-939
-229
648
-641
-642
-644
-646
-647
-568
-668
-618
-638
894
-891
-774
-874
-974
-994
-844
-694
965
-961
-962
-963
-967
-969
-755
-765
-955
959
-952
-954
-957
775
-771
-772
-776
-777
-975
555
-552
-554
-557
-465
-565
415
-414
-416
-417
-419
-515
-525
439
-432
-436
-437
-215
225
-222
-226
-239
-339
319
-316
-317
-219
337
-332
-336
-117
116
-126
-216
-236
-127
122
-232
-142
-162
-146
-166
-616
-716
736
-731
-733
-737
-916
-926
-936
-522
-622
626
-624
-627
-636
-666
-537
-637
-937
-259
252
-242
246
-262
-266
269
-446
466
-462
-467
-652
-752
-747
-941
-743
-767
977
-971
-972
-976
996
-991
-992
871
-877
782
-783
-787
883
-887
-742
-762
942
-943
-944
-947
-841
-843
847
763
-761
741
-744
754
-757
-711
-713
-714
717
-917
-927
924
-914
-517
-617
527
-524
-567
-577
-442
143
-147
-163
167
444
-447
-654
657
-667
-474
574
-571
-572
691
-692
561
-562
-661
662
532
-538
-632
633
-613
614
-514
518
913
-911
931
-933
211
-218
-231
238
376
-372
392
-396
472
-477
-482
487
