219
-211
-212
-213
-214
-215
-216
-217
-218
-119
-129
-139
-229
-239
-319
-329
-339
-249
-259
-269
-279
-289
-299
-419
-519
-619
-719
-819
-919
241
-242
-243
-244
-245
-246
-247
-248
-141
-151
-161
-251
-261
-341
-351
-361
-221
-231
-271
-281
-291
-441
-541
-641
-741
-841
-941
292
-293
-294
-295
-296
-297
-298
-172
-182
-192
-272
-282
-372
-382
-392
-222
-232
-252
-262
-492
-592
-692
-792
-892
-992
334
-331
-332
-333
-335
-336
-337
-338
-114
-124
-134
-224
-234
-314
-324
-344
-354
-364
-374
-384
-394
-434
-534
-634
-734
-834
-934
352
-353
-355
-356
-357
-358
-359
-142
-152
-162
-342
-362
-312
-322
-452
-552
-652
-752
-852
-952
368
-363
-365
-366
-367
-369
-148
-158
-168
-258
-268
-348
-318
-328
-378
-388
-398
-468
-568
-668
-768
-868
-968
416
-411
-412
-413
-414
-415
-417
-418
-426
-436
-516
-526
-536
-616
-626
-636
-446
-456
-466
-476
-486
-496
-116
-316
-716
-816
-916
425
-421
-422
-423
-424
-427
-428
-429
-435
-515
-525
-535
-615
-625
-635
-445
-455
-465
-475
-485
-495
-125
-225
-325
-725
-825
-925
477
-471
-472
-473
-474
-478
-479
-487
-497
-577
-587
-597
-677
-687
-697
-437
-447
-457
-467
-177
-277
-377
-777
-877
-977
531
-532
-533
-537
-538
-539
-431
-511
-521
-611
-621
-631
-551
-561
-571
-581
-591
-131
-731
-831
-931
593
-594
-595
-596
-598
-599
-483
-493
-573
-583
-673
-683
-693
-513
-523
-543
-553
-563
-193
-393
-793
-893
-993
639
-632
-633
-637
-638
-439
-529
-629
-649
-659
-669
-679
-689
-699
-739
-839
-939
647
-642
-643
-644
-645
-646
-648
-547
-557
-567
-657
-667
-617
-627
-147
-347
-747
-847
-947
662
-661
-663
-664
-665
-666
-442
-462
-542
-562
-612
-622
-672
-682
-762
-862
-962
765
-761
-763
-764
-766
-767
-769
-745
-755
-845
-855
-865
-945
-955
-965
-715
-735
-775
-785
-795
-165
-265
-565
787
-781
-782
-783
-784
-786
-788
-789
-797
-887
-897
-987
-997
-717
-727
-737
-757
-187
-287
-387
824
-821
-822
-823
-826
-827
-828
-829
-714
-724
-814
-914
-924
-844
-854
-864
-874
-884
-894
-524
-624
886
-881
-882
-883
-885
-888
-889
-776
-796
-876
-896
-976
-986
-996
-836
-846
-856
-866
-186
-286
-386
-586
-686
891
-895
-898
-899
-771
-791
-871
-971
-981
-991
-811
-851
-861
-191
-391
-491
-691
923
-921
-922
-926
-927
-928
-929
-713
-723
-733
-813
-833
-913
-933
729
-721
-722
-726
-728
-749
-759
-779
-799
-943
-953
-963
-973
-983
-123
-223
-323
-623
628
-438
-518
-528
-618
-658
-678
-688
-698
-128
-228
935
-932
-936
-937
-938
-815
-835
-915
736
-732
-738
-746
-756
875
-872
-873
-878
-879
773
-772
-774
-778
-975
-985
-995
-743
-753
-135
-235
-136
-236
-173
-273
-373
-175
-275
-375
-575
-675
951
-954
-956
-957
-958
-959
-751
-961
711
-712
-718
-911
742
-744
-748
-842
-942
-111
-311
-451
-651
461
-463
-464
-469
-481
979
-972
-974
-978
982
-984
-988
-989
-999
-912
-949
-969
572
-574
-576
-578
-579
-482
-582
432
-433
-512
-522
527
613
-614
514
-517
-544
-554
-564
-584
-653
-113
-313
122
-121
-126
-127
321
-326
-327
-112
-132
226
-227
-256
-266
-276
-371
-381
812
-817
-818
-832
-179
-379
376
-176
-196
-396
-346
-676
696
-694
-695
-656
-115
315
-317
-345
-385
-395
397
-399
-197
195
-194
-198
-199
-185
-285
-145
-155
255
-253
-254
-257
545
-546
-548
-549
-555
-655
654
-444
-454
-585
685
-681
-684
671
-674
-154
-754
758
-848
-858
-948
794
-798
-994
998
838
-837
917
-918
-967
-117
118
-138
-238
-178
-188
448
-443
-449
453
-458
-459
-558
-488
-498
588
-589
-153
-853
-171
174
181
-183
-184
-189
-274
278
-284
-288
283
-383
389
-144
-164
264
-263
-267
-233
237
133
-137
-143
-163
343
-349
-843
849
863
-867
-869
857
-859
944
-946
-964
966
146
-149
-156
-166
556
-559
-566
569
-157
159
167
-169
484
-489
-494
499
