128
-121
-122
-123
-124
-125
-126
-127
-129
-118
-138
-218
-228
-238
-318
-328
-338
-148
-158
-168
-178
-188
-198
-428
-528
-628
-728
-828
-928
156
-151
-152
-153
-154
-155
-157
-159
-146
-166
-246
-256
-266
-346
-356
-366
-116
-136
-176
-186
-196
-456
-556
-656
-756
-856
-956
232
-231
-233
-234
-235
-236
-237
-239
-112
-132
-212
-222
-312
-322
-332
-242
-252
-262
-272
-282
-292
-432
-532
-632
-732
-832
-932
271
-273
-274
-275
-276
-277
-278
-279
-171
-181
-191
-281
-291
-371
-381
-391
-211
-221
-241
-251
-261
-471
-571
-671
-771
-871
-971
288
-283
-284
-285
-286
-287
-289
-298
-378
-388
-398
-248
-258
-268
-488
-588
-688
-788
-888
-988
327
-321
-323
-324
-325
-326
-329
-117
-137
-217
-227
-317
-337
-347
-357
-367
-377
-387
-397
-427
-527
-627
-727
-827
-927
363
-361
-362
-364
-365
-368
-369
-143
-163
-243
-253
-263
-343
-353
-313
-333
-373
-383
-393
-463
-563
-663
-763
-863
-963
461
-462
-464
-465
-466
-467
-468
-469
-441
-451
-541
-551
-561
-641
-651
-661
-411
-421
-431
-481
-491
-161
-761
-861
-961
472
-473
-474
-475
-476
-477
-478
-479
-482
-492
-572
-582
-592
-672
-682
-692
-412
-422
-442
-452
-172
-372
-772
-872
-972
524
-521
-522
-523
-525
-526
-529
-414
-424
-434
-514
-534
-614
-624
-634
-544
-554
-564
-574
-584
-594
-224
-724
-824
-924
533
-531
-535
-536
-537
-538
-539
-413
-423
-433
-513
-613
-623
-633
-543
-553
-573
-583
-593
-133
-733
-833
-933
581
-585
-586
-587
-589
-591
-681
-691
-511
-781
-881
-981
625
-621
-622
-626
-629
-415
-425
-435
-515
-615
-635
-645
-655
-665
-675
-685
-695
-225
-725
-825
-925
631
-636
-637
-638
-639
-611
-131
-331
-731
-831
-931
657
-652
-653
-654
-658
-659
-447
-457
-547
-557
-567
-647
-667
-617
-677
-687
-697
-257
-757
-857
-957
666
-662
-664
-668
-669
-446
-546
-566
-646
-616
-676
-686
-696
-766
-866
-966
674
-673
-678
-679
-484
-494
-684
-694
-644
-174
-374
-774
-874
-974
683
-689
-483
-493
-693
-643
-183
-783
-883
-983
698
-699
-498
-578
-598
-618
-648
-798
-898
-998
722
-721
-723
-726
-729
-712
-812
-822
-912
-922
-742
-752
-762
-782
-792
823
-821
-826
-829
-713
-813
-913
-923
-843
-853
-873
-893
921
-926
-929
-711
-811
-911
-941
-951
-991
-223
838
-834
-835
-836
-837
-839
-718
-738
-818
-918
-938
-848
-858
-868
-878
-438
877
-875
-876
-879
-777
-787
-797
-887
-897
-977
-987
-997
-817
-847
-867
-177
-577
882
-884
-885
-886
-889
-892
-982
-992
-842
-852
-862
-182
-382
936
-934
-935
-937
-939
-716
-736
-816
-916
-946
-976
-986
-996
-336
-436
947
-942
-943
-944
-945
-948
-949
-747
-767
-967
-917
-147
-247
969
-962
-964
-965
-968
952
-953
-954
-955
-958
-959
-749
-759
-769
-849
-859
-869
978
-973
-975
-979
-778
993
-994
-995
-999
-773
-793
-919
-989
-352
-552
-169
-269
-569
173
-175
-179
-193
-293
-113
213
-214
-215
-216
-219
985
-984
-775
-785
-795
-895
914
-915
-714
-734
-814
-114
-314
-185
-385
-485
799
-791
-794
-796
891
-894
-896
-899
784
-786
-789
776
-779
-744
-754
-764
-746
846
-841
-844
-845
-719
-739
819
-815
-851
-119
-319
-419
-519
-619
612
-512
-642
649
-449
-459
-549
-559
-149
-249
-349
-376
-576
-184
-384
-199
-299
-399
-499
-599
579
-575
-489
375
-379
-195
-295
-395
-315
-335
-345
-355
-497
-297
267
-264
-265
-167
-144
-194
-197
192
-392
187
-189
389
-386
-142
-162
342
-341
-344
-348
358
-351
-354
-359
141
-145
259
-254
-255
-111
115
311
-316
-135
226
-229
-165
164
-244
245
-134
139
334
-339
294
-296
-394
396
-715
717
735
-737
-745
-755
-765
768
-748
-758
-417
-517
437
-439
429
-426
-487
486
-496
495
-595
-596
597
-445
-455
-416
418
516
-518
-448
-458
-741
743
751
-753
-542
562
-565
-568
-443
444
453
-454
-545
548
555
-558
854
-855
-864
865
