235
-231
-232
-233
-234
-236
-237
-238
-239
-115
-125
-135
-215
-225
-315
-325
-335
-245
-255
-265
-275
-285
-295
-435
-535
-635
-735
-835
-935
252
-251
-253
-254
-256
-257
-258
-259
-142
-152
-162
-242
-262
-342
-352
-362
-212
-222
-272
-282
-292
-452
-552
-652
-752
-852
-952
299
-291
-293
-294
-296
-297
-298
-179
-189
-199
-279
-289
-379
-389
-399
-219
-229
-249
-269
-499
-599
-699
-799
-899
-999
329
-321
-322
-323
-324
-326
-327
-328
-119
-129
-139
-319
-339
-349
-359
-369
-429
-529
-629
-729
-829
-929
333
-331
-332
-334
-336
-337
-338
-113
-123
-133
-213
-223
-313
-343
-353
-363
-373
-383
-393
-433
-533
-633
-733
-833
-933
354
-351
-355
-356
-357
-358
-144
-154
-164
-244
-264
-344
-364
-314
-374
-384
-394
-454
-554
-654
-754
-854
-954
377
-371
-372
-375
-376
-378
-177
-187
-197
-277
-287
-387
-397
-317
-347
-367
-477
-577
-677
-777
-877
-977
396
-391
-392
-395
-398
-176
-186
-196
-276
-286
-386
-316
-346
-366
-496
-596
-696
-796
-896
-996
515
-511
-512
-513
-514
-516
-517
-518
-519
-415
-425
-525
-615
-625
-545
-555
-565
-575
-585
-595
-715
-815
-915
531
-532
-534
-536
-537
-538
-539
-411
-421
-431
-521
-611
-621
-631
-541
-551
-561
-571
-581
-591
-131
-731
-831
-931
568
-562
-563
-564
-566
-567
-569
-448
-458
-468
-548
-558
-648
-658
-668
-528
-578
-588
-598
-168
-268
-368
-768
-868
-968
594
-592
-593
-597
-474
-484
-494
-574
-584
-674
-684
-694
-524
-544
-194
-794
-894
-994
642
-641
-643
-644
-645
-646
-647
-649
-442
-462
-542
-662
-612
-622
-632
-672
-682
-692
-742
-842
-942
655
-651
-653
-656
-657
-659
-445
-455
-465
-665
-675
-685
-695
-155
-755
-855
-955
661
-663
-664
-666
-667
-669
-441
-451
-461
-671
-681
-691
-161
-261
-361
365
-145
-165
-345
-385
-761
-861
-961
-765
-865
-965
679
-673
-676
-678
-479
-489
-579
-589
-689
-619
-639
-779
-879
-979
732
-734
-736
-737
-738
-739
-712
-722
-812
-822
-832
-912
-922
-932
-762
-772
-782
-792
-132
-432
823
-821
-824
-825
-826
-827
-828
-713
-723
-813
-913
-923
-843
-853
-863
-873
-883
-893
-423
-523
-623
881
-882
-884
-885
-886
-887
-888
-889
-771
-781
-791
-871
-891
-971
-981
-991
-811
-841
-851
-181
-281
-381
-481
928
-921
-924
-925
-926
-927
725
-721
-724
-726
-727
-728
-718
-818
-838
-918
-938
-745
-775
-785
-795
-948
-958
-978
-988
-998
-128
-228
-428
-628
934
-936
-937
-939
-714
-814
-834
-914
-944
-964
-974
-984
-134
-434
-634
949
-941
-943
-945
-946
-947
845
-844
-846
-847
-848
-849
-749
-759
-769
-859
-869
-959
-969
-875
-895
-919
-989
789
-783
-784
-786
-787
-788
-719
-149
-449
-549
559
-553
-556
-557
-459
-469
-159
169
-163
-166
-167
966
-962
-963
-967
862
-864
-866
-867
-746
-756
-766
-856
-956
-872
-892
874
-876
-878
-774
-916
-976
-986
776
-773
-778
-716
-266
-466
-174
-274
-476
-576
972
-973
-975
-982
-992
-172
-472
-572
573
-473
-483
-493
-583
-683
-693
-543
613
-614
-616
-617
-618
-413
624
-626
-627
-414
-424
-124
-224
-173
-273
-111
112
-114
-116
-117
-118
-122
-312
214
-211
-216
-217
-218
-182
-192
382
-388
184
-183
-185
-188
-284
-412
-482
-582
492
-491
-495
-497
-498
471
-475
-478
485
-486
-487
-488
-422
522
-526
-527
-171
-271
278
191
-193
-195
-198
283
-288
175
-178
-121
-141
-151
-243
-263
267
-147
-157
-247
-227
-248
221
-226
-311
318
-138
-241
246
341
-348
-146
-156
-418
438
-436
-437
-439
-638
419
-416
-417
816
-817
-819
-836
839
-837
-741
-446
-546
547
456
-453
-457
-447
-467
-426
427
636
-637
586
-587
-686
126
-127
-136
137
-747
-767
-983
-985
987
995
-993
-997
793
-797
-798
-897
898
-743
-753
-763
764
953
-951
-957
751
-757
-758
-744
748
857
-858
-711
717
911
-917
444
-443
463
-464
143
-148
-153
158
-687
688
697
-698
