138
-131
-132
-133
-134
-135
-136
-137
-139
-118
-128
-218
-228
-238
-318
-328
-338
-148
-158
-168
-178
-188
-198
-438
-538
-638
-738
-838
-938
151
-152
-153
-154
-155
-156
-157
-159
-141
-161
-241
-251
-261
-341
-351
-361
-111
-121
-171
-181
-191
-451
-551
-651
-751
-851
-951
183
-182
-184
-185
-186
-187
-189
-173
-193
-273
-283
-293
-373
-383
-393
-113
-123
-143
-163
-483
-583
-683
-783
-883
-983
257
-252
-253
-254
-255
-256
-258
-259
-147
-167
-247
-267
-347
-357
-367
-217
-227
-237
-277
-287
-297
-457
-557
-657
-757
-857
-957
268
-262
-263
-264
-265
-266
-269
-248
-348
-358
-368
-278
-288
-298
-468
-568
-668
-768
-868
-968
292
-291
-294
-295
-296
-299
-172
-192
-272
-282
-372
-382
-392
-212
-222
-232
-242
-492
-592
-692
-792
-892
-992
325
-321
-322
-323
-324
-326
-327
-329
-115
-125
-215
-225
-235
-315
-335
-345
-355
-365
-375
-385
-395
-425
-525
-625
-725
-825
-925
396
-391
-394
-397
-398
-399
-176
-196
-276
-286
-376
-386
-316
-336
-346
-356
-366
-496
-596
-696
-796
-896
-996
422
-421
-423
-424
-426
-427
-428
-429
-412
-432
-512
-522
-532
-612
-622
-632
-442
-452
-462
-472
-482
-122
-722
-822
-922
458
-453
-454
-455
-456
-459
-448
-548
-558
-648
-658
-418
-478
-488
-498
-758
-858
-958
461
-463
-464
-465
-466
-467
-469
-441
-541
-561
-641
-661
-411
-431
-471
-481
-491
-761
-861
-961
477
-473
-474
-475
-476
-479
-487
-497
-577
-587
-597
-677
-687
-697
-417
-437
-447
-177
-377
-777
-877
-977
493
-494
-495
-499
-573
-593
-673
-693
-413
-433
-443
-793
-893
-993
531
-533
-534
-535
-536
-537
-539
-511
-521
-611
-621
-631
-571
-581
-591
-231
-331
-731
-831
-931
586
-582
-584
-585
-588
-589
-486
-576
-676
-686
-516
-526
-546
-556
-566
-786
-886
-986
616
-613
-614
-615
-617
-618
-619
-416
-436
-626
-636
446
-444
-445
-449
-646
-656
-666
-116
-216
-716
-816
-916
-146
-246
166
-162
-164
-165
-169
-126
-746
-846
-946
-766
-866
-966
624
-623
-627
-628
-629
-414
-434
-514
-524
-634
484
-485
-489
-574
-594
-674
-684
-694
-644
-654
-664
-124
-224
-724
-824
-924
-284
-384
-784
-884
-984
672
-671
-675
-678
-679
-572
-682
-642
-652
-662
-772
-872
-972
723
-721
-726
-727
-728
-729
-713
-733
-813
-823
-833
-913
-923
-933
-743
-753
-763
-773
-223
-523
765
-762
-764
-767
-769
-745
-755
-845
-855
-865
-945
-955
-965
-715
-735
-775
-785
-795
-565
-665
818
-811
-812
-814
-815
-817
-819
-718
-828
-918
-928
-848
-878
-888
-898
-518
528
-527
-529
-578
-598
853
-852
-854
-856
-859
-843
-863
-943
-953
-963
-873
973
-971
-974
-975
-976
-978
-979
-353
-553
-653
932
-934
-935
-936
-937
-939
-712
-732
-832
-912
-942
-952
-962
-982
-332
989
-981
-985
-987
-988
-779
-789
-799
-879
-889
-899
-999
-919
-929
-949
-959
-969
-289
-389
-689
991
-994
-995
-997
-998
-771
-781
-791
-871
-881
-891
-911
-921
-941
915
-914
-917
-835
948
-944
-947
-748
-415
419
-439
435
-515
-635
-519
-639
-119
-219
-319
-719
-691
681
-685
-688
698
-695
-699
-281
285
-175
-195
-275
145
-142
-144
-149
-245
112
-114
-117
-312
-545
-645
655
-659
-555
-381
-885
-798
-744
-549
-374
-837
-844
-349
-334
-569
-747
-754
-239
-364
827
-821
-826
-829
711
-714
-717
-737
-927
926
-736
-836
-741
841
-842
-847
-849
876
-874
-875
895
-894
-897
-776
756
-752
-759
-956
954
-864
-964
967
-867
834
-839
-734
739
-749
742
-862
869
-782
882
-887
-211
-311
221
-226
-229
236
-233
-234
-271
371
-378
-379
388
-387
197
-194
-199
174
-179
-274
279
-127
129
-339
-249
-342
-542
649
-643
-647
-559
-669
547
-543
-544
-567
-667
663
-563
513
-517
-633
637
-213
214
-314
243
-244
-343
344
-363
-354
-313
317
333
-337
-554
552
-562
564
-352
359
362
-369
-774
778
794
-797
787
-788
575
-579
-595
599
