228
-221
-222
-223
-224
-225
-226
-227
-229
-118
-128
-138
-218
-238
-318
-328
-338
-248
-258
-268
-278
-288
-298
-428
-528
-628
-728
-828
-928
234
-231
-232
-233
-235
-236
-237
-239
-114
-124
-134
-214
-314
-324
-334
-244
-254
-264
-274
-284
-294
-434
-534
-634
-734
-834
-934
245
-241
-242
-243
-246
-247
-249
-145
-155
-165
-255
-265
-345
-355
-365
-215
-275
-285
-295
-445
-545
-645
-745
-845
-945
256
-251
-252
-253
-257
-259
-146
-156
-166
-266
-346
-356
-366
-216
-276
-286
-296
-456
-556
-656
-756
-856
-956
359
-351
-352
-353
-354
-357
-358
-149
-159
-169
-269
-349
-369
-319
-329
-339
-379
-389
-399
-459
-559
-659
-759
-859
-959
362
-361
-363
-364
-367
-368
-142
-152
-162
-262
-342
-312
-322
-332
-372
-382
-392
-462
-562
-662
-762
-862
-962
397
-391
-393
-394
-395
-396
-398
-177
-187
-197
-277
-287
-297
-377
-387
-317
-327
-337
-347
-497
-597
-697
-797
-897
-997
463
-461
-464
-465
-466
-467
-468
-469
-443
-453
-543
-553
-563
-643
-653
-663
-413
-423
-433
-473
-483
-493
-163
-263
-763
-863
-963
511
-512
-513
-514
-515
-516
-517
-518
-519
-411
-421
-431
-521
-531
-611
-621
-631
-541
-551
-561
-571
-581
-591
-111
-211
-311
-711
-811
-911
532
-533
-535
-536
-537
-538
-539
-412
-422
-432
-522
-612
-622
-632
-542
-552
-572
-582
-592
-132
-732
-832
-932
544
-546
-547
-548
-549
-444
-454
-554
-564
-644
-654
-664
-524
-574
-584
-594
-144
-344
-744
-844
-944
588
-583
-585
-586
-587
-589
-478
-488
-498
-578
-598
-678
-688
-698
-558
-568
-188
-388
-788
-888
-988
668
-661
-665
-666
-667
-669
-448
-458
-648
-658
-618
-638
-168
-768
-868
-968
675
-671
-672
-673
-674
-676
-677
-679
-475
-485
-495
-575
-595
-685
-695
-615
-625
-635
-655
-175
-375
-775
-875
-975
689
-681
-682
-683
-684
-686
-687
-479
-489
-499
-579
-599
-699
-619
-629
-639
-649
-189
-289
-789
-889
-989
691
-692
-693
-694
-696
-471
-481
-491
-641
-651
-191
-291
-791
-891
-991
719
-712
-713
-714
-715
-716
-717
-718
-729
-739
-819
-829
-839
-919
-929
-939
-749
-769
-779
-799
-119
-219
-419
737
-731
-733
-735
-736
-738
-727
-817
-827
-837
-917
-927
-937
-747
-757
-767
-777
-787
-137
-437
-637
765
-761
-764
-766
-755
-855
-865
-955
-965
-725
-785
-795
-565
814
-812
-813
-815
-816
-818
-724
-824
-914
-924
-854
-864
-874
-884
-894
-414
-614
624
-623
-626
-627
-424
842
-841
-843
-846
-847
-848
-849
-742
-752
-852
-942
-952
-822
-872
-882
-892
-442
-642
652
-657
-452
887
-881
-883
-885
-886
-877
-977
-987
-857
-867
-487
931
-933
-935
-936
-938
-721
-821
-831
-921
-941
-951
-961
-971
-981
-131
-331
953
-954
-957
-958
-743
-753
-853
-943
-913
-923
-973
-983
-993
-153
974
-972
-976
-978
-979
-774
-784
-794
-984
-994
754
-751
-758
-964
-154
164
-161
-167
-174
-184
-194
-374
384
-381
-383
-385
-386
-474
-484
494
-492
-496
123
-121
-122
-125
-126
-127
-129
321
-323
-325
-326
-113
-133
-213
-313
-333
139
-135
-136
-143
343
-341
-348
-173
-183
-193
-179
-199
-371
-373
378
-376
-178
-198
613
-616
-617
-523
-633
636
-416
-426
-436
-526
-646
647
-447
-457
-557
555
-455
451
-441
-567
-525
-723
-823
833
-835
-836
-838
918
-912
-915
-916
-873
-893
-948
-998
-418
438
-435
-439
335
-336
-115
-315
316
-116
415
-417
-425
-147
-947
967
-966
-969
-151
-851
858
-748
-878
-898
148
-141
261
-267
157
-158
-117
112
-212
217
-172
-182
-192
-271
-281
741
-746
-861
-771
-781
871
-876
-879
-171
176
181
-185
-186
195
-196
-476
-576
-776
-778
798
-792
-793
-796
279
-272
-273
-299
985
-982
-986
-895
-995
825
-826
-925
782
-783
-786
-772
773
-992
-722
726
922
-926
472
-477
-482
486
-596
593
-573
577
-446
449
566
-569
427
-429
-527
529
946
-949
-866
869
896
-899
-996
999
-282
283
292
-293
