136
-131
-132
-133
-134
-135
-137
-138
-139
-116
-126
-216
-226
-236
-316
-326
-336
-146
-156
-166
-176
-186
-196
-436
-536
-636
-736
-836
-936
254
-251
-252
-253
-255
-256
-257
-258
-259
-144
-154
-164
-244
-264
-344
-354
-364
-214
-224
-234
-274
-284
-294
-454
-554
-654
-754
-854
-954
263
-261
-262
-265
-266
-267
-268
-269
-143
-153
-163
-243
-343
-353
-363
-213
-223
-233
-273
-283
-293
-463
-563
-663
-763
-863
-963
315
-311
-312
-313
-314
-317
-318
-319
-115
-125
-215
-225
-235
-325
-335
-345
-355
-365
-375
-385
-395
-415
-515
-615
-715
-815
-915
368
-361
-362
-366
-367
-369
-148
-158
-168
-248
-348
-358
-328
-338
-378
-388
-398
-468
-568
-668
-768
-868
-968
371
-372
-373
-374
-376
-377
-379
-171
-181
-191
-271
-281
-291
-381
-391
-321
-331
-341
-351
-471
-571
-671
-771
-871
-971
382
-383
-384
-386
-387
-389
-172
-182
-192
-272
-282
-292
-392
-322
-332
-342
-352
-482
-582
-682
-782
-882
-982
397
-393
-394
-396
-399
-177
-187
-197
-277
-287
-297
-327
-337
-347
-357
-497
-597
-697
-797
-897
-997
425
-421
-422
-423
-424
-426
-427
-428
-429
-435
-525
-535
-625
-635
-445
-455
-465
-475
-485
-495
-725
-825
-925
451
-452
-453
-456
-457
-458
-459
-441
-461
-541
-551
-561
-641
-651
-661
-411
-431
-481
-491
-151
-751
-851
-951
493
-492
-494
-496
-498
-499
-473
-483
-573
-583
-593
-673
-683
-693
-413
-433
-443
-193
-793
-893
-993
518
-511
-512
-513
-514
-516
-517
-519
-418
-438
-528
-538
-618
-628
-638
-548
-558
-578
-588
-598
-118
-218
-718
-818
-918
587
-581
-584
-585
-586
-589
-477
-487
-577
-677
-687
-527
-537
-547
-557
-567
-787
-887
-987
627
-621
-622
-623
-624
-626
-629
-417
-437
-617
-637
-647
-657
-667
-127
-227
-727
-827
-927
643
-642
-644
-645
-646
-648
-649
-543
-553
-653
-613
-633
-743
-843
-943
665
-662
-664
-666
-669
-545
-555
-565
-655
-675
-685
-695
-165
-765
-865
-965
699
-691
-692
-694
-696
-698
-479
-489
-579
-599
-679
-689
-619
-639
-659
-199
-299
-799
-899
-999
822
-821
-823
-824
-826
-828
-829
-712
-722
-732
-812
-832
-912
-922
-932
-842
-852
-862
-872
-892
-122
-222
-522
831
-833
-834
-835
-837
-838
-839
-711
-721
-731
-811
-911
-921
-931
-841
-861
-881
-891
-231
-531
-631
869
-864
-866
-867
-749
-759
-769
-849
-859
-949
-959
-969
-819
-879
-889
-169
-469
-569
888
-883
-884
-885
-886
-778
-788
-798
-878
-898
-978
-988
-998
-848
-858
-188
-288
-488
-688
914
-913
-916
-917
-919
-714
-724
-734
-814
-924
-934
-944
-964
-974
-984
-994
-114
-414
-614
942
-941
-945
-946
-947
-948
-742
-752
-762
-952
-962
-972
-992
-142
-242
-442
-542
976
-973
-975
-977
-979
-776
-786
-796
-876
-896
-986
-996
-926
-956
-966
-276
-476
-576
-676
-775
-194
-189
-185
-184
183
-173
174
-175
-178
-179
-113
-123
-124
-474
-574
-674
-774
-874
-783
-983
-195
198
-278
-298
-128
-246
-239
129
-121
-119
-219
-229
-329
-339
-149
-159
-529
-729
-929
-747
-795
-295
296
-286
-596
-895
894
-784
-794
-844
-594
-356
359
346
-349
-249
-446
-546
-746
-846
-559
757
-753
-755
-756
-758
-767
-847
845
-745
-855
-955
-857
-957
-967
961
-741
-761
-717
-737
-777
877
-873
-875
773
-772
-779
792
-791
781
-785
-789
-981
-991
995
-985
989
-713
-723
-733
735
-738
-739
-935
719
-716
-939
-817
937
-933
-938
813
-816
-923
928
726
-728
-766
764
-744
748
856
-853
953
-958
-419
-526
-228
221
-111
-211
238
-232
-237
-241
212
-217
-112
117
-147
-157
-167
247
-245
611
-612
-616
-521
416
-412
-466
-486
484
-684
686
-681
591
-592
-595
575
-572
-434
-444
-464
634
-632
-524
523
-533
-534
-656
-323
324
333
-334
141
-145
-161
162
-152
155
544
-549
-564
449
-447
-448
467
-462
658
-652
478
-472
672
-678
432
-439
-532
539
552
-556
-562
566
-275
279
285
-289
