132
-131
-133
-134
-135
-136
-137
-138
-139
-112
-122
-212
-222
-232
-312
-322
-332
-142
-152
-162
-172
-182
-192
-432
-532
-632
-732
-832
-932
154
-151
-153
-155
-156
-157
-158
-159
-144
-164
-244
-254
-264
-344
-354
-364
-114
-124
-174
-184
-194
-454
-554
-654
-754
-854
-954
166
-161
-163
-165
-167
-168
-169
-146
-246
-256
-266
-346
-356
-366
-116
-126
-176
-186
-196
-466
-566
-666
-766
-866
-966
234
-231
-233
-235
-236
-237
-238
-239
-214
-224
-314
-324
-334
-274
-284
-294
-434
-534
-634
-734
-834
-934
258
-251
-252
-253
-255
-257
-259
-148
-248
-268
-348
-358
-368
-218
-228
-278
-288
-298
-458
-558
-658
-758
-858
-958
295
-291
-292
-293
-296
-297
-299
-175
-185
-195
-275
-285
-375
-385
-395
-215
-225
-245
-265
-495
-595
-695
-795
-895
-995
327
-321
-323
-325
-326
-328
-329
-117
-127
-217
-227
-317
-337
-347
-357
-367
-377
-387
-397
-427
-527
-627
-727
-827
-927
353
-351
-352
-355
-359
-143
-243
-263
-343
-363
-313
-333
-373
-383
-393
-453
-553
-653
-753
-853
-953
399
-391
-392
-394
-396
-398
-179
-189
-199
-279
-289
-379
-389
-319
-339
-349
-369
-499
-599
-699
-799
-899
-999
462
-461
-463
-464
-465
-467
-468
-469
-442
-452
-542
-552
-562
-642
-652
-662
-412
-422
-472
-482
-492
-262
-362
-762
-862
-962
513
-511
-512
-514
-515
-516
-517
-518
-519
-413
-423
-433
-523
-533
-613
-623
-633
-543
-563
-573
-583
-593
-113
-213
-713
-813
-913
535
-531
-536
-537
-538
-539
-415
-425
-435
-525
-615
-625
-635
-545
-555
-565
-575
-585
-335
-735
-835
-935
547
-541
-544
-546
-548
-549
-447
-457
-557
-567
-647
-657
-667
-577
-587
-597
-147
-247
267
-261
-269
-277
-287
-747
-847
-947
-767
-867
-967
617
-611
-612
-614
-616
-618
-619
-417
-437
-637
-677
-687
-697
-717
-817
-917
674
-671
-672
-673
-675
-676
-678
-679
-474
-484
-494
-574
-584
-594
-684
-694
-624
-644
-664
-374
384
-381
-382
-386
-388
-774
-874
-974
-784
-884
-984
736
-731
-733
-737
-738
-739
-716
-726
-816
-826
-836
-916
-926
-936
-746
-756
-776
-786
-796
-336
-436
-636
789
-781
-782
-783
-785
-787
-788
-779
-879
-889
-979
-989
-719
-729
-749
-759
-769
-489
-589
-689
793
-791
-792
-794
-797
-798
-773
-873
-883
-893
-973
-983
-993
-723
-743
-763
-193
-493
-693
855
-851
-852
-856
-857
-859
-745
-755
-765
-845
-865
-945
-955
-965
-815
-825
-875
-885
-455
-655
864
-861
-863
-868
-869
-744
-764
-844
-944
-964
-814
-824
-894
994
-991
-992
-996
-997
-998
-914
-924
444
-441
-443
-445
-446
-448
-449
-564
-414
-424
524
-521
-522
-526
-528
-529
622
-621
-626
-628
-629
-682
-692
714
-711
-712
-715
-718
-724
-722
-822
-922
887
-881
-882
-886
-888
-777
-877
-897
-977
-987
757
-751
-752
-957
-837
937
-931
-933
-938
-939
833
-831
-838
-839
-823
-923
-843
952
-951
-956
-959
-742
-842
-942
772
-771
-775
-778
-872
-892
-972
-982
725
-721
-728
-915
-925
812
-811
-818
-819
-912
-125
-272
-372
282
-281
-283
-286
-242
342
-341
-345
-572
-582
592
-591
-596
-598
-187
-487
898
-891
-896
-878
-978
-988
-828
-848
-198
-498
-698
-111
115
-118
-119
-315
-145
365
-361
645
-641
-643
-646
-648
-649
663
-661
-665
-668
-669
568
-561
-569
-578
-588
-683
-685
943
-941
-946
-948
-949
-963
846
-841
-849
969
-961
-968
-876
871
-971
-981
-821
829
-919
-929
-129
149
-141
241
-249
-211
-221
-271
-229
219
-216
-419
-429
-741
748
761
-768
-171
-371
-471
-571
-121
-123
128
223
-226
316
-311
-318
331
-338
-178
-188
378
-376
276
-273
-416
426
-421
-428
-456
-476
-486
-496
921
-928
-911
918
411
-418
-431
-631
-451
459
-559
-659
-481
-491
497
-477
-439
438
-638
639
-478
-488
688
-681
-686
-479
579
-576
-976
975
-985
986
-475
473
-483
485
-173
177
183
-181
191
-197
581
-586
-691
696
-551
556
651
-656
