136
-131
-132
-133
-134
-135
-137
-138
-139
-116
-126
-216
-226
-236
-316
-326
-336
-146
-156
-166
-176
-186
-196
-436
-536
-636
-736
-836
-936
185
-181
-182
-183
-184
-187
-188
-189
-175
-195
-275
-285
-295
-375
-385
-395
-115
-125
-145
-155
-165
-485
-585
-685
-785
-885
-985
211
-212
-213
-214
-215
-217
-218
-219
-111
-121
-221
-231
-311
-321
-331
-241
-251
-261
-271
-281
-291
-411
-511
-611
-711
-811
-911
276
-272
-273
-274
-277
-278
-279
-286
-296
-376
-386
-396
-246
-256
-266
-476
-576
-676
-776
-876
-976
289
-282
-283
-284
-287
-288
-179
-199
-299
-379
-389
-399
-229
-239
-249
-259
-269
-489
-589
-689
-789
-889
-989
292
-293
-294
-297
-298
-172
-192
-372
-382
-392
-222
-232
-242
-252
-262
-492
-592
-692
-792
-892
-992
333
-332
-334
-335
-337
-338
-339
-113
-123
-223
-233
-313
-323
-343
-353
-363
-373
-383
-393
-433
-533
-633
-733
-833
-933
342
-341
-344
-345
-346
-347
-348
-349
-142
-152
-162
-352
-362
-312
-322
-442
-542
-642
-742
-842
-942
461
-462
-463
-464
-465
-466
-467
-468
-469
-441
-451
-541
-551
-561
-641
-651
-661
-421
-431
-471
-481
-491
-161
-361
-761
-861
-961
513
-512
-514
-515
-516
-517
-518
-519
-413
-423
-523
-613
-623
-543
-553
-563
-573
-583
-593
-713
-813
-913
626
-621
-622
-624
-625
-627
-628
-629
-416
-426
-526
-616
-646
-656
-666
-686
-696
-726
-826
-926
631
-632
-634
-635
-637
-638
-639
-521
-531
-671
-681
-691
-731
-831
-931
643
-644
-645
-647
-648
-649
-443
-453
-653
-663
-673
-683
-693
-143
-243
-743
-843
-943
688
-682
-684
-687
-478
-488
-498
-578
-588
-598
-678
-698
-618
-658
-668
-388
-788
-888
-988
694
-695
-697
-699
-474
-484
-494
-574
-584
-594
-674
-614
-654
-664
-194
-394
-794
-894
-994
766
-762
-763
-764
-765
-767
-768
-769
-746
-756
-846
-856
-866
-946
-956
-966
-716
-786
-796
-366
356
-351
-354
-355
-357
-358
-359
-456
-556
-566
778
-771
-772
-773
-774
-775
-777
-779
-798
-878
-898
-978
-998
-718
-728
-738
-748
-758
-178
-378
834
-832
-835
-837
-838
-839
-714
-724
-734
-814
-824
-914
-924
-934
-844
-854
-864
-874
-884
-234
-434
-534
848
-841
-845
-847
-849
-858
-868
-948
-958
-968
-818
-828
-148
-248
-448
-548
857
-851
-852
-853
-855
-859
-747
-757
-867
-947
-957
-967
-817
-827
-877
-887
-897
-157
-257
-457
-557
-657
865
-862
-863
-869
-745
-755
-945
-955
-965
-815
-825
-875
-895
-265
-365
-565
-665
964
-962
-963
-969
-744
-754
-944
-954
784
-781
-782
-783
-787
-974
-984
-164
-264
-364
-564
-384
973
-971
-972
-975
-977
-979
-793
-873
-883
-893
-983
-993
823
-821
-822
-829
-723
-923
753
-751
-752
-759
952
-951
-953
-959
-912
-922
-932
-982
151
-153
-154
-158
-159
-141
-171
-191
-452
-552
-652
-253
263
-267
-268
-163
-173
193
-197
-198
398
-391
-397
-318
-328
-368
-473
483
-482
-486
-487
-493
999
-991
-995
-996
-997
795
-791
-797
-799
987
-981
-986
-879
-899
-715
-725
-735
819
-812
-816
916
-915
-917
-918
-919
-719
-729
-739
-929
-939
749
-741
941
-949
721
-722
-727
-921
-927
-937
-119
-319
-419
-619
-149
-449
-549
-387
381
-371
-581
-881
-587
-495
-595
-499
-599
-577
-477
-128
-127
-425
-124
-417
-412
-529
-597
497
-496
-677
446
-444
-445
-447
-546
-427
-437
-472
-169
369
-367
129
-122
112
-114
-117
-118
-329
168
-167
-258
-612
-712
717
732
-737
-317
-617
615
-415
-435
-525
-535
-655
659
-459
-559
-569
-669
-675
667
-662
562
-567
-568
-547
-522
-532
-572
-582
586
672
-679
-596
591
-571
-315
314
-224
-324
-374
377
174
-177
-144
147
-247
325
-327
-225
-235
-414
418
-428
-438
-528
-538
-458
558
-554
-555
422
-424
-429
-432
439
524
-527
537
-539
454
-455
-544
545
475
-479
-575
579
-925
928
935
-938
227
-228
-237
238
244
-245
-254
255
871
-872
-891
896
882
-886
