114
-111
-112
-113
-115
-116
-117
-118
-119
-124
-134
-214
-224
-234
-314
-324
-334
-144
-154
-164
-174
-184
-194
-414
-514
-614
-714
-814
-914
159
-151
-152
-153
-155
-156
-157
-158
-149
-169
-249
-259
-269
-349
-359
-369
-129
-139
-179
-189
-199
-459
-559
-659
-759
-859
-959
267
-261
-262
-263
-264
-265
-266
-268
-147
-167
-247
-257
-347
-357
-367
-217
-227
-237
-277
-287
-297
-467
-567
-667
-767
-867
-967
299
-291
-292
-293
-294
-295
-296
-298
-279
-289
-379
-389
-399
-219
-229
-239
-499
-599
-699
-799
-899
-999
312
-311
-313
-315
-316
-317
-318
-319
-122
-132
-212
-222
-232
-322
-332
-342
-352
-362
-372
-382
-392
-412
-512
-612
-712
-812
-912
323
-321
-325
-326
-327
-328
-329
-123
-133
-213
-223
-233
-333
339
-331
-335
-336
-337
-338
-343
-353
-363
-373
-383
-393
-423
-523
-623
-723
-823
-923
-439
-539
-639
-739
-839
-939
348
-341
-344
-345
-346
-148
-168
-248
-258
-358
-368
-378
-388
-398
-448
-548
-648
-748
-848
-948
421
-422
-424
-425
-426
-427
-428
-429
-411
-431
-511
-521
-531
-611
-621
-631
-441
-451
-461
-471
-481
-491
-121
-221
-721
-821
-921
488
-482
-483
-484
-485
-486
-487
-489
-478
-498
-578
-588
-598
-678
-688
-698
-418
-438
-458
-468
-188
-288
-788
-888
-988
493
-492
-494
-495
-496
-497
-473
-573
-583
-593
-673
-683
-693
-413
-433
-443
-453
-463
-193
-793
-893
-993
518
-513
-515
-516
-517
-519
-528
-538
-618
-628
-638
-558
-568
-218
-718
-818
-918
525
-522
-524
-526
-527
-529
-415
-435
-535
-615
-625
-635
-545
-555
-565
-575
-585
-595
-125
-225
-725
-825
-925
556
-551
-552
-553
-554
-557
-446
-456
-466
-546
-566
-646
-656
-666
-536
-576
-586
-596
-256
-356
-756
-856
-956
572
-571
-574
-577
-579
-472
-582
-592
-672
-682
-692
-532
-542
-562
-172
-272
-772
-872
-972
645
-641
-642
-643
-644
-647
-649
-445
-455
-465
-655
-665
475
-474
-476
-477
-479
-675
-685
-695
-145
-245
-745
-845
-945
-175
-275
-375
-775
-875
-975
684
-681
-686
-687
-689
-584
-594
-674
-694
-624
-634
-654
-664
-284
-384
-784
-884
-984
827
-822
-824
-826
-828
-829
-717
-727
-737
-817
-837
-917
-927
-937
-847
-857
-877
-887
-897
-127
137
-131
-135
-136
-138
-177
-187
-197
-627
-437
-537
-637
835
-831
-832
-833
-834
-836
-838
-715
-735
-815
-915
-935
-855
-865
-885
-895
215
-211
-216
231
-235
-236
-238
-241
-251
-271
-281
-255
-285
-731
-931
849
-841
-842
-843
-844
-846
-749
-769
-869
-949
-969
-819
-879
-889
-449
-549
882
-881
-883
-886
-782
-792
-892
-982
-992
-852
-862
-182
-282
192
-191
-195
-196
-198
-142
-162
922
-924
-926
-928
-929
-722
-732
-932
-942
-952
-962
-622
724
-726
-728
-729
-734
-934
-744
-754
-764
-774
-794
629
-626
-419
-619
469
-462
-464
-569
-669
589
-581
-587
-679
-789
-989
944
-941
-943
-946
-947
-854
-864
-954
-964
-974
-994
-244
-444
-544
957
-951
-953
-955
-958
-747
-757
-977
-987
-997
-457
-657
963
-961
-965
-966
-968
-743
-753
-763
-853
-863
-913
-933
-973
-983
-163
-563
-663
126
-128
-226
228
-146
-166
-176
-186
178
-171
-173
-278
-778
-878
-978
-141
143
-243
-253
-183
-543
653
-651
-652
-658
668
-661
-662
533
-534
-613
-633
434
-432
-436
632
-636
-454
452
-442
447
564
-561
541
-547
416
-417
-616
617
-591
597
-677
-697
-716
-816
-916
-733
-741
-252
254
242
-246
-354
-364
366
-361
-365
-274
-376
-386
-396
-742
746
-766
-866
-736
738
936
-938
-776
-786
-796
-758
-768
-798
-976
-986
-996
998
-991
-995
-898
985
-981
-785
-795
-752
762
-761
-765
755
-751
-355
351
-161
165
181
-185
-371
-381
-391
-851
858
861
-868
-811
813
-713
-871
-891
-873
-781
-385
387
395
-394
-397
374
-377
-874
876
894
-896
-276
273
-283
286
-773
783
-787
-676
671
-691
696
-771
-971
979
791
-797
777
-779
-711
719
911
-919
