146
-141
-142
-143
-144
-145
-147
-148
-149
-156
-166
-246
-256
-266
-346
-356
-366
-116
-126
-136
-176
-186
-196
-446
-546
-646
-746
-846
-946
184
-181
-182
-183
-185
-187
-188
-189
-174
-194
-274
-284
-294
-374
-384
-394
-114
-124
-134
-154
-164
-484
-584
-684
-784
-884
-984
225
-221
-222
-223
-224
-226
-227
-228
-229
-115
-125
-135
-215
-235
-315
-325
-335
-245
-255
-265
-275
-285
-295
-425
-525
-625
-725
-825
-925
241
-242
-243
-244
-247
-248
-249
-151
-161
-251
-261
-341
-351
-361
-211
-231
-271
-281
-291
-441
-541
-641
-741
-841
-941
259
-252
-253
-254
-257
-258
-159
-169
-269
-349
-359
-369
-219
-239
-279
-289
-299
-459
-559
-659
-759
-859
-959
321
-322
-323
-324
-326
-327
-328
-329
-111
-121
-131
-311
-331
-371
-381
-391
-421
-521
-621
-721
-821
-921
333
-332
-334
-336
-337
-338
-339
-113
-123
-133
-213
-233
-313
-343
-353
-363
-373
-383
-393
-433
-533
-633
-733
-833
-933
358
-352
-354
-355
-357
-158
-168
-268
-348
-368
-318
-378
-388
-398
-458
-558
-658
-758
-858
-958
392
-395
-396
-397
-399
-172
-192
-272
-282
-292
-372
-382
-312
-342
-362
-492
-592
-692
-792
-892
-992
416
-411
-412
-413
-414
-415
-417
-418
-419
-426
-436
-516
-526
-536
-616
-626
-636
-456
-466
-476
-486
-496
-216
-316
236
-232
-234
-237
-238
-276
-286
-296
-716
-816
-916
-736
-836
-936
422
-423
-424
-427
-428
-429
-432
-512
-522
-532
-612
-622
-632
-442
-452
-462
-472
-482
-122
-722
-822
-922
498
-491
-493
-494
-495
-497
-499
-478
-488
-578
-588
-598
-678
-688
-698
-438
-448
-468
-198
-298
-798
-898
-998
527
-523
-524
-528
-529
-437
-517
-537
-617
-627
-637
-547
-557
-567
-577
-587
-597
-127
-727
-827
-927
531
-534
-535
-538
-539
-431
-511
-611
-631
-551
-561
-571
-581
-591
-731
-831
-931
619
-613
-614
-615
-618
-439
-519
-629
-639
-649
-669
-679
-689
-699
-119
-319
-719
-819
-919
664
-661
-662
-663
-665
-666
-667
-668
-444
-454
-464
-544
-554
-564
-644
-654
-624
-634
-674
-694
-264
214
-212
-217
-218
-314
317
-117
-137
262
-263
-267
-152
-162
-347
-367
-377
-387
-514
434
-435
-474
-714
-814
-914
-717
-817
-917
-734
-834
-934
-562
-762
-862
-962
-364
365
344
-345
-155
-165
-375
-385
-744
-844
-944
-764
-864
-964
-465
-565
-765
-865
-965
687
-681
-682
-683
-685
-686
-477
-487
-677
-697
-647
-657
-287
-787
-887
-987
691
-693
-695
-696
-471
-481
-671
-651
-191
171
-173
-175
-177
-178
-179
195
-193
-197
-199
-771
-871
-971
-791
-891
-991
-595
-795
-895
-995
768
-761
-763
-766
-767
-769
-748
-848
-868
-948
-968
-718
-728
-738
-778
-788
-568
818
-811
-812
-813
-815
-828
-838
-918
-928
-938
-878
-888
-118
112
-132
-712
-912
-518
548
-542
-543
-545
-549
-648
873
-872
-874
-875
-876
-877
-879
-773
-783
-793
-883
-893
-973
-983
-993
-823
-843
-853
-863
-273
-473
-573
-673
926
-923
-924
-929
-726
-826
-956
-966
-976
-986
-996
945
-942
-943
-947
-949
-745
-755
-845
-855
-955
-915
-935
-975
-985
-445
-645
953
-951
-952
-954
-957
-743
-753
-963
-913
911
-711
-961
-981
-153
157
163
-167
-453
-553
-653
-457
-757
-857
-463
-563
-128
129
138
-139
628
-623
513
-515
635
-638
-583
-593
483
-485
-489
-443
643
-642
-655
-675
-713
715
723
-724
-729
824
-829
-735
-835
-775
-785
885
-881
-882
-886
-889
781
-782
-786
-789
-751
-854
754
-752
-756
-774
-794
-894
-283
288
293
-297
277
-278
-777
-977
978
-972
-974
-979
994
-997
-999
-988
574
-572
-575
-576
-579
-594
475
-479
-585
-455
451
-461
555
-552
-556
652
-656
566
-569
582
-586
-589
-672
676
-596
599
-851
861
-866
-867
-869
856
-852
-896
772
-776
-779
-982
989
796
-797
-799
897
-899
-732
-742
842
-847
-849
-832
932
-937
-939
-837
839
737
-739
-747
749
967
-969
447
-449
-467
469
-376
379
386
-389
