128
-121
-122
-123
-124
-125
-126
-127
-129
-118
-138
-218
-228
-238
-318
-328
-338
-148
-158
-168
-178
-188
-198
-428
-528
-628
-728
-828
-928
144
-141
-142
-143
-145
-146
-147
-149
-154
-164
-244
-254
-264
-344
-354
-364
-114
-134
-174
-184
-194
-444
-544
-644
-744
-844
-944
211
-212
-213
-214
-215
-216
-217
-219
-111
-131
-221
-231
-311
-321
-331
-241
-251
-261
-271
-281
-291
-411
-511
-611
-711
-811
-911
223
-222
-224
-225
-226
-227
-229
-113
-133
-233
-313
-323
-333
-243
-253
-263
-273
-283
-293
-423
-523
-623
-723
-823
-923
398
-391
-392
-393
-394
-395
-396
-397
-399
-278
-288
-298
-378
-388
-348
-358
-368
-498
-598
-698
-798
-898
-998
414
-412
-413
-415
-416
-417
-418
-419
-424
-434
-514
-524
-534
-614
-624
-634
-454
-464
-474
-484
-494
-314
-714
-814
-914
461
-462
-463
-465
-466
-467
-468
-469
-441
-451
-541
-551
-561
-641
-651
-661
-421
-431
-471
-481
-491
-161
-361
-761
-861
-961
515
-512
-513
-516
-517
-518
-519
-425
-435
-525
-535
-615
-625
-635
-545
-555
-565
-575
-585
-595
-115
-315
-715
-815
-915
537
-531
-532
-533
-536
-538
-539
-427
-437
-527
-617
-627
-637
-547
-557
-567
-577
-587
-597
-137
-237
-337
-737
-837
-937
562
-563
-564
-566
-568
-569
-442
-452
-542
-552
-642
-652
-662
-522
-572
-582
-592
-162
-262
-362
-762
-862
-962
593
-591
-594
-596
-599
-473
-483
-493
-573
-583
-673
-683
-693
-543
-553
-193
-793
-893
-993
649
-643
-645
-646
-647
-648
-449
-459
-549
-559
-659
-669
-619
-629
-639
-679
-689
-699
-249
-349
-749
-849
-949
671
-672
-674
-675
-676
-677
-678
-571
-581
-681
-691
521
-526
-529
-621
-631
-721
-821
-921
-171
-371
-771
-871
-971
752
-751
-753
-754
-755
-756
-757
-758
-759
-742
-842
-852
-942
-952
-712
-722
-732
-772
-782
-792
-152
-252
-352
777
-773
-774
-775
-776
-778
-779
-787
-797
-877
-887
-897
-977
-987
-997
-717
-727
-747
-767
-177
-277
-377
-477
788
-781
-783
-784
-785
-786
-789
-878
-888
-978
-988
-718
-738
-748
-768
-488
-588
-688
812
-813
-816
-817
-818
-819
-822
-832
-912
-922
-932
-872
-882
-892
-112
-312
-612
866
-863
-864
-865
-867
-868
-869
-746
-766
-846
-856
-946
-956
-966
-826
-836
-876
-886
-896
-166
-266
-366
-666
883
-881
-884
-885
-889
-873
-973
-983
-833
-843
-853
-183
-383
927
-924
-925
-926
-929
-827
-917
-947
-957
-967
-327
936
-931
-933
-934
-935
-938
-939
-716
-726
-736
-916
796
-791
-794
-795
-799
-976
-986
-996
-136
-236
-336
-436
-636
-196
-296
-496
-696
963
-964
-965
-968
-969
-743
-763
-943
-953
-913
-163
-363
-663
999
-991
-992
-994
-995
-879
-899
-979
-989
-919
918
-838
-948
-958
-959
-618
-199
-299
-499
-116
-117
119
317
-316
-319
326
-322
-324
-325
-329
-139
-239
-339
-159
-169
-179
-189
-346
-356
-376
-386
-347
-357
-367
-387
616
-613
-426
-626
622
-422
429
-432
-632
-439
-479
-489
-682
-692
-656
-686
713
-719
-733
-729
-829
132
-135
-232
-332
-172
-182
-192
-151
-153
173
-175
-176
-373
-155
156
-157
-246
-256
-186
-456
-556
-165
167
-247
-257
-267
-187
-197
-667
181
-185
-191
195
-381
-275
-285
-295
-375
-385
-981
891
-894
-895
-831
731
-734
-735
-739
839
-834
-835
-741
745
-765
-845
-855
-945
941
-841
-851
-951
-955
954
-764
769
-854
-859
724
-725
-824
825
874
-875
-974
-984
-341
351
-353
-355
-359
343
-342
-345
242
-245
-248
-272
-282
-292
-443
-445
-554
558
-448
-458
-548
546
-446
447
-457
-657
-658
-668
-487
-497
-576
-586
-578
478
-472
-475
-476
486
-482
-485
492
-495
455
-453
653
-654
-655
664
-665
433
-438
-633
638
-684
-694
-847
848
857
-858
-255
-258
259
268
-265
-269
365
-369
235
-234
334
-335
-279
-289
-374
-384
-274
276
-286
-574
579
584
-589
975
-972
982
-985
372
-379
-382
389
-284
287
294
-297
685
-687
-695
697
