113
-111
-112
-114
-115
-116
-117
-118
-119
-123
-133
-213
-223
-233
-313
-323
-333
-143
-153
-163
-173
-183
-193
-413
-513
-613
-713
-813
-913
168
-161
-162
-164
-165
-166
-167
-169
-148
-158
-248
-258
-268
-348
-358
-368
-128
-138
-178
-188
-198
-468
-568
-668
-768
-868
-968
186
-181
-182
-184
-185
-187
-189
-176
-196
-276
-286
-296
-376
-386
-396
-126
-136
-146
-156
-486
-586
-686
-786
-886
-986
232
-231
-234
-235
-236
-237
-238
-239
-122
-132
-212
-222
-312
-322
-332
-242
-252
-262
-272
-282
-292
-432
-532
-632
-732
-832
-932
265
-261
-263
-264
-266
-267
-269
-145
-155
-245
-255
-345
-355
-365
-215
-225
-275
-285
-295
-465
-565
-665
-765
-865
-965
274
-271
-273
-277
-278
-279
-174
-194
-284
-294
-374
-384
-394
-214
-224
-244
-254
-474
-574
-674
-774
-874
-974
299
-291
-293
-297
-298
-179
-199
-289
-379
-389
-399
-219
-229
-249
-259
-499
-599
-699
-799
-899
-999
327
-321
-324
-325
-326
-328
-329
-127
-137
-217
-227
-317
-337
-347
-357
-367
-377
-387
-397
-427
-527
-627
-727
-827
-927
336
-331
-334
-335
-338
-339
-216
-226
-316
-346
-356
-366
-436
-536
-636
-736
-836
-936
372
-371
-373
-375
-378
-172
-192
-382
-392
-342
-352
-362
-472
-572
-672
-772
-872
-972
381
-383
-385
-388
-171
-191
-281
-391
-311
-341
-351
-361
-481
-581
-681
-781
-881
-981
424
-421
-422
-423
-425
-426
-428
-429
-414
-434
-514
-524
-534
-614
-624
-634
-444
-454
-464
-484
-494
-124
-724
-824
-924
469
-461
-462
-463
-466
-467
-449
-459
-549
-559
-569
-649
-659
-669
-419
-439
-479
-489
-369
-769
-869
-969
537
-531
-533
-535
-538
-539
-417
-437
-517
-617
-637
-547
-557
-567
-577
-587
-597
-737
-837
-937
579
-571
-573
-575
-576
-578
-589
-679
-689
-519
-529
-779
-879
-979
621
-622
-623
-625
-626
-628
-629
-411
-431
-511
-521
-611
-631
-641
-651
-661
-671
-691
-121
-221
228
-218
211
-131
-318
-241
-251
-288
398
-393
-395
283
-287
-243
-253
315
-314
-319
134
-135
-139
-125
129
-144
-154
-149
-159
-711
-811
-911
-415
-515
-615
-715
-815
-915
-721
-821
-921
-528
-728
-828
-928
-729
-829
-929
-734
-834
-934
-483
-583
-683
-783
-883
-983
-498
-598
-698
-798
-898
-998
648
-642
-643
-644
-645
-646
-647
-448
-458
-548
-558
-658
-618
-638
-678
-688
-748
-848
-948
652
-653
-654
-655
-656
-657
-442
-452
-542
-552
-562
-662
-612
-682
-692
-152
142
-141
-147
151
-157
-742
-842
-942
-451
-551
-751
-851
-951
-752
-852
-952
739
-731
-733
-735
-738
-719
-819
-839
-919
-939
-749
-759
-789
619
-616
-639
743
-741
-744
-745
-746
-747
-753
-763
-843
-853
-863
-943
-953
-963
-723
-773
-793
-343
-443
-543
762
-761
-764
-766
-767
-862
-962
-712
-722
-782
-792
826
-822
-823
-825
-716
-726
725
-835
-925
-935
-816
-916
-926
-755
-775
-785
-795
-846
-856
-866
-876
-896
-525
-526
957
-954
-955
-956
-958
-959
-757
-847
-857
-867
-947
-967
-917
-977
-987
-997
-257
256
-246
247
-447
-456
-556
-756
-457
667
-663
-664
-666
-677
-687
-697
961
-964
-966
-841
-861
864
-941
-754
758
-844
-854
-944
946
-945
-949
-858
-718
-778
-788
-814
-884
-894
-931
831
-833
-838
-871
-891
-971
-991
-976
-996
989
-982
-984
-985
-988
-889
-446
-546
566
-561
-563
-564
-516
416
-412
-418
-476
-496
-596
363
-364
-353
-175
177
195
-197
-477
-777
-877
-495
-595
-695
-895
-995
975
-973
-978
-875
-885
-475
-675
-344
349
354
-359
544
-541
-545
441
-445
-554
-471
-491
591
-592
-593
-594
-584
845
-849
-855
859
771
-776
-791
796
-794
-797
676
-673
-696
433
-435
-438
-523
522
-512
518
-633
635
-453
455
553
-555
-473
478
-488
-588
-493
693
-694
684
-685
-485
585
-582
-818
-918
938
-933
923
-922
-993
873
-878
-893
888
-882
-887
482
-487
-492
497
-784
787
994
-992
892
-897
714
-717
-914
912
-812
817
