216
-211
-212
-213
-214
-215
-217
-218
-219
-116
-126
-136
-226
-236
-316
-326
-336
-246
-256
-266
-276
-286
-296
-416
-516
-616
-716
-816
-916
225
-221
-222
-223
-224
-227
-228
-229
-115
-125
-135
-235
-315
-325
-335
-245
-255
-265
-275
-285
-295
-425
-525
-625
-725
-825
-925
232
-231
-233
-234
-237
-238
-239
-112
-122
-132
-312
-322
-332
-242
-252
-262
-272
-282
-292
-432
-532
-632
-732
-832
-932
258
-251
-253
-254
-257
-259
-148
-158
-168
-248
-268
-348
-358
-368
-278
-288
-298
-458
-558
-658
-758
-858
-958
271
-273
-274
-277
-279
-171
-181
-191
-281
-291
-371
-381
-391
-241
-261
-471
-571
-671
-771
-871
-971
323
-321
-324
-327
-328
-329
-113
-123
-133
-313
-333
-343
-353
-363
-373
-383
-393
-423
-523
-623
-723
-823
-923
344
-341
-342
-345
-346
-347
-349
-144
-154
-164
-244
-264
-354
-364
-314
-334
-374
-384
-394
-444
-544
-644
-744
-844
-944
351
-352
-355
-356
-357
-359
-141
-151
-161
-361
-311
-331
-451
-551
-651
-751
-851
-951
369
-362
-365
-366
-367
-149
-159
-169
-249
-269
-319
-339
-379
-389
-399
-469
-569
-669
-769
-869
-969
496
-491
-492
-493
-494
-495
-497
-498
-499
-476
-486
-576
-586
-596
-676
-686
-696
-426
-436
-446
-456
-466
-196
-396
-796
-896
-996
531
-533
-534
-535
-536
-537
-538
-539
-411
-421
-431
-511
-521
-611
-621
-631
-541
-561
-581
-591
-131
-731
-831
-931
572
-573
-574
-575
-577
-578
-579
-472
-482
-582
-592
-672
-682
-692
-512
-522
-542
-552
-562
-172
-372
-772
-872
-972
624
-622
-626
-627
-628
-629
-414
-424
-434
-514
-524
-614
-634
-654
-664
-674
-684
-694
-124
-724
-824
-924
635
-633
-636
-637
-638
-639
-415
-435
-515
-615
526
-527
-528
-529
-546
-556
-566
-645
-655
-665
-675
-685
-695
-726
-826
-926
-735
-835
-935
647
-641
-642
-643
-646
-648
-649
-447
-457
-467
-547
-557
-567
-657
-667
-617
-677
-687
-697
-147
-247
243
-143
-153
-163
-263
267
-157
-167
-283
-293
-287
-297
-443
-543
-743
-843
-943
-747
-847
-947
-767
-867
-967
673
-678
-679
-473
-483
-583
-593
-683
-693
-613
-653
-663
-173
-773
-873
-973
691
-698
-699
-481
-681
-661
-791
-891
-991
768
-761
-762
-763
-764
-765
-766
-748
-848
-868
-948
-968
-718
-728
-738
-778
-788
-798
-468
-568
-668
822
-821
-827
-828
-829
-712
-722
-812
-912
-922
-842
-852
-862
-882
-892
-422
921
-927
-928
-929
-711
-721
-811
-911
-941
-961
-981
111
-114
-117
-118
-119
-121
134
-137
-138
-139
129
-127
-128
-174
-184
-194
-179
-189
-199
428
-427
-429
-418
-438
-518
-618
-448
548
-545
-549
-478
-488
-588
-598
688
-689
727
-729
-717
-737
-817
-837
-917
-937
-757
-777
-787
-797
-734
-834
-934
-188
-388
-888
-988
933
-936
-938
-939
-713
-733
-813
-833
-913
-953
-963
-983
-993
-433
966
-962
-964
-965
-746
-756
-846
-856
-866
-946
-956
-976
-986
146
-142
-145
-156
-166
-176
-186
656
-652
-659
-666
662
-442
-452
-462
412
-413
-417
-419
-612
619
513
-517
-519
437
-439
-477
-487
-553
-563
317
-318
-337
338
-377
-387
-397
-378
-398
-719
-819
-919
-838
-162
165
152
-155
-182
-192
-175
-185
-195
-752
-952
-465
-565
564
-454
-464
-554
-584
-594
-864
-865
977
-974
-975
-978
-979
-877
-887
-897
-987
-997
857
-853
-854
-855
-859
-957
-177
178
-198
-878
985
-982
-984
-989
-775
-785
-795
-875
-885
-895
-995
-915
-945
-955
-385
-485
-585
183
-187
-193
197
-783
-883
587
-589
-597
-284
289
294
-299
-489
484
-474
-784
-884
-789
-889
-794
-894
-994
375
-376
-395
392
-382
386
-475
479
595
-599
-449
-459
559
-555
-759
-959
954
-754
-914
918
-818
898
-893
-899
793
-792
-799
-998
-753
755
863
-861
-745
-845
-715
714
-814
815
-774
874
-876
-879
445
-441
461
-463
453
-455
776
-779
-786
-886
881
-781
782
-992
999
741
-742
-749
-841
849
942
-949
-736
739
836
-839
