125
-121
-122
-123
-124
-126
-127
-128
-129
-115
-135
-215
-225
-235
-315
-325
-335
-145
-155
-165
-175
-185
-195
-425
-525
-625
-725
-825
-925
178
-171
-172
-173
-174
-176
-177
-179
-188
-198
-278
-288
-298
-378
-388
-398
-118
-138
-148
-158
-168
-478
-578
-678
-778
-878
-978
221
-222
-223
-224
-226
-227
-228
-229
-111
-131
-211
-231
-311
-321
-331
-241
-251
-261
-271
-281
-291
-421
-521
-621
-721
-821
-921
283
-282
-284
-285
-286
-287
-289
-183
-193
-273
-293
-373
-383
-393
-213
-233
-243
-253
-263
-483
-583
-683
-783
-883
-983
292
-294
-295
-296
-297
-299
-182
-192
-272
-372
-382
-392
-212
-232
-242
-252
-262
-492
-592
-692
-792
-892
-992
338
-332
-333
-334
-336
-337
-339
-218
-238
-318
-328
-348
-358
-368
-438
-538
-638
-738
-838
-938
396
-391
-394
-395
-397
-399
-186
-196
-276
-376
-386
-316
-326
-346
-356
-366
-496
-596
-696
-796
-896
-996
429
-422
-423
-424
-426
-427
-428
-419
-439
-519
-529
-539
-619
-629
-639
-449
-459
-469
-479
-489
-499
-329
-729
-829
-929
524
-522
-523
-526
-527
-528
-414
-434
-514
-534
-614
-624
-634
-544
-554
-564
-574
-584
-594
-324
-724
-824
-924
548
-541
-542
-543
-545
-546
-547
-549
-448
-458
-468
-558
-568
-648
-658
-668
-518
-588
-598
-248
-748
-848
-948
576
-571
-572
-573
-575
-577
-579
-476
-486
-586
-676
-686
-516
-536
-556
-566
-776
-876
-976
595
-591
-593
-597
-599
-475
-485
-495
-585
-675
-685
-695
-515
-535
-555
-565
-795
-895
-995
667
-661
-662
-663
-664
-665
-666
-669
-447
-457
-467
-557
-567
-647
-657
-617
-627
-637
-677
-687
-697
-167
-267
-367
-767
-867
-967
732
-731
-733
-734
-735
-736
-737
-739
-712
-722
-812
-822
-832
-912
-922
-932
-742
-752
-762
-772
-782
-132
-432
-532
-632
757
-751
-753
-754
-755
-756
-758
-759
-747
-847
-857
-947
-957
-717
-727
-777
-787
-797
-157
-257
-357
793
-791
-794
-798
-799
-773
-873
-893
-973
-993
-713
-723
-743
-763
-493
-693
813
-811
-814
-815
-816
-817
-818
-819
-823
-833
-913
-923
-933
-843
-853
-863
-113
-313
-413
-513
-613
861
-862
-864
-865
-866
-868
-869
-741
-761
-841
-851
-941
-951
-961
-831
-871
-881
-891
-161
-361
-461
-561
894
-897
-898
-899
-774
-784
-874
-884
-974
-984
-994
-834
-844
-854
-194
-494
-694
935
-931
-934
-936
-937
-939
-715
-835
-915
-945
-955
-965
-975
-985
-435
-635
946
-942
-943
-944
-949
-746
-766
-846
-856
-956
-966
-916
-926
-986
-146
-246
-446
-646
952
-953
-954
-958
-959
-842
-852
-962
963
-964
-968
-969
-972
-982
914
-911
-917
-918
-919
711
-714
-716
-718
-719
839
-836
-837
-771
-781
-849
845
-745
-765
-855
-875
-885
-859
858
-768
-828
-888
-879
-889
-411
-511
-611
-114
-214
-314
-139
-239
-245
-345
-445
-645
-152
-352
-452
-552
-652
-258
268
-264
-265
-266
-269
-163
-363
-463
-563
981
-987
-988
-989
-971
-991
-181
-381
-481
-581
-681
-144
-349
159
-151
-153
-154
-156
-149
-169
-249
-259
-359
-369
-119
-189
-199
-559
-659
-344
-377
-117
-412
-451
-643
-444
-477
-672
-137
-354
-387
-416
641
-642
-644
-649
-441
-551
553
-651
-443
442
-462
-562
569
-453
-653
-472
-482
531
-533
-537
-431
-631
-589
-671
-691
-141
191
-197
-371
-341
351
-353
-355
-142
-342
749
-744
764
-769
-779
775
-785
-789
244
-247
-164
-254
-364
-234
134
-133
-136
323
-322
-327
143
-147
-343
347
-184
187
-277
-274
-317
622
-623
-626
-628
-512
517
-612
-417
-437
582
-587
-682
-217
237
-236
-464
471
-473
-474
-491
673
-674
-679
433
-436
-633
636
-616
-656
872
-877
-882
374
-375
-379
-384
-275
279
385
-389
255
-256
-365
362
-162
166
112
-116
-312
319
216
-219
-455
-655
654
-454
456
465
-466
484
-487
-488
-684
497
-498
-415
418
615
-618
977
-979
-887
886
-786
788
-997
-998
999
726
-728
-826
827
-927
928
-688
689
698
-699
