117
-111
-112
-113
-114
-115
-116
-118
-119
-127
-137
-217
-227
-237
-317
-327
-337
-147
-157
-167
-177
-187
-197
-417
-517
-617
-717
-817
-917
234
-231
-232
-233
-235
-236
-238
-239
-124
-134
-214
-224
-314
-324
-334
-244
-254
-264
-274
-284
-294
-434
-534
-634
-734
-834
-934
252
-251
-253
-255
-256
-257
-258
-259
-142
-152
-162
-242
-262
-342
-352
-362
-212
-222
-272
-282
-292
-452
-552
-652
-752
-852
-952
275
-271
-273
-276
-277
-278
-279
-175
-185
-195
-285
-295
-375
-385
-395
-215
-225
-245
-265
-475
-575
-675
-775
-875
-975
319
-311
-312
-313
-315
-316
-318
-129
-139
-219
-229
-329
-339
-349
-359
-369
-379
-389
-399
-419
-519
-619
-719
-819
-919
322
-321
-323
-325
-326
-328
-122
-132
-332
-372
-382
-392
-422
-522
-622
-722
-822
-922
354
-351
-353
-355
-356
-357
-358
-144
-154
-164
-344
-364
-374
-384
-394
-454
-554
-654
-754
-854
-954
373
-371
-376
-377
-378
-173
-183
-193
-283
-293
-383
-393
-333
-343
-363
-473
-573
-673
-773
-873
-973
424
-421
-423
-425
-426
-427
-428
-429
-414
-514
-524
-614
-624
-444
-464
-474
-484
-494
-724
-824
-924
439
-431
-432
-433
-435
-436
-437
-438
-529
-539
-629
-639
-449
-459
-469
-479
-489
-499
-739
-839
-939
555
-551
-553
-556
-557
-558
-559
-445
-455
-465
-545
-565
-645
-655
-665
-515
-525
-535
-585
-595
-155
-755
-855
-955
588
-581
-582
-583
-584
-586
-587
-589
-478
-488
-498
-578
-598
-678
-688
-698
-518
-528
-538
-548
-568
-188
-288
-388
-788
-888
-988
625
-621
-623
-626
-627
-628
-415
-615
-635
-685
-695
-125
-725
-825
-925
642
-641
-643
-644
-646
-647
-648
-649
-442
-462
-542
-562
-662
-612
-632
-672
-682
-692
-742
-842
-942
658
-651
-653
-656
-657
-659
-448
-458
-468
-668
418
-411
-412
-413
-416
-618
-638
-218
-718
-818
-918
-158
-758
-858
-958
676
-671
-674
-677
-679
-476
-486
-496
-576
-596
-686
-696
-616
-636
-666
-176
-776
-876
-976
691
-693
-694
-697
-699
-471
-481
-491
-571
-591
-681
-611
613
-513
-523
-533
-633
-631
637
-527
-537
-661
-663
-683
-667
-687
-213
-713
-813
-913
-737
-837
-937
-191
-291
-391
-791
-891
-991
762
-761
-763
-764
-765
-766
-767
-768
-769
-862
-962
-712
-732
-772
-782
-792
851
-853
-856
-857
-859
-741
-751
-841
-861
-941
-951
-961
-811
-821
-831
-871
-881
-151
-451
868
-863
-864
-865
-866
-867
-869
-748
-848
-948
-968
-828
-838
-878
-898
-168
-268
-368
887
-882
-883
-884
-885
-886
-889
-777
-787
-797
-877
-897
-977
-987
-997
-827
-847
-287
-387
-487
933
-931
-932
-935
-936
-938
-723
-733
-823
-833
-923
-943
-953
-963
-983
-993
-133
978
-971
-972
-974
-979
-778
-798
-998
-928
-178
986
-981
-982
-984
-985
-989
-786
-796
-896
-996
-916
-926
-946
-956
-966
-186
-286
-386
381
-171
-181
-281
289
-179
-189
-199
-299
-249
-269
-331
-341
-361
771
-774
-779
-781
-711
-721
-731
-689
684
-574
-594
-664
669
-549
-569
-169
-969
-184
182
-172
174
-192
-194
-874
-482
-784
-789
995
-992
-994
-999
-785
783
-793
-893
-795
-895
-743
-753
843
-844
-845
-846
-849
912
-911
-914
-915
921
-927
-929
-812
-832
727
-726
-728
-729
738
-735
-736
829
-826
-747
-757
-879
872
-892
-899
894
-794
799
-749
-759
756
-746
-716
-814
714
-715
-744
745
-945
-965
-512
532
-531
-536
-572
-592
815
-816
-835
836
-121
-221
-521
526
511
-516
-541
-561
-546
-566
-211
216
131
-135
-136
-138
335
-336
-338
-126
-226
-141
-161
-246
-266
-296
-345
-365
-143
-243
-443
-543
-145
165
-163
-166
-156
-456
-472
477
492
-493
-495
-497
485
-483
593
-597
-599
-577
579
-447
-457
453
-463
-563
-467
-153
159
263
-261
-267
241
-247
-248
-149
123
-128
-223
228
297
-298
-397
-441
446
461
-466
-146
148
-348
196
-198
-396
398
-346
347
366
-367
-547
544
-564
567
-944
964
-967
-947
949
957
-959
