241
-242
-243
-244
-245
-246
-247
-248
-249
-141
-151
-161
-251
-261
-341
-351
-361
-211
-221
-231
-271
-281
-291
-441
-541
-641
-741
-841
-941
263
-262
-264
-265
-266
-267
-268
-269
-143
-153
-163
-253
-343
-353
-363
-213
-223
-233
-273
-283
-293
-463
-563
-663
-763
-863
-963
298
-292
-294
-295
-296
-297
-299
-178
-188
-198
-278
-288
-378
-388
-398
-218
-228
-238
-258
-498
-598
-698
-798
-898
-998
319
-311
-312
-313
-314
-315
-316
-317
-318
-119
-129
-139
-219
-229
-239
-329
-339
-349
-359
-369
-379
-389
-399
-419
-519
-619
-719
-819
-919
325
-321
-322
-323
-324
-326
-327
-328
-115
-125
-135
-215
-225
-235
-335
-345
-355
-365
-375
-385
-395
-425
-525
-625
-725
-825
-925
356
-352
-354
-357
-358
-146
-156
-166
-256
-346
-366
-336
-376
-386
-396
-456
-556
-656
-756
-856
-956
362
-364
-367
-368
-142
-152
-162
-252
-342
-332
-372
-382
-392
-462
-562
-662
-762
-862
-962
393
-391
-394
-397
-173
-183
-193
-373
-383
-333
-493
-593
-693
-793
-893
-993
434
-431
-432
-433
-435
-436
-437
-438
-439
-414
-424
-514
-524
-534
-614
-624
-634
-444
-454
-464
-474
-484
-494
-134
-234
-334
-734
-834
-934
455
-451
-452
-453
-457
-458
-459
-445
-465
-545
-555
-565
-645
-655
-665
-415
-475
-485
-495
-155
-255
-755
-855
-955
478
-471
-472
-473
-476
-477
-479
-488
-578
-588
-678
-688
-418
-428
-448
-468
-778
-878
-978
529
-521
-522
-523
-526
-527
-528
-429
-539
-629
-639
-549
-559
-569
-579
-589
-599
-729
-829
-929
548
-542
-543
-544
-546
-547
-558
-568
-648
-658
-668
-518
-538
-148
-348
338
-331
-337
-118
-128
-138
-638
-738
-838
-938
-748
-848
-948
561
-564
-566
-567
-461
-551
-651
-661
-511
-531
-571
-581
-591
-761
-861
-961
622
-621
-623
-626
-627
-628
-412
-422
-512
-532
-612
-632
618
-611
-613
-615
-616
-617
-642
-652
-672
-682
-692
-718
-818
-918
-122
-222
-722
-822
-922
674
-671
-673
-675
-676
-677
-679
-574
-584
-594
-684
-694
554
-552
-553
-557
442
-443
-446
-447
-449
-644
-654
-664
-482
-492
-742
-842
-942
-154
-254
-754
-854
-954
-174
-274
-374
-774
-874
-974
699
-691
-695
-696
-697
-489
-499
-689
469
-466
-467
-649
-659
-669
-169
-769
-869
-969
-199
-799
-899
-999
732
-731
-733
-735
-736
-737
-739
-712
-812
-832
-912
-932
-752
-772
-782
-792
-132
-232
768
-764
-765
-766
-767
-758
-858
-868
-958
-968
-728
-788
158
-157
-159
-168
783
-781
-784
-785
-786
-787
-789
-773
-873
-883
-973
-983
-713
-723
-743
-753
573
-572
-575
-576
-577
-483
-583
-683
-513
-533
823
-821
-824
-826
-827
-828
-813
-833
-913
-923
-933
928
-921
-924
-926
-927
-843
-853
888
-881
-882
-884
-885
-886
-887
-889
-988
-123
-423
413
-411
-416
-417
-633
-113
133
-131
-136
-137
864
-865
-866
-867
-744
-844
-944
-964
-814
-894
-164
935
-931
-936
-937
-939
-715
-815
-835
-915
839
-831
-836
-837
-849
-859
-879
-945
-965
-975
-985
-995
515
-516
-517
-535
-635
-585
-595
685
-681
-686
-687
631
-636
-637
-421
165
-167
-145
-175
-185
-195
-285
275
-272
-276
-277
-279
-775
-875
972
-971
-976
-977
-979
-872
-892
-982
-992
852
-851
-857
-952
-172
997
-991
-994
-996
-777
-797
-877
-897
-987
-917
-947
-957
-967
966
-746
-846
-946
-916
-986
646
-643
-647
653
-657
-666
667
943
-949
-953
-197
-497
-597
-187
-116
-181
-217
-791
-114
-196
-287
-127
-171
-184
-711
-226
796
-794
-795
984
-981
-989
895
-891
-896
-776
-876
871
-771
779
745
-747
-749
-845
847
-757
-716
-726
816
-811
-817
-759
751
-951
959
-721
911
-914
-111
121
-124
-126
-191
-216
236
-237
-286
426
-427
-536
537
-486
-496
491
-481
487
-587
-147
-347
344
-144
149
257
-259
194
-192
-284
-384
-179
-189
289
-282
182
-186
176
-177
-112
117
212
-214
224
-227
714
-717
-724
727
-371
377
381
-387
-582
586
592
-596
