126
-121
-122
-123
-124
-125
-127
-128
-129
-116
-136
-216
-226
-236
-316
-326
-336
-146
-156
-166
-176
-186
-196
-426
-526
-626
-726
-826
-926
135
-131
-132
-133
-134
-137
-138
-139
-115
-215
-225
-235
-315
-325
-335
-145
-155
-165
-175
-185
-195
-435
-535
-635
-735
-835
-935
183
-181
-182
-184
-187
-188
-189
-173
-193
-273
-283
-293
-373
-383
-393
-113
-143
-153
-163
-483
-583
-683
-783
-883
-983
214
-211
-212
-213
-217
-218
-219
-114
-224
-234
-314
-324
-334
-244
-254
-264
-274
-284
-294
-414
-514
-614
-714
-814
-914
237
-231
-232
-233
-238
-239
-117
-227
-317
-327
-337
-247
-257
-267
-277
-287
-297
-437
-537
-637
-737
-837
-937
288
-281
-282
-285
-286
-289
-178
-198
-278
-298
-378
-388
-398
-228
-248
-258
-268
-488
-588
-688
-788
-888
-988
338
-331
-332
-333
-339
-118
-318
-328
-348
-358
-368
-438
-538
-638
-738
-838
-938
367
-361
-362
-363
-364
-365
-366
-369
-147
-157
-167
-347
-357
-377
-387
-397
-467
-567
-667
-767
-867
-967
391
-392
-394
-395
-396
-399
-171
-191
-271
-291
-371
-381
-311
-321
-341
-351
-491
-591
-691
-791
-891
-991
422
-421
-423
-424
-425
-427
-428
-429
-412
-432
-512
-522
-532
-612
-622
-632
-442
-452
-462
-472
-482
-492
-222
-322
-722
-822
-922
461
-463
-464
-465
-466
-468
-469
-441
-451
-541
-551
-561
-641
-651
-661
-411
-431
-471
-481
-161
-261
-761
-861
-961
536
-531
-533
-534
-539
-416
-436
-516
-616
-636
-546
-556
-566
-576
-586
-596
-736
-836
-936
548
-542
-543
-544
-545
-547
-549
-448
-458
-558
-568
-648
-658
-668
-518
-528
-578
-598
-148
-748
-848
-948
619
-611
-613
-615
-617
-618
-419
-439
-519
-529
-629
-639
-649
-659
-669
-679
-689
-699
-119
-319
-719
-819
-919
666
-662
-663
-664
-665
-446
-456
-646
-656
-676
-686
-696
-266
-766
-866
-966
763
-762
-764
-765
-768
-769
-743
-753
-843
-853
-863
-943
-953
-963
-713
-723
-733
-773
-793
-263
-563
817
-811
-812
-813
-815
-816
-818
-717
-727
-827
-917
-927
-847
-857
-877
-887
-897
-417
-517
856
-851
-852
-854
-855
-858
-859
-746
-756
-846
-946
-956
-876
-886
-896
-256
-356
874
-871
-872
-873
-875
-878
-879
-774
-784
-794
-884
-894
-974
-984
-994
-824
-834
-844
-864
-174
-374
-474
-574
-674
881
-882
-885
-889
-771
-781
-971
-981
-821
-831
-841
-581
-681
921
-923
-924
-925
-928
-929
-711
-721
-731
-911
-931
-941
-951
-221
111
-112
312
-313
-141
-151
-342
-352
-372
-382
-511
-712
-912
-521
571
-572
-573
-575
-577
-579
-671
-621
631
-633
-634
934
-932
-933
-939
-724
-734
-944
-954
-964
-434
433
-413
-513
515
-523
-623
-415
418
-525
-625
-628
-443
-453
-473
-493
-478
-498
-555
-565
-585
-595
913
-915
-916
-918
-823
-833
716
-715
-718
-776
-786
-796
893
-892
-895
-898
-899
-973
-993
673
-672
-675
-677
-678
-593
-693
698
-692
-694
-695
-697
553
-552
-554
-557
-559
-643
-653
-253
-353
-798
-998
968
-962
-965
-969
-758
-868
-958
828
-825
-829
725
-728
-729
-745
-755
-775
-785
-795
778
-772
-777
-779
-978
158
-152
-154
-159
-168
999
-992
-995
-996
-997
-789
-799
-979
-989
-949
-959
-199
-299
-499
-599
-149
-597
-497
-192
-194
197
384
-385
-386
-389
-177
-344
-354
-484
-584
-684
-797
792
-782
787
-972
-982
-977
-987
-732
739
832
-839
-742
-752
-747
-757
-749
-759
-842
-862
477
-475
-476
-479
-487
-587
-687
-447
-457
527
-524
624
-627
-644
-654
-292
-592
594
-494
-564
164
-162
-169
-144
142
-242
-252
-262
-172
179
272
-275
-276
-279
-379
-642
-942
952
-955
-957
947
-945
-647
645
-445
-455
-655
657
-652
562
-569
-582
589
682
-685
-489
-245
-345
-845
849
865
-869
-249
-349
-449
444
-454
459
-744
741
-751
754
-241
251
-255
-259
355
-359
-265
269
295
-296
-375
376
246
-243
343
-346
223
-229
-323
329
975
-976
-985
986
485
-486
-495
496
