131
-132
-133
-134
-135
-136
-137
-138
-139
-111
-121
-211
-221
-231
-311
-321
-331
-141
-151
-161
-171
-181
-191
-431
-531
-631
-731
-831
-931
158
-152
-153
-154
-155
-156
-157
-159
-148
-168
-248
-258
-268
-348
-358
-368
-118
-128
-178
-188
-198
-458
-558
-658
-758
-858
-958
277
-271
-272
-273
-274
-275
-276
-278
-279
-177
-187
-197
-287
-297
-377
-387
-397
-217
-227
-237
-247
-257
-267
-477
-577
-677
-777
-877
-977
294
-291
-292
-293
-295
-296
-298
-299
-174
-184
-194
-284
-374
-384
-394
-214
-224
-234
-244
-254
-264
-494
-594
-694
-794
-894
-994
343
-341
-342
-344
-345
-346
-347
-349
-143
-163
-243
-253
-263
-353
-363
-313
-323
-333
-373
-383
-393
-443
-543
-643
-743
-843
-943
355
-351
-352
-354
-356
-357
-359
-145
-165
-245
-255
-265
-365
-315
-325
-335
-375
-385
-395
-455
-555
-655
-755
-855
-955
362
-361
-364
-366
-367
-369
-142
-162
-242
-252
-262
-312
-322
-332
-372
-382
-392
-462
-562
-662
-762
-862
-962
386
-381
-388
-389
-176
-186
-196
-286
-376
-396
-316
-326
-336
-486
-586
-686
-786
-886
-986
411
-412
-413
-414
-415
-416
-417
-418
-419
-421
-511
-521
-611
-621
-441
-451
-461
-471
-481
-491
-711
-811
-911
475
-472
-473
-474
-476
-478
-479
-485
-495
-575
-585
-595
-675
-685
-695
-425
-435
-445
-465
-175
-775
-875
-975
526
-522
-523
-524
-525
-527
-528
-529
-426
-436
-516
-536
-616
-626
-636
-546
-556
-566
-576
-596
-126
-226
-726
-826
-926
553
-551
-552
-554
-557
-559
-453
-463
-563
-653
-663
-513
-533
-573
-583
-593
-753
-853
-953
589
-581
-582
-584
-587
-588
-489
-499
-579
-599
-679
-689
-699
-519
-539
-549
-569
-189
-289
-789
-889
-989
597
-591
-592
-598
-487
-497
-687
-697
-517
-537
-547
-567
-797
-897
-997
625
-622
-623
-624
-627
-628
-629
-515
-535
-615
-635
-645
-665
-125
-225
-725
-825
-925
646
-641
-642
-644
-647
-648
-649
-446
-456
-466
-656
-666
496
-492
-493
-498
-676
-696
-146
-246
-746
-846
-946
-796
-896
-996
691
-692
-693
-698
-571
-671
-681
-651
-661
-391
371
-378
-379
-281
-771
-871
-971
-791
-891
-991
727
-721
-722
-723
-724
-728
-729
-717
-737
-817
-827
-837
-917
-927
-937
-747
-757
-767
-787
-127
-327
-427
734
-732
-733
-735
-736
-738
-739
-714
-814
-824
-834
-914
-924
-934
-744
-754
-764
-774
-784
-334
-434
-534
-634
842
-841
-844
-845
-847
-848
-849
-742
-752
-852
-942
-952
-812
-822
-832
-872
-882
-892
-442
-542
954
-951
-956
-957
-959
-854
-864
-944
-964
-974
-984
-454
-654
966
-961
-963
-965
-967
-968
-969
-756
-766
-856
-866
-916
-936
-976
256
-251
-259
-166
-266
116
-112
-113
-114
-115
-117
-119
-216
-236
-716
776
-772
-773
-778
-779
-876
-816
836
-833
-835
-838
-839
985
-981
-982
-983
-987
-988
-785
-795
-885
-895
-995
887
-881
-883
-884
-888
781
-782
-783
-788
874
-873
-878
-879
-741
-751
759
-749
-769
-859
-869
-949
-761
-719
-799
-857
851
-861
-941
-821
921
-922
-923
-928
-929
-867
947
-945
-948
-915
-935
235
-232
-233
-238
-239
-215
-285
-147
167
-164
-169
144
-149
-124
-444
-544
-447
-459
-659
-467
-667
-574
-674
-185
195
-192
-193
-199
993
-992
-998
-999
-793
-893
-973
-913
-933
792
-798
-972
-712
-518
183
-182
-173
-283
-123
673
-672
-678
-483
-683
-613
-633
433
-432
-437
-438
-439
-423
457
-452
652
-657
-612
-632
-682
-218
129
-122
-219
-229
-319
-329
-339
172
-179
-282
288
-398
399
-228
-429
-829
-572
578
482
-484
-488
684
-688
-422
-538
532
-512
514
-424
428
-614
-618
-638
464
-468
-469
-564
-664
-448
449
-669
668
-548
-568
-314
324
-328
222
-223
-212
213
912
-918
-919
-932
-713
763
-765
-768
-863
-813
823
-828
748
-745
865
-868
715
-718
-815
545
-541
561
-565
241
-249
-261
269
-978
979
898
-899
-818
819
938
-939
318
-317
337
-338
617
-619
-637
639
