125
-121
-122
-123
-124
-126
-127
-128
-129
-115
-135
-215
-225
-235
-315
-325
-335
-145
-155
-165
-175
-185
-195
-425
-525
-625
-725
-825
-925
139
-131
-132
-133
-134
-136
-137
-138
-119
-219
-229
-239
-319
-329
-339
-149
-159
-169
-179
-189
-199
-439
-539
-639
-739
-839
-939
153
-151
-152
-154
-156
-157
-158
-143
-163
-243
-253
-263
-343
-353
-363
-113
-173
-183
-193
-453
-553
-653
-753
-853
-953
171
-172
-174
-176
-177
-178
-181
-191
-271
-281
-291
-371
-381
-391
-111
-141
-161
-471
-571
-671
-771
-871
-971
278
-272
-273
-274
-275
-276
-277
-279
-188
-198
-288
-298
-378
-388
-398
-218
-228
-238
-248
-258
-268
-478
-578
-678
-778
-878
-978
348
-341
-342
-344
-345
-346
-347
-349
-148
-168
-358
-368
118
-112
-114
-116
-117
-318
-328
-338
-418
-518
-618
-718
-818
-918
-448
-548
-648
-748
-848
-948
383
-382
-384
-385
-386
-387
-389
-283
-293
-373
-393
-313
-323
-333
-483
-583
-683
-783
-883
-983
392
-394
-395
-396
-397
-399
-182
-192
-282
-292
-372
-312
-322
-332
-352
-362
-492
-592
-692
-792
-892
-992
422
-421
-423
-424
-426
-427
-428
-429
-412
-432
-512
-522
-532
-612
-622
-632
-442
-452
-462
-472
-482
-222
-722
-822
-922
519
-511
-513
-514
-515
-516
-517
-419
-529
-619
-629
-549
-559
-569
-579
-589
-599
-719
-819
-919
575
-572
-573
-574
-576
-577
-475
-485
-495
-585
-595
-675
-685
-695
-535
-545
-555
-565
-375
-775
-875
-975
588
-581
-582
-584
-586
-587
-488
-498
-598
-688
-698
-528
-538
-558
-568
-788
-888
-988
613
-611
-614
-615
-616
-617
-413
-433
-523
-533
-623
-633
-643
-663
-673
-693
-213
-713
-813
-913
626
-621
-624
-627
-628
-416
-436
-526
-536
-636
-646
-656
-666
-676
-686
-696
-226
-326
-726
-826
-926
667
-661
-662
-664
-665
-668
-669
-447
-457
-467
-547
-557
-567
-647
-657
-637
-677
-687
-697
-167
-267
-367
-767
-867
-967
694
-691
-699
-474
-484
-494
-594
-674
-684
-634
-644
-654
-194
-294
-794
-894
-994
729
-721
-723
-724
-727
-728
-829
-929
-749
-759
-769
-779
-789
-799
747
-741
-742
-743
-744
-745
-746
-757
-847
-857
-947
-957
-717
-737
-777
-787
-797
-147
-247
758
-751
-752
-754
-755
-756
-768
-858
-868
-958
-968
-738
-798
-458
-658
468
-461
-463
-464
-465
-466
-469
-438
638
-631
-635
-838
-938
795
-791
-793
-796
-785
-885
-895
-985
-995
-715
-735
-765
285
-284
-286
-287
-289
-295
-245
-255
-265
855
-851
-852
-854
-856
-859
-845
-865
-945
-955
-965
-815
-835
-355
365
-361
-364
-366
-369
-455
-655
645
-641
-642
-649
-445
881
-882
-884
-886
-887
-889
-781
-891
-981
-991
-811
-821
-831
-841
-861
-481
-681
651
-652
-659
-441
-451
-541
-551
-561
-251
-351
-951
932
-931
-933
-934
-935
-936
-937
-712
-732
-812
-832
-912
915
-911
-914
-916
-917
-942
-952
-962
-972
-982
212
-211
-214
-216
-217
-232
-242
-252
-262
-415
435
-431
-434
-437
552
-554
-556
-542
-562
963
-961
-964
-966
-969
-763
-843
-863
-943
-923
-973
-993
-563
977
-974
-976
-979
-877
-897
-987
-997
-927
-377
-477
-896
-244
-824
-246
-234
496
-491
-493
-497
-499
591
-593
-596
-597
473
-476
-479
-486
487
-489
411
-414
-417
-521
-531
-443
543
-544
-546
-446
-456
566
-564
-311
-711
-166
-266
-766
-866
-773
733
-731
-734
-736
921
-924
-928
-823
-833
828
-827
761
-762
-764
-941
-898
998
-996
-999
-221
-321
331
-334
-336
-337
-231
223
-224
-227
-233
241
-249
-261
-873
893
-899
-187
197
-196
-297
-296
299
-379
-259
-269
264
-144
-164
162
-142
146
-254
-354
-256
257
-356
-357
359
184
-186
-374
376
236
-237
-316
-836
842
-844
-846
-849
-862
-872
-946
956
-954
-959
-986
454
-459
-444
449
944
-949
-864
869
-879
989
-984
-776
-876
874
-774
772
-782
-784
786
714
-716
-814
-834
837
816
-817
-314
317
324
-327
-524
527
534
-537
-672
679
682
-689
