155
-151
-152
-153
-154
-156
-157
-158
-159
-145
-165
-245
-255
-265
-345
-355
-365
-115
-125
-135
-175
-185
-195
-455
-555
-655
-755
-855
-955
169
-161
-162
-163
-164
-166
-167
-168
-149
-249
-259
-269
-349
-359
-369
-119
-129
-139
-179
-189
-199
-469
-569
-669
-769
-869
-969
174
-171
-172
-173
-176
-177
-178
-184
-194
-274
-284
-294
-374
-384
-394
-114
-124
-134
-144
-474
-574
-674
-774
-874
-974
212
-211
-213
-214
-215
-216
-217
-218
-219
-112
-122
-132
-222
-232
-312
-322
-332
-242
-252
-262
-272
-282
-292
-412
-512
-612
-712
-812
-912
251
-253
-254
-256
-257
-258
-141
-241
-261
-341
-351
-361
-221
-231
-271
-281
-291
-451
-551
-651
-751
-851
-951
287
-283
-285
-286
-288
-289
-187
-197
-277
-297
-377
-387
-397
-227
-237
-247
-267
-487
-587
-687
-787
-887
-987
336
-331
-333
-334
-335
-337
-338
-339
-116
-126
-136
-226
-236
-316
-326
-346
-356
-366
-376
-386
-396
-436
-536
-636
-736
-836
-936
343
-342
-344
-347
-348
-143
-243
-263
-353
-363
-313
-323
-373
-383
-393
-443
-543
-643
-743
-843
-943
358
-352
-354
-357
-148
-248
-268
-368
-318
-328
-378
-388
-398
-458
-558
-658
-758
-858
-958
399
-391
-392
-395
-279
-299
-379
-389
-319
-329
-499
-599
-699
-799
-899
-999
432
-431
-433
-434
-435
-437
-438
-439
-422
-522
-532
-622
-632
-442
-452
-462
-472
-482
-492
-732
-832
-932
453
-454
-456
-457
-459
-463
-553
-563
-653
-663
-413
-423
-473
-483
-493
-753
-853
-953
568
-561
-562
-564
-565
-566
-567
-448
-468
-548
-648
-668
-518
-528
-538
-578
-588
-598
-768
-868
-968
616
-611
-613
-614
-615
-617
-618
-619
-416
-426
-516
-526
-626
-646
-656
-666
-676
-686
-696
-716
-816
-916
635
-631
-633
-634
-637
-638
-639
-415
-425
-515
-525
-535
-625
-645
-665
-675
-685
-695
-235
-735
-835
-935
682
-681
-683
-684
-688
-689
-572
-582
-592
-672
-692
-642
-652
-662
-182
-382
-782
-882
-982
713
-711
-714
-715
-717
-718
-719
-723
-733
-813
-823
-833
-913
-923
-933
-763
-773
-783
-793
-113
-513
744
-741
-742
-745
-746
-747
-748
-749
-754
-764
-844
-854
-864
-944
-954
-964
-724
-734
-784
-794
-244
246
-146
-266
264
-364
-224
-234
-276
-296
-444
-544
-644
-446
-546
-846
-946
-464
-664
759
-752
-756
-757
-849
-859
-949
-959
-729
-739
-779
-789
-559
-659
815
-811
-814
-817
-818
-819
-725
-825
-915
-925
-845
-865
-875
-885
-895
-315
852
-856
-857
-762
-842
-862
-942
-952
-962
-822
-872
-892
-552
542
-541
-545
-547
-549
-142
147
362
-367
192
-191
-193
-196
-198
-372
186
-181
-183
-188
-117
-127
-137
-447
-647
-847
-947
-486
-586
-786
-886
-986
-792
-992
873
-871
-876
-877
-878
-879
-883
-893
-973
-983
-993
-863
963
-961
-965
-966
-967
-273
293
-295
-298
278
-275
-223
-233
225
-228
-229
-325
239
-238
-539
-839
-939
-573
-673
-478
-678
-778
-978
583
-581
-584
-585
-589
-593
-693
-523
-533
623
-621
-624
-627
-628
-629
698
-691
-694
-697
-488
-498
654
-657
-554
-123
133
-131
-138
-798
-898
-998
888
-881
-884
-889
-788
-988
-828
-838
-848
841
-761
-861
-941
948
-945
765
-766
-767
-775
-785
781
-771
-791
-891
-971
-981
-991
-721
-731
-795
-821
-831
829
-824
-826
-827
-919
-929
-918
-928
-938
-429
-529
738
-737
-728
-441
-641
649
-449
445
-465
-475
-485
-495
-679
-381
385
371
-375
-311
-321
-471
-571
-671
677
-477
-497
-577
-597
661
-667
-461
-777
-977
-481
-985
994
-995
-996
-997
-894
-984
989
975
-972
-976
-979
772
-776
-722
922
-921
-924
-926
-927
726
-727
-796
797
896
-897
834
-837
-914
-934
-866
867
956
-957
-534
-556
557
466
-467
-476
479
-489
484
-494
-594
-579
-414
-424
-496
491
-591
-411
-421
-419
519
-511
-514
-517
524
-521
-527
531
-537
314
-317
-324
327
121
-128
-111
118
911
-917
-931
937
417
-418
-427
428
-575
576
595
-596
