138
-131
-132
-133
-134
-135
-136
-137
-139
-118
-128
-218
-228
-238
-318
-328
-338
-148
-158
-168
-178
-188
-198
-438
-538
-638
-738
-838
-938
169
-161
-162
-163
-164
-165
-166
-167
-149
-159
-249
-259
-269
-349
-359
-369
-119
-129
-179
-189
-199
-469
-569
-669
-769
-869
-969
193
-191
-192
-194
-195
-196
-197
-173
-183
-273
-283
-293
-373
-383
-393
-113
-123
-143
-153
-493
-593
-693
-793
-893
-993
212
-211
-213
-214
-215
-216
-217
-219
-112
-122
-222
-232
-312
-322
-332
-242
-252
-262
-272
-282
-292
-412
-512
-612
-712
-812
-912
241
-243
-244
-245
-246
-247
-248
-141
-151
-251
-261
-341
-351
-361
-221
-231
-271
-281
-291
-441
-541
-641
-741
-841
-941
296
-294
-295
-297
-298
-299
-176
-186
-276
-286
-376
-386
-396
-226
-236
-256
-266
-496
-596
-696
-796
-896
-996
327
-321
-323
-324
-325
-326
-329
-117
-127
-227
-237
-317
-337
-347
-357
-367
-377
-387
-397
-427
-527
-627
-727
-827
-927
358
-352
-353
-354
-355
-356
-258
-268
-348
-368
-378
-388
-398
-458
-558
-658
-758
-858
-958
372
-371
-374
-375
-379
-172
-182
-382
-392
-342
-362
-472
-572
-672
-772
-872
-972
424
-421
-422
-423
-425
-426
-428
-429
-414
-434
-514
-524
-534
-614
-624
-634
-444
-454
-464
-474
-484
-494
-124
-224
-724
-824
-924
436
-431
-432
-433
-435
-437
-439
-416
-516
-526
-536
-616
-626
-636
-446
-456
-466
-476
-486
-336
-736
-836
-936
553
-551
-552
-554
-555
-556
-557
-559
-443
-453
-463
-543
-563
-643
-653
-663
-513
-523
-533
-573
-583
-253
-753
-853
-953
562
-561
-564
-565
-566
-567
-568
-442
-452
-462
-542
-642
-652
-662
-522
-532
-582
-592
-762
-862
-962
613
-611
-615
-617
-618
-619
-413
-623
-633
-673
-683
-313
-713
-813
-913
666
-661
-664
-665
-667
-668
-546
-646
-656
-676
-686
-366
-766
-866
-966
684
-681
-682
-685
-687
-688
-689
-574
-584
-594
-674
-694
544
-545
-547
-548
-549
-644
-654
-144
-344
-744
-844
-944
-184
-284
-384
-784
-884
-984
723
-721
-722
-725
-726
-728
-729
-733
-823
-833
-923
-933
-743
-763
-773
-783
-223
732
-731
-734
-735
-737
-739
-822
-832
-922
-932
-742
-752
-782
-792
622
-621
-625
-628
-629
-632
-692
767
-761
-764
-765
-768
-747
-757
-847
-857
-867
-947
-957
-967
-717
-777
-787
-797
-267
-467
775
-771
-774
-776
-778
-779
-785
-795
-875
-885
-895
-975
-985
-995
-715
-745
-755
-175
-275
-475
-575
-675
886
-881
-882
-883
-887
-888
-889
-786
-876
-976
-986
-816
-826
-846
-856
576
-571
-577
-578
-579
-586
891
-892
-894
-897
-898
-899
-781
-791
-871
-971
-981
-991
-811
-821
-831
-851
-861
-391
-491
-591
-691
915
-911
-914
-916
-917
-918
-919
-815
-825
-835
-925
-935
-945
-955
-965
-115
-315
-415
-515
931
-934
-937
-939
-711
-921
751
-754
-756
-759
-951
-961
-331
-531
-631
-451
-651
461
-465
-468
-411
-471
-481
671
-677
-678
-679
-581
-171
982
-983
-987
-988
-989
-992
-942
-952
-482
492
-495
-497
-498
-499
483
-485
-487
-488
-489
-473
-849
-155
-519
-848
-879
-978
-345
-999
-235
-339
-719
-854
-277
-285
314
-311
-316
-319
-114
-234
-334
381
-385
-389
-181
-364
-394
346
-343
-146
-156
399
-395
185
-187
-279
-289
-125
-145
-714
794
-798
-799
-874
-974
-994
-814
834
-837
-839
817
-818
-819
-864
-877
-417
-517
419
-418
-529
-539
-639
-449
-459
-479
239
-233
333
-335
225
-229
263
-264
-265
-363
365
-255
-525
-746
716
-718
-926
-116
111
-121
126
-511
518
521
-528
-588
-598
-946
956
-954
-959
964
-963
-968
-863
-865
868
-748
749
-948
-859
-949
943
-843
788
-789
-878
873
-973
-998
997
-977
979
-828
829
928
-929
-649
659
-655
-657
-699
-585
-288
287
-177
174
-274
278
-154
254
-257
477
-478
-587
589
-597
-697
698
-695
595
-599
-447
-457
455
-445
448
-645
647
-648
-535
537
635
-637
845
-842
852
-855
142
-147
-152
157
