119
-111
-112
-113
-114
-115
-116
-117
-118
-129
-139
-219
-229
-239
-319
-329
-339
-149
-159
-169
-179
-189
-199
-419
-519
-619
-719
-819
-919
221
-222
-223
-224
-225
-226
-227
-228
-121
-131
-211
-231
-311
-321
-331
-241
-251
-261
-271
-281
-291
-421
-521
-621
-721
-821
-921
236
-232
-233
-234
-235
-237
-238
-126
-136
-216
-316
-326
-336
-246
-256
-266
-276
-286
-296
-436
-536
-636
-736
-836
-936
252
-253
-254
-255
-257
-258
-259
-142
-152
-162
-242
-262
-342
-352
-362
-212
-272
-282
-292
-452
-552
-652
-752
-852
-952
275
-273
-274
-277
-278
-279
-175
-185
-195
-285
-295
-375
-385
-395
-215
-245
-265
-475
-575
-675
-775
-875
-975
313
-312
-314
-315
-317
-318
-123
-133
-213
-323
-333
-343
-353
-363
-373
-383
-393
-413
-513
-613
-713
-813
-913
327
-322
-324
-325
-328
-127
-137
-217
-337
-347
-357
-367
-377
-387
-397
-427
-527
-627
-727
-827
-927
361
-364
-365
-366
-368
-369
-141
-151
-161
-341
-351
-371
-381
-391
-461
-561
-661
-761
-861
-961
376
-372
-374
-378
-379
-176
-186
-196
-386
-396
-346
-356
-476
-576
-676
-776
-876
-976
394
-392
-398
-399
-174
-184
-194
-284
-294
-384
-334
-344
-354
-494
-594
-694
-794
-894
-994
442
-441
-443
-444
-445
-446
-447
-448
-449
-462
-542
-562
-642
-662
-412
-422
-432
-472
-482
-492
-742
-842
-942
463
-464
-465
-466
-467
-468
-469
-453
-543
-553
-563
-643
-653
-663
-423
-433
-473
-483
-493
-163
-263
-763
-863
-963
528
-522
-523
-524
-525
-526
-529
-418
-428
-438
-518
-538
-618
-628
-638
-548
-558
-568
-578
-588
-598
-128
-728
-828
-928
557
-551
-554
-555
-556
-559
-457
-547
-567
-647
-657
-667
-517
-537
-577
-587
-597
-157
-757
-857
-957
616
-611
-612
-614
-615
-617
-416
-426
-516
-626
-646
-656
-666
-686
-696
-716
-816
-916
714
-711
-712
-715
-717
-718
-724
-734
-814
-824
-834
-914
-924
-934
-744
-754
-764
-774
-784
-214
218
-138
-338
-248
-268
-288
-298
-414
-514
-818
-918
781
-782
-783
-785
-786
-787
-788
-789
-771
-791
-871
-881
-891
-971
-981
-991
-731
-741
-751
-181
-481
-581
-681
849
-841
-843
-844
-845
-846
-847
-848
-749
-759
-769
-859
-869
-949
-959
-969
-829
-839
-879
-889
-899
-249
-349
-549
-649
851
-853
-854
-855
-856
-858
-941
-951
-811
-831
-451
-651
888
-882
-883
-884
-885
-886
-887
-778
-798
-878
-898
-978
-988
-998
-838
-868
-188
-388
-488
-688
926
-922
-923
-925
-929
-726
-826
-946
-956
-966
-986
-996
948
-943
-944
-945
-947
-748
-758
-768
-958
-968
738
-732
-733
-735
-737
-739
-938
-148
-348
345
-145
-155
-165
-355
-335
332
-122
-132
-382
389
-289
-299
269
-264
-267
-359
358
-158
-168
244
-243
-247
-144
-154
-164
-532
-632
-832
-932
-544
-644
-545
-645
-745
-648
641
-541
546
-456
-566
-586
-596
-631
-671
-691
-146
-746
-458
-658
668
-664
-665
-669
-678
-698
-569
486
-484
-485
-487
-489
-496
-589
-689
-989
973
-972
-974
-977
-979
-773
-793
-873
-893
-983
-993
-933
-953
-173
-573
-673
995
-992
-997
-999
-795
-895
-985
-915
-935
-955
954
-864
-964
874
-872
-877
-984
-965
939
-931
-937
911
-912
-917
-729
-411
-511
-439
-539
-639
-454
-654
564
-565
-534
-574
-584
-474
-674
684
-682
-683
-685
-687
-624
-634
585
-582
-583
-495
-595
-695
-515
512
-622
-572
-592
-535
-812
-699
599
-591
-593
693
-692
-697
672
-677
-679
-479
-499
-579
571
-471
-491
431
-434
-435
-437
-531
533
-623
-633
424
-425
-429
629
-625
459
-455
655
-659
415
-417
-635
637
-815
817
-837
-867
-897
-124
125
134
-135
-725
-825
835
-833
823
-822
722
-723
-762
-772
-792
-865
-755
765
-766
-767
-171
191
-192
-193
-197
-198
178
-172
-177
182
-183
-187
-478
477
-497
498
-777
779
-799
-982
987
892
-896
796
-797
-756
753
-743
747
866
-862
962
-967
143
-147
-153
156
-166
167
283
-287
-293
297
