168
-161
-162
-163
-164
-165
-166
-167
-169
-148
-158
-248
-258
-268
-348
-358
-368
-118
-128
-138
-178
-188
-198
-468
-568
-668
-768
-868
-968
175
-171
-172
-173
-174
-176
-177
-179
-185
-195
-275
-285
-295
-375
-385
-395
-115
-125
-135
-145
-155
-475
-575
-675
-775
-875
-975
184
-181
-182
-183
-186
-187
-189
-194
-274
-284
-294
-374
-384
-394
-114
-124
-134
-144
-154
-484
-584
-684
-784
-884
-984
237
-231
-232
-233
-234
-235
-236
-238
-239
-117
-127
-137
-217
-227
-317
-327
-337
-247
-257
-267
-277
-287
-297
-437
-537
-637
-737
-837
-937
246
-241
-242
-243
-244
-245
-249
-146
-156
-256
-266
-346
-356
-366
-216
-226
-276
-286
-296
-446
-546
-646
-746
-846
-946
298
-291
-292
-293
-299
-278
-288
-378
-388
-398
-218
-228
-498
-598
-698
-798
-898
-998
333
-331
-332
-334
-335
-336
-338
-339
-113
-123
-133
-213
-223
-313
-323
-343
-353
-363
-373
-383
-393
-433
-533
-633
-733
-833
-933
362
-361
-364
-365
-367
-369
-142
-152
-252
-262
-342
-352
-312
-322
-372
-382
-392
-462
-562
-662
-762
-862
-962
426
-421
-422
-423
-424
-425
-427
-428
-429
-416
-436
-516
-526
-536
-616
-626
-636
-456
-466
-476
-486
-496
-126
-326
-726
-826
-926
432
-431
-434
-435
-438
-439
-412
-512
-522
-532
-612
-622
-632
-442
-452
-472
-482
-492
-132
-732
-832
-932
469
-461
-463
-464
-465
-467
-449
-459
-549
-559
-569
-649
-659
-669
-419
-479
-489
-499
-269
-769
-869
-969
478
-471
-473
-474
-477
-488
-578
-588
-678
-688
-418
-448
-458
-778
-878
-978
574
-571
-572
-573
-576
-577
-579
-494
-594
-674
-694
-514
-524
-534
-544
-554
-564
-774
-874
-974
587
-581
-582
-583
-585
-586
-589
-487
-497
-597
-677
-687
-697
-517
-527
-547
-557
-567
-387
-787
-887
-987
627
-621
-623
-624
-625
-628
-629
-417
-617
-647
-657
-667
-727
-827
-927
719
-711
-712
-713
-714
-715
-716
-717
-718
-729
-739
-819
-829
-839
-919
-929
-939
-749
-759
-779
-789
-799
-119
-219
-319
-519
-619
724
-721
-722
-723
-725
-728
-734
-814
-824
-834
-914
-924
-934
-744
-754
-764
-794
-224
-324
634
-631
-635
-638
-639
-414
-614
-644
-654
-664
755
-751
-752
-753
-756
-757
-758
-745
-765
-845
-855
-865
-945
-955
-965
-735
-785
-795
-255
-355
-455
-555
-655
772
-771
-773
-776
-777
-782
-792
-872
-882
-892
-972
-982
-992
-742
-272
-672
838
-831
-835
-836
-738
-818
-828
-918
-928
-938
-848
-858
-888
-538
867
-861
-863
-864
-866
-747
-767
-847
-857
-947
-957
-967
797
-791
-793
-796
-877
-897
-977
-997
-817
917
-911
-912
-913
-915
-916
377
-371
-376
-379
-197
-397
-347
-357
876
-871
-873
-879
-786
-886
-896
-976
-986
-996
-816
-856
-676
885
-881
-883
-889
-895
-985
-995
-815
-825
-485
-685
961
-963
-964
-966
-741
-761
-841
-851
-941
-951
-921
-931
-971
-981
-991
-261
-561
-661
264
-263
-265
-254
-344
-354
345
-341
-349
-214
314
-311
-315
-316
-318
328
-321
-325
-329
116
-111
-112
-136
-196
-528
-445
-545
-645
988
-983
-989
-788
748
-743
-948
-958
-548
-648
-653
-553
-591
-693
-651
-443
199
-191
-192
-193
282
-281
-283
-289
273
-271
-279
-389
-399
122
-121
-129
-212
-222
-139
131
-211
215
-221
-225
229
-141
-151
-149
-159
251
-253
-259
-351
359
812
-811
-813
-822
-922
-842
-852
-415
495
-491
-493
-595
-695
-515
-615
665
-663
-666
-565
-529
539
-531
-535
525
-521
-523
-599
821
-823
-731
736
923
-925
935
-936
781
-783
-891
763
-766
-843
-853
-943
-953
956
-952
-954
-959
942
-944
-949
893
-894
-899
-973
979
-993
994
-999
-542
-642
849
-844
854
-859
444
-441
-447
-454
457
-451
-453
147
-143
153
-157
-551
-556
-656
566
-563
-596
671
-673
-679
-481
483
-681
-691
-593
592
-682
-692
-683
411
-413
-511
-611
541
-543
-641
643
-552
558
652
-658
513
-518
-613
618
-381
386
391
-396
-686
689
696
-699
