123
-121
-122
-124
-125
-126
-127
-128
-129
-113
-133
-213
-223
-233
-313
-323
-333
-143
-153
-163
-173
-183
-193
-423
-523
-623
-723
-823
-923
226
-221
-222
-224
-225
-227
-228
-229
-116
-136
-216
-236
-316
-326
-336
-246
-256
-266
-276
-286
-296
-426
-526
-626
-726
-826
-926
238
-231
-232
-234
-235
-237
-239
-118
-138
-218
-318
-328
-338
-248
-258
-268
-278
-288
-298
-438
-538
-638
-738
-838
-938
251
-252
-253
-254
-255
-257
-259
-141
-151
-161
-241
-261
-341
-351
-361
-211
-271
-281
-291
-451
-551
-651
-751
-851
-951
269
-262
-263
-264
-265
-267
-149
-159
-169
-249
-349
-359
-369
-219
-279
-289
-299
-469
-569
-669
-769
-869
-969
283
-282
-284
-285
-287
-273
-293
-373
-383
-393
-243
-483
-583
-683
-783
-883
-983
344
-342
-343
-345
-346
-347
-348
-144
-154
-164
-244
-354
-364
-314
-324
-334
-374
-384
-394
-444
-544
-644
-744
-844
-944
357
-352
-353
-355
-356
-358
363
-362
-365
-366
-367
-368
-147
-157
-167
-247
-317
-327
-337
-377
-387
-397
-457
-557
-657
-757
-857
-957
-463
-563
-663
-763
-863
-963
385
-381
-382
-386
-388
-389
-175
-185
-195
-275
-295
-375
-395
-315
-325
-335
-485
-585
-685
-785
-885
-985
529
-521
-522
-524
-525
-527
-528
-419
-429
-439
-519
-539
-619
-629
-639
-549
-559
-579
-589
-599
-329
-729
-829
-929
582
-581
-584
-586
-587
-588
-472
-482
-492
-572
-592
-672
-682
-692
-512
-532
-542
-552
-562
-182
-782
-882
-982
596
-591
-593
-594
-595
-597
-598
-476
-486
-496
-576
-676
-686
-696
-516
-536
-546
-556
-566
-196
-396
376
-371
-372
-378
-379
-176
-186
398
-391
-392
-399
-178
-188
-198
-776
-876
-976
-796
-896
-996
-498
-698
-798
-898
-998
666
-661
-662
-664
-665
-667
-668
-446
-456
-466
-646
-656
-616
-636
-166
-766
-866
-966
671
-673
-674
-675
-677
-678
-679
-471
-481
-491
-571
-681
-691
-611
-621
-631
-641
-171
-771
-871
-971
737
-731
-732
-733
-734
-735
-736
-739
-717
-727
-817
-827
-837
-917
-927
-937
-747
-767
-777
-787
-797
-137
-437
-537
-637
762
-761
-764
-765
-768
-742
-752
-842
-852
-862
-942
-952
-962
-712
-722
-772
-792
-162
-462
819
-811
-812
-813
-814
-815
-816
-818
-719
-839
-919
-939
-849
-859
-879
-889
-899
-119
-319
339
-331
-332
-139
845
-841
-843
-846
-847
-848
-745
-755
-855
-865
-945
-955
-965
-825
-835
-875
-895
-145
-245
242
-142
-152
-212
-272
-292
215
-214
-217
-115
-135
117
-111
-112
-114
134
-131
-132
-174
-184
-194
-177
-187
-197
-415
-515
-615
-715
-915
-417
-517
-617
-434
-534
-634
-834
-934
-442
-642
-445
-545
-645
881
-884
-886
-887
-888
-781
-791
-891
-981
-991
-821
-831
-861
-181
189
191
-192
-199
172
-179
-872
-972
-489
-689
-789
-989
928
-921
-922
-924
-925
-718
-728
-828
-918
-948
-958
-968
-978
-988
-428
-628
932
-931
-933
-935
-936
-822
824
-832
-912
-714
-724
-914
725
-721
-775
-795
892
-893
-894
-897
-992
-854
-864
-874
-424
-624
-425
-625
-432
-632
953
-954
-956
-959
-743
-753
-853
-943
-913
-973
-993
-453
-553
-653
964
-961
-967
-754
-974
-984
-994
-464
-564
997
-995
-999
975
-977
-979
-877
-987
986
-786
867
-868
-947
-916
911
-711
741
-746
-748
-749
-941
-946
949
-759
-311
312
321
-322
-411
-511
-412
-612
-421
-441
-541
146
-148
-156
-449
-649
-467
-567
-475
-575
-297
294
-274
277
-477
-577
547
-543
-548
-447
-647
-494
-694
-794
-497
-697
-458
-558
-478
413
-414
-416
-418
-433
-513
-533
-613
-633
635
-435
-535
531
-431
436
461
-465
-468
-561
-443
448
643
-648
-568
565
-455
-555
554
-454
-654
-655
-658
-473
-493
495
-499
-695
-488
573
-574
-578
-693
699
688
-684
-687
487
-484
474
-479
-427
422
-622
627
-452
459
652
-659
-514
518
614
-618
-713
716
833
-836
-756
758
856
-858
-778
-788
784
-774
878
-873
155
-158
-165
168
-773
779
793
-799
