175
-171
-172
-173
-174
-176
-177
-178
-179
-185
-195
-275
-285
-295
-375
-385
-395
-115
-125
-135
-145
-155
-165
-475
-575
-675
-775
-875
-975
199
-191
-192
-193
-194
-196
-197
-198
-189
-279
-289
-299
-379
-389
-399
-119
-129
-139
-149
-159
-169
-499
-599
-699
-799
-899
-999
225
-221
-222
-223
-224
-226
-227
-228
-229
-215
-235
-315
-325
-335
-245
-255
-265
-425
-525
-625
-725
-825
-925
236
-231
-232
-233
-234
-237
-238
-239
-116
-126
-136
-216
-316
-326
-336
-246
-256
-266
-276
-286
-296
-436
-536
-636
-736
-836
-936
259
-251
-252
-253
-254
-257
-258
-249
-269
-349
-359
-369
-219
-459
-559
-659
-759
-859
-959
287
-281
-282
-283
-284
-288
-187
-277
-297
-377
-387
-397
-217
-247
-267
-487
-587
-687
-787
-887
-987
327
-321
-322
-323
-324
-328
-329
-117
-127
-137
-317
-337
-347
-357
-367
-427
-527
-627
-727
-827
-927
346
-341
-342
-343
-344
-345
-348
-146
-156
-166
-356
-366
186
-181
-182
-183
-184
-188
-376
-386
-396
-446
-546
-646
-746
-846
-946
-486
-586
-686
-786
-886
-986
383
-381
-382
-384
-388
-273
-293
-373
-393
-313
-333
-353
-363
-483
-583
-683
-783
-883
-983
492
-491
-493
-494
-495
-496
-497
-498
-472
-482
-572
-582
-592
-672
-682
-692
-412
-422
-432
-442
-452
-462
-292
-392
-792
-892
-992
517
-511
-512
-513
-514
-515
-516
-518
-519
-417
-437
-537
-617
-637
-547
-557
-567
-577
-597
-717
-817
-917
539
-531
-532
-533
-534
-535
-538
-419
-429
-439
-529
-619
-629
-639
-549
-569
-579
-589
-339
319
-311
-312
-314
-318
-719
-819
-919
-739
-839
-939
544
-541
-542
-543
-545
-548
-444
-454
-464
-554
-564
-644
-654
-664
-524
-574
-584
-594
-144
-244
-744
-844
-944
593
-591
-595
-596
-598
-473
-573
-673
-693
-523
-553
-563
-793
-893
-993
613
-611
-612
-614
-615
-616
-618
-413
-423
-433
-623
-633
-643
-653
-663
-113
-213
-713
-813
-913
652
-651
-655
-656
-657
-658
-552
-562
-642
-662
522
-521
-526
-528
-622
-632
-122
-722
-822
-922
-152
-352
-752
-852
-952
698
-691
-694
-695
-696
-697
-478
-488
-578
-588
-678
-688
-628
-638
-648
-668
-298
-398
-798
-898
-998
718
-711
-712
-714
-715
-716
-728
-738
-818
-828
-838
-918
-928
-938
-748
-758
-768
-778
-788
-118
-218
-418
833
-831
-832
-834
-835
-837
-723
-733
-823
-923
-933
-843
-853
-863
-873
123
-121
-124
-128
-133
-143
-153
-163
428
-421
-424
-426
-438
-448
-458
-468
868
-861
-862
-864
-865
-866
-867
-869
-848
-858
-948
-958
-968
-878
-888
-168
-268
-368
-568
558
-551
-555
-556
-158
-358
988
-981
-982
-984
-985
-989
-978
914
-911
-912
-915
-916
-724
-734
-814
-824
-924
-934
-954
-964
-974
-994
-114
-214
-414
624
-621
-626
-434
-634
416
-411
-415
-456
-466
-476
-674
-684
815
-811
-812
-816
-735
-935
-845
-855
-885
-895
943
-941
-942
-945
-947
-949
-743
-753
-763
-953
-963
773
-771
-772
-774
-776
-777
-779
-973
-243
263
-261
-262
-264
-443
453
-451
-455
-457
-463
955
-951
-956
-957
-745
-755
-765
-965
-995
-355
365
-361
-362
-364
-465
-565
585
-581
-485
-685
-665
-785
795
-791
-794
-796
-797
969
-961
-962
-966
-967
-749
-769
-849
-929
-979
-469
-669
-141
-131
-871
-161
-147
241
-242
-248
-151
-351
354
-154
157
-164
-167
162
-142
148
111
-112
-211
212
-331
-132
-332
134
-138
-334
338
-271
-291
294
-274
-374
-394
391
-371
-272
278
372
-378
-441
-641
-741
-841
-754
-854
764
-761
-762
-766
-767
-784
-757
-857
-872
-972
932
-931
-937
-732
737
-731
-747
742
-842
847
-782
882
-881
-884
-889
-877
-897
-447
-647
484
-481
-489
-474
874
-876
-879
-894
789
-781
-729
829
-821
-826
681
-689
-471
-571
576
-671
-676
561
-566
-461
467
-661
666
-667
431
-435
-631
635
445
-449
-645
649
-477
479
677
-679
971
-976
-977
-891
896
-991
-996
997
851
-856
-751
756
721
-726
-921
926
