123
-121
-122
-124
-125
-126
-127
-128
-129
-113
-133
-213
-223
-233
-313
-323
-333
-143
-153
-163
-173
-183
-193
-423
-523
-623
-723
-823
-923
136
-131
-132
-134
-135
-137
-138
-139
-116
-216
-226
-236
-316
-326
-336
-146
-156
-166
-176
-186
-196
-436
-536
-636
-736
-836
-936
142
-141
-144
-145
-147
-148
-149
-152
-162
-242
-252
-262
-342
-352
-362
-112
-172
-182
-192
-442
-542
-642
-742
-842
-942
151
-154
-155
-157
-158
-159
-161
-241
-251
-261
-341
-351
-361
-111
-171
-181
-191
-451
-551
-651
-751
-851
-951
174
-175
-177
-178
-179
-184
-194
-274
-284
-294
-374
-384
-394
-114
-164
-474
-574
-674
-774
-874
-974
197
-195
-198
-199
-187
-277
-287
-297
-377
-387
-397
-117
-167
-497
-597
-697
-797
-897
-997
238
-231
-232
-234
-235
-237
-239
-118
-218
-228
-318
-328
-338
-248
-258
-268
-278
-288
-298
-438
-538
-638
-738
-838
-938
291
-292
-293
-295
-296
-299
-271
-281
-371
-381
-391
-211
-221
-491
-591
-691
-791
-891
-991
311
-312
-314
-315
-317
-319
-321
-331
-411
-511
-611
-711
-811
-911
386
-382
-383
-385
-388
-389
-276
-286
-376
-396
-346
-356
-366
-486
-586
-686
-786
-886
-986
454
-452
-453
-455
-456
-457
-458
-459
-444
-464
-544
-554
-564
-644
-654
-664
-414
-424
-434
-484
-494
-254
-354
-754
-854
-954
462
-461
-463
-465
-466
-467
-468
-469
-552
-562
-652
-662
-412
-422
-432
-472
-482
-492
-762
-862
-962
595
-592
-593
-594
-596
-598
-599
-475
-485
-495
-575
-585
-675
-685
-695
-515
-525
-535
-545
-555
-565
-395
-795
-895
-995
622
-621
-624
-625
-626
-627
-628
-629
-512
-522
-532
-612
-632
-672
-682
-692
-222
-322
-722
-822
-922
635
-631
-633
-634
-637
-639
-415
-425
-435
-615
445
-441
-443
-446
-447
-448
-449
-645
-655
-665
-335
-735
-835
-935
-245
-345
-745
-845
-945
647
-641
-643
-646
-648
-649
-547
-557
-567
-657
-667
-617
-677
-687
-247
-347
-747
-847
-947
681
-683
-684
-688
-689
-471
-481
-571
-581
-671
-661
-781
-881
-981
693
-694
-696
-698
-699
-473
-483
-493
-573
-583
-673
584
-582
-587
-588
-589
572
-576
-577
-578
-579
-514
-524
-534
614
-613
-616
-618
-619
-653
-663
-214
-714
-814
-914
-272
-372
-772
-872
-972
-784
-884
-984
-393
-793
-893
-993
734
-731
-732
-733
-737
-739
-724
-824
-834
-924
-934
-744
-764
-794
-334
841
-843
-844
-846
-848
-849
-741
-761
-861
-941
-961
-821
-831
-871
-541
561
-563
-566
-568
-569
-521
-531
852
-853
-855
-856
-857
-858
-859
-752
-952
-812
-832
-882
-892
869
-863
-864
-865
-866
-867
-868
-749
-759
-769
-949
-959
-969
894
-896
-898
-899
-994
-819
-829
-839
-879
-889
-169
-269
-369
-669
929
-921
-925
-926
-927
-928
-719
-729
-919
-939
-979
-989
-999
-229
-329
-429
-529
953
-955
-956
-957
-958
-743
-753
-763
-943
-963
-913
-933
-973
-983
-253
-353
-553
543
-546
-548
-549
-513
-533
-243
-343
998
-992
-996
-778
-788
-798
-878
-888
-978
-988
-918
-948
-968
-398
-498
-717
-775
-716
-727
-265
-417
-776
-785
-379
815
-813
-816
-817
-818
-715
-725
-825
-915
-875
-885
828
-826
-827
-718
-728
876
-873
-877
-796
-976
-115
119
-219
-339
-189
-215
-419
-519
-428
-528
-476
-676
496
-499
-416
-426
-437
-365
-756
-787
-259
-267
-358
-285
-327
-766
-937
-364
-777
-967
-279
368
-363
-367
263
-264
-266
-168
165
-255
-355
-348
-185
188
-378
-273
275
-375
373
-283
-225
325
-324
224
-227
-244
344
-349
-944
946
964
-965
-966
-746
748
-758
-768
726
-721
931
-932
-916
771
-773
-779
-971
516
-517
-518
-526
527
-427
421
-431
-537
539
418
-413
433
-439
-478
-488
678
-679
-556
558
-559
-658
-668
666
-656
659
713
-712
912
-917
-833
837
-783
883
-887
-982
-212
217
332
-337
282
-289
-392
399
-257
256
-246
249
357
-359
755
-757
-765
767
-975
977
985
-987
-477
479
487
-489
-782
789
792
-799
