113
-111
-112
-114
-115
-116
-117
-118
-119
-123
-133
-213
-223
-233
-313
-323
-333
-143
-153
-163
-173
-183
-193
-413
-513
-613
-713
-813
-913
167
-161
-162
-164
-165
-166
-168
-169
-147
-157
-247
-257
-267
-347
-357
-367
-127
-137
-177
-187
-197
-467
-567
-667
-767
-867
-967
175
-171
-172
-174
-176
-178
-179
-185
-195
-275
-285
-295
-375
-385
-395
-125
-135
-145
-155
-475
-575
-675
-775
-875
-975
191
-192
-194
-196
-198
-199
-181
-271
-281
-291
-371
-381
-391
-121
-131
-141
-151
-491
-591
-691
-791
-891
-991
217
-211
-212
-214
-215
-216
-218
-219
-227
-237
-317
-327
-337
-277
-287
-297
-417
-517
-617
-717
-817
-917
238
-231
-232
-234
-235
-236
-239
-128
-138
-228
-318
-328
-338
-248
-258
-268
-278
-288
-298
-438
-538
-638
-738
-838
-938
266
-261
-262
-263
-264
-265
-269
-146
-156
-246
-256
-346
-356
-366
-226
-276
-286
-296
-466
-566
-666
-766
-866
-966
348
-341
-342
-343
-344
-345
-349
-148
-158
-358
-368
188
-182
-184
-186
-189
-378
-388
-398
-448
-548
-648
-748
-848
-948
-488
-588
-688
-788
-888
-988
393
-392
-394
-396
-397
-399
-273
-283
-293
-373
-383
-353
-363
-493
-593
-693
-793
-893
-993
418
-411
-412
-414
-415
-416
-419
-428
-518
-528
-618
-628
-458
-468
-478
-498
-718
-818
-918
464
-461
-462
-463
-465
-469
-444
-454
-544
-554
-564
-644
-654
-664
-424
-434
-474
-484
-494
-364
-764
-864
-964
477
-471
-472
-473
-476
-479
-487
-497
-577
-587
-597
-677
-687
-697
-427
-437
-447
-457
-377
387
-382
-384
-386
-389
376
-372
-374
-379
-316
-326
-336
-576
-676
-776
-876
-976
-777
-877
-977
-787
-887
-987
489
-481
-482
-483
-485
-486
-499
-579
-589
-599
-679
-689
-699
-429
-439
-449
-459
-289
-789
-889
-989
529
-521
-522
-523
-524
-525
-526
-527
-519
-539
-619
-629
-639
-549
-559
-569
-129
-229
-329
-729
-829
-929
652
-651
-653
-655
-656
-657
-658
-659
-442
-452
-542
-552
-562
-642
-662
-612
-622
-632
-672
-682
-692
-152
-252
-352
-752
-852
-952
663
-661
-665
-668
-669
-443
-453
-543
-553
-563
-643
649
-641
-645
-646
-647
-623
-633
-673
-683
-149
-249
-749
-849
-949
-763
-863
-963
719
-711
-712
-714
-715
-716
-739
-819
-839
-919
-939
-759
-769
-779
-799
-319
726
-721
-722
-723
-724
-725
-727
-728
-736
-816
-826
-836
-916
-926
-936
-746
-756
-786
-796
-126
136
-132
-134
-139
339
-331
-332
-334
-335
159
-154
-259
-359
-369
-426
-626
-436
-536
-636
-859
-959
732
-731
-733
-734
-735
-737
-812
-822
-832
-912
-922
-932
-742
-762
-772
-782
-792
-432
-532
797
-794
-795
-798
-897
-997
-747
-757
886
-881
-882
-883
-884
-885
-896
-986
-996
-846
-856
-586
-686
954
-951
-953
-955
-956
-957
-958
-744
-754
-844
-854
-944
946
-941
-942
-943
-945
-947
-914
-924
-934
-974
-984
-994
-446
-546
-254
-354
979
-971
-972
-973
-978
-879
-899
-999
869
-861
-862
-865
-868
-969
-279
299
-292
-294
-511
-535
-821
-825
-551
-855
-515
-574
-841
-925
-531
-595
-624
-751
-921
-425
-555
-584
-611
-833
-845
-874
-635
-965
-222
-241
571
-572
-573
-578
-581
-671
-681
583
-582
-585
-541
-561
-533
-771
-871
-783
-983
-614
-837
-898
-931
-224
-245
-315
-321
-455
694
-695
-696
-698
-594
-674
678
-684
685
-495
-598
-634
-615
616
-516
-625
435
-431
-433
423
-421
-422
512
-514
534
-537
492
-496
-592
596
-445
441
-451
456
-556
-312
-823
-923
933
-935
-937
927
-928
-827
828
-824
-858
-878
-627
621
-631
637
-221
225
311
-314
-325
251
-253
-255
-351
355
-361
243
-242
-244
144
-142
362
-365
122
-124
-322
324
-811
-911
915
831
-834
-835
814
-815
-851
-894
895
-892
-785
-985
-995
-741
842
-843
-847
-962
857
-853
-872
873
-773
-743
745
753
-755
-758
-765
-545
547
565
-568
-557
558
272
-274
-282
284
774
-778
-784
781
-981
982
-992
998
-761
768
961
-968
