166
-161
-162
-163
-164
-165
-167
-168
-169
-146
-156
-246
-256
-266
-346
-356
-366
-116
-126
-136
-176
-186
-196
-466
-566
-666
-766
-866
-966
183
-181
-182
-184
-185
-187
-188
-189
-173
-193
-273
-283
-293
-373
-383
-393
-113
-123
-133
-143
-153
-483
-583
-683
-783
-883
-983
251
-252
-253
-254
-255
-257
-258
-259
-141
-151
-241
-261
-341
-351
-361
-211
-221
-231
-271
-281
-291
-451
-551
-651
-751
-851
-951
278
-272
-274
-275
-276
-277
-279
-178
-198
-288
-298
-378
-388
-398
-218
-228
-238
-248
-268
-478
-578
-678
-778
-878
-978
292
-294
-295
-296
-297
-299
-172
-192
-282
-372
-382
-392
-212
-222
-232
-242
-262
-492
-592
-692
-792
-892
-992
317
-311
-312
-313
-314
-315
-316
-318
-319
-117
-127
-137
-217
-227
-237
-327
-337
-347
-357
-367
-377
-387
-397
-417
-517
-617
-717
-817
-917
343
-342
-344
-345
-348
-349
-243
-263
-353
-363
-323
-333
-443
-543
-643
-743
-843
-943
379
-371
-374
-375
-376
-179
-199
-289
-389
-399
-329
-339
-359
-369
-479
-579
-679
-779
-879
-979
385
-381
-384
-386
-175
-195
-285
-395
-325
-335
-355
-365
-485
-585
-685
-785
-885
-985
421
-422
-423
-424
-425
-426
-427
-428
-429
-411
-431
-511
-521
-531
-611
-621
-631
-441
-461
-471
-481
-491
-121
-321
-721
-821
-921
446
-442
-444
-445
-447
-448
-449
-456
-546
-556
-646
-656
-416
-436
-476
-486
-496
-746
-846
-946
473
-472
-474
-475
-477
-493
-573
-593
-673
-693
-413
-433
-453
-463
-773
-873
-973
535
-532
-533
-534
-536
-537
-538
-539
-415
-435
-515
-525
-615
-625
-635
-545
-555
-565
-575
-595
-135
-235
-735
-835
-935
542
-541
-544
-547
-548
-549
-452
-462
-552
-562
-642
-652
-662
-512
-522
-572
-582
-142
-742
-842
-942
589
-581
-584
-586
-587
-588
-489
-499
-599
-689
-699
-519
-529
-559
-569
-789
-889
-989
594
-591
-596
-597
-598
-484
-494
-574
-674
-684
-694
-514
-524
-554
-564
-194
-394
-794
-894
-994
623
-622
-624
-626
-627
-628
-629
-513
-523
-613
-633
-653
-663
-223
-723
-823
-923
638
-632
-634
-636
-637
-639
-418
-438
-518
516
-526
-616
-528
527
-437
-618
-576
-557
-567
-577
571
-671
-681
-691
-561
-648
-658
-668
-688
-698
-216
-716
-816
-916
-727
-827
-927
-138
-338
-738
-838
-938
-171
-771
-871
-971
649
-641
-644
-645
-647
661
-664
-665
-667
-669
-459
-469
-659
-619
-149
-249
-749
-849
-949
-761
-861
-961
711
-712
-713
-714
-715
-718
-719
-731
-811
-831
-911
-931
-741
-781
-791
-111
795
-793
-796
-797
-798
-799
-775
-875
-895
-975
-995
-725
-745
-755
-765
675
-672
-676
-677
-495
-695
-655
828
-822
-824
-825
-826
-829
-728
-818
-918
-928
-848
-858
-868
-888
-898
118
-112
-114
-115
-119
-128
-328
-148
-158
965
-962
-963
-964
-967
-968
-969
-845
-855
-865
-945
-955
815
-812
-813
-814
-819
-915
-925
-215
-265
-465
455
-454
-457
-458
-155
974
-972
-976
-977
-774
-784
-874
-884
-984
-914
-924
-934
-944
-954
-174
177
284
-286
-287
396
-391
191
-197
-131
331
-332
-334
-336
-147
-157
-214
-224
-234
-244
-264
-326
-777
-877
-891
-991
-696
697
686
-682
-687
482
-487
-488
-497
498
-412
-432
612
-614
467
-464
-468
654
-657
-912
414
-419
-434
439
-139
-239
-739
-839
-939
-154
-354
-754
-854
-267
269
247
-245
145
-144
364
-362
-368
358
-352
152
-159
-122
-132
134
322
-324
-124
-125
129
225
-226
-229
236
-233
213
-219
-913
919
-729
-929
-959
-999
899
-893
-896
-897
993
-996
-997
-998
-859
-869
-933
-953
-722
-922
926
-726
724
-734
-834
-736
-836
-936
-744
-764
-956
-986
844
-841
-847
941
-947
-948
-864
881
-882
-886
-887
-981
-747
748
-758
-768
-958
-788
988
-982
-987
787
-782
-786
-737
-757
-767
-752
-852
-952
957
-857
-867
837
-832
-833
733
-732
932
-937
-753
-763
-558
553
-563
568
-853
856
863
-862
762
-769
-756
759
-772
776
872
-876
