155
-151
-152
-153
-154
-156
-157
-158
-159
-145
-165
-245
-255
-265
-345
-355
-365
-115
-125
-135
-175
-185
-195
-455
-555
-655
-755
-855
-955
244
-241
-242
-243
-246
-247
-248
-249
-144
-164
-254
-264
-344
-354
-364
-214
-224
-234
-274
-284
-294
-444
-544
-644
-744
-844
-944
268
-261
-262
-263
-266
-267
-269
-148
-168
-258
-348
-358
-368
-218
-228
-238
-278
-288
-298
-468
-568
-668
-768
-868
-968
276
-271
-272
-273
-275
-277
-279
-176
-186
-196
-286
-296
-376
-386
-396
-216
-226
-236
-256
-476
-576
-676
-776
-876
-976
289
-281
-282
-283
-285
-287
-179
-189
-199
-299
-379
-389
-399
-219
-229
-239
-259
-489
-589
-689
-789
-889
-989
311
-312
-313
-314
-315
-316
-317
-318
-319
-111
-121
-131
-211
-221
-231
-321
-331
-341
-351
-361
-371
-381
-391
-411
-511
-611
-711
-811
-911
334
-332
-333
-335
-336
-337
-338
-339
-114
-124
-134
-324
-374
-384
-394
-434
-534
-634
-734
-834
-934
352
-353
-356
-357
-359
-142
-162
-252
-342
-362
-322
-372
-382
-392
-452
-552
-652
-752
-852
-952
387
-383
-385
-388
-177
-187
-197
-297
-377
-397
-327
-347
-367
-487
-587
-687
-787
-887
-987
463
-461
-462
-464
-465
-466
-467
-469
-443
-453
-543
-553
-563
-643
-653
-663
-413
-423
-433
-473
-483
-493
-163
-363
-763
-863
-963
491
-492
-494
-495
-496
-497
-498
-499
-471
-481
-571
-581
-591
-671
-681
-691
-421
-431
-441
-451
-191
-291
251
-253
-257
-141
-161
-551
-651
-751
-851
-951
-791
-891
-991
538
-531
-532
-533
-535
-536
-537
-539
-418
-428
-438
-518
-528
-618
-628
-638
-548
-558
-578
-588
-598
-138
-738
-838
-938
586
-582
-583
-584
-585
-486
-596
-686
-696
-516
-526
-546
-556
-566
-786
-886
-986
612
-613
-614
-615
-616
-617
-619
-412
-422
-432
-512
-522
-622
-632
-642
-662
-672
-682
-692
-112
-212
-712
-812
-912
624
-621
-623
-625
-626
-627
-629
-414
-424
-514
-524
-654
-664
-674
-684
-694
-724
-824
-924
631
-633
-635
-636
-637
-639
-521
-641
-661
-731
-831
-931
697
-693
-695
-698
-699
-477
-577
-597
-677
-647
-657
-667
-797
-897
-997
757
-753
-754
-756
-758
-759
-747
-767
-847
-857
-867
-947
-957
-967
-717
-727
-737
-777
-457
-557
799
-792
-793
-794
-795
-796
-798
-779
-879
-899
-979
-999
-719
-729
-739
-749
-769
-599
842
-841
-843
-845
-846
-848
-849
-742
-762
-862
-942
-962
-822
-832
-872
-882
-892
-442
-542
562
-561
-564
-565
-567
-569
541
-545
-547
-549
447
-445
-446
-448
-449
-417
-427
-437
-572
-592
-741
-941
-147
167
-166
-169
-117
-127
-137
916
-913
-914
-915
-917
-918
-919
-716
-726
-736
-816
-826
-836
-926
-936
-946
-956
-966
-996
896
-893
-894
-895
-898
-856
-866
-116
-416
927
-921
-922
-923
-925
-928
-929
-817
-827
-837
-937
877
-871
-873
-874
-875
-878
-977
-227
-527
517
-513
-515
-519
523
-525
-529
-573
-593
-217
237
-232
-233
-235
-123
-223
-323
-723
-823
959
-953
-954
-958
-859
-869
-949
-969
-939
853
-854
-858
-743
-943
-813
-833
-883
-459
-559
554
-454
-574
-594
595
-475
-485
-575
579
-675
-685
-479
-679
-659
-295
-395
375
-373
-378
-325
-775
-975
-995
964
-961
-965
-764
-864
-974
-984
-994
194
-192
-193
-198
-174
-184
972
-971
-973
-978
-772
-782
-982
-992
981
-983
-985
-988
-771
-781
-881
-932
171
-172
-173
-178
-181
-472
482
-484
-488
474
-478
458
-456
-648
-658
656
-646
-666
-774
-182
292
-293
-222
225
-215
213
-113
-133
-713
-425
-725
-825
-735
-788
-129
-728
-815
-745
-126
-139
346
-343
-349
143
-146
-149
-366
369
-183
188
393
-398
136
-132
122
-128
-326
-118
119
328
-329
-419
415
-435
-715
-819
-722
721
-821
732
-733
933
-935
835
-839
829
-828
-761
861
-865
-885
785
-783
-784
884
-888
773
-778
-993
998
714
-718
-814
818
-765
766
945
-948
-746
748
426
-429
-436
439
-645
649
665
-669
-673
678
683
-688
