256
-251
-252
-253
-254
-255
-257
-258
-259
-146
-156
-166
-246
-266
-346
-356
-366
-216
-226
-236
-276
-286
-296
-456
-556
-656
-756
-856
-956
267
-261
-262
-263
-264
-265
-268
-269
-147
-157
-167
-247
-347
-357
-367
-217
-227
-237
-277
-287
-297
-467
-567
-667
-767
-867
-967
337
-331
-332
-333
-334
-335
-336
-338
-339
-117
-127
-137
-317
-327
-377
-387
-397
-437
-537
-637
-737
-837
-937
358
-351
-352
-353
-354
-355
-359
-148
-158
-168
-248
-348
-368
-318
-328
-378
-388
-398
-458
-558
-658
-758
-858
-958
381
-382
-383
-384
-385
-386
-389
-171
-181
-191
-271
-281
-291
-371
-391
-311
-321
-341
-361
-481
-581
-681
-781
-881
-981
392
-393
-394
-395
-396
-399
-172
-182
-192
-272
-282
-292
-372
-312
-322
-342
-362
-492
-592
-692
-792
-892
-992
523
-521
-522
-524
-525
-526
-527
-528
-529
-413
-423
-433
-513
-533
-613
-623
-633
-543
-553
-563
-573
-583
-593
-123
-223
-323
-723
-823
-923
566
-561
-562
-564
-565
-568
-569
-446
-466
-546
-646
-666
-516
-536
-576
-586
-596
-766
-866
-966
575
-571
-572
-574
-577
-578
-579
-475
-485
-495
-585
-595
-675
-685
-695
-515
-535
-545
-555
-175
-275
-375
-775
-875
-975
615
-611
-612
-614
-616
-617
-618
-619
-415
-425
-435
-625
-635
-645
-655
-665
-115
-215
-315
-715
-815
-915
631
-632
-634
-636
-638
-639
-411
-421
-431
-511
-531
-621
-641
-651
-661
-671
-691
-131
-231
-731
-831
-931
678
-672
-673
-674
-676
-677
-679
-478
-488
-498
-588
-598
-688
-698
-628
-648
-668
-178
-278
-778
-878
-978
689
-682
-683
-684
-686
-687
-479
-489
-499
-589
-599
-699
-629
-649
-659
-669
-189
-289
-789
-889
-989
693
-694
-696
-697
-473
-483
-493
-643
-653
-663
626
-622
-624
-627
-416
-426
-436
-126
-326
-726
-826
-926
-193
-293
-793
-893
-993
727
-721
-722
-724
-725
-728
-729
-717
-817
-827
-917
-927
-747
-757
-777
-787
-797
-427
839
-832
-833
-834
-835
-836
-838
-719
-739
-819
-829
-919
-929
-939
-849
-859
-869
-879
-899
-139
-239
-439
-539
861
-862
-863
-864
-865
-868
-741
-751
-761
-841
-851
-941
-951
-961
-811
-821
-871
-891
-161
-461
882
-883
-884
-885
-886
-887
-888
-772
-782
-872
-972
-982
-812
-822
-842
-852
472
-471
-474
-476
-477
-482
-582
-412
-422
-432
-442
-452
-462
894
-895
-896
-897
-898
-774
-784
-794
-874
-974
-984
-994
-814
-824
-844
-854
-194
-294
-494
-594
934
-932
-933
-935
-936
-938
-714
-734
-914
-924
-944
-954
-964
-134
-234
-434
438
-418
-428
-518
-538
-448
-468
548
-541
-542
-544
-547
-549
-534
532
-512
-552
-132
-232
-732
-138
-238
-738
-748
-848
-948
943
-942
-945
-946
-947
-949
-743
-753
-763
-843
-853
-953
-963
-913
-973
-983
-143
-243
-343
-443
959
-952
-955
-957
-749
-759
-769
-969
-979
-999
-159
-459
-559
519
-514
-517
417
-414
-419
424
-429
-444
-454
-464
-484
584
-587
-447
-457
-487
486
-496
-497
491
-591
597
-441
-451
551
-554
-557
-119
-219
-319
-124
-224
-324
-151
-184
-284
-186
-786
-986
-791
-991
-197
-997
998
-995
-996
-788
-798
-988
-918
-928
-968
768
-762
-764
-765
-718
-198
-298
-145
-113
-125
-144
-173
-245
-112
-165
-179
-716
-745
-213
-225
-249
-776
-154
-185
-111
142
-141
-149
241
-242
-244
-152
-162
121
-122
-128
-129
-211
-221
-921
-642
-742
-373
-755
-116
364
-363
-365
-369
-164
-344
313
-314
-316
-133
-233
235
-135
136
-325
329
-229
-176
-196
376
-374
-379
-285
-295
299
195
-199
-279
-155
153
-163
169
345
-349
-183
-713
-813
733
-735
-736
-773
-783
785
873
-876
-877
-795
-985
987
-977
-445
449
-469
-845
-453
455
463
-465
-855
857
965
-962
752
-754
744
-746
846
-847
-712
711
-911
-771
779
971
-976
796
-799
825
-828
-925
922
-912
916
-816
818
212
-214
-218
-222
228
114
-118
-174
177
274
-273
283
-288
-187
188
-644
647
-657
-652
654
662
-664
