139
-131
-132
-133
-134
-135
-136
-137
-138
-119
-129
-219
-229
-239
-319
-329
-339
-149
-159
-169
-179
-189
-199
-439
-539
-639
-739
-839
-939
213
-211
-212
-214
-215
-216
-217
-218
-113
-123
-223
-233
-313
-323
-333
-243
-253
-263
-273
-283
-293
-413
-513
-613
-713
-813
-913
231
-232
-234
-235
-236
-237
-238
-111
-121
-221
-311
-321
-331
-241
-251
-261
-271
-281
-291
-431
-531
-631
-731
-831
-931
278
-272
-274
-275
-276
-277
-279
-178
-188
-198
-288
-298
-378
-388
-398
-228
-248
-258
-268
-478
-578
-678
-778
-878
-978
315
-312
-314
-316
-317
-318
-115
-125
-225
-325
-335
-345
-355
-365
-375
-385
-395
-415
-515
-615
-715
-815
-915
328
-322
-324
-326
-327
-118
-128
-338
-348
-358
-368
-428
-528
-628
-728
-828
-928
337
-332
-334
-336
-117
-127
-227
-347
-357
-367
-377
-387
-397
-437
-537
-637
-737
-837
-937
392
-391
-393
-394
-396
-399
-172
-182
-192
-282
-292
-372
-382
-342
-352
-362
-492
-592
-692
-792
-892
-992
441
-442
-443
-444
-445
-446
-447
-448
-449
-451
-461
-541
-551
-561
-641
-651
-661
-411
-421
-471
-481
-491
-141
-341
-741
-841
-941
474
-472
-473
-475
-476
-477
-479
-484
-494
-574
-584
-594
-674
-684
-694
-414
-424
-434
-454
-464
-174
-374
-774
-874
-974
524
-521
-522
-523
-525
-526
-527
-529
-514
-534
-614
-624
-634
-544
-554
-564
-124
-224
114
-112
-116
-144
-154
-164
-184
-194
-714
-814
-914
-724
-824
-924
547
-542
-543
-545
-546
-548
-549
-457
-467
-557
-567
-647
-657
-667
-517
-577
-587
-597
-147
-247
-747
-847
-947
563
-562
-565
-566
-568
-569
-453
-463
-553
-643
-653
-663
-533
-573
-583
-593
-163
-363
-763
-863
-963
576
-571
-572
-575
-579
-486
-496
-586
-596
-676
-686
-696
-516
-536
-556
-176
-376
-776
-876
-976
655
-652
-654
-656
-658
-659
-455
-465
-555
-645
-665
-625
-635
-675
-685
-695
-155
-255
-755
-855
-955
662
-664
-666
-668
-669
-452
-462
-552
-642
644
-646
-648
-649
-612
-622
-632
-672
-682
-244
-344
-744
-844
-944
-162
-262
-762
-862
-962
697
-691
-693
-698
-699
-487
-497
-677
-687
-617
-627
-197
-297
-797
-897
-997
717
-711
-712
-716
-718
-719
-727
-817
-827
-917
-927
-757
-767
-777
-787
-417
427
-422
-423
-425
-426
-429
751
-752
-753
-754
-756
-758
-759
-761
-851
-861
-951
-961
-721
-771
-781
-791
-151
-351
786
-782
-783
-784
-785
-788
-789
-796
-886
-896
-986
-996
-726
-736
-746
-766
-186
-286
-386
825
-821
-822
-823
-826
-829
-725
-735
-835
-925
-935
-845
-865
-875
-885
-895
953
-952
-954
-956
-957
-958
-959
-743
-843
-853
-943
-923
-933
-973
-983
-993
-153
-353
972
-971
-975
-977
-979
-772
-872
-882
-982
-912
-922
-932
-942
985
-981
-984
-987
-988
-989
-775
-795
-995
-945
-965
967
-964
-966
-968
-969
-857
-867
-167
-267
175
-171
-173
-177
-185
-195
-285
-295
-145
-165
877
-871
-873
-879
-887
-485
-585
991
-994
-998
-999
-881
-891
811
-812
-816
-818
-819
-911
-921
934
-936
-938
-734
-834
-511
-611
621
-623
-626
-629
-671
-681
723
-722
-729
-733
-833
-773
779
-799
-889
-899
-793
-749
-769
929
-926
-919
-949
371
-373
-379
-181
-191
-381
161
-166
-168
-361
673
-679
-483
-493
-683
433
-432
-435
-436
-438
-633
535
-532
-538
495
-498
-499
-595
581
-582
-588
-589
-591
482
-488
-489
-412
512
-518
-519
-256
-858
-146
-259
-246
-848
-269
-156
-866
-264
-359
-142
-748
-854
-346
-838
242
-245
-249
-152
-252
265
-266
122
-126
-222
226
196
-193
-296
-742
745
-765
732
-738
-832
836
-916
918
-846
-856
946
-948
-418
-618
638
-636
616
-619
-416
419
-459
-469
559
-558
598
-599
-688
689
-842
849
852
-859
-869
148
-143
343
-349
-158
157
-257
254
-354
356
-364
-366
369
183
-187
-383
287
-284
-289
-294
299
384
-389
-456
458
466
-468
-883
893
-894
-898
-884
888
794
-798
-764
768
864
-868
