168
-161
-162
-163
-164
-165
-166
-167
-169
-148
-158
-248
-258
-268
-348
-358
-368
-118
-128
-138
-178
-188
-198
-468
-568
-668
-768
-868
-968
182
-181
-183
-184
-185
-186
-187
-189
-172
-192
-272
-282
-292
-372
-382
-392
-112
-122
-132
-142
-152
-482
-582
-682
-782
-882
-982
266
-261
-262
-263
-264
-265
-267
-269
-146
-156
-246
-256
-346
-356
-366
-216
-226
-236
-276
-286
-296
-466
-566
-666
-766
-866
-966
279
-271
-273
-274
-275
-277
-278
-179
-199
-289
-299
-379
-389
-399
-219
-229
-239
-249
-259
-479
-579
-679
-779
-879
-979
283
-281
-284
-285
-287
-288
-173
-193
-293
-373
-383
-393
-213
-223
-233
-243
-253
-483
-583
-683
-783
-883
-983
329
-321
-322
-323
-324
-325
-326
-327
-328
-119
-129
-139
-319
-339
-349
-359
-369
-429
-529
-629
-729
-829
-929
338
-331
-332
-333
-334
-335
-336
-337
-218
-228
-238
-318
298
-291
-294
-295
-297
-378
-388
-398
-438
-538
-638
-738
-838
-938
-498
-598
-698
-798
-898
-998
357
-351
-352
-353
-354
-355
-147
-157
-247
-257
-347
-367
-317
-377
-387
-397
-457
-557
-657
-757
-857
-957
391
-394
-395
-396
-171
-191
-371
-381
-311
-341
-361
-491
-591
-691
-791
-891
-991
539
-531
-532
-533
-534
-535
-536
-537
-419
-439
-519
-619
-639
-549
-559
-569
-589
-599
-739
-839
-939
542
-541
-543
-544
-545
-546
-547
-548
-442
-452
-462
-552
-562
-642
-652
-662
-512
-522
-572
-592
-242
-342
-742
-842
-942
551
-553
-554
-555
-556
-558
-441
-451
-461
-561
-641
-651
-661
-511
-521
-571
-581
-151
-251
-751
-851
-951
617
-611
-612
-613
-614
-615
-616
-618
-417
-427
-437
-517
-527
-627
-637
-647
-667
-677
-687
-697
-117
-217
-717
-817
-917
689
-681
-684
-685
-686
-688
-489
-499
-699
-649
-659
-669
-789
-889
-989
696
-692
-693
-694
-695
-476
-486
-496
-576
-586
-596
-676
-626
-636
-646
-656
-196
-796
-896
-996
712
-711
-713
-714
-715
-716
-718
-719
-722
-732
-812
-822
-832
-912
-922
-932
-752
-762
-772
-792
-212
-312
362
-363
-364
-365
-252
-412
-862
-962
724
-721
-723
-725
-726
-727
-728
-734
-814
-824
-834
-914
-924
-934
-744
-754
-764
-774
-784
-794
-124
-224
-424
-524
-624
759
-753
-755
-756
-758
-749
-769
-849
-859
-869
-949
-959
-969
-799
-159
149
-141
-143
-144
-145
241
-244
-245
-211
-221
-231
-741
-841
-941
-449
-459
469
-463
-464
-465
-467
843
-844
-845
-846
-847
-848
-743
-763
-853
-863
-943
-953
-963
-813
-823
-833
-873
-893
-343
153
-154
-155
-113
-123
-133
313
-314
-315
-316
-413
-513
-913
-443
-643
-453
-653
871
-872
-874
-875
-876
-877
-878
-771
-781
-881
-971
-981
-811
-821
-831
-861
-471
-671
481
-484
-485
-487
-488
-411
-421
-431
888
-884
-885
-886
-887
-778
-788
-978
-988
748
-745
-746
-747
-858
-948
-958
-818
-828
-448
-648
-588
993
-992
-994
-995
-997
-999
-773
-793
-973
899
-892
-894
-895
-897
972
-974
-975
-976
-977
984
-985
-986
-987
733
-731
-735
-736
-737
-923
-933
761
-765
-767
-961
852
-854
-855
-856
-952
864
-865
-867
-944
-954
-964
-819
919
-911
-915
-916
-918
928
-921
-925
-926
-927
931
-935
-936
-937
111
-114
-115
-116
-121
-131
621
-622
-623
-625
-628
-631
-428
-528
-433
-633
-564
-664
-472
-672
492
-493
-494
-495
-497
-422
-432
632
-634
-635
222
-225
-227
-232
237
-234
-235
-127
-137
827
-825
-826
-837
-384
-584
-593
125
-126
-135
-215
214
-134
136
-175
-195
-176
-254
255
344
-345
-374
-414
-514
434
-435
-436
-444
-454
-474
-425
-525
835
-836
-815
816
-416
-516
526
-523
423
-426
-473
-644
645
654
-655
-658
-445
-455
-565
-665
663
-563
567
-447
446
-456
458
477
-475
-478
-577
-587
585
-575
-595
-675
-597
594
-574
-674
415
-418
-515
518
573
-578
-673
678
-945
-946
947
956
-955
965
-967
174
-177
-194
197
-777
-385
386
375
-376
-775
776
-786
-785
787
795
-797
