194
-191
-192
-193
-195
-196
-197
-198
-199
-174
-184
-274
-284
-294
-374
-384
-394
-114
-124
-134
-144
-154
-164
-494
-594
-694
-794
-894
-994
283
-281
-282
-285
-286
-287
-288
-289
-173
-183
-273
-293
-373
-383
-393
-213
-223
-233
-243
-253
-263
-483
-583
-683
-783
-883
-983
297
-291
-292
-295
-296
-298
-299
-177
-187
-277
-377
-387
-397
-217
-227
-237
-247
-257
-267
-497
-597
-697
-797
-897
-997
339
-331
-332
-333
-334
-335
-336
-337
-338
-119
-129
-139
-219
-229
-239
-319
-329
-349
-359
-369
-379
-389
-399
-439
-539
-639
-739
-839
-939
347
-341
-342
-343
-344
-345
-346
-348
-147
-157
-167
-357
-367
-317
-327
-447
-547
-647
-747
-847
-947
353
-351
-352
-354
-355
-356
-358
-143
-153
-163
-363
-313
-323
-453
-553
-653
-753
-853
-953
391
-392
-395
-396
-398
-171
-181
-271
-371
-381
-311
-321
-361
-491
-591
-691
-791
-891
-991
418
-411
-412
-413
-414
-415
-416
-417
-419
-428
-438
-518
-528
-538
-618
-628
-638
-448
-458
-468
-478
-488
-498
-118
-218
-318
-718
-818
-918
522
-521
-523
-524
-525
-526
-527
-529
-422
-432
-512
-532
-612
-622
-632
-542
-552
-562
-572
-582
-592
-122
-222
-322
-722
-822
-922
551
-554
-555
-556
-557
-558
-559
-441
-451
-461
-541
-561
-641
-651
-661
-511
-531
-571
-581
-151
-251
-751
-851
-951
566
-563
-564
-565
-567
-568
-569
-446
-456
-466
-546
-646
-656
-666
-516
-536
-576
-586
-596
-166
-266
-366
-766
-866
-966
636
-631
-633
-634
-635
-637
-426
-436
-616
-626
-676
-686
-696
-136
-236
-736
-836
-936
654
-652
-655
-657
-658
-659
-444
-454
-464
-544
-644
-664
-614
-624
-674
-684
-254
-754
-854
-954
675
-671
-672
-673
-677
-678
-679
-475
-485
-495
-575
-585
-595
-685
-695
-615
-625
-645
-665
-175
-275
-375
-775
-875
-975
682
-681
-687
-688
-689
-472
-482
-492
-692
-642
-662
-182
-382
-782
-882
-982
693
-698
-699
-473
-493
-573
-593
-613
-623
-643
-663
-793
-893
-993
761
-762
-763
-764
-765
-767
-768
-769
-741
-841
-861
-941
-961
-711
-721
-731
-771
-781
-161
-261
826
-821
-823
-824
-825
-827
-828
-829
-716
-726
-816
-916
-926
-846
-856
-876
-886
-896
-126
-226
-326
834
-831
-832
-833
-835
-837
-838
-714
-724
-734
-814
-914
-924
-934
-844
-864
-874
-884
-234
-434
-534
868
-862
-863
-865
-867
-869
-748
-758
-848
-858
-948
-958
-968
-878
-888
-898
-168
-268
-368
-668
648
-649
-548
-148
-248
919
-911
-912
-913
-915
-917
-719
-729
-819
-929
-949
-959
-969
-979
-989
-999
-519
-619
933
-931
-932
-935
-937
-938
-713
-723
-733
-813
-923
-943
-963
-973
-133
-433
-533
463
-462
-465
-467
-469
-443
-543
-423
513
-514
-515
-517
424
-421
-425
-427
-429
629
-621
-627
-474
-484
611
-617
-431
667
-669
-457
-111
-211
-811
921
-925
-927
-928
-971
-981
-113
123
-121
-125
-127
-128
-221
-224
-324
727
-725
-728
-717
-737
-817
738
-732
-735
-757
-777
-787
-778
-788
-798
117
-112
-115
-116
-137
-138
-238
-967
946
-942
-944
-945
-746
-756
-956
-976
-986
-996
-146
-246
952
-955
-957
-742
-752
-842
-852
-962
857
-855
-859
-877
-887
-972
-992
-152
-252
-452
442
-445
-449
-142
-242
987
-984
-985
-988
-977
-487
-587
-245
-779
-149
-155
-215
-479
-785
-176
-259
-265
-278
-579
-789
-135
-745
-772
-189
-212
-315
-799
-178
-249
-276
-872
-885
165
-162
-169
-145
141
-241
244
-264
-364
-255
-365
362
-262
269
-159
-131
132
231
-232
-235
-312
-172
179
-279
272
-372
-185
385
-386
-388
-214
216
314
-316
225
-228
-325
328
-256
258
156
-158
-186
188
376
-378
-744
964
-965
-974
978
-998
995
-795
-895
-476
-776
-578
-879
-588
598
-599
489
-481
-486
471
-477
496
-499
577
-574
584
-589
437
-435
535
-537
455
-459
-545
549
845
-843
-849
743
-749
-755
759
-773
774
873
-871
881
-889
-784
786
-796
792
-892
899
-712
715
812
-815
