119
-111
-112
-113
-114
-115
-116
-117
-118
-129
-139
-219
-229
-239
-319
-329
-339
-149
-159
-169
-179
-189
-199
-419
-519
-619
-719
-819
-919
131
-132
-133
-134
-135
-136
-137
-138
-121
-211
-221
-231
-311
-321
-331
-141
-151
-161
-171
-181
-191
-431
-531
-631
-731
-831
-931
165
-162
-163
-164
-166
-167
-168
-145
-155
-245
-255
-265
-345
-355
-365
-125
-175
-185
-195
-465
-565
-665
-765
-865
-965
183
-182
-184
-186
-187
-188
-173
-193
-273
-283
-293
-373
-383
-393
-123
-143
-153
-483
-583
-683
-783
-883
-983
244
-241
-242
-243
-246
-247
-248
-249
-144
-154
-254
-264
-344
-354
-364
-214
-224
-234
-274
-284
-294
-444
-544
-644
-744
-844
-944
266
-261
-262
-263
-267
-268
-269
-146
-156
-256
-346
-356
-366
-216
-226
-236
-276
-286
-296
-466
-566
-666
-766
-866
-966
288
-281
-282
-285
-287
-289
-178
-198
-278
-298
-378
-388
-398
-218
-228
-238
-258
-488
-588
-688
-788
-888
-988
291
-292
-295
-297
-299
-271
-371
-381
-391
-251
-491
-591
-691
-791
-891
-991
326
-322
-323
-324
-325
-327
-328
-126
-316
-336
-376
-386
-396
-426
-526
-626
-726
-826
-926
399
-392
-394
-395
-397
-279
-379
-389
259
-252
-253
-257
-349
-359
-369
-459
-559
-659
-759
-859
-959
-499
-599
-699
-799
-899
-999
414
-411
-412
-413
-415
-416
-417
-418
-424
-434
-514
-524
-534
-614
-624
-634
-454
-464
-474
-484
-494
-314
-714
-814
-914
423
-421
-422
-425
-427
-428
-429
-433
-513
-523
-533
-613
-623
-633
-443
-453
-463
-473
-493
-223
-723
-823
-923
478
-471
-472
-475
-476
-477
-479
-498
-578
-598
-678
-698
-438
-448
-458
-468
-778
-878
-978
532
-535
-536
-537
-538
-539
-432
-512
-522
-612
-622
-632
-542
-552
-562
-572
-582
-592
-232
-332
-732
-832
-932
551
-553
-554
-555
-556
-557
-558
-441
-451
-461
-541
-561
-641
-651
-661
481
-482
-485
-486
-487
-489
-571
-581
-671
-681
-511
-521
-351
-751
-851
-951
-781
-881
-981
564
-563
-567
-568
-569
-654
-664
-574
-584
-594
-764
-864
-964
642
-643
-645
-646
-647
-648
-649
-442
-452
-462
-652
-662
492
-495
-496
-497
-672
-682
-692
-142
-342
-742
-842
-942
-192
-792
-892
-992
721
-722
-724
-725
-727
-728
-729
-711
-811
-821
-911
-921
-741
-761
-771
611
-615
-616
-617
-618
-621
735
-733
-734
-736
-737
-738
-739
-715
-815
-825
-835
-915
-925
-935
-745
-755
-775
-785
-795
-235
-335
-435
-635
777
-772
-773
-774
-776
-779
-787
-797
-877
-887
-897
-977
-987
-997
-717
-747
-757
-767
-177
-277
-377
-577
-677
784
-782
-786
-789
-794
-874
-884
-894
-974
-984
-994
-754
-384
-684
833
-834
-836
-837
-838
-839
-713
-813
-913
-933
-843
-853
-863
-873
-893
-233
237
-127
-217
-227
-317
-337
213
-212
-215
-313
-333
-437
-637
-937
848
-841
-845
-846
-847
-849
-748
-758
-768
-858
-868
-948
-958
-968
-818
-828
-898
-148
147
-157
-347
-357
-367
-197
387
-382
-385
-447
-547
-947
-348
-548
-587
-687
973
-971
-972
-975
-976
-979
871
-872
-875
-876
-879
-793
-993
-861
-943
-953
-963
-573
-673
989
-982
-985
-986
882
-885
-886
-889
-812
-822
-852
-862
-929
-939
829
-824
-827
854
-855
-856
-857
-954
895
-896
-995
816
-817
-716
-916
-936
867
-869
-957
-967
-949
-969
-516
-529
-629
-467
469
-449
-549
-669
457
-455
-456
-657
-667
445
-446
-545
-655
436
-439
-636
639
-638
-679
-689
-945
955
-952
-956
749
-743
-746
-769
579
-575
-576
-589
-595
-695
-696
-928
-318
-362
-596
-122
-174
-353
372
-374
-375
-172
176
-272
275
194
-196
152
-158
-352
358
-368
-124
128
334
-338
222
-225
-312
315
-515
-922
924
-927
-934
938
917
-912
-918
712
-718
-752
-762
763
962
-961
941
-946
-753
756
-796
798
996
-998
-517
518
-528
-628
-341
343
361
-363
-543
546
-656
593
-597
-693
697
-694
674
-675
-676
-586
585
-685
686
-525
527
625
-627
653
-658
-663
668
