127
-121
-122
-123
-124
-125
-126
-128
-129
-117
-137
-217
-227
-237
-317
-327
-337
-147
-157
-167
-177
-187
-197
-427
-527
-627
-727
-827
-927
134
-131
-132
-133
-135
-136
-138
-139
-114
-214
-224
-234
-314
-324
-334
-144
-154
-164
-174
-184
-194
-434
-534
-634
-734
-834
-934
158
-151
-152
-153
-155
-156
-159
-148
-168
-248
-258
-268
-348
-358
-368
-118
-178
-188
-198
-458
-558
-658
-758
-858
-958
161
-162
-163
-165
-166
-169
-141
-241
-251
-261
-341
-351
-361
-111
-171
-181
-191
-461
-561
-661
-761
-861
-961
255
-252
-253
-254
-256
-257
-259
-145
-245
-265
-345
-355
-365
-215
-225
-235
-275
-285
-295
-455
-555
-655
-755
-855
-955
266
-262
-263
-264
-267
-269
-146
-246
-346
-356
-366
-216
-226
-236
-276
-286
-296
-466
-566
-666
-766
-866
-966
289
-281
-282
-283
-284
-287
-288
-179
-189
-199
-279
-299
-379
-389
-399
-219
-229
-239
-249
-489
-589
-689
-789
-889
-989
344
-342
-343
-347
-349
-244
-354
-364
-374
-384
-394
-444
-544
-644
-744
-844
-944
383
-381
-382
-385
-386
-387
-388
-173
-183
-193
-273
-293
-373
-393
-313
-323
-333
-353
-363
-483
-583
-683
-783
-883
-983
449
-441
-442
-443
-445
-446
-447
-448
-459
-469
-549
-559
-569
-649
-659
-669
-419
-429
-439
-479
-499
-149
119
-112
-113
-115
-116
-319
-329
-339
143
-142
-243
-519
-619
-719
-819
-919
-543
-643
-743
-843
-943
-749
-849
-949
491
-492
-493
-494
-495
-496
-497
-498
-471
-481
-571
-581
-591
-671
-681
-691
-411
-421
-431
-451
-291
-391
-791
-891
-991
537
-531
-532
-533
-535
-536
-538
-539
-417
-437
-517
-617
-637
-547
-557
-567
-577
-587
-597
-737
-837
-937
565
-562
-563
-564
-568
-465
-545
-645
-665
-515
-525
-575
-585
-595
-765
-865
-965
573
-572
-574
-576
-578
-579
-473
-593
-673
-693
-513
-523
-553
-773
-873
-973
636
-631
-632
-633
-635
-638
-639
-416
-426
-436
-516
-526
-616
-626
-646
-656
-676
-686
-696
-336
-736
-836
-936
752
-751
-753
-754
-756
-757
-759
-742
-762
-842
-852
-862
-942
-952
-962
-712
-722
-732
-772
-782
-792
-352
-452
-552
-652
823
-821
-822
-824
-825
-826
-828
-829
-713
-723
-733
-813
-833
-913
-923
-933
-853
-863
-893
-223
-423
-623
872
-871
-874
-875
-876
-877
-878
-879
-882
-892
-972
-982
-992
-812
-832
-172
-272
-372
-472
-672
881
-884
-885
-886
-887
-888
-771
-781
-971
-981
-811
-831
-841
-851
897
-894
-895
-896
-898
-899
-777
-787
-797
-977
-987
-997
-817
-847
-857
-867
-297
-397
-697
948
-941
-945
-946
-947
-748
-768
-848
-868
-968
-918
-928
-938
-978
-988
-998
-548
-648
959
-951
-953
-954
-956
-957
741
-745
-746
-747
845
-846
856
-854
-859
-769
-869
864
-764
-964
-969
-711
-721
-731
-814
-815
-835
-816
818
-718
-728
-738
-838
839
-729
-739
735
-715
-725
-915
-925
-935
-929
-939
-775
-785
-795
-979
-999
-218
-318
-418
-518
-618
-335
-435
-541
-641
546
-542
-456
-556
-586
-596
-359
357
-247
242
-362
-367
369
-212
-222
-232
-292
277
-271
-274
-278
371
-375
-376
-377
-378
294
-298
398
-392
-395
-396
-311
-321
-331
-328
-338
332
-312
-322
-432
-932
931
-911
-921
-231
-642
647
-457
-467
-657
-667
-677
-687
-464
-664
-477
487
-482
-484
-485
-486
-488
476
-474
-475
-478
-176
175
-185
-195
-675
-975
-776
-976
974
-774
-784
-794
-984
-994
-914
-924
-674
-594
-694
-598
-698
-798
996
-993
-995
793
-796
-799
985
-986
-786
788
-778
779
-763
767
963
-967
-717
917
-912
-916
922
-926
-422
-522
-622
-463
-663
678
-679
-588
-688
528
-521
-524
-529
-428
-438
433
-413
-613
-628
629
-621
-624
-625
-453
454
653
-651
-654
551
-554
-414
-424
425
-415
412
-512
-612
-615
-462
468
662
-668
-511
514
611
-614
-584
582
-592
599
-682
-692
684
-685
695
-699
-211
213
221
-228
-233
238
-714
716
724
-726
315
-316
-325
326
-182
186
192
-196
