126
-121
-122
-123
-124
-125
-127
-128
-129
-116
-136
-216
-226
-236
-316
-326
-336
-146
-156
-166
-176
-186
-196
-426
-526
-626
-726
-826
-926
157
-151
-152
-153
-154
-155
-158
-159
-147
-167
-247
-257
-267
-347
-357
-367
-117
-137
-177
-187
-197
-457
-557
-657
-757
-857
-957
215
-211
-212
-213
-214
-217
-218
-219
-115
-135
-225
-235
-315
-325
-335
-245
-255
-265
-275
-285
-295
-415
-515
-615
-715
-815
-915
263
-261
-262
-264
-266
-268
-269
-143
-163
-243
-253
-343
-353
-363
-223
-233
-273
-283
-293
-463
-563
-663
-763
-863
-963
276
-271
-272
-274
-277
-278
-279
-286
-296
-376
-386
-396
-246
-256
-476
-576
-676
-776
-876
-976
291
-292
-294
-297
-298
-299
-171
-181
-191
-281
-371
-381
-391
-221
-231
-241
-251
-491
-591
-691
-791
-891
-991
314
-311
-312
-313
-317
-318
-319
-114
-134
-224
-234
-324
-334
-344
-354
-364
-374
-384
-394
-414
-514
-614
-714
-814
-914
389
-382
-383
-385
-387
-388
-179
-189
-199
-289
-379
-399
-329
-339
-349
-359
-369
-489
-589
-689
-789
-889
-989
429
-421
-422
-423
-424
-425
-427
-428
-419
-439
-519
-529
-539
-619
-629
-639
-449
-459
-469
-479
-499
-229
-729
-829
-929
434
-431
-432
-433
-435
-436
-437
-438
-524
-534
-624
-634
-444
-454
-464
-474
-484
-494
-734
-834
-934
452
-451
-453
-455
-456
-458
-442
-462
-542
-552
-562
-642
-652
-662
-412
-472
-482
-492
-252
-352
-752
-852
-952
487
-481
-483
-485
-486
-488
-477
-497
-577
-587
-597
-677
-687
-697
-417
-447
-467
-287
-787
-887
-987
518
-511
-512
-513
-516
-517
-418
-528
-538
-618
-628
-638
-548
-558
-568
-578
-588
-598
-118
-718
-818
-918
594
-592
-593
-595
-596
-599
-574
-584
-674
-684
-694
-544
-554
-564
-194
-794
-894
-994
637
-631
-632
-633
-635
-636
-527
-537
-617
-627
-647
-667
-237
227
-222
-228
-327
-337
-727
-827
-927
-737
-837
-937
656
-651
-653
-654
-655
-658
-659
-446
-466
-546
-556
-566
-646
-666
-616
-686
-696
-356
-756
-856
-956
675
-671
-672
-673
-678
-679
-475
-495
-575
-585
-685
-695
-625
-645
-665
-175
-375
-775
-875
-975
813
-811
-812
-816
-817
-819
-713
-723
-733
-823
-833
-913
-923
-933
-843
-853
-873
-883
-893
-113
-413
-613
841
-842
-844
-845
-846
-847
-848
-849
-741
-751
-761
-851
-861
-941
-951
-961
-821
-831
-871
-881
-141
-341
-441
-541
-641
864
-862
-865
-866
-867
-868
-869
-744
-754
-764
-854
-944
-954
-964
-824
-874
-884
254
-258
-259
-144
-164
-244
-284
644
-643
-648
-649
-664
917
-911
-912
-916
-919
-717
-947
-967
-977
-997
925
-921
-922
-924
-928
724
-721
-722
-725
-728
-735
-825
-835
-935
-774
-784
-945
-955
-965
-985
-995
-525
535
-531
-532
-533
-536
416
-411
-496
586
-581
-582
-583
-545
-555
-565
-716
-786
-886
-986
936
-931
-932
-938
-939
-736
-836
896
-892
-895
-897
-898
-899
-796
-996
877
-872
-878
-879
-777
-797
-946
-966
-377
397
-392
-393
-395
-398
-799
-788
-782
-192
173
-172
-174
-178
-183
-193
-373
184
-182
-185
-188
195
-198
-133
-145
-165
333
-331
-332
-338
-323
-473
-573
-773
-973
974
-971
-972
-978
-979
-984
981
-982
-983
-988
-771
-781
-681
-795
-769
-768
-748
792
-793
-798
-772
-882
-992
-712
-732
-742
-762
-692
-969
-168
161
-162
-169
-351
-361
-111
-131
321
-322
-328
-521
-621
611
-612
-661
-711
719
731
-738
-739
-839
-749
-759
-779
778
-888
885
-785
783
-993
-998
999
-743
-753
-758
755
-745
-765
-855
859
-858
-949
-959
112
-119
-132
-232
-142
828
-822
832
-838
551
-553
-559
-461
-561
471
-478
-571
953
-958
-943
-355
358
-148
149
-248
-348
-368
-249
242
-342
-362
138
-139
-238
239
-282
288
372
-378
-942
948
962
-968
-448
-549
-572
579
682
-683
-688
-699
522
-523
-622
623
543
-547
-443
445
-465
468
567
-569
-668
669
493
-498
-693
698
-345
346
365
-366
-746
747
766
-767
