137
-131
-132
-133
-134
-135
-136
-138
-139
-117
-127
-217
-227
-237
-317
-327
-337
-147
-157
-167
-177
-187
-197
-437
-537
-637
-737
-837
-937
183
-181
-182
-184
-185
-186
-188
-189
-173
-193
-273
-283
-293
-373
-383
-393
-113
-123
-143
-153
-163
-483
-583
-683
-783
-883
-983
225
-221
-222
-223
-224
-226
-228
-229
-115
-125
-215
-235
-315
-325
-335
-245
-255
-265
-275
-285
-295
-425
-525
-625
-725
-825
-925
269
-261
-262
-263
-264
-266
-267
-268
-149
-159
-169
-249
-259
-349
-359
-369
-219
-239
-279
-289
-299
-469
-569
-669
-769
-869
-969
291
-292
-294
-296
-297
-298
-171
-191
-271
-281
-371
-381
-391
-211
-231
-241
-251
-491
-591
-691
-791
-891
-991
319
-311
-312
-313
-314
-316
-318
-119
-129
-329
-339
-379
-389
-399
-419
-519
-619
-719
-819
-919
422
-421
-423
-424
-426
-427
-428
-429
-412
-432
-512
-522
-532
-612
-622
-632
-442
-452
-462
-472
-482
-492
-122
-322
-722
-822
-922
515
-511
-513
-514
-516
-517
-518
-415
-435
-535
-615
-635
-545
-555
-565
-575
-585
-595
-715
-815
-915
553
-551
-552
-554
-556
-557
-558
-559
-443
-453
-463
-543
-563
-643
-653
-663
-523
-533
-573
-593
-253
-353
-753
-853
-953
582
-581
-584
-586
-587
-588
-589
-572
-592
-672
-682
-692
-542
-562
-282
-382
-782
-882
-982
599
-594
-596
-597
-598
-479
-489
-499
-579
-679
-689
-699
-529
-539
-549
-199
179
-172
-174
-175
-176
-178
-779
-879
-979
-799
-899
-999
628
-621
-623
-624
-626
-627
-629
-418
-438
-528
-538
-618
-638
-648
-658
-668
-678
-688
-698
-128
-328
-728
-828
-928
657
-651
-652
-654
-655
-656
-659
-447
-457
-467
-547
-567
-647
-667
-617
-677
-687
-697
-257
-357
-757
-857
-957
664
-661
-662
-665
-666
642
-641
-644
-645
-646
-649
-444
-454
-464
-544
-564
-614
-634
-674
-684
-694
639
-631
-633
-636
-439
-739
-839
-939
-142
-242
-342
-742
-842
-942
-164
-364
-764
-864
-964
671
-673
-675
-676
-471
-481
-571
-681
-611
-771
-871
-971
693
-695
-696
-473
-493
-613
616
-416
-436
-526
-536
685
-686
-475
-485
-495
-116
-216
-716
-816
-916
-385
-785
-885
-985
-793
-893
-993
744
-741
-743
-745
-746
-747
-748
-749
-754
-844
-854
-944
-954
-714
-724
-734
-774
-784
-794
-144
-244
-344
768
-761
-762
-763
-765
-766
-767
-758
-848
-858
-868
-948
-958
-968
-718
-738
-778
-788
-798
-168
-368
-468
-568
832
-831
-833
-834
-835
-836
-838
-712
-732
-812
-912
-932
-852
-862
-872
-892
-232
-332
896
-894
-895
-897
-898
-776
-786
-796
-876
-886
-976
-986
-996
-826
-846
-856
-866
-196
-396
-496
951
-952
-955
-956
-959
-751
-841
-851
-861
-941
-961
-911
-921
-931
-981
-151
-351
-451
965
-962
-963
-966
-967
752
-755
-756
-759
-845
-855
859
-865
-945
946
-943
-947
-949
-849
-772
-792
875
-873
-874
-877
-878
-775
-795
797
-975
-995
-777
773
-973
-787
-887
-977
-987
-997
-713
-723
-733
735
-731
-736
-935
726
-721
-727
-729
-926
-936
-717
711
-811
-821
-781
789
881
-884
-888
-889
-989
818
-813
-814
-817
-918
-938
824
-823
-827
-829
-914
-924
-934
933
-913
917
-923
-927
929
-111
-411
-417
527
-521
-524
-577
-118
-218
323
-321
-324
-326
-213
-233
-333
243
-246
-247
-248
-343
-363
413
-414
-433
121
-124
-126
-331
-141
-161
-843
847
863
-867
-146
-346
-446
-546
-347
367
-361
-362
-365
-366
341
-345
-348
-377
-387
-397
-441
-541
548
-448
-458
-578
-148
145
-155
-165
-355
-195
-445
449
-459
-152
-252
-352
162
-166
-112
114
212
-214
-234
-334
-192
-154
-194
198
-278
-288
-378
-388
-398
156
-158
-256
-356
-272
455
-456
-465
-375
395
-392
-394
372
-374
-376
-972
992
-994
-998
494
-497
-498
-474
-484
-574
576
-476
-486
-434
431
-531
534
-461
466
561
-566
-276
978
-974
984
-988
274
-277
-284
-384
386
-286
287
-254
258
354
-358
236
-238
-336
338
477
-478
-487
488
