144
-141
-142
-143
-145
-146
-147
-148
-149
-154
-164
-244
-254
-264
-344
-354
-364
-114
-124
-134
-174
-184
-194
-444
-544
-644
-744
-844
-944
167
-161
-162
-163
-165
-166
-168
-169
-157
-247
-257
-267
-347
-357
-367
-117
-127
-137
-177
-187
-197
-467
-567
-667
-767
-867
-967
191
-192
-193
-195
-196
-198
-199
-171
-181
-271
-281
-291
-371
-381
-391
-111
-121
-131
-151
-491
-591
-691
-791
-891
-991
217
-211
-212
-213
-214
-215
-216
-218
-219
-227
-237
-317
-327
-337
-277
-287
-297
-417
-517
-617
-717
-817
-917
249
-241
-242
-243
-245
-246
-248
-159
-259
-269
-349
-359
-369
-229
-239
-279
-289
-299
-449
-549
-649
-749
-849
-949
255
-251
-252
-253
-256
-258
-155
-265
-345
-355
-365
-225
-235
-275
-285
-295
-455
-555
-655
-755
-855
-955
288
-282
-283
-284
-286
-178
-188
-278
-298
-378
-388
-398
-228
-238
-268
-488
-588
-688
-788
-888
-988
312
-311
-313
-314
-315
-316
-318
-319
-112
-122
-132
-222
-232
-322
-332
-342
-352
-362
-372
-382
-392
-412
-512
-612
-712
-812
-912
375
-373
-374
-376
-377
-379
-175
-185
-385
-395
-325
-335
-475
-575
-675
-775
-875
-975
461
-462
-463
-464
-465
-466
-468
-469
-441
-451
-541
-551
-561
-641
-651
-661
-411
-421
-431
-471
-481
-261
-361
-761
-861
-961
478
-472
-473
-474
-476
-477
-479
-498
-578
-598
-678
-698
-418
-428
-438
-448
-458
-778
-878
-978
515
-511
-513
-514
-516
-518
-519
-415
-425
-435
-525
-535
-615
-625
-635
-545
-565
-585
-595
-115
-715
-815
-915
564
-562
-563
-566
-568
-569
-454
-554
-654
-664
-524
-534
-574
-584
-594
-764
-864
-964
589
-581
-582
-583
-586
-587
-489
-499
-579
-599
-679
-689
-699
-529
-539
-559
-189
-389
-789
-889
-989
622
-621
-623
-624
-626
-627
-628
-629
-422
-432
-522
-532
-632
-642
-652
-662
-672
-682
-692
-722
-822
-922
656
-653
-657
-658
-659
-446
-456
-546
-556
-646
-666
-616
-636
-676
-686
-696
-156
-356
-756
-856
-956
695
-693
-694
-697
-485
-495
-685
445
-442
-443
-447
-645
-665
-745
-845
-945
-795
-895
-995
819
-811
-813
-814
-816
-818
-719
-729
-739
-829
-839
-919
-929
-939
-859
-869
-879
-899
-119
-419
-619
828
-821
-823
-824
-825
-826
-827
-718
-728
-738
-838
-918
-928
-938
-848
-858
-868
-898
-128
-328
-528
866
-862
-863
-865
-746
-766
-846
-946
-966
-836
-876
-886
-896
346
-341
-343
-348
351
-353
-358
-266
-366
-321
-331
-326
-336
-386
-396
-751
-851
-951
883
-881
-882
-884
-885
-887
-773
-783
-793
-873
-893
-973
-983
-993
-833
-843
-853
835
-831
-832
-834
-837
-725
-735
-925
-935
125
-123
-126
-129
-135
-183
-383
-483
-683
911
-913
-914
-916
-711
-721
-731
-921
-931
-941
-971
-981
-611
947
-942
-943
-948
-747
-757
-847
-857
-957
-927
-937
-977
-987
-997
-547
-647
954
-952
-953
-958
-959
-754
-854
852
-742
-752
-762
-842
841
-741
-962
-871
-872
-892
-924
-934
-974
-984
-994
542
-543
-548
-452
-552
-572
-592
-152
262
-263
-272
-292
433
-434
-436
-437
-439
-413
-423
-523
-533
-613
-633
-453
-493
-133
-233
-333
-733
-933
-799
-293
387
-384
-397
-487
-687
-787
796
-792
-794
-797
-798
-776
-786
-976
-986
-996
998
-992
-999
-716
-726
-736
-968
492
-494
-496
-497
-482
-296
294
-274
-394
-224
-234
-894
897
-777
-877
874
-774
-784
-674
-596
-597
593
-573
-673
-553
-393
399
-179
139
-136
-138
-329
-339
429
-424
-426
-427
-639
457
-459
-557
558
-648
643
-663
-668
669
-538
-743
748
-758
-768
-158
153
-363
368
-113
-173
273
-276
118
-116
-338
334
-324
323
-223
713
-714
-723
-923
926
-936
932
-732
-753
759
-769
-969
-763
765
963
-965
-785
985
-982
-779
979
-972
416
-414
-526
-536
484
-486
-684
681
-571
-671
677
576
-577
-631
-637
614
-618
-634
638
724
-727
-734
737
-226
221
-231
236
-521
527
531
-537
771
-772
-781
782
172
-176
-182
186
