139
-131
-132
-133
-134
-135
-136
-137
-138
-119
-129
-219
-229
-239
-319
-329
-339
-149
-159
-169
-179
-189
-199
-439
-539
-639
-739
-839
-939
164
-161
-162
-163
-165
-166
-167
-168
-144
-154
-244
-254
-264
-344
-354
-364
-114
-124
-174
-184
-194
-464
-564
-664
-764
-864
-964
172
-171
-173
-175
-176
-177
-178
-182
-192
-272
-282
-292
-372
-382
-392
-112
-122
-142
-152
-472
-572
-672
-772
-872
-972
187
-181
-183
-185
-186
-188
-197
-277
-287
-297
-377
-387
-397
-117
-127
-147
-157
-487
-587
-687
-787
-887
-987
214
-211
-212
-213
-215
-216
-217
-218
-224
-234
-314
-324
-334
-274
-284
-294
-414
-514
-614
-714
-814
-914
296
-291
-293
-295
-298
-299
-196
-276
-286
-376
-386
-396
-226
-236
-246
-256
-266
-496
-596
-696
-796
-896
-996
342
-341
-343
-345
-346
-347
-348
-349
-242
-252
-262
-352
-362
-312
-322
-332
-442
-542
-642
-742
-842
-942
437
-431
-432
-433
-434
-435
-436
-438
-417
-427
-517
-527
-537
-617
-627
-637
-447
-457
-467
-477
-497
-237
-337
-737
-837
-937
486
-481
-482
-483
-484
-485
-488
-489
-476
-576
-586
-676
-686
-416
-426
-446
-456
-466
-786
-886
-986
521
-522
-523
-524
-525
-526
-528
-529
-411
-421
-511
-531
-611
-621
-631
-541
-551
-561
-571
-581
-591
-121
-221
-321
-721
-821
-921
548
-543
-544
-545
-546
-547
-549
-448
-458
-468
-558
-568
-648
-658
-668
-518
-538
-578
-588
-598
-148
-248
-748
-848
-948
583
-582
-584
-585
-589
-473
-493
-573
-593
-673
-683
-693
-513
-533
-553
-563
-283
-383
-783
-883
-983
632
-633
-634
-635
-636
-638
-412
-422
-512
-532
-612
-622
-652
-662
-682
-692
-232
222
-223
-225
-227
-228
-722
-822
-922
-732
-832
-932
654
-651
-653
-655
-656
-657
-659
-444
-454
-554
-644
-624
-674
-684
-694
-754
-854
-954
671
-675
-677
-678
-679
-471
-491
-681
-691
-641
-661
-271
-371
-771
-871
-971
725
-723
-724
-726
-727
-728
-729
-715
-735
-815
-825
-835
-915
-925
-935
-745
-755
-765
-775
-785
-795
-125
-325
-425
-625
751
-752
-753
-756
-757
-758
-759
-741
-761
-841
-851
-861
-941
-951
-961
-711
-731
-781
-791
-151
-251
-351
-451
778
-773
-774
-776
-777
-779
-788
-798
-878
-888
-898
-978
-988
-998
-718
-738
-768
-278
-378
-478
838
-831
-833
-834
-836
-818
-828
-918
-928
-938
-858
-868
-238
-338
845
-843
-844
-846
-847
-849
-855
-865
-945
-955
-965
-875
-885
-895
-145
-245
-445
-645
856
-852
-853
-857
-859
-746
-766
-866
-946
-956
-966
-816
-826
-876
976
-973
-974
-975
-977
-979
-916
-926
-936
-156
-356
-556
869
-862
-863
-867
-749
-769
-949
-959
-969
-819
-829
-879
-889
-899
-269
-369
-469
-569
-669
924
-923
-927
-929
-734
-824
-934
-944
744
-743
-747
-784
-794
-984
-994
-424
534
-535
-536
-574
-594
968
-962
-963
-967
-958
-268
-368
999
-991
-992
-993
-995
-997
985
-981
-982
-989
-789
782
-792
-882
-892
-799
-712
-762
952
-953
-957
719
-713
-716
-717
736
-733
-919
812
-811
-813
-817
-912
-419
-519
-619
-336
-452
-552
-285
-385
-685
-399
-499
-599
-699
-313
-363
355
-353
-357
-358
-359
-155
-255
-265
-365
-315
-335
-375
-395
235
-231
-233
-115
195
-191
-193
-198
-275
-455
-555
-495
-595
-695
-243
-463
-323
-567
-318
-613
-628
-116
143
-141
-146
-153
158
-253
-263
366
-361
-367
-258
111
-113
-118
-311
-331
333
-123
126
-128
-316
317
-326
-327
328
273
-279
-373
-393
288
-281
-289
-388
-398
-911
931
-933
-917
913
-823
827
-877
-897
797
-793
763
-767
-943
947
-413
-626
-428
-443
-643
646
-647
-649
-566
-666
516
-515
-616
-247
453
-459
-663
-423
429
623
-629
-449
441
-461
559
-557
667
-665
-479
-579
689
-688
615
-618
-415
418
-498
698
-697
-241
249
261
-267
257
-259
-873
874
893
-891
-894
881
-884
-374
379
-389
-474
475
494
-492
592
-597
-575
577
462
-465
-562
565
-381
384
391
-394
