152
-151
-153
-154
-155
-156
-157
-158
-159
-142
-162
-242
-252
-262
-342
-352
-362
-112
-122
-132
-172
-182
-192
-452
-552
-652
-752
-852
-952
233
-231
-232
-234
-235
-236
-237
-238
-239
-113
-123
-133
-213
-223
-313
-323
-333
-243
-253
-263
-273
-283
-293
-433
-533
-633
-733
-833
-933
241
-244
-245
-246
-247
-248
-249
-141
-161
-251
-261
-341
-351
-361
-211
-221
-271
-281
-291
-441
-541
-641
-741
-841
-941
264
-265
-266
-267
-268
-269
-144
-164
-254
-344
-354
-364
-214
-224
-274
-284
-294
-464
-564
-664
-764
-864
-964
297
-292
-295
-296
-298
-299
-177
-187
-197
-277
-287
-377
-387
-397
-217
-227
-257
-497
-597
-697
-797
-897
-997
324
-321
-322
-325
-326
-327
-328
-329
-114
-124
-134
-314
-334
-374
-384
-394
-424
-524
-624
-724
-824
-924
367
-363
-365
-366
-368
-369
-147
-167
-347
-357
-317
-337
-467
-567
-667
-767
-867
-967
376
-371
-372
-373
-375
-378
-379
-176
-186
-196
-276
-286
-386
-396
-316
-336
-346
-356
-476
-576
-676
-776
-876
-976
434
-431
-432
-435
-436
-437
-438
-439
-414
-514
-534
-614
-634
-444
-454
-474
-484
-494
-734
-834
-934
448
-442
-443
-445
-446
-447
-449
-458
-468
-548
-558
-568
-648
-658
-668
-418
-428
-478
-488
-498
-148
-348
-748
-848
-948
499
-491
-492
-493
-495
-496
-479
-489
-579
-589
-599
-679
-689
-699
-419
-429
-459
-469
-199
-399
-799
-899
-999
516
-511
-512
-513
-515
-517
-518
-519
-416
-426
-526
-536
-616
-626
-636
-546
-556
-566
-586
-596
-116
-216
-716
-816
-916
598
-591
-592
-593
-594
-595
-578
-588
-678
-688
-698
-528
-538
-198
-398
-798
-898
-998
656
-651
-653
-654
-655
-657
-659
-456
-466
-646
-666
486
-481
-482
-483
-485
-487
-686
-696
-256
226
-222
-225
-228
-229
-126
-136
-726
-826
-926
-756
-856
-956
-786
-886
-986
677
-671
-672
-673
-674
-675
-477
-577
-587
-687
-617
-627
-637
-647
-777
-877
-977
681
-682
-683
-684
-685
-471
-571
-581
-691
-611
-621
-631
-661
-181
-381
-781
-881
-981
743
-742
-744
-745
-746
-747
-749
-753
-763
-843
-853
-863
-943
-953
-963
-713
-723
-773
-783
-793
-143
-343
-543
-643
784
-782
-785
-787
-788
-789
-774
-794
-874
-884
-894
-974
-984
-994
-714
-754
-184
-584
819
-811
-812
-813
-814
-815
-817
-818
914
-911
-912
-913
-915
-917
-918
-919
-719
-729
-739
-829
-839
-929
-939
-849
-859
-869
-879
-889
-944
-954
-119
-219
-319
-619
851
-854
-855
-857
-858
-751
-761
-861
-951
-961
844
-842
-845
-846
-847
-821
-831
-871
-891
-544
-644
554
-551
-553
-555
-557
-559
-574
694
-692
-693
-695
-451
174
-171
-173
-175
-178
-179
-194
866
-862
-865
-868
-766
-946
-966
-836
-896
146
-145
-149
-166
925
-921
-922
-923
-927
-928
823
-822
-825
-827
-828
-715
-725
-735
-835
-935
-873
-883
-893
-945
-955
-965
-975
-985
-995
-423
-523
-623
-125
-425
-525
-625
957
-958
-959
-757
-947
-937
-987
887
-882
-885
-888
-837
547
-542
-545
-549
-457
-527
-537
979
-971
-972
-973
-978
-779
-989
-949
942
-762
-962
-932
-982
-992
-969
968
-758
-768
-938
-988
983
-993
-642
-168
771
-772
-775
-778
-791
-991
996
-796
878
-872
-875
-711
-721
-731
931
-936
736
-732
-737
-738
895
-892
792
-795
-712
-722
832
-838
-131
-331
-531
-332
-532
-632
137
-135
-138
-139
-117
-127
-278
-279
-183
-383
-583
-392
-195
-395
-111
115
-118
-215
-315
-335
-165
-185
-415
-615
-121
311
-312
-318
212
-218
191
-193
-391
393
163
-169
-353
-272
275
-285
-385
-282
382
-388
-389
-255
-411
-412
-612
453
-455
-463
-563
-663
-413
417
613
-618
-427
-473
573
-572
-575
-717
718
727
-728
472
-475
-582
585
-422
421
-521
-461
561
-562
-565
-569
-462
465
662
-665
-669
-645
649
522
-529
-622
-535
539
635
-638
-639
628
-629
-128
129
338
-339
188
-189
-288
289
258
-259
-358
345
-349
-355
359
755
-759
-765
769
