155
-151
-152
-153
-154
-156
-157
-158
-159
-145
-165
-245
-255
-265
-345
-355
-365
-115
-125
-135
-175
-185
-195
-455
-555
-655
-755
-855
-955
284
-281
-282
-283
-285
-286
-287
-288
-289
-174
-184
-194
-274
-294
-374
-384
-394
-214
-224
-234
-244
-254
-264
-484
-584
-684
-784
-884
-984
333
-331
-332
-334
-335
-336
-337
-338
-339
-113
-123
-133
-213
-223
-233
-313
-323
-343
-353
-363
-373
-383
-393
-433
-533
-633
-733
-833
-933
346
-341
-342
-344
-347
-348
-349
-146
-166
-246
-256
-266
-356
-366
-316
-326
-376
-386
-396
-446
-546
-646
-746
-846
-946
361
-362
-364
-367
-368
-369
-141
-161
-241
-251
-261
-351
-311
-321
-371
-381
-391
-461
-561
-661
-761
-861
-961
398
-392
-395
-397
-399
-178
-188
-198
-278
-298
-378
-388
-318
-328
-358
-498
-598
-698
-798
-898
-998
477
-471
-472
-473
-474
-475
-476
-478
-479
-487
-497
-577
-587
-597
-677
-687
-697
-417
-427
-437
-447
-457
-467
-177
-277
-377
-777
-877
-977
491
-492
-493
-494
-495
-496
-499
-481
-571
-581
-591
-671
-681
-691
-411
-421
-431
-441
-451
-191
-291
-791
-891
-991
522
-521
-523
-524
-525
-526
-527
-528
-529
-412
-422
-432
-512
-532
-612
-622
-632
-542
-552
-562
-572
-582
-592
-122
-222
-322
-722
-822
-922
551
-553
-554
-556
-557
-558
-559
-541
-641
-651
-511
-531
-751
-851
-951
578
-573
-574
-575
-576
-579
-488
-588
-678
-688
-518
-538
-548
-568
-778
-878
-978
627
-621
-623
-624
-625
-626
-628
-629
-517
-537
-617
-637
-647
-657
-667
-127
-227
-327
-727
-827
-927
669
-662
-663
-664
-665
-666
-668
-449
-459
-469
-549
-569
-649
-659
-619
-639
-679
-689
-699
-169
-269
-769
-869
-969
714
-711
-712
-713
-715
-716
-717
-718
-719
-724
-734
-814
-824
-834
-914
-924
-934
-744
-754
-764
-774
-794
-114
-314
-414
-514
-614
763
-762
-765
-766
-767
-768
-743
-753
-843
-853
-863
-943
-953
-963
-723
-773
-783
-793
-163
-263
-463
-563
866
-862
-864
-865
-867
-868
-756
-856
-956
-966
-816
-826
-836
-876
-886
-896
-466
-566
875
-871
-872
-873
-874
-879
-775
-785
-795
-885
-895
-975
-985
-995
-815
-825
-835
-845
-275
-375
-675
889
-881
-882
-883
-887
-888
-779
-789
-799
-899
-979
-989
-999
-819
-829
-839
-849
-859
-189
-389
-489
-589
599
-593
-594
-595
-596
-519
-539
-199
-299
925
-921
-923
-926
-928
-929
-725
-735
-915
-935
745
-741
-742
-747
-748
-749
-945
-965
-225
-325
-425
-445
-545
-645
939
-931
-932
-936
-937
-938
-729
-739
-919
759
-752
-757
-758
-949
-959
-139
-239
-439
-259
-359
967
-962
-964
-968
-847
-857
-947
-957
-917
-987
-997
-167
-267
-567
547
-543
-544
-147
-247
972
-971
-973
-974
-976
-772
-782
-792
-892
-982
-992
732
-731
-736
-737
-738
-812
-832
-912
-942
-952
-132
-232
-172
-272
-372
379
-179
-279
-319
-329
324
-124
-134
-354
-424
-672
674
-673
-676
-694
-634
-644
-654
996
-993
-994
894
-893
-897
983
-981
-986
-988
-776
771
-781
-786
-796
797
-787
788
-721
726
-728
-916
-844
-854
-913
-126
-226
-426
-171
-271
181
-182
-183
-186
-187
-111
-121
-131
-483
-583
513
-515
-516
-413
-423
-613
-813
823
-821
-828
221
-228
-229
-211
-231
-683
693
-692
-695
-696
-643
-653
387
-382
-385
295
-292
-293
-296
-297
192
-193
-196
-197
-112
-142
-162
-215
-235
315
-312
-317
212
-216
-217
-218
-219
-242
-252
-262
268
352
-357
257
-253
-258
-148
-168
164
-144
-248
-237
-238
236
-116
-136
176
-173
273
-276
143
-149
-243
249
-415
-615
-436
-536
586
-585
-486
-686
-636
-443
453
-452
-454
-456
-458
656
-652
-658
416
-418
-419
-616
429
-428
119
-117
-118
137
-138
128
-129
817
-811
-818
-837
-852
858
842
-841
-848
941
-944
-948
954
-958
831
-838
-911
918
611
-618
-631
-442
-642
648
462
-464
-465
-468
565
-564
444
-448
-482
485
682
-685
-434
534
-535
-435
438
635
-638
