124
-121
-122
-123
-125
-126
-127
-128
-129
-114
-134
-214
-224
-234
-314
-324
-334
-144
-154
-164
-174
-184
-194
-424
-524
-624
-724
-824
-924
131
-132
-133
-135
-136
-137
-138
-139
-111
-211
-221
-231
-311
-321
-331
-141
-151
-161
-171
-181
-191
-431
-531
-631
-731
-831
-931
148
-142
-143
-145
-146
-147
-149
-158
-168
-248
-258
-268
-348
-358
-368
-118
-178
-188
-198
-448
-548
-648
-748
-848
-948
226
-222
-223
-225
-227
-228
-229
-116
-216
-236
-316
-326
-336
-246
-256
-266
-276
-286
-296
-426
-526
-626
-726
-826
-926
272
-271
-273
-274
-275
-277
-278
-279
-172
-182
-192
-282
-292
-372
-382
-392
-212
-232
-242
-252
-262
-472
-572
-672
-772
-872
-972
312
-313
-315
-317
-318
-319
-112
-322
-332
-342
-352
-362
-412
-512
-612
-712
-812
-912
338
-333
-335
-337
-339
-218
-238
-328
-378
-388
-398
-438
-538
-638
-738
-838
-938
349
-341
-343
-344
-345
-346
-347
-159
-169
-249
-259
-269
-359
-369
-329
-379
-389
-399
-449
-549
-649
-749
-849
-949
432
-433
-434
-435
-436
-437
-439
-422
-522
-532
-622
-632
-442
-452
-462
-482
-492
-732
-832
-932
466
-461
-463
-464
-465
-467
-468
-469
-446
-456
-546
-556
-566
-646
-656
-666
-416
-476
-486
-496
-166
-366
-766
-866
-966
483
-481
-484
-485
-487
-488
-489
-473
-493
-573
-583
-593
-673
-683
-693
-413
-423
-443
-453
-183
-283
-383
-783
-883
-983
525
-521
-523
-527
-528
-529
-415
-425
-515
-535
-615
-625
-635
-545
-555
-565
-575
-585
-595
-325
-725
-825
-925
616
-611
-613
-614
-617
-618
-619
-516
-536
-636
-676
-686
-696
-716
-816
-916
679
-671
-674
-675
-677
-678
-479
-499
-579
-589
-599
-689
-699
-629
-639
-659
-669
-179
-779
-879
-979
692
-691
-694
-695
-697
-698
-582
-592
-682
-642
-652
-662
-792
-892
-992
717
-711
-713
-714
-715
-718
-719
-727
-737
-817
-827
-837
-917
-927
-937
-747
-757
-767
-777
-787
-797
-117
-217
-417
-517
754
-751
-752
-753
-755
-756
-758
-759
-744
-764
-844
-854
-864
-944
-954
-964
-734
-774
-784
-794
-254
-354
-454
-554
-654
776
-771
-773
-775
-778
-786
-796
-876
-886
-896
-976
-986
-996
-736
-746
-176
-376
-576
781
-782
-785
-788
-789
-791
-871
-881
-891
-971
-981
-991
-721
-741
-761
-281
-381
-581
-681
829
-821
-822
-823
-828
-729
-739
-819
-839
-919
-929
-939
-859
-869
-889
-899
-429
852
-851
-853
-855
-856
-857
-858
-742
-762
-842
-862
-942
-952
-962
722
-723
-728
-922
-882
982
-984
-985
-987
-988
-989
542
-541
-543
-544
-547
-552
-562
-152
162
-163
-165
-167
873
-874
-875
-877
-878
-793
-893
-973
-993
-813
-833
-843
-863
-173
-373
918
-911
-913
-914
-915
-818
-928
-958
-968
-978
-998
-418
-518
953
-951
-955
-956
-957
-959
-743
745
-763
-943
-963
-765
-845
-865
-945
-965
733
-735
-923
921
-811
-933
-795
-941
-961
-421
-621
-233
-533
-633
-245
-445
-645
-153
-253
-353
-553
-653
967
-969
-847
-867
-947
946
-846
841
-861
868
-768
769
798
-799
-888
-898
999
-994
-995
-997
836
-834
-835
-936
-977
-241
-441
-641
-267
-367
-567
-667
-568
-668
-569
-298
288
-284
-285
-287
-289
-588
-688
189
-185
-186
-187
-199
-299
-119
-498
-598
-397
-295
-457
594
-591
-596
-597
-474
-494
-574
-584
-684
586
-587
-514
-534
-564
-386
-294
-394
-894
-355
-451
-657
-195
-377
-361
-551
-255
-263
297
-291
-293
-177
175
-375
-385
-395
-197
-387
384
-374
371
-391
-115
113
-213
-323
327
-237
-193
196
393
-396
-155
-156
157
356
-351
-357
-247
-257
251
-261
243
-244
-363
264
-265
-364
365
-513
623
-627
-628
428
-427
-458
-478
578
-571
-577
563
-561
-643
-663
511
-519
-411
-558
658
-651
-655
661
-664
-665
455
-459
559
-557
-475
-495
685
-687
419
-414
634
-637
537
-539
444
-447
-644
647
814
-815
-934
935
-884
974
-975
215
-219
-235
239
-471
477
491
-497
-885
887
895
-897
