169
-161
-162
-163
-164
-165
-166
-167
-168
-149
-159
-249
-259
-269
-349
-359
-369
-119
-129
-139
-179
-189
-199
-469
-569
-669
-769
-869
-969
185
-181
-182
-183
-184
-186
-187
-188
-175
-195
-275
-285
-295
-375
-385
-395
-115
-125
-135
-145
-155
-485
-585
-685
-785
-885
-985
287
-281
-282
-283
-284
-286
-288
-289
-177
-197
-277
-297
-377
-387
-397
-217
-227
-237
-247
-257
-267
-487
-587
-687
-787
-887
-987
327
-321
-322
-323
-324
-325
-326
-328
-329
-117
-127
-137
-317
-337
-347
-357
-367
-427
-527
-627
-727
-827
-927
342
-341
-343
-344
-345
-346
-348
-142
-152
-242
-252
-262
-352
-362
-312
-332
-372
-382
-392
-442
-542
-642
-742
-842
-942
361
-363
-364
-365
-366
-368
-141
-151
-241
-251
-261
-351
-311
-331
-371
-381
-391
-461
-561
-661
-761
-861
-961
394
-393
-396
-398
-399
-174
-194
-274
-294
-374
-384
-314
-334
-354
-494
-594
-694
-794
-894
-994
498
-491
-492
-493
-495
-496
-497
-499
-478
-488
-578
-588
-598
-678
-688
-698
-418
-428
-438
-448
-458
-468
-198
-298
-798
-898
-998
528
-521
-522
-523
-524
-525
-526
-529
-518
-538
-618
-628
-638
-548
-558
-568
-128
-228
-728
-828
-928
557
-551
-552
-553
-554
-555
-556
-559
-447
-457
-467
-547
-567
-647
-657
-667
-517
-537
-577
-597
-157
147
-143
-144
-146
-148
-747
-847
-947
-757
-857
-957
612
-611
-613
-614
-615
-616
-617
-619
-412
-422
-432
-512
-532
-622
-632
-652
-662
-672
-682
-692
-112
-212
-712
-812
-912
651
-653
-654
-655
-656
-658
-659
-441
-451
-541
-641
-621
-631
-671
-681
-691
-751
-851
-951
695
-693
-696
-697
-699
-475
-575
-595
-675
-625
-635
-645
-665
-795
-895
-995
718
-711
-713
-714
-715
-716
-717
-719
-738
-818
-838
-918
-938
-748
-758
-768
-778
-788
-118
-218
-318
739
-731
-732
-733
-734
-735
-736
-737
-729
-819
-829
-839
-919
-929
-939
-749
-759
-779
-789
-799
-239
-339
-439
-539
-639
753
-752
-754
-755
-756
-743
-763
-843
-853
-863
-943
-953
-963
-723
-773
-783
-793
-153
-253
-353
-453
837
-831
-832
-833
-834
-835
-836
-817
-917
-937
-867
-877
-897
417
-411
-413
-414
-415
-416
-419
-437
-637
-477
677
-673
-674
-676
-679
-777
-977
858
-852
-854
-855
-856
-859
-848
-868
-948
-958
-968
-878
-888
-158
-258
-358
866
-862
-864
-865
-746
-766
-846
-946
-956
-966
-816
-826
-876
-886
-896
-266
-466
-566
-666
884
-881
-882
-883
-889
-774
-784
-874
-974
-984
-814
-824
-844
-484
-584
-684
891
-892
-893
-899
-771
-781
-791
-871
-971
-981
-991
-811
-821
-841
-191
-291
-591
934
-931
-932
-933
-935
-936
-724
-914
-924
-944
-954
-964
-134
-234
-434
-534
-634
989
-982
-983
-986
-988
978
-972
-973
-975
-976
-979
-879
-999
849
-845
-949
-959
-449
-549
-649
459
-452
-454
-455
-456
-429
-479
-489
952
-955
-762
-962
-922
-992
-178
138
-131
-132
-133
-136
-238
-338
232
-231
-233
-235
-236
-122
-222
-272
-292
-278
-378
388
-383
-386
-389
-589
-689
629
-623
-624
-626
-519
-229
996
-993
-997
873
-872
-875
775
-772
-776
-786
782
-792
-796
797
-722
822
-823
-825
-725
-745
-765
726
-721
-916
-926
741
-744
-941
945
764
-767
-965
967
-813
815
-915
-925
-215
-315
-515
-126
-226
-426
-245
-445
-545
-264
-464
-564
-664
644
-643
-646
-648
-444
-544
668
-663
-244
248
-243
-246
263
-265
-268
-213
-223
-273
-293
-463
-563
-173
-373
193
-192
-196
172
-171
-176
271
-276
-279
-113
-123
-211
-221
-471
-571
-472
-572
-473
-573
-482
462
-465
-562
565
-535
-582
592
-593
-596
-599
579
-574
-576
474
-476
-424
514
-511
-513
-516
-114
-214
376
-379
-296
299
-219
216
-116
111
-121
124
-224
225
-335
-316
-336
333
-313
319
-154
156
254
-255
-256
355
-356
-911
913
921
-923
-421
423
-425
-433
-533
-633
636
435
-431
-436
531
-536
481
-483
-486
-581
-443
446
543
-546
-583
586
683
-686
