164
-161
-162
-163
-165
-166
-167
-168
-169
-144
-154
-244
-254
-264
-344
-354
-364
-114
-124
-134
-174
-184
-194
-464
-564
-664
-764
-864
-964
182
-181
-183
-185
-186
-187
-188
-189
-172
-192
-272
-282
-292
-372
-382
-392
-112
-122
-132
-142
-152
-482
-582
-682
-782
-882
-982
218
-211
-212
-213
-214
-215
-216
-217
-219
-118
-128
-138
-228
-238
-318
-328
-338
-248
-258
-268
-278
-288
-298
-418
-518
-618
-718
-818
-918
267
-261
-262
-263
-265
-266
-269
-147
-157
-247
-257
-347
-357
-367
-227
-237
-277
-287
-297
-467
-567
-667
-767
-867
-967
334
-331
-332
-333
-335
-336
-337
-339
-224
-234
-314
-324
-374
-384
-394
-434
-534
-634
-734
-834
-934
353
-351
-352
-355
-356
-358
-359
-143
-153
-243
-253
-343
-363
-313
-323
-373
-383
-393
-453
-553
-653
-753
-853
-953
371
-375
-376
-377
-378
-379
-171
-191
-271
-281
-291
-381
-391
-311
-321
-341
-361
-471
-571
-671
-771
-871
-971
427
-421
-422
-423
-424
-425
-426
-428
-429
-417
-437
-517
-527
-537
-617
-627
-637
-447
-457
-477
-487
-497
-127
-327
-727
-827
-927
528
-521
-522
-523
-524
-525
-526
-529
-438
-538
-628
-638
-548
-558
-568
-578
-588
-598
-728
-828
-928
547
-541
-542
-543
-544
-545
-546
-549
-557
-647
-657
-577
-587
-597
-747
-847
-947
589
-581
-583
-584
-585
-586
-479
-489
-499
-579
-599
-679
-689
-699
-519
-539
-559
-569
-289
-389
-789
-889
-989
614
-611
-612
-613
-615
-616
-619
-414
-514
-624
-644
-654
-674
-684
-694
-714
-814
-914
623
-621
-622
-625
-626
-629
-413
-433
-513
-533
-633
-643
-663
-673
-683
-693
-123
-223
-723
-823
-923
665
-661
-662
-666
-668
-669
-445
-455
-465
-555
-565
-645
-655
-635
-675
-685
-695
-365
-765
-865
-965
672
-676
-677
-678
-472
-492
-572
-592
-692
-632
-642
-652
-772
-872
-972
759
-751
-752
-754
-755
-756
-757
-758
-749
-769
-849
-859
-869
-949
-959
-969
-719
-729
-739
-779
-799
-159
-259
-459
-659
813
-811
-812
-815
-816
-817
-819
-713
-733
-833
-913
-933
-843
-863
-873
-883
-893
-113
824
-821
-822
-825
-826
-829
-724
-924
-844
-854
-874
-884
-894
848
-841
-842
-845
-846
-748
-768
-858
-868
-948
-958
-968
-838
-878
-888
-898
-148
-348
-448
-648
851
-852
-855
-856
-857
-741
-761
-861
-941
-951
-961
957
-952
-954
-955
-956
-831
-881
-891
-917
-937
-977
-987
-997
-151
-251
-451
-551
-651
926
-921
-922
-925
-929
-716
-726
-736
-836
-916
-936
-946
-966
-976
-986
-996
-126
-226
-326
944
-942
-943
-945
-744
745
-742
-743
-746
-715
-725
-735
-775
-785
-795
-974
-984
-994
443
-441
-442
-444
-446
-449
-463
-563
-473
-483
-493
-145
-245
-345
963
-962
-763
-973
-983
-993
988
-981
-985
-778
-788
-798
-978
-998
738
-731
-732
-737
-938
-388
-488
-688
991
-992
-995
-999
-781
-791
-911
-931
-491
-591
-691
-196
-135
-496
-139
-175
-235
-276
-295
-466
-596
-239
-176
-436
-786
-797
-115
-199
-246
-319
395
-396
-397
-398
-399
-195
-275
-285
-385
-315
-325
368
-362
-366
-369
-158
-468
469
-461
-462
-649
-419
-439
639
-631
-636
-839
-939
919
-912
-915
932
-935
-712
-722
721
-711
717
-832
835
-837
-777
-787
-875
-885
-895
975
-979
-117
-317
137
-131
-133
-136
233
-231
-232
-236
-177
-197
387
-386
-273
-283
-293
-119
-121
-221
111
-116
316
-312
-141
241
-242
-249
-346
-411
-511
-416
-516
536
-531
-532
-535
431
-432
-435
-481
681
-686
-687
697
-696
-698
561
-562
-566
-641
646
-456
-556
-656
658
-458
-576
342
-349
-252
149
-146
156
-155
255
-256
125
-129
-225
-179
222
-229
-322
329
-475
-575
877
-876
-879
-887
886
-776
-796
-896
-897
899
-892
792
-793
-794
-762
766
862
-866
476
-474
-478
-486
498
-494
-495
178
-173
193
-198
279
-274
-299
783
-784
-773
774
573
-574
-593
485
-484
594
-595
454
-452
552
-554
412
-415
-512
515
284
-286
-294
296
