117
-111
-112
-113
-114
-115
-116
-118
-119
-127
-137
-217
-227
-237
-317
-327
-337
-147
-157
-167
-177
-187
-197
-417
-517
-617
-717
-817
-917
151
-152
-153
-154
-155
-156
-158
-159
-141
-161
-241
-251
-261
-341
-351
-361
-121
-131
-171
-181
-191
-451
-551
-651
-751
-851
-951
165
-162
-163
-164
-166
-168
-169
-145
-245
-255
-265
-345
-355
-365
-125
-135
-175
-185
-195
-465
-565
-665
-765
-865
-965
193
-192
-194
-196
-198
-199
-173
-183
-273
-283
-293
-373
-383
-393
-123
-133
-143
-493
-593
-693
-793
-893
-993
312
-311
-313
-314
-315
-316
-318
-319
-122
-132
-212
-222
-232
-322
-332
-342
-352
-362
-372
-382
-392
-412
-512
-612
-712
-812
-912
371
-374
-375
-376
-377
-378
-379
-271
-281
-291
-381
-391
-321
-331
-471
-571
-671
-771
-871
-971
388
-384
-385
-386
-387
-389
-178
-188
-278
-288
-298
-398
-328
-338
-348
-358
-368
-488
-588
-688
-788
-888
-988
395
-394
-396
-397
-399
-275
-285
-295
-325
-335
-495
-595
-695
-795
-895
-995
425
-421
-422
-423
-424
-426
-427
-428
-429
-415
-435
-515
-525
-535
-615
-625
-635
-445
-455
-475
-485
-225
-725
-825
-925
546
-541
-542
-543
-544
-545
-547
-548
-549
-446
-456
-466
-556
-566
-646
-656
-666
-516
-526
-536
-576
-586
-596
-146
-246
-346
-746
-846
-946
587
-581
-582
-583
-584
-585
-589
-477
-487
-497
-577
-597
-677
-687
-697
-527
-537
-557
-567
-287
-787
-887
-987
611
-613
-614
-616
-618
-619
-411
-431
-511
-521
-531
-621
-631
-641
-661
-681
-691
-211
-711
-811
-911
622
-623
-624
-626
-627
-628
-629
-432
-522
-532
-632
-642
-652
-662
-672
-682
-692
-722
-822
-922
637
-633
-634
-636
-638
-639
-437
-647
-657
-667
-737
-837
-937
674
-673
-675
-676
-678
-679
-474
-484
-494
-574
-594
-684
-694
-644
-654
-664
-174
-274
-774
-874
-974
685
-683
-686
-689
-575
555
-552
-553
-554
-558
-559
-645
-655
696
-698
-699
-476
-486
-496
-755
-855
-955
-785
-885
-985
-296
-796
-896
-996
724
-721
-723
-726
-727
-728
-729
-714
-734
-814
-824
-834
-914
-924
-934
-744
-754
-764
-784
-794
-124
-224
-324
-524
743
-741
-742
-745
-747
-748
-749
-753
-763
-843
-853
-863
-943
-953
-963
-713
-733
-773
-783
-243
-343
-443
-643
766
-761
-762
-767
-768
-769
-756
-856
-866
-956
-966
-716
-736
-776
-786
-266
-366
789
-781
-782
-779
-799
-879
-889
-899
-979
-989
-999
-719
-739
-759
-189
-289
-489
886
-881
-882
-883
-884
-876
-976
-986
-816
-826
-836
-186
-286
923
-921
-926
-927
-928
-929
-813
-823
-833
-913
-933
827
-821
-828
-829
873
-872
-875
-877
-878
-973
-983
-847
-857
-867
-897
221
-223
-226
-228
-229
-231
-323
-523
-473
-573
483
-481
-482
-413
-433
-453
-463
981
-982
-984
-791
-891
-991
731
-732
-735
-738
-831
-931
-941
-961
947
-942
-944
-945
-948
-949
845
-841
-842
-844
-848
-849
861
-862
-864
-868
-869
-757
-957
-967
-815
-835
-977
-997
441
-442
-444
-447
-448
-449
-461
-561
-491
591
-592
-598
-599
-247
-347
968
-962
-964
-969
-758
752
-852
-952
-858
-958
-772
-792
-918
-938
-978
-998
-252
-452
-268
-468
-568
-668
994
-992
-894
854
-859
-954
959
-919
-939
-254
-354
-454
-259
-359
-459
-659
-294
-239
-219
-236
-264
-272
-418
-439
269
-262
-263
-267
-149
-249
-349
344
-144
-244
-364
-369
-279
-299
179
-172
-176
276
-277
297
-292
-129
-139
-216
-256
356
-353
-357
-257
367
-363
253
-258
-213
-233
333
-334
-336
-339
329
-326
513
-514
-518
-519
-533
-563
126
-128
-136
528
-529
-438
-538
-578
649
-648
-469
-569
-669
663
-653
658
-458
457
-467
777
-775
-778
975
-972
892
-898
-797
798
715
-718
-915
916
-935
-936
932
-832
-215
235
-234
-238
-416
436
-434
478
-472
-479
-498
572
-579
-492
499
462
-464
-562
564
414
-419
-534
539
-214
218
134
-138
-184
182
-282
284
-142
148
242
-248
-818
819
838
-839
