156
-151
-152
-153
-154
-155
-157
-158
-159
-146
-166
-246
-256
-266
-346
-356
-366
-116
-126
-136
-176
-186
-196
-456
-556
-656
-756
-856
-956
225
-221
-222
-223
-224
-226
-227
-228
-229
-115
-125
-135
-215
-235
-315
-325
-335
-245
-255
-265
-275
-285
-295
-425
-525
-625
-725
-825
-925
279
-271
-272
-273
-274
-276
-277
-278
-179
-189
-199
-289
-299
-379
-389
-399
-219
-239
-249
-259
-269
-479
-579
-679
-779
-879
-979
287
-281
-282
-283
-284
-286
-288
-177
-187
-197
-297
-377
-387
-397
-217
-237
-247
-257
-267
-487
-587
-687
-787
-887
-987
332
-331
-333
-334
-336
-337
-338
-339
-112
-122
-132
-212
-232
-312
-322
-342
-352
-362
-372
-382
-392
-432
-532
-632
-732
-832
-932
365
-361
-363
-364
-367
-368
-369
-145
-165
-345
-355
-375
-385
-395
-465
-565
-665
-765
-865
-965
442
-441
-443
-444
-445
-446
-447
-448
-449
-452
-462
-542
-552
-562
-642
-652
-662
-412
-422
-472
-482
-492
-142
-242
-742
-842
-942
488
-481
-483
-484
-485
-486
-489
-478
-498
-578
-588
-598
-678
-688
-698
-418
-428
-438
-458
-468
-188
-388
-788
-888
-988
527
-521
-522
-523
-524
-526
-528
-529
-417
-427
-437
-517
-537
-617
-627
-637
-547
-557
-567
-577
-597
-127
-327
-727
-827
-927
534
-531
-533
-535
-536
-538
-539
-414
-424
-434
-514
-614
-624
-634
-544
-554
-564
-574
-584
-594
-134
-234
-734
-834
-934
628
-621
-622
-623
-626
-629
-518
-618
-638
-648
-658
-668
-128
-328
-728
-828
-928
635
-631
-633
-636
-639
-415
-435
-515
-615
-645
-655
-675
-685
-695
-735
-835
-935
654
-651
-653
-657
-659
-454
-464
-644
-664
-674
-684
-694
-254
-354
-754
-854
-954
672
-671
-673
-676
-677
-572
-582
-592
-682
-692
512
-511
-513
-516
-519
-612
-712
-812
-912
-172
-772
-872
-972
691
-693
-696
-697
-699
-471
-491
-571
-581
-591
-681
-611
-641
-661
-191
-291
-391
-791
-891
-991
731
-733
-736
-737
-738
-739
-711
-721
-811
-821
-831
-911
-921
-931
-741
-751
-761
-771
-781
-131
-231
-431
767
-762
-763
-764
-766
-768
-769
-747
-757
-847
-857
-867
-947
-957
-967
-717
-777
-797
-167
-467
-667
647
-643
-646
-649
-457
-147
-347
357
-351
-353
-358
-359
-317
816
-813
-814
-815
-817
-818
-819
-716
-726
-826
-836
-916
-926
-936
-846
-866
-876
-886
-896
-216
-316
-416
-616
864
-861
-862
-863
-868
-869
-744
-844
-944
-964
-824
-874
-884
-894
-164
-264
919
-913
-914
-915
-917
-918
715
-713
-714
-718
-719
-729
-829
-839
-929
-939
-745
-755
-775
-785
-795
-949
-959
-969
-989
-999
117
-111
-113
-114
-118
-119
-137
-319
-419
-619
613
-413
411
-421
-423
-433
-451
-461
-663
-683
-211
-311
-213
-313
922
-923
-924
-722
-822
823
-723
724
-833
-933
-774
-784
-794
-843
-853
-873
-883
-893
-952
-962
-982
-992
-123
-323
-124
-324
946
-941
-943
-945
-948
-746
-966
-976
-986
-996
-546
971
-973
-974
-975
-977
-978
-871
-881
-981
-951
-961
-171
-371
-799
-599
192
-193
-194
-195
-198
-182
-292
-162
262
-261
-263
-268
-252
-792
-892
293
-294
-296
-298
-173
-183
-373
-383
-393
-233
133
-138
-139
-143
-163
-243
-253
343
-341
-344
-348
-349
236
-238
-326
329
-321
121
-129
-141
-161
-181
381
-384
-386
426
-429
-436
439
-466
-476
-496
-459
-469
463
-453
455
-543
-553
-563
-545
-555
-473
-493
-475
-495
-499
-743
845
-841
-848
-849
851
-852
-855
-858
-859
752
-753
-758
-759
-955
749
-748
-782
882
-885
-889
-789
899
-895
-897
-898
-875
-149
169
-168
-549
-251
258
241
-244
-248
144
-148
-174
-184
185
-175
178
-378
-398
214
-218
-314
318
-541
548
-558
-568
-551
559
561
-566
-569
666
-669
-589
689
-686
953
-958
-963
968
-983
-993
-938
937
-837
838
877
-878
-997
-998
575
-573
-576
-585
-595
773
-776
-778
-783
786
-793
-796
798
376
-374
394
-396
474
-477
-494
497
583
-586
-593
596
984
-985
-994
995
