193
-191
-192
-194
-195
-196
-197
-198
-199
-173
-183
-273
-283
-293
-373
-383
-393
-113
-123
-133
-143
-153
-163
-493
-593
-693
-793
-893
-993
234
-231
-232
-233
-235
-236
-237
-238
-239
-114
-124
-134
-214
-224
-314
-324
-334
-244
-254
-264
-274
-284
-294
-434
-534
-634
-734
-834
-934
246
-241
-242
-243
-245
-247
-248
-249
-146
-156
-166
-256
-266
-346
-356
-366
-216
-226
-276
-286
-296
-446
-546
-646
-746
-846
-946
255
-251
-252
-253
-257
-258
-259
-145
-155
-165
-265
-345
-355
-365
-215
-225
-275
-285
-295
-455
-555
-655
-755
-855
-955
289
-281
-282
-287
-288
-179
-189
-279
-299
-379
-389
-399
-219
-229
-269
-489
-589
-689
-789
-889
-989
318
-311
-312
-313
-315
-316
-317
-319
-118
-128
-138
-218
-228
-328
-338
-348
-358
-368
-378
-388
-398
-418
-518
-618
-718
-818
-918
359
-351
-352
-353
-354
-357
-149
-159
-169
-349
-369
-329
-339
-459
-559
-659
-759
-859
-959
362
-361
-363
-364
-367
-142
-152
-162
-262
-342
-322
-332
-372
-382
-392
-462
-562
-662
-762
-862
-962
387
-381
-384
-385
-386
-177
-187
-277
-297
-377
-397
-327
-337
-347
-487
-587
-687
-787
-887
-987
436
-431
-432
-433
-435
-437
-438
-439
-416
-426
-516
-526
-536
-616
-626
-636
-456
-466
-476
-486
-496
-136
-336
-736
-836
-936
461
-463
-464
-465
-467
-468
-469
-441
-451
-541
-551
-561
-641
-651
-661
-411
-421
-471
-481
-491
-161
-261
-761
-861
-961
484
-482
-483
-485
-488
-474
-494
-574
-584
-594
-674
-684
-694
-414
-424
-444
-454
-184
-784
-884
-984
597
-591
-592
-595
-596
-598
-599
-477
-497
-577
-677
-697
-517
-527
-537
-547
-557
-567
-797
-897
-997
612
-611
-613
-614
-615
-617
-619
-412
-422
-512
-522
-532
-622
-632
-642
-652
-672
-682
-692
-112
-212
-712
-812
-912
668
-663
-664
-665
-666
-667
-669
-448
-458
-548
-558
-568
-648
-658
-628
-638
-678
-688
-698
-168
-268
-768
-868
-968
679
-671
-673
-675
-676
-479
-499
-579
-699
-629
-639
-649
-779
-879
-979
764
-763
-765
-766
-767
-769
-744
-754
-844
-854
-864
-944
-954
-964
-714
-724
-774
-794
-164
167
-147
-157
-267
263
-343
-117
-127
-137
-213
-223
-563
-863
-963
-564
-867
-967
785
-781
-782
-783
-786
-788
-775
-795
-875
-885
-895
-975
-985
-995
-715
-725
-735
-745
-185
-585
-685
827
-821
-822
-823
-824
-825
-826
-828
-829
-717
-727
-737
-817
-837
-917
-927
-937
-847
-857
-877
-227
217
-211
-417
-427
-627
637
-631
-633
-635
-647
-657
842
-841
-843
-845
-848
-849
-742
-752
-852
-942
-952
-832
-872
-882
-892
-442
-542
866
-865
-869
-756
-856
-956
-966
-816
-876
-886
-896
-566
898
-891
-894
-899
-778
-798
-878
-888
-978
-988
-998
-838
-858
-298
278
-271
-272
-178
-188
-478
-578
588
-581
-582
-583
-586
-498
428
-423
-425
-429
-528
-538
-728
-928
965
-969
-945
-915
-925
-935
-565
569
-449
-549
419
-413
-415
-519
-529
-539
-119
-719
-819
839
-831
-833
-835
815
-811
-813
-814
-729
-739
-919
-929
-939
874
-871
-873
-974
-994
-115
-515
129
-121
-122
-125
-126
-139
-174
-374
394
-391
-395
-396
-344
341
-141
-151
-321
-331
-371
-741
-941
996
-991
-992
-999
-776
-796
-976
-986
799
-791
-792
-749
949
-943
-947
-948
-916
-926
-696
111
-116
-131
-221
222
-132
135
-325
-335
333
-323
326
-171
-181
291
-292
-175
375
-376
-511
-711
-911
716
-713
-726
-722
-922
-533
-733
-933
-535
531
-521
-621
-571
-731
-931
-475
-575
-691
695
681
-683
-686
-495
492
-472
473
-572
-573
576
-452
552
-553
-554
-556
656
-653
-654
-443
-453
457
-447
445
-545
-645
525
-523
-524
-625
747
-743
-748
-757
-957
-777
977
-971
-972
-973
148
-144
154
-158
771
-772
-773
-881
883
-981
982
-983
-721
723
921
-923
-924
-913
914
-751
732
-738
-932
938
-753
758
-958
851
-853
-951
953
513
-514
-623
624
-543
544
643
-644
172
-176
-182
186
