138
-131
-132
-133
-134
-135
-136
-137
-139
-118
-128
-218
-228
-238
-318
-328
-338
-148
-158
-168
-178
-188
-198
-438
-538
-638
-738
-838
-938
145
-141
-142
-143
-144
-146
-147
-149
-155
-165
-245
-255
-265
-345
-355
-365
-115
-125
-175
-185
-195
-445
-545
-645
-745
-845
-945
257
-251
-252
-253
-254
-256
-258
-259
-157
-167
-247
-267
-347
-357
-367
-217
-227
-237
-277
-287
-297
-457
-557
-657
-757
-857
-957
275
-271
-272
-273
-274
-276
-278
-279
-285
-295
-375
-385
-395
-215
-225
-235
-475
-575
-675
-775
-875
-975
298
-291
-292
-293
-294
-296
-299
-288
-378
-388
-398
-248
-268
-498
-598
-698
-798
-898
-998
332
-331
-333
-334
-335
-336
-337
-339
-112
-122
-212
-222
-232
-312
-322
-342
-352
-362
-372
-382
-392
-432
-532
-632
-732
-832
-932
366
-361
-363
-364
-368
-369
-156
-166
-246
-266
-346
-356
-316
-326
-376
-386
-396
-466
-566
-666
-766
-866
-966
426
-421
-422
-423
-424
-425
-427
-428
-429
-416
-436
-516
-526
-536
-616
-626
-636
-446
-456
-476
-486
-496
-126
-226
-726
-826
-926
451
-452
-453
-454
-455
-458
-459
-441
-461
-541
-551
-561
-641
-651
-661
-411
-431
-471
-481
-491
-151
-351
-751
-851
-951
467
-462
-463
-464
-465
-468
-469
-447
-547
-567
-647
-667
-417
-437
-477
-487
-497
-767
-867
-967
511
-512
-513
-514
-515
-517
-518
-519
-521
-531
-611
-621
-631
-571
-581
-591
-111
-211
-311
-711
-811
-911
539
-533
-534
-535
-537
-419
-439
-529
-619
-629
-639
-549
-559
-569
-579
-589
-599
-239
-739
-839
-939
554
-552
-553
-555
-556
-558
-444
-544
-564
-644
-654
-664
-524
-574
-584
-594
-154
-354
-754
-854
-954
596
-592
-593
-595
-597
-576
-586
-676
-686
-696
-546
-196
-796
-896
-996
637
-633
-634
-635
-527
-617
-627
-677
-687
-697
-737
-837
-937
665
-662
-663
-668
-669
-565
-655
-615
-625
-685
-695
-765
-865
-965
693
-691
-692
-694
-699
-473
-483
-493
-573
-583
-673
-683
-613
-623
-643
-653
-193
-393
-793
-893
-993
778
-771
-772
-773
-774
-776
-777
-779
-788
-878
-888
-978
-988
-718
-728
-748
-758
-768
-478
-578
-678
784
-781
-782
-783
-785
-786
-787
-789
-794
-874
-884
-894
-974
-984
-994
-714
-724
-734
-744
-764
-184
-284
-384
-484
-684
792
-791
-795
-797
-799
-872
-882
-892
-972
-982
-992
-712
-722
-742
-752
-762
-192
-492
871
-873
-876
-877
-879
-881
-891
-971
-981
-991
-821
-831
-841
-861
-171
-371
-671
681
-682
-688
-689
-181
-281
-381
899
-895
-897
-889
-979
-989
-999
-819
-829
-849
-859
-869
-199
-399
-499
914
-912
-913
-915
-916
-917
-918
-919
-814
-824
-834
-924
-934
-944
-964
-114
-214
-314
-414
-614
936
-931
-933
-935
-716
-736
-816
-836
-946
-956
-976
-986
886
-883
-885
-887
-846
-856
-236
176
-172
-173
-174
-177
-179
-186
-286
-116
216
-213
-219
987
-983
-985
973
-977
995
-997
-923
-943
-953
-963
-925
-955
-927
-947
-373
-187
-387
-587
577
-572
-377
-495
494
-474
-674
-434
624
-622
-628
-124
-224
-324
234
-231
-233
-244
-264
731
-733
-735
-721
-921
-741
-761
374
-379
-194
-394
164
-161
-162
-163
-169
-344
844
-842
-843
-847
-848
-864
747
-743
-746
-749
756
-753
-755
-759
855
-852
-853
-858
-717
-727
-815
-825
-835
833
-713
-723
-813
-823
763
-769
-863
-433
435
-415
-525
-485
585
-582
-588
488
-482
-489
-418
-448
646
-642
-648
-649
-656
-263
-563
-329
-323
-249
-129
-343
-942
-359
-968
-113
-317
-262
-442
-929
-123
-159
221
-223
-229
-121
127
-321
313
-315
-319
325
-327
-117
119
191
-197
-391
397
-189
-241
-261
269
341
-348
-349
358
-353
-289
389
-383
-413
412
-522
-612
618
523
-528
-472
479
672
-679
443
-449
-543
659
-652
-658
-812
715
-719
-725
729
817
-818
-827
-941
961
-962
-969
-243
242
-152
153
182
-183
-282
283
-542
548
562
-568
-948
949
-959
952
-958
-862
868
822
-828
-922
928
