151
-152
-153
-154
-155
-156
-157
-158
-159
-141
-161
-241
-251
-261
-341
-351
-361
-111
-121
-131
-171
-181
-191
-451
-551
-651
-751
-851
-951
173
-172
-174
-175
-176
-177
-178
-179
-183
-193
-273
-283
-293
-373
-383
-393
-113
-123
-133
-143
-163
-473
-573
-673
-773
-873
-973
218
-211
-212
-213
-214
-215
-216
-217
-219
-118
-128
-138
-228
-238
-318
-328
-338
-248
-258
-268
-278
-288
-298
-418
-518
-618
-718
-818
-918
227
-221
-222
-223
-224
-225
-226
-229
-117
-127
-137
-237
-317
-327
-337
-247
-257
-267
-277
-287
-297
-427
-527
-627
-727
-827
-927
249
-242
-243
-244
-245
-246
-149
-169
-259
-269
-349
-359
-369
-239
-279
-289
-299
-449
-549
-649
-749
-849
-949
352
-353
-354
-355
-356
-357
-358
-142
-162
-252
-262
-342
-362
-312
-322
-332
-372
-382
-392
-452
-552
-652
-752
-852
-952
377
-371
-374
-375
-376
-378
-379
-187
-197
-387
-397
-347
-367
-477
-577
-677
-777
-877
-977
398
-391
-394
-395
-396
-399
-188
-198
-388
-348
-368
-498
-598
-698
-798
-898
-998
448
-441
-442
-443
-444
-445
-446
-447
-458
-468
-548
-558
-568
-648
-658
-668
-428
-438
-478
-488
-148
168
-164
-165
-166
-167
147
-144
-145
-146
-547
-647
-747
-847
-947
-748
-848
-948
-768
-868
-968
464
-461
-462
-463
-465
-466
-467
-469
-454
-544
-554
-564
-644
-654
-664
-414
-424
-434
-474
-484
-494
-264
-364
-764
-864
-964
486
-481
-482
-483
-485
-487
-489
-476
-496
-576
-586
-596
-676
-686
-696
-416
-426
-436
-456
-186
-286
-386
-786
-886
-986
515
-511
-512
-513
-514
-516
-517
-519
-415
-425
-435
-525
-535
-615
-625
-635
-545
-555
-565
-575
-585
-595
-115
-315
-715
-815
-915
536
-531
-532
-533
-534
-537
-538
-539
-526
-616
-626
-636
-546
-556
-566
-136
-236
-336
-736
-836
-936
562
-561
-563
-567
-569
-542
-642
-662
-522
-572
-582
-592
-762
-862
-962
594
-591
-593
-597
-599
-574
-584
-674
-684
-694
-524
-194
-294
-794
-894
-994
656
-653
-655
-657
-659
-646
-666
-256
-756
-856
-956
672
-671
-675
-678
-679
-472
-492
-682
-692
-612
-622
-632
-272
-772
-872
-972
693
-691
-695
-697
-699
-493
-583
-683
-613
-623
-633
-643
-663
-793
-893
-993
714
-711
-712
-713
-716
-717
-719
-724
-734
-814
-824
-834
-914
-924
-934
-744
-754
-774
-784
-114
-314
-614
732
-731
-733
-735
-737
-738
-739
-722
-812
-822
-832
-912
-922
-932
-742
-782
-792
-132
-232
-432
888
-881
-882
-883
-884
-885
-887
-889
-778
-788
-878
-978
-988
-828
-838
-858
578
-571
-579
-588
-688
-528
895
-891
-892
-896
-897
-899
-775
-785
-795
-875
-975
-985
-995
842
-841
-843
-844
-845
-846
-942
-825
-835
-855
-865
-195
-295
-495
979
-971
-974
-976
-779
-789
-799
-879
-989
-999
-919
-929
-939
-959
-969
-479
997
-991
-992
-996
982
-981
-983
-984
-987
783
-781
-787
874
-871
-876
-797
-723
-743
-753
-763
-854
-917
-937
-957
-967
-274
-182
-282
292
-291
-296
-192
-497
-129
-184
-189
185
-275
-285
-385
-125
-135
475
-471
-685
-455
199
-196
276
-271
-389
-119
-139
134
-124
-234
-324
-334
-266
624
-621
-628
-629
-634
638
-631
-637
-639
-938
771
-776
-791
796
-721
-741
-761
-726
-746
745
-755
-765
-945
-955
-965
-725
-766
-345
-645
641
-541
543
-661
-453
-553
665
-667
-669
-523
-611
-681
-941
-343
-943
255
-253
-254
344
-346
-265
263
-363
-365
366
-233
284
-281
381
-384
231
-235
-311
-321
-331
-316
-326
-431
-831
-931
-944
946
954
-953
-958
-866
-966
758
-757
-759
767
-769
-857
-867
-728
729
928
-921
-923
-925
-926
935
-933
-819
-829
-839
-916
325
-323
-329
-335
-429
-529
521
-411
-421
491
-499
-581
-821
853
-859
-863
-963
961
-861
869
811
-813
-816
-817
-911
913
-823
826
-833
837
-313
319
333
-339
-413
116
-112
122
-126
412
-417
-419
-422
423
-433
617
-619
-437
439
457
-459
-557
559
587
-589
-687
689
