132
-131
-133
-134
-135
-136
-137
-138
-139
-112
-122
-212
-222
-232
-312
-322
-332
-142
-152
-162
-172
-182
-192
-432
-532
-632
-732
-832
-932
169
-161
-163
-164
-165
-166
-167
-168
-149
-159
-249
-259
-269
-349
-359
-369
-119
-129
-179
-189
-199
-469
-569
-669
-769
-869
-969
236
-231
-233
-234
-235
-237
-238
-239
-116
-126
-216
-226
-316
-326
-336
-246
-256
-266
-276
-286
-296
-436
-536
-636
-736
-836
-936
245
-241
-242
-243
-244
-247
-248
-145
-155
-255
-265
-345
-355
-365
-215
-225
-275
-285
-295
-445
-545
-645
-745
-845
-945
281
-282
-283
-284
-287
-288
-289
-171
-181
-191
-271
-291
-371
-381
-391
-211
-221
-251
-261
-481
-581
-681
-781
-881
-981
323
-321
-324
-325
-327
-328
-329
-113
-123
-213
-223
-313
-333
-343
-353
-363
-373
-383
-393
-423
-523
-623
-723
-823
-923
342
-341
-344
-346
-347
-348
-252
-262
-352
-362
-372
-382
-392
-442
-542
-642
-742
-842
-942
351
-354
-356
-357
-358
-141
-151
-361
-311
-331
-451
-551
-651
-751
-851
-951
366
-364
-367
-368
-146
-156
-376
-386
-396
-466
-566
-666
-766
-866
-966
399
-394
-395
-397
-398
-279
-299
-379
-389
-319
-339
-499
-599
-699
-799
-899
-999
428
-421
-422
-424
-425
-426
-427
-429
-418
-438
-518
-528
-538
-618
-628
-638
-448
-458
-468
-478
-488
-498
-128
-228
-728
-828
-928
522
-521
-524
-525
-526
-527
-529
-412
-512
-612
-622
-552
-562
-572
-582
-592
-722
-822
-922
533
-531
-534
-535
-537
-539
-413
-433
-513
-613
-633
-543
-553
-563
-573
-583
-593
-733
-833
-933
549
-541
-544
-546
-547
-548
-449
-459
-559
-649
-659
-519
-579
-589
-749
-849
-949
568
-561
-564
-565
-567
-558
-648
-658
-668
-578
-588
-598
-268
-768
-868
-968
576
-571
-574
-575
-577
-476
-486
-496
-586
-596
-676
-686
-696
-516
-556
-176
-776
-876
-976
614
-611
-615
-616
-617
-619
-414
-434
-514
-624
-634
-644
-654
-664
-674
-684
-694
-114
-214
-314
-714
-814
-914
631
-635
-637
-639
-411
-431
-511
-621
591
-594
-595
-597
-471
-491
-671
-691
-641
-661
-731
-831
-931
-791
-891
-991
754
-752
-753
-755
-756
-757
-758
-759
-744
-764
-844
-854
-864
-944
-954
-964
-724
-734
-774
-784
-794
-154
-254
-454
-554
584
-585
-587
-474
-484
-494
-184
-384
-884
-984
787
-782
-783
-785
-786
-788
-789
-777
-797
-877
-887
-897
-977
-987
-997
-717
-727
-737
-747
-767
-187
-387
-487
-687
813
-811
-812
-815
-816
-817
-818
-819
-713
-913
-843
-853
-863
-873
-883
-893
935
-934
-937
-938
-939
-715
-725
-735
-825
-835
-915
-925
-955
-965
-975
-985
-995
-335
-435
963
-961
-962
-967
-743
-763
-943
-953
-973
-983
-993
-263
-463
-663
972
-971
-974
-978
-979
-772
-792
-872
-882
-892
-982
-992
-912
712
-711
-716
-718
-719
-762
-952
-272
292
-293
-294
-297
-298
-472
-672
-492
-692
998
-994
-996
-778
-798
-878
-888
-898
-988
924
-921
-926
-927
-929
-824
-834
-918
-948
-958
-124
-224
334
-337
-338
-374
-198
-698
-457
-657
-675
-117
-447
-857
-175
-465
473
-475
-477
-479
-483
-493
-673
-683
-693
-443
-453
-173
-273
253
-257
-258
-143
-153
643
-646
-647
-653
-773
793
-795
-796
183
-185
-186
-188
-193
196
-194
-195
-197
894
-895
-896
-874
-829
-856
-417
-685
-841
-867
-127
-178
-455
-889
-946
-217
-462
-627
-741
-855
-919
-277
-315
-665
-118
147
-144
-148
264
-267
-157
158
174
-177
-274
278
377
-375
-378
385
-388
227
-229
-317
318
-218
219
-419
-827
444
-441
-446
461
-464
-467
941
-947
-761
765
-861
-865
862
-852
-775
-911
111
-115
-121
125
-625
-847
957
-956
-959
859
-858
837
-838
-839
-917
916
-726
-826
821
-721
729
738
-739
771
-779
-871
746
-748
-846
848
886
-885
875
-879
-986
989
-416
415
-515
517
626
-629
-437
439
-485
-495
497
695
-697
-677
456
-452
-656
482
-489
-682
555
-557
-655
652
-662
667
-678
679
688
-689
