115
-111
-112
-113
-114
-116
-117
-118
-119
-125
-135
-215
-225
-235
-315
-325
-335
-145
-155
-165
-175
-185
-195
-415
-515
-615
-715
-815
-915
121
-122
-123
-124
-126
-127
-128
-129
-131
-211
-221
-231
-311
-321
-331
-141
-151
-161
-171
-181
-191
-421
-521
-621
-721
-821
-921
153
-152
-154
-156
-157
-158
-159
-143
-163
-243
-253
-263
-343
-353
-363
-133
-173
-183
-193
-453
-553
-653
-753
-853
-953
174
-172
-176
-177
-178
-179
-184
-194
-274
-284
-294
-374
-384
-394
-134
-144
-164
-474
-574
-674
-774
-874
-974
219
-212
-213
-214
-216
-217
-218
-139
-229
-239
-319
-329
-339
-249
-259
-269
-279
-289
-299
-419
-519
-619
-719
-819
-919
237
-232
-233
-234
-236
-238
-137
-227
-317
-327
-337
-247
-257
-267
-277
-287
-297
-437
-537
-637
-737
-837
-937
378
-371
-372
-373
-375
-376
-377
-379
-188
-198
-278
-288
-298
-388
-398
-318
-328
-338
-348
-358
-368
-478
-578
-678
-778
-878
-978
389
-381
-382
-383
-385
-386
-387
-189
-199
-399
-349
-359
-369
-489
-589
-689
-789
-889
-989
434
-431
-432
-433
-435
-436
-438
-439
-414
-424
-514
-524
-534
-614
-624
-634
-444
-454
-464
-484
-494
-334
-734
-834
-934
536
-531
-532
-533
-535
-538
-539
-416
-426
-516
-526
-616
-626
-636
-546
-556
-566
-576
-586
-596
-136
-336
-736
-836
-936
542
-541
-543
-544
-545
-547
-548
-549
-442
-452
-462
-552
-562
-642
-652
-662
-512
-522
-572
-582
-592
-142
-242
-342
-742
-842
-942
559
-551
-554
-555
-557
-558
-449
-459
-469
-569
-649
-659
-669
-529
-579
-599
-759
-859
-959
563
-561
-564
-565
-567
-568
-443
-463
-643
-663
-513
-523
-573
-583
-593
-763
-863
-963
657
-651
-654
-655
-656
-658
-447
-457
-467
-647
-667
-617
-627
-677
-687
-697
-357
-757
-857
-957
664
-661
-665
-666
-668
-644
-684
-694
-264
-364
-764
-864
-964
681
-682
-683
-685
-686
-688
-471
-481
-491
-571
-581
-591
-671
-691
511
-517
-518
-411
-611
-631
-641
-711
-811
-911
-281
-781
-881
-981
698
-692
-693
-695
-696
-699
-488
-498
-588
-598
528
-525
-527
-418
-428
-618
-628
-638
-648
-228
138
-132
-148
-168
-728
-828
-928
-738
-838
-938
-798
-898
-998
712
-713
-714
-716
-717
-718
-722
-732
-812
-822
-832
-912
-922
-932
-752
-762
-772
-782
-792
-312
-412
-612
613
-413
417
-423
-623
-633
-427
-477
-487
-497
-673
-313
-813
-913
-817
-917
771
-773
-775
-776
-777
-779
-791
-871
-891
-971
-991
-731
-741
-751
-761
-271
855
-851
-852
-854
-856
-858
-745
-755
-765
-845
-865
-945
-955
-965
-825
-835
-875
-885
-895
-255
-355
-455
894
-892
-893
-896
-897
-899
-784
-794
-884
-984
-994
-814
-824
-844
584
-585
-587
-594
923
-924
-925
-926
-927
-929
-723
-733
-823
-833
-933
-943
-973
-983
-993
-223
-323
333
-332
-393
632
-635
-639
-422
-622
-672
935
-931
-939
831
-839
-725
-735
739
-729
-829
-749
-769
-799
-841
-861
-975
-985
-995
968
-961
-962
-966
-967
-969
-748
-758
-768
-848
-868
-948
-958
788
-783
-785
-786
-787
795
-793
-796
-797
-888
-988
743
-744
-746
-747
-843
818
-816
-918
-268
-468
-295
-395
-495
-595
597
-577
575
-475
-485
-675
-275
285
-282
-283
-286
-245
-265
-197
-397
187
-182
-186
-147
-167
-887
-987
-997
-146
149
-169
-849
-949
869
-862
-866
-867
952
-951
-954
-956
941
-944
-946
-947
754
-756
-724
914
-916
-879
-972
-982
986
-876
-886
-976
-996
-992
999
-979
977
-877
-314
316
-226
-326
-346
-356
-366
-396
-241
-341
-441
-252
-352
-254
-354
351
-251
-261
-361
291
-292
-293
-296
-391
392
-192
196
-272
273
-276
162
-166
-262
266
-362
-246
-256
258
-248
244
-344
222
-224
-322
324
448
-445
-446
-458
-451
456
461
-465
-466
645
-646
425
-429
-625
629
-476
-486
-496
676
-679
-345
347
365
-367
846
-847
-766
767
726
-727
-826
827
-473
-873
872
-882
883
-472
479
-499
482
-483
-492
493
