123
-121
-122
-124
-125
-126
-127
-128
-129
-113
-133
-213
-223
-233
-313
-323
-333
-143
-153
-163
-173
-183
-193
-423
-523
-623
-723
-823
-923
151
-152
-154
-155
-156
-157
-158
-159
-141
-161
-241
-251
-261
-341
-351
-361
-111
-131
-171
-181
-191
-451
-551
-651
-751
-851
-951
254
-252
-253
-255
-256
-257
-258
-259
-144
-164
-244
-264
-344
-354
-364
-214
-224
-234
-274
-284
-294
-454
-554
-654
-754
-854
-954
262
-263
-265
-266
-267
-268
-269
-142
-162
-242
-342
-352
-362
-212
-222
-232
-272
-282
-292
-462
-562
-662
-762
-862
-962
277
-271
-273
-275
-276
-278
-279
-177
-187
-197
-287
-297
-377
-387
-397
-217
-227
-237
-247
-477
-577
-677
-777
-877
-977
293
-291
-295
-296
-298
-299
-283
-373
-383
-393
-243
-493
-593
-693
-793
-893
-993
322
-321
-324
-325
-326
-327
-328
-329
-112
-132
-312
-332
-372
-382
-392
-422
-522
-622
-722
-822
-922
349
-343
-345
-346
-347
-348
-149
-169
-249
-359
-369
-319
-339
-379
-389
-399
-449
-549
-649
-749
-849
-949
366
-363
-365
-367
-368
353
-355
-356
-357
-358
-146
-166
-246
-316
-336
-376
-386
-396
-453
-553
-653
-753
-853
-953
-466
-566
-666
-766
-866
-966
384
-381
-385
-388
-174
-184
-194
-374
-394
-314
-334
-484
-584
-684
-784
-884
-984
415
-411
-412
-413
-414
-416
-417
-418
-419
-425
-435
-515
-525
-535
-615
-625
-635
-445
-455
-465
-475
-485
-495
-115
-215
-315
-715
-815
-915
452
-456
-457
-458
-459
-442
-542
-552
-642
-652
-432
-472
-482
-492
-752
-852
-952
513
-511
-512
-514
-516
-517
-518
-519
-433
-533
-613
-633
-543
-563
-573
-583
-713
-813
-913
524
-521
-526
-527
-528
-529
-424
-434
-534
-614
-624
-634
-544
-564
-574
-594
-724
-824
-924
539
-531
-532
-536
-537
-538
-429
-439
-619
-629
-639
-559
-569
-579
-589
-599
-139
-239
-739
-839
-939
691
-692
-694
-695
-696
-697
-698
-699
-471
-481
-491
-571
-581
-591
-671
-681
-611
-621
-631
-641
-661
-391
-791
-891
-991
769
-761
-763
-764
-765
-767
-768
-759
-859
-869
-959
-969
-719
-729
-779
-789
-799
659
-655
-656
-657
-658
-469
-669
-679
-689
836
-831
-832
-833
-834
-835
-837
-838
-716
-726
-736
-816
-826
-916
-926
-936
-846
-856
-876
-886
-896
-136
-236
-436
-636
888
-881
-882
-883
-885
-887
-889
-778
-788
-798
-878
-898
-978
-988
-998
-818
-828
-848
-858
-868
-188
-288
-488
-588
-688
935
-931
-932
-933
-934
-937
-938
733
-731
-732
-734
-735
-737
-738
-725
-825
-925
-743
-773
-783
-945
-955
-965
-975
-985
-995
225
-221
-226
-228
-229
-135
-235
-335
-245
248
-148
-168
-285
-218
-238
231
-211
-311
-331
-281
371
-375
-378
395
-398
-175
-185
-195
-431
421
-426
-427
-428
-441
-461
-721
-821
-921
626
-627
-628
-616
-646
-676
-686
632
-637
-638
-612
-672
-682
134
-137
-138
-114
-448
-548
-648
-748
-948
-771
-871
-971
-595
-795
-895
963
-961
-964
-967
-968
-843
-863
-943
873
-872
-874
-875
-879
-973
-983
-463
-663
-473
-673
974
-972
-976
-979
-774
-794
-894
-994
-914
-944
-474
-674
494
-496
-497
-498
-499
-444
-464
986
-981
-982
-987
-989
781
-782
-785
-786
-787
775
-772
-776
-796
-996
-711
-741
-745
-755
-946
-956
-575
-675
678
-478
-578
-598
-618
617
-437
438
-468
467
-447
-547
-557
-567
-647
-667
-487
-687
-668
-117
-317
318
337
-338
-118
-717
-817
-917
-718
-918
-167
165
-145
147
-747
-847
-947
-565
-665
664
-644
-864
-865
-867
861
-841
-941
942
-742
-842
-811
911
-912
-919
-992
541
-545
-546
-561
568
-558
-178
198
-192
-196
-199
-186
-286
289
176
-172
-179
182
-189
-116
119
216
-219
-819
572
-576
-582
-592
-476
479
-489
-486
483
-683
685
-585
-443
446
643
-645
555
-556
845
-844
744
-746
-855
857
756
-757
-758
-957
958
-714
712
-812
814
-792
797
892
-897
-899
-997
999
-727
728
-928
-827
829
927
-929
-586
587
596
-597
