211
-212
-213
-214
-215
-216
-217
-218
-219
-111
-121
-131
-221
-231
-311
-321
-331
-241
-251
-261
-271
-281
-291
-411
-511
-611
-711
-811
-911
265
-262
-263
-264
-266
-267
-268
-269
-145
-155
-165
-245
-255
-345
-355
-365
-225
-235
-275
-285
-295
-465
-565
-665
-765
-865
-965
314
-312
-313
-315
-316
-317
-318
-319
-114
-124
-134
-224
-234
-324
-334
-344
-354
-364
-374
-384
-394
-414
-514
-614
-714
-814
-914
326
-322
-323
-325
-327
-328
-329
-116
-126
-136
-226
-236
-336
-346
-356
-366
-376
-386
-396
-426
-526
-626
-726
-826
-926
349
-341
-342
-343
-347
-348
-149
-159
-169
-249
-259
-359
-369
-339
-379
-389
-399
-449
-549
-649
-749
-849
-949
378
-371
-372
-373
-375
-377
-178
-188
-198
-278
-288
-298
-388
-398
-338
-358
-368
-478
-578
-678
-778
-878
-978
397
-391
-392
-393
-395
-177
-187
-197
-277
-287
-297
-387
-337
-357
-367
-497
-597
-697
-797
-897
-997
484
-481
-482
-483
-485
-486
-487
-488
-489
-474
-494
-574
-584
-594
-674
-684
-694
-424
-434
-444
-454
-464
-184
-284
-784
-884
-984
496
-491
-492
-493
-495
-498
-499
-476
-576
-586
-596
-676
-686
-696
-416
-436
-446
-456
-466
-196
-296
-796
-896
-996
528
-521
-522
-523
-524
-525
-527
-529
-418
-428
-438
-518
-538
-618
-628
-638
-548
-558
-568
-588
-598
-128
-228
-728
-828
-928
553
-551
-552
-554
-555
-556
-557
-559
-443
-453
-463
-543
-563
-643
-653
-663
-513
-533
-573
-583
-593
-153
-253
-353
-753
-853
-953
562
-561
-564
-566
-567
-569
-442
-452
-462
-542
-642
-652
-662
-512
-532
-572
-582
-592
-162
-362
-762
-862
-962
595
-591
-599
-475
-575
-585
-675
-685
-695
-515
-535
-545
-195
-795
-895
-995
624
-621
-622
-623
-625
-627
-629
-534
-634
544
-541
-546
-547
-644
-654
-664
-724
-824
-924
-144
-244
-744
-844
-944
635
-631
-632
-633
-636
-637
-639
-415
-425
-435
-615
-645
-655
-135
-335
385
-381
-382
-383
-175
-185
-735
-835
-935
-785
-885
-985
669
-661
-666
-667
-668
-459
-469
-659
-619
-679
-689
-699
-769
-869
-969
673
-671
-672
-677
-473
-683
-693
-613
-173
-273
-773
-873
-973
691
-692
-698
-471
-571
-581
-681
688
-682
-687
472
-477
-479
-412
-422
-432
612
-616
-617
531
-536
-537
-539
-421
-431
516
-517
-519
-641
-651
-648
-658
-112
-712
-812
-912
-716
-816
-916
-731
-831
-931
-172
-272
-772
-872
-972
-788
-888
-988
-191
-791
-891
-991
758
-751
-752
-754
-755
-756
-757
-759
-748
-768
-848
-858
-868
-948
-958
-968
-718
-738
-798
-158
-258
-458
823
-821
-822
-825
-827
-829
-713
-723
-733
-813
-833
-913
-923
-933
-843
-863
-883
-893
-123
-223
-423
837
-832
-834
-836
-838
-839
-717
-727
-737
-817
-917
-927
-937
-847
-857
-867
-877
-887
-137
-237
-437
866
-861
-864
-746
-766
-846
-856
-946
-956
-966
-876
-886
-166
942
-941
-943
-945
-947
-742
-842
-852
-952
-922
-932
-982
-992
-142
-242
977
-971
-974
-975
-976
-979
-777
-787
-987
-957
-967
-577
579
587
-589
-179
-279
-779
-879
-999
799
-792
-793
-794
-789
-889
-899
-989
-719
715
-725
-815
-915
-925
-745
-775
875
-871
-874
-729
-739
-845
841
-741
-761
-851
-951
-961
-881
882
-782
-892
-855
955
-954
-959
859
-854
894
-898
-774
-994
998
-993
818
-819
-918
919
-938
-929
921
-721
722
-732
-939
-981
-115
125
-122
-127
-129
-118
-119
-419
-222
-141
-441
445
-447
-448
-455
468
-461
-467
451
-457
-151
-351
352
-152
-252
361
-363
-161
-332
333
-113
117
-133
-233
-227
229
-139
-239
-147
-157
-167
-289
-299
413
-417
-433
439
427
-429
767
-763
-764
964
-963
743
-747
-783
983
-986
734
-736
-934
936
-143
-243
163
-164
-168
-183
-193
-182
-282
-283
286
293
-292
-294
192
-194
-199
-176
-186
-276
274
-174
171
-181
189
-132
138
232
-238
154
-156
-254
146
-148
-246
-256
257
-247
248
-646
647
656
-657
-771
776
781
-786
