114
-111
-112
-113
-115
-116
-117
-118
-119
-124
-134
-214
-224
-234
-314
-324
-334
-144
-154
-164
-174
-184
-194
-414
-514
-614
-714
-814
-914
178
-171
-172
-173
-175
-176
-177
-179
-188
-198
-278
-288
-298
-378
-388
-398
-128
-138
-148
-158
-168
-478
-578
-678
-778
-878
-978
219
-211
-212
-213
-215
-216
-217
-218
-129
-139
-229
-239
-319
-329
-339
-249
-259
-269
-279
-289
-299
-419
-519
-619
-719
-819
-919
237
-231
-232
-233
-235
-236
-238
-127
-137
-227
-317
-327
-337
-247
-257
-267
-277
-287
-297
-437
-537
-637
-737
-837
-937
347
-341
-342
-343
-344
-345
-346
-348
-349
-147
-157
-167
-357
-367
-377
-387
-397
-447
-547
-647
-747
-847
-947
368
-361
-362
-363
-364
-365
-366
-369
-248
-258
-268
-358
228
-221
-222
-223
-225
-226
-318
-328
-338
-428
-528
-628
-728
-828
-928
-468
-568
-668
-768
-868
-968
381
-382
-383
-384
-385
-386
-389
-181
-191
-271
-281
-291
-371
-391
-311
-321
-331
-351
-481
-581
-681
-781
-881
-981
417
-411
-412
-413
-415
-416
-418
-427
-517
-527
-617
-627
-457
-467
-477
-487
-497
-717
-817
-917
491
-492
-493
-494
-495
-496
-498
-499
-471
-571
-591
-671
-691
-421
-431
-441
-451
-461
-791
-891
-991
579
-572
-573
-574
-575
-576
-577
-479
-489
-589
-599
-679
-689
-699
-529
-539
-549
-559
-569
-379
-779
-879
-979
595
-592
-593
-594
-596
-597
-598
-475
-485
-585
-675
-685
-695
-515
-525
-535
-545
-555
-565
-195
-295
-395
-795
-895
-995
621
-622
-623
-624
-625
-626
-629
-511
-521
-531
-611
-631
-641
-651
-661
-121
131
-132
-133
-135
-136
-141
-151
-161
-721
-821
-921
-731
-831
-931
645
-642
-643
-644
-646
-648
-649
-445
-455
-465
-655
-665
-615
-635
-145
-245
-745
-845
-945
656
-652
-653
-654
-657
-658
-659
-446
-456
-466
-546
-556
-566
-666
-616
-636
-676
-686
-696
-156
-256
-356
-756
-856
-956
682
-683
-684
-687
-688
-472
-482
-582
-672
-692
-612
-632
-662
-182
-282
-782
-882
-982
753
-751
-752
-754
-755
-757
-758
-759
-743
-763
-843
-853
-863
-943
-953
-963
-713
-723
-733
-773
-783
-793
-153
-253
-353
-453
-553
772
-771
-774
-775
-776
-777
-792
-872
-892
-972
-992
-712
-722
-732
-742
-762
-272
-372
826
-822
-823
-824
-825
-827
-829
-716
-726
-736
-816
-836
-916
-926
-936
-846
-866
-876
-886
-896
-126
-326
-426
-526
869
-861
-862
-864
-865
-867
-749
-769
-849
-859
-949
-959
-969
-839
-889
-899
-169
-469
-669
639
-633
-634
-638
-429
-439
-739
-939
887
-883
-884
-885
-888
-787
-797
-877
-897
-977
-987
-997
-857
677
-673
-674
-587
-697
-667
-187
197
-192
-193
-196
-199
913
-911
-912
-915
-918
-813
-833
-923
-933
-973
-983
-993
-313
-513
-613
618
-438
-518
-538
-698
-718
-818
942
-941
-944
-946
-948
-842
-852
-952
-962
-922
-932
-142
-242
-442
-542
985
-984
-986
-988
-989
-785
-875
-975
-925
-935
-955
-965
-185
-285
999
-994
-996
-998
-789
-799
729
-724
-725
-727
927
-924
-929
767
-761
-764
-765
-766
855
-851
-854
-858
-957
-967
-815
-835
-155
-255
-355
557
-551
-552
-554
-558
-567
189
-183
-186
-399
-149
-159
152
-162
-252
-262
-352
359
-354
-122
292
-293
-294
-296
-392
449
-443
-444
-448
-459
-452
-474
264
-261
-263
-265
-266
-244
-254
251
-241
165
-163
-166
-125
123
-323
-333
-143
146
243
-246
-273
-283
-274
-284
286
-276
275
-375
-376
-396
-423
-523
-543
-746
966
-961
-964
-976
-951
971
-974
-871
561
-562
-563
-564
-541
462
-463
-464
663
-664
-422
-432
-693
694
-484
-584
476
-473
-486
-586
-436
784
-786
-788
-794
-874
873
-893
-894
898
796
-798
-734
-744
-838
-848
-373
374
393
-394
335
-332
-336
-315
-325
322
-312
316
715
-711
811
-812
832
-834
934
-938
-735
738
741
-748
-841
844
-954
958
512
-516
-522
524
-532
-424
425
-434
-534
-435
433
-533
536
-483
488
583
-588
454
-458
-544
548
