119
-111
-112
-113
-114
-115
-116
-117
-118
-129
-139
-219
-229
-239
-319
-329
-339
-149
-159
-169
-179
-189
-199
-419
-519
-619
-719
-819
-919
153
-151
-152
-154
-155
-156
-157
-158
-143
-163
-243
-253
-263
-343
-353
-363
-123
-133
-173
-183
-193
-453
-553
-653
-753
-853
-953
185
-181
-182
-184
-186
-187
-188
-175
-195
-275
-285
-295
-375
-385
-395
-125
-135
-145
-165
-485
-585
-685
-785
-885
-985
212
-211
-213
-214
-215
-216
-217
-218
-122
-132
-222
-232
-312
-322
-332
-242
-252
-262
-272
-282
-292
-412
-512
-612
-712
-812
-912
249
-241
-244
-245
-246
-247
-248
-259
-269
-349
-359
-369
-279
-289
-299
-449
-549
-649
-749
-849
-949
254
-251
-255
-256
-257
-258
-144
-164
-264
-344
-354
-364
-224
-234
-274
-284
-294
-454
-554
-654
-754
-854
-954
271
-273
-276
-277
-278
-171
-191
-281
-291
-371
-381
-391
-221
-231
-261
-471
-571
-671
-771
-871
-971
331
-333
-334
-335
-336
-337
-338
-121
-131
-311
-321
-341
-351
-361
-431
-531
-631
-731
-831
-931
365
-362
-366
-367
-368
-265
-345
-355
-315
-325
-465
-565
-665
-765
-865
-965
373
-372
-374
-376
-377
-378
-379
-283
-293
-383
-393
-313
-323
-473
-573
-673
-773
-873
-973
398
-392
-394
-396
-397
-399
-178
-198
-288
-298
-388
389
-382
-384
-386
-387
-318
-328
-348
-358
-489
-589
-689
-789
-889
-989
-498
-598
-698
-798
-898
-998
413
-411
-414
-415
-416
-417
-418
-423
-433
-513
-523
-533
-613
-623
-633
-443
-463
-483
-493
-713
-813
-913
428
-421
-422
-424
-425
-426
-427
-429
-438
-518
-528
-538
-618
-628
-638
-448
-458
-468
-478
-488
-128
-228
-728
-828
-928
482
-481
-484
-486
-487
-472
-492
-572
-582
-592
-672
-682
-692
-432
-442
-452
-462
-782
-882
-982
529
-521
-522
-524
-525
-526
-527
-439
-539
-629
-639
-559
-569
-579
-599
-729
-829
-929
534
-532
-535
-536
-537
-434
-514
-614
-624
-634
-544
-564
-574
-584
-594
-134
-734
-834
-934
557
-551
-552
-555
-556
-558
-447
-457
-467
-547
-567
-647
-657
-667
-517
-577
-587
-597
-357
-757
-857
-957
684
-681
-683
-686
-687
-688
-474
-494
-674
-694
-644
-664
-784
-884
-984
724
-721
-722
-723
-725
-726
-727
-714
-814
-824
-914
-924
-744
-764
-774
-794
314
-316
-317
-124
-324
743
-741
-742
-745
-746
-747
-748
-763
-843
-863
-943
-963
-733
-783
-793
-543
-643
755
-751
-752
-756
-758
-759
-845
-855
-945
-955
-715
-735
-775
-795
-455
-655
769
-761
-762
-766
-767
-768
-859
-869
-959
-969
-739
-779
-799
-469
-669
797
-791
-792
-796
-777
-787
-877
-887
-897
-977
-987
-997
-717
-737
287
-286
-177
-197
-297
296
-176
-196
-226
-236
-266
-227
-237
-267
268
-148
-168
138
-136
-137
-238
-738
-838
-938
-568
-668
-868
-968
-496
-596
-696
-896
-996
-497
-697
847
-841
-842
-844
-846
-848
-867
-947
-967
-817
-827
-837
-147
-347
167
-161
-162
-166
141
-142
-146
126
-127
-326
327
-626
-826
-926
-627
-927
-441
-541
-641
-941
911
-915
-916
-917
-918
-711
-811
-821
-921
937
-932
-933
-935
-936
-939
839
-832
-833
-835
-836
781
-786
-788
-881
-891
-981
-991
-879
-899
-951
-961
-511
-611
621
-622
-625
632
-635
-636
-637
-651
-661
-691
-642
-652
-662
617
-615
-616
-437
477
-475
-476
-479
-677
-732
736
-716
718
-816
-818
815
-825
-925
772
-776
-778
-872
-892
-972
-992
-875
-895
-515
516
435
-436
-445
-495
-546
-566
-576
-586
676
-675
-678
-679
-646
-656
-666
663
-563
-693
225
-223
233
-235
-172
174
192
-194
-874
-974
-876
878
-888
-978
-988
-858
-976
-578
575
-595
-695
699
588
-581
-583
593
-591
491
-499
-451
-461
561
-562
542
-545
-548
645
-648
658
-659
459
-456
-342
346
352
-356
-942
-446
444
-464
466
-944
-946
948
-958
851
-852
-856
-861
-952
956
-866
-966
886
-883
-986
983
-893
894
-993
-994
823
-822
922
-923
862
-864
-962
964
-975
979
995
-999
