112
-111
-113
-114
-115
-116
-117
-118
-119
-122
-132
-212
-222
-232
-312
-322
-332
-142
-152
-162
-172
-182
-192
-412
-512
-612
-712
-812
-912
125
-121
-123
-124
-126
-127
-128
-129
-135
-215
-225
-235
-315
-325
-335
-145
-155
-165
-175
-185
-195
-425
-525
-625
-725
-825
-925
167
-161
-163
-164
-166
-168
-169
-147
-157
-247
-257
-267
-347
-357
-367
-137
-177
-187
-197
-467
-567
-667
-767
-867
-967
191
-193
-194
-196
-198
-199
-171
-181
-271
-281
-291
-371
-381
-391
-131
-141
-151
-491
-591
-691
-791
-891
-991
264
-261
-262
-263
-265
-266
-268
-269
-144
-154
-244
-254
-344
-354
-364
-214
-224
-234
-274
-284
-294
-464
-564
-664
-764
-864
-964
285
-282
-283
-286
-287
-288
-289
-275
-295
-375
-385
-395
-245
-255
-485
-585
-685
-785
-885
-985
321
-323
-324
-326
-327
-328
-329
-211
-221
-231
-311
-331
-341
-351
-361
-421
-521
-621
-721
-821
-921
352
-353
-355
-356
-358
-359
-242
-252
-342
-362
-372
-382
-392
-452
-552
-652
-752
-852
-952
373
-374
-376
-377
-378
-379
-173
-183
-273
-293
-383
-393
-313
-333
-343
-363
-473
-573
-673
-773
-873
-973
386
-384
-387
-388
-389
-176
-186
-276
-296
-396
-316
-336
-346
-366
-486
-586
-686
-786
-886
-986
397
-394
-398
-399
-277
-297
-317
-337
-497
-597
-697
-797
-897
-997
446
-441
-442
-443
-444
-445
-447
-448
-449
-456
-466
-546
-556
-566
-646
-656
-666
-416
-426
-436
-476
-496
-146
-246
-746
-846
-946
558
-551
-553
-554
-555
-557
-559
-458
-468
-548
-568
-648
-658
-668
-518
-528
-538
-578
-588
-598
-158
-258
-758
-858
-958
561
-562
-563
-565
-569
-451
-461
-541
-641
-651
-661
-511
-531
-571
-581
-761
-861
-961
583
-582
-584
-587
-589
-483
-493
-593
-683
-693
-513
-523
-533
-543
-783
-883
-983
628
-622
-623
-624
-626
-627
-629
-418
-428
-438
-618
-638
-678
-688
-698
-228
-728
-828
-928
654
-653
-655
-657
-659
-454
-544
-644
-614
-634
-674
-684
-694
-754
-854
-954
677
-671
-672
-675
-676
-679
-477
-487
-577
-687
-617
-637
-647
-777
-877
-977
696
-692
-695
-699
-576
-596
-616
-636
-796
-896
-996
716
-711
-713
-714
-715
-717
-718
-719
-726
-736
-816
-826
-836
-916
-926
-936
-756
-766
-776
-216
-516
722
-723
-724
-727
-729
-732
-822
-832
-922
-932
-742
-762
-772
-782
-792
-422
-522
741
-743
-744
-745
-747
-748
-749
-751
-841
-851
-941
-951
-731
-771
-781
-241
251
-253
-256
-259
156
-153
-159
-136
-856
-956
787
-784
-788
-789
-887
-987
-737
-757
839
-831
-833
-834
-835
-837
-838
-739
-819
-829
-919
-929
-939
-849
-859
-869
-879
-889
-899
-139
-239
-339
-439
-539
-639
844
-842
-843
-845
-847
-848
-944
-814
-824
-874
-884
-894
898
-892
-893
-895
-778
-798
-878
-888
-978
-988
-998
-818
-868
-298
-498
918
-911
-913
-914
-915
-917
-738
-938
768
-763
-765
-769
-948
-968
-218
-318
-368
966
-962
-963
-965
-969
-866
876
-871
-872
-875
-976
993
-992
-994
-995
-999
-793
-923
-933
-943
-953
-133
143
-148
-149
-243
-643
-134
138
-238
-338
334
-314
319
-219
-229
-178
-188
278
-272
-279
292
-299
-248
249
348
-345
-349
365
-369
-419
-519
-619
-434
-534
-734
-934
924
-927
-974
-984
-424
-524
-549
-649
-949
-465
-665
-865
-478
488
-481
-482
-484
-489
184
-189
-174
179
-479
-579
-779
-979
-492
-592
213
-217
-223
-233
-413
-613
-813
226
-227
-236
237
-526
536
-532
-535
-537
-437
-937
-411
414
-415
-417
-514
-474
-494
423
-427
-429
-433
-633
529
-527
517
-515
-453
-463
663
-662
-669
457
-455
-459
-547
469
-462
-499
495
-475
-575
-595
-435
545
-542
642
-645
572
-574
-472
471
-681
-682
689
594
-599
-431
432
-632
-817
827
-823
733
-735
-753
-857
-942
862
-863
853
-855
-882
881
-971
-981
-811
815
931
-935
611
-615
-631
635
-945
947
-957
-972
975
982
-989
-775
774
-794
-795
799
755
-759
-955
959
