115
-111
-112
-113
-114
-116
-117
-118
-119
-125
-135
-215
-225
-235
-315
-325
-335
-145
-155
-165
-175
-185
-195
-415
-515
-615
-715
-815
-915
128
-121
-122
-123
-124
-126
-127
-129
-138
-218
-228
-238
-318
-328
-338
-148
-158
-168
-178
-188
-198
-428
-528
-628
-728
-828
-928
172
-171
-173
-174
-176
-177
-179
-182
-192
-272
-282
-292
-372
-382
-392
-132
-142
-152
-162
-472
-572
-672
-772
-872
-972
213
-211
-212
-214
-216
-217
-219
-133
-223
-233
-313
-323
-333
-243
-253
-263
-273
-283
-293
-413
-513
-613
-713
-813
-913
256
-251
-252
-254
-255
-257
-258
-259
-146
-156
-166
-246
-266
-346
-356
-366
-226
-236
-276
-286
-296
-456
-556
-656
-756
-856
-956
324
-321
-322
-326
-327
-329
-134
-224
-234
-314
-334
-344
-354
-364
-374
-384
-394
-424
-524
-624
-724
-824
-924
336
-331
-332
-337
-339
-136
-316
-376
-386
-396
-436
-536
-636
-736
-836
-936
379
-371
-373
-375
-377
-378
-189
-199
-279
-289
-299
-389
-399
-319
-349
-359
-369
-479
-579
-679
-779
-879
-979
445
-441
-442
-443
-444
-446
-447
-448
-449
-455
-465
-545
-555
-565
-645
-655
-665
-425
-435
-475
-485
-495
-245
-345
-745
-845
-945
494
-491
-492
-493
-496
-497
-498
-499
-474
-484
-574
-584
-594
-674
-684
-694
-414
-434
-454
-464
-194
-294
-794
-894
-994
549
-541
-542
-543
-544
-546
-547
-548
-459
-469
-559
-569
-649
-659
-669
-519
-529
-539
-589
-599
-149
-249
-749
-849
-949
554
-551
-552
-553
-557
-558
-564
-644
-654
-664
-514
-534
-154
-754
-854
-954
586
-581
-582
-583
-585
-587
-588
-476
-486
-576
-596
-676
-686
-696
-516
-526
-566
-186
196
-191
-193
-197
-786
-886
-986
-796
-896
-996
619
-611
-612
-614
-616
-617
-618
634
-631
-632
-633
-635
-637
-638
-639
-419
-429
-439
-629
489
-481
-482
-483
-487
-488
-689
-699
-719
-819
-919
-734
-834
-934
-789
-889
-989
647
-641
-642
-643
-646
-648
-457
-467
-567
-657
-667
-627
-677
-687
-697
-147
-247
-347
-747
-847
-947
698
-691
-692
-693
-695
-478
-578
-598
-678
-688
-658
-668
-298
-398
-798
-898
-998
729
-721
-722
-723
-725
-726
-727
-739
-829
-839
-929
-939
-759
-769
-799
-229
744
-741
-742
-743
-746
-748
-764
-844
-864
-944
-964
-714
-774
-784
-144
-244
755
-751
-752
-753
-757
-758
-765
-855
-865
-955
-965
-735
-775
-785
-795
-355
783
-781
-782
-787
-788
-773
-793
-873
-883
-893
-973
-983
-993
-733
-763
-183
-383
393
-391
-395
-397
-343
-353
-363
-683
-593
826
-821
-822
-823
-825
-827
-716
-816
-916
-926
-846
-866
-876
416
-411
-412
-417
-418
-426
-626
-466
666
-661
-662
-663
946
-941
-942
-943
-948
-766
-966
776
-771
-777
-778
-976
859
-851
-852
-853
-857
-858
-869
-959
-969
-899
999
-991
-992
-995
-997
-159
888
-881
-882
-884
-885
-887
-878
-978
-988
-818
-838
-848
-868
278
-271
-274
-275
-277
-288
-388
-248
-268
348
-341
-342
-358
-368
914
-911
-912
-917
-918
-814
874
-871
-875
-877
-974
-984
953
-951
-952
-957
-958
-843
-863
-963
833
-831
-832
-835
-837
-923
-933
895
-891
-892
-897
-975
-985
-433
-533
143
-141
-153
-163
-453
-653
458
-451
-452
-468
-568
-438
-295
-595
-261
-531
-267
-522
-937
-161
-262
521
-523
-525
-527
-421
-431
-511
-621
-561
-571
-591
-221
-921
-532
-762
-237
-281
-361
-932
-167
-717
-731
-961
387
-381
-385
285
-284
-287
184
-181
-187
291
-297
-164
169
264
-265
-269
365
-362
-367
-139
239
-231
-232
-241
242
-352
-222
227
312
-311
-317
131
-137
-151
157
351
-357
-512
-712
-812
-427
-927
-931
841
-842
-761
-861
-811
817
711
-718
-737
-791
862
-867
-962
-517
518
-538
-651
652
461
-462
-463
-562
563
-471
592
-597
-682
-573
-622
982
-981
-987
971
-977
-792
797
732
-738
-922
925
-935
938
-767
768
967
-968
422
-423
-432
437
623
-625
535
-537
473
-477
-673
577
-575
-671
675
681
-685
