119
-111
-112
-113
-114
-115
-116
-117
-118
-129
-139
-219
-229
-239
-319
-329
-339
-149
-159
-169
-179
-189
-199
-419
-519
-619
-719
-819
-919
146
-141
-142
-143
-144
-145
-147
-148
-156
-166
-246
-256
-266
-346
-356
-366
-126
-136
-176
-186
-196
-446
-546
-646
-746
-846
-946
151
-152
-153
-154
-155
-157
-158
-161
-241
-251
-261
-341
-351
-361
-121
-131
-171
-181
-191
-451
-551
-651
-751
-851
-951
248
-242
-243
-244
-245
-247
-249
-168
-258
-268
-348
-358
-368
-218
-228
-238
-278
-288
-298
-448
-548
-648
-748
-848
-948
294
-291
-292
-293
-295
-296
-297
-299
-174
-184
-194
-274
-284
-374
-384
-394
-214
-224
-234
-254
-264
-494
-594
-694
-794
-894
-994
315
-311
-312
-313
-314
-316
-317
-318
-125
-135
-215
-225
-235
-325
-335
-345
-355
-365
-375
-385
-395
-415
-515
-615
-715
-815
-915
332
-331
-333
-334
-336
-337
-338
-122
-132
-212
-222
-232
-322
-342
-352
-362
-372
-382
-392
-432
-532
-632
-732
-832
-932
458
-452
-453
-454
-455
-456
-457
-459
-468
-558
-568
-658
-668
-418
-428
-438
-478
-488
-498
-758
-858
-958
477
-471
-472
-473
-474
-475
-476
-479
-487
-497
-577
-587
-597
-677
-687
-697
-417
-427
-437
-447
-467
-177
-277
-377
-777
-877
-977
527
-521
-522
-523
-524
-525
-526
-528
-529
-517
-537
-617
-627
-637
-547
-557
-567
-127
-227
-327
-727
-827
-927
533
-531
-534
-535
-536
-538
-539
-413
-423
-433
-513
-613
-623
-633
-543
-553
-563
-573
-583
-593
-133
-233
-733
-833
-933
562
-561
-564
-565
-566
-569
-442
-462
-542
-552
-642
-652
-662
-512
-572
-582
-592
-162
-262
252
-253
-255
-257
-259
-272
-282
-752
-852
-952
-762
-862
-962
596
-591
-595
-598
-599
-486
-496
-576
-586
-676
-686
-696
-516
-556
-396
-796
-896
-996
671
-672
-673
-674
-675
-678
-679
-481
-491
-571
-581
-681
-691
-611
-621
-631
-641
-661
-271
-371
-771
-871
-971
692
-693
-695
-698
-699
-482
-492
-682
-612
-622
-192
-792
-892
-992
731
-734
-735
-736
-737
-738
-739
-711
-721
-811
-821
-831
-911
-921
-931
-741
-761
-781
-791
-231
-431
759
-753
-754
-755
-756
-757
-749
-769
-849
-859
-869
-949
-959
-969
-729
-779
-789
-799
-359
-559
-659
783
-782
-784
-785
-786
-787
-788
-773
-793
-873
-883
-893
-973
-983
-993
-713
-723
-743
-763
-183
-283
-383
-483
-683
493
-495
-499
-443
-463
-193
-393
813
-812
-814
-816
-817
-818
-823
-913
-923
-843
-853
-863
-213
842
-841
-844
-845
-847
-742
-942
-822
-872
-882
857
-854
-855
-856
-747
-767
-867
-947
-957
-967
-837
-887
-897
-357
-657
874
-875
-876
-878
-879
-774
-884
-974
-984
-824
-834
-864
-574
895
-891
-898
-899
-775
-795
-885
-975
-985
-995
-825
-835
-865
-195
925
-922
-924
-926
-928
-929
-725
-935
-945
-955
-965
-425
-625
963
-961
-964
-966
-968
-943
-953
-163
-263
-363
-663
-644
-424
-988
-389
664
-665
-666
-667
-669
-444
-464
-544
-554
555
-654
-445
-465
-545
-645
-655
647
-643
-649
653
-656
466
-461
-469
-416
-426
-436
-575
-585
-614
-624
-634
-684
343
-344
-347
-349
-353
354
-164
-364
-323
-373
-324
745
-744
-765
944
-941
861
-866
-868
-764
-954
956
-766
768
-718
-728
-778
-798
797
-987
-997
-717
-881
-914
-934
-916
-936
-976
-986
-197
198
-178
-188
-378
-388
-398
-128
-138
328
-321
-326
-628
-828
-397
-998
289
-281
-285
-286
-287
-279
-379
376
-276
-386
-399
391
-381
387
-187
-269
369
-367
-776
772
-972
-982
886
-888
-889
978
-979
-712
-722
912
-917
-918
937
-938
-939
838
-836
-839
829
-826
-412
422
-421
-429
217
-211
-216
221
-223
-226
123
-124
134
-137
236
-237
-173
273
-275
167
-165
265
-267
724
-726
-714
716
-616
618
-518
-638
-688
626
-629
-636
-434
-172
175
182
-185
-578
579
588
-584
-589
484
-485
-489
685
-689
-414
411
-511
514
-441
449
541
-549
435
-439
-635
639
981
-989
-991
999
