137
-131
-132
-133
-134
-135
-136
-138
-139
-117
-127
-217
-227
-237
-317
-327
-337
-147
-157
-167
-177
-187
-197
-437
-537
-637
-737
-837
-937
162
-161
-163
-164
-165
-166
-168
-169
-142
-152
-242
-252
-262
-342
-352
-362
-112
-122
-172
-182
-192
-462
-562
-662
-762
-862
-962
223
-221
-222
-224
-225
-226
-228
-229
-113
-123
-213
-233
-313
-323
-333
-243
-253
-263
-273
-283
-293
-423
-523
-623
-723
-823
-923
246
-241
-244
-245
-247
-248
-249
-146
-156
-256
-266
-346
-356
-366
-216
-236
-276
-286
-296
-446
-546
-646
-746
-846
-946
251
-254
-255
-257
-258
-259
-141
-151
-261
-341
-351
-361
-211
-231
-271
-281
-291
-451
-551
-651
-751
-851
-951
326
-321
-322
-324
-325
-328
-329
-116
-126
-316
-336
-376
-386
-396
-426
-526
-626
-726
-826
-926
339
-331
-332
-334
-335
-338
-119
-129
-219
-239
-319
-349
-359
-369
-379
-389
-399
-439
-539
-639
-739
-839
-939
344
-343
-345
-347
-348
-144
-154
-264
-354
-364
-314
-374
-384
-394
-444
-544
-644
-744
-844
-944
398
-391
-392
-393
-395
-397
-178
-188
-198
-278
-288
-298
-378
-388
-318
-358
-368
-498
-598
-698
-798
-898
-998
457
-452
-453
-454
-455
-456
-458
-459
-447
-467
-547
-557
-567
-647
-657
-667
-417
-427
-477
-487
-497
-357
-757
-857
-957
475
-471
-472
-473
-474
-476
-478
-479
-485
-495
-575
-585
-595
-675
-685
-695
-415
-425
-435
-445
-465
-175
-275
-375
-775
-875
-975
515
-511
-512
-513
-514
-516
-517
-518
-519
-525
-535
-615
-625
-635
-545
-555
-565
-115
-215
-315
-715
-815
-915
531
-532
-533
-534
-536
-538
-411
-421
-431
-521
-611
-621
-631
-541
-561
-571
-581
-591
-731
-831
-931
589
-582
-583
-584
-586
-587
-588
-489
-499
-579
-599
-679
-689
-699
-529
-549
-559
-569
-189
-289
-789
-889
-989
636
-632
-633
-634
-638
-416
-436
-616
-656
-666
-676
-686
-696
-736
-836
-936
693
-691
-692
-694
-697
-483
-493
-573
-593
-673
-683
-613
-643
-653
-663
-193
-793
-893
-993
722
-721
-724
-725
-727
-728
-729
-712
-732
-812
-822
-832
-912
-922
-932
-742
-752
-772
-782
-792
-422
-522
-622
741
-743
-745
-747
-748
-749
-761
-841
-861
-941
-961
-711
-771
-781
-791
-441
-641
813
-811
-814
-816
-817
-818
-819
-713
-733
-833
-913
-933
-843
-853
-863
-873
-883
-413
433
-432
-434
-438
-443
-463
232
-234
-235
-238
-212
-312
311
-111
-121
125
-124
-128
-145
-155
-185
-195
-272
-282
-292
-371
-381
-911
-825
-925
835
-834
-838
-735
-935
-845
-855
-865
-885
-895
859
-852
-854
-856
-858
-759
-769
-849
-869
-949
-959
-969
-829
-879
-899
-159
-659
919
-914
-916
-917
-918
716
-714
-717
-718
-719
-929
-756
-766
-776
-786
-796
-979
-999
617
-612
-614
-618
-619
412
-414
-418
-419
-527
-627
-442
-482
-492
-677
-687
942
-943
-945
-947
-948
-842
-952
-972
-982
-992
-542
-642
645
-648
-649
-655
-665
847
-848
-767
-867
-967
-827
927
-921
-924
-928
821
-824
-828
-871
-881
-891
-877
-887
-897
-977
-987
-997
964
-963
-965
-966
-968
-754
-764
-864
-954
-934
938
734
-738
-774
-784
-794
-974
-984
-994
-958
-978
-988
-464
-564
-664
985
-981
-983
-986
-785
-795
-995
-955
-285
-385
295
-294
-297
-299
-265
-468
-558
-574
-174
-668
-684
596
-592
-594
-597
-486
-496
-576
577
-572
-578
466
-461
-469
661
-669
-556
-566
449
-448
-429
629
-624
-628
552
-553
-554
-652
654
-658
524
-528
-424
428
-488
-671
-681
-674
-149
269
-267
-268
367
-363
-365
355
-353
218
-214
114
-118
-184
-194
-279
-377
-387
-755
765
-763
-768
956
-953
753
-758
-866
868
-773
-783
973
-971
-976
991
-996
-878
-888
-153
158
143
-148
-173
-183
-543
548
563
-568
171
-176
-179
-181
186
-191
-196
199
-373
372
-382
383
-672
678
682
-688
-872
876
-874
-886
-896
274
-277
-284
287
-777
-778
779
788
-787
797
-799
481
-484
-491
494
-882
884
892
-894
