171
-172
-173
-174
-175
-176
-177
-178
-179
-181
-191
-271
-281
-291
-371
-381
-391
-111
-121
-131
-141
-151
-161
-471
-571
-671
-771
-871
-971
239
-231
-232
-233
-234
-235
-236
-237
-238
-119
-129
-139
-219
-229
-319
-329
-339
-249
-259
-269
-279
-289
-299
-439
-539
-639
-739
-839
-939
263
-261
-262
-264
-265
-266
-267
-268
-143
-153
-163
-243
-253
-343
-353
-363
-213
-223
-273
-283
-293
-463
-563
-663
-763
-863
-963
288
-282
-284
-285
-286
-287
-188
-198
-278
-298
-378
-388
-398
-218
-228
-248
-258
-488
-588
-688
-788
-888
-988
328
-321
-322
-323
-324
-325
-326
-327
-118
-128
-138
-318
-338
-348
-358
-368
-428
-528
-628
-728
-828
-928
349
-341
-342
-344
-345
-346
-347
-149
-159
-169
-359
-369
-379
-389
-399
-449
-549
-649
-749
-849
-949
373
-372
-374
-375
-376
-377
-183
-193
-383
-393
-313
-333
-473
-573
-673
-773
-873
-973
384
-382
-385
-386
-387
-184
-194
-274
-294
-394
-314
-334
-354
-364
-484
-584
-684
-784
-884
-984
466
-461
-462
-464
-465
-467
-468
-469
-446
-456
-546
-556
-566
-646
-656
-666
-416
-426
-436
-476
-486
-496
-166
-366
-766
-866
-966
477
-472
-474
-475
-478
-479
-487
-497
-577
-587
-597
-677
-687
-697
-417
-427
-437
-447
-457
-277
-777
-877
-977
498
-491
-492
-493
-494
-495
-499
-578
-598
-678
-698
-418
-438
-448
-458
-798
-898
-998
531
-532
-533
-534
-535
-536
-537
-538
-411
-421
-431
-511
-521
-611
-621
-631
-541
-551
-561
-581
-591
-331
-731
-831
-931
557
-552
-553
-554
-555
-558
-559
-547
-567
-647
-657
-667
-517
-527
-157
-257
-357
-757
-857
-957
565
-562
-564
-568
-569
-445
-455
-545
-645
-655
-665
-515
-525
-575
-585
-595
-165
-365
-765
-865
-965
638
-632
-633
-634
-635
-636
-637
-518
-618
548
-542
-543
-544
-648
-658
-668
-738
-838
-938
-148
-748
-848
-948
643
-641
-642
-644
-443
-453
-653
-613
-623
-683
-693
-743
-843
-943
652
-651
-654
-659
-442
-452
-662
-612
-622
-672
-682
-692
-152
-252
-352
-752
-852
-952
689
-681
-685
-686
-489
-579
-589
-599
-679
-699
-619
-629
-669
459
-451
-454
-419
-429
-759
-859
-959
-189
199
-192
-195
-196
-197
-789
-889
-989
-799
-899
-999
772
-774
-775
-776
-778
-779
-782
-792
-872
-882
-892
-972
-982
-992
-712
-722
-732
-742
-762
-272
-572
842
-841
-844
-845
-846
-847
-862
-942
-962
-812
-822
-832
-142
-242
891
-893
-894
-895
-896
-897
-781
-791
-881
-981
-991
-811
-821
-851
-861
481
-482
-483
-485
-691
-441
444
661
-664
-414
-424
-434
-144
-244
-744
-944
-361
-761
-961
924
-921
-922
-923
-925
-926
-927
-929
-714
-724
-734
-814
-824
-834
-914
-934
-954
-964
-974
-994
-124
-224
-524
-624
134
-132
-133
-135
-136
-137
-114
-214
-154
-164
254
-251
-255
-256
-754
-854
953
-951
-955
-956
-958
-753
-853
-913
-933
-983
-993
979
-975
-976
-978
878
-874
-875
-876
-879
794
-793
-795
-796
-797
-764
864
-867
-868
-869
-818
-858
-919
-969
769
-767
-768
-719
-729
593
-592
-594
-596
582
-583
-586
-512
-522
-513
-523
-182
-694
997
-995
-996
-787
-887
-987
-917
-937
-947
-967
968
747
-741
-745
-746
-758
-717
-727
-737
718
-711
-713
-715
-716
-918
-147
-247
158
-155
-156
-168
187
-185
-186
-297
-397
-117
-127
-167
162
-362
367
-112
-122
-317
-337
837
-833
-835
-836
-817
-827
-215
-216
-225
-726
-815
-316
-615
-826
-725
-916
-226
315
-311
-312
-115
-125
-335
145
-146
-245
-355
351
-356
-241
246
-276
275
-295
-395
-296
292
-392
396
-212
-222
332
-336
-415
-915
422
-423
-425
-412
413
-432
-433
435
-625
912
-911
721
-723
-932
-751
941
-945
-946
211
-217
-221
227
-113
116
123
-126
-813
-516
-616
-816
819
-829
617
-614
514
-519
-627
626
-526
529
-574
576
674
-675
-676
695
-696
-823
825
733
-735
-736
-935
936
-783
883
-885
-886
-855
856
755
-756
-785
786
985
-986
