143
-141
-142
-144
-145
-146
-147
-148
-149
-153
-163
-243
-253
-263
-343
-353
-363
-113
-123
-133
-173
-183
-193
-443
-543
-643
-743
-843
-943
175
-171
-172
-174
-176
-177
-178
-179
-185
-195
-275
-285
-295
-375
-385
-395
-115
-125
-135
-155
-165
-475
-575
-675
-775
-875
-975
196
-191
-192
-194
-197
-198
-199
-186
-276
-286
-296
-376
-386
-396
-116
-126
-136
-156
-166
-496
-596
-696
-796
-896
-996
217
-211
-212
-213
-214
-215
-216
-218
-219
-117
-127
-137
-227
-237
-317
-327
-337
-247
-257
-267
-277
-287
-297
-417
-517
-617
-717
-817
-917
236
-231
-232
-233
-234
-235
-238
-239
-226
-316
-326
-336
-246
-256
-266
-436
-536
-636
-736
-836
-936
278
-271
-272
-273
-274
-279
-188
-288
-298
-378
-388
-398
-228
-248
-258
-268
-478
-578
-678
-778
-878
-978
354
-351
-352
-355
-356
-357
-358
-359
-154
-164
-244
-254
-264
-344
-364
-314
-324
-334
-374
-384
-394
-454
-554
-654
-754
-854
-954
391
-392
-393
-397
-399
-181
-281
-291
-371
-381
-311
-321
-331
-341
-361
-491
-591
-691
-791
-891
-991
435
-431
-432
-433
-434
-437
-438
-439
-415
-425
-515
-525
-535
-615
-625
-635
-445
-455
-465
-485
-495
-335
-735
-835
-935
462
-461
-463
-464
-466
-467
-468
-469
-442
-452
-542
-552
-562
-642
-652
-662
-412
-422
-472
-482
-492
-162
-262
-362
-762
-862
-962
486
-481
-483
-484
-487
-488
-489
-476
-576
-586
-676
-686
-416
-426
-446
-456
-786
-886
-986
512
-511
-513
-514
-516
-518
-519
-522
-532
-612
-622
-632
-572
-582
-592
-112
-312
-712
-812
-912
564
-561
-563
-565
-566
-567
-568
-569
-444
-544
-644
-664
-524
-534
-574
-584
-594
-764
-864
-964
585
-581
-583
-587
-588
-589
-595
-685
-695
-545
-555
-785
-885
-985
649
-641
-645
-646
-647
-648
-449
-459
-549
-559
-659
-669
-619
-629
-639
-679
-689
-699
-249
-349
-749
-849
-949
661
-663
-665
-666
-667
-668
-441
-451
-541
-551
-651
655
-653
-656
-657
-658
-611
-621
-631
-671
-681
-255
-755
-855
-955
-161
-261
-761
-861
-961
673
-672
-674
-677
-473
-493
-573
-593
-683
-693
-613
-623
-633
-373
-773
-873
-973
727
-721
-722
-723
-724
-725
-726
-728
-729
-737
-827
-837
-927
-937
-747
-757
-767
-777
-787
-797
-427
-527
-627
756
-751
-752
-753
-758
-759
-746
-766
-846
-856
-866
-946
-956
-966
-716
-776
-556
546
-547
-548
-526
-346
366
-365
-367
-368
-369
838
-831
-832
-833
-834
-839
-718
-738
-818
-828
-918
-928
-938
-848
-858
-868
-888
-898
-138
-338
-538
-638
842
-841
-844
-845
-847
-742
-852
-942
-952
-822
-872
-882
-892
-242
-342
884
-881
-883
-887
-889
-774
-784
-794
-874
-894
-974
-984
-994
-814
-824
474
-471
-477
-479
571
-577
-579
-494
-684
-694
-414
-424
-521
-531
-771
-871
-971
-184
-284
294
-292
-293
-299
-224
922
-921
-923
-924
-925
-926
-929
-732
-932
-972
-982
-992
-122
-222
-322
939
-931
-933
-934
-719
-739
-819
-829
-919
-959
-969
-979
-989
-999
-139
-339
-539
963
-965
-967
-968
-763
-853
-863
-953
-913
-983
-993
-129
-428
-711
789
-781
-782
-783
-788
981
-987
-988
-779
772
-792
-799
-879
-899
-769
-911
-941
-951
-372
379
-377
-189
-289
-389
-319
-329
688
-682
-687
692
-697
-698
-498
-598
637
-634
-537
533
-413
-423
-523
453
-457
-458
-553
-618
-628
-333
332
-132
-382
-733
-745
815
-811
-813
-816
-715
-825
-915
-865
-895
-315
-118
-121
-157
-947
-159
-748
-897
893
-793
713
-714
-823
-313
318
-128
124
-114
-134
131
-111
119
-221
-328
-229
-151
-169
-348
411
-418
-419
-421
429
528
-529
448
-447
557
-558
497
-499
-597
599
821
-826
-731
734
-914
916
741
-744
-851
944
-945
-948
765
-768
958
-957
-795
798
995
-997
-998
876
-877
-976
977
614
-616
-624
626
-241
245
251
-252
-259
152
-158
-265
269
-345
347
-167
168
-182
187
282
-283
383
-387
223
-225
-323
325
-857
859
867
-869
