223
-221
-222
-224
-225
-226
-227
-228
-229
-113
-123
-133
-213
-233
-313
-323
-333
-243
-253
-263
-273
-283
-293
-423
-523
-623
-723
-823
-923
248
-241
-242
-244
-245
-246
-247
-249
-148
-158
-168
-258
-268
-348
-358
-368
-218
-238
-278
-288
-298
-448
-548
-648
-748
-848
-948
281
-282
-284
-285
-286
-287
-289
-171
-181
-191
-271
-291
-371
-381
-391
-211
-231
-251
-261
-481
-581
-681
-781
-881
-981
296
-292
-294
-295
-297
-299
-176
-186
-196
-276
-376
-386
-396
-216
-236
-256
-266
-496
-596
-696
-796
-896
-996
327
-321
-322
-324
-325
-326
-328
-329
-117
-127
-137
-217
-237
-317
-337
-347
-357
-367
-377
-387
-397
-427
-527
-627
-727
-827
-927
352
-351
-353
-354
-355
-356
-359
-142
-152
-162
-252
-262
-342
-362
-312
-332
-372
-382
-392
-452
-552
-652
-752
-852
-952
361
-363
-364
-365
-366
-369
-141
-151
-161
-341
-311
-331
-461
-561
-661
-761
-861
-961
374
-373
-375
-378
-379
-174
-184
-194
-274
-384
-394
-314
-334
-344
-474
-574
-674
-774
-874
-974
398
-393
-395
-399
-178
-188
-198
-388
-318
-338
-498
-598
-698
-798
-898
-998
536
-531
-532
-533
-534
-535
-537
-538
-539
-416
-426
-436
-516
-526
-616
-626
-636
-546
-556
-566
-576
-586
-136
-336
-736
-836
-936
547
-541
-542
-543
-544
-545
-549
-447
-457
-467
-557
-567
-647
-657
-667
-517
-577
-587
-597
-147
-747
-847
-947
593
-591
-592
-594
-595
-599
-473
-483
-493
-573
-583
-673
-683
-693
-513
-553
-563
-193
-793
-893
-993
613
-611
-612
-614
-615
-617
-618
-619
-413
-433
-633
-643
-653
-663
-713
-813
-913
639
-631
-632
-634
-635
-637
-638
-419
-429
-439
-519
-529
-629
-649
-659
-669
-679
-689
-699
-139
-239
-339
335
-115
-125
-135
-215
-235
-315
-345
-385
-435
-735
-835
-935
-739
-839
-939
655
-651
-654
-656
-658
-445
-455
-465
-555
-565
-645
-665
-625
-675
-685
-695
-155
-255
-755
-855
-955
678
-671
-672
-676
-677
-478
-488
-578
-588
-688
-628
-668
-778
-878
-978
682
-684
-686
-687
-472
-482
-492
-572
-582
-692
-622
-642
-662
697
-691
-694
-477
-487
-497
-182
-782
-882
-982
-197
-797
-897
-997
763
-762
-764
-765
-766
-767
-768
-769
-743
-753
-843
-853
-863
-943
-953
-963
-733
-773
-783
-163
-463
792
-791
-794
-795
-799
-772
-872
-892
-972
-992
-712
-722
-732
-742
-192
812
-811
-814
-815
-816
-817
-818
-819
-822
-832
-912
-922
-932
-842
-862
-112
-212
-412
-512
868
-864
-865
-866
-867
-869
-758
-858
-958
-968
-828
-838
-888
-468
-568
916
-911
-914
-915
-917
-918
-919
-716
-726
-826
-926
-946
-956
-966
-976
-986
-116
-316
319
126
-121
-122
-124
-128
-129
-119
-219
214
-114
-134
-234
232
-132
172
-173
-175
-177
-179
-272
-146
-156
-166
346
-343
-349
-254
-264
383
-389
-183
-414
-514
-714
-719
-432
-446
-646
666
-664
-456
-466
-746
-846
-883
-983
967
-962
-964
-965
-969
942
-941
-944
-945
-949
-757
-857
-957
-937
-977
-987
-442
-167
-267
971
-973
-975
-979
-771
-871
-891
-991
873
-875
-876
-877
-879
-833
933
-931
-934
-938
-921
-951
-471
-571
491
-494
-495
-499
-411
-421
-431
-441
-451
994
-995
-999
-784
-884
-894
-984
-924
-954
959
-749
-759
-849
-859
-929
-989
-159
-259
257
-157
187
-185
-189
-277
-459
-559
777
-775
-776
-779
-787
-887
-717
-737
837
-831
-834
417
-415
-418
-437
476
-475
-479
-486
-444
-424
-721
-454
-525
-785
728
-724
-725
-729
-718
-738
-928
925
-715
711
-731
734
-821
-824
-825
829
-741
-751
-744
745
-845
-754
756
-856
-786
886
-885
-889
-788
789
988
-985
895
-899
-111
118
131
-138
-511
515
-518
-425
485
-484
-489
584
-585
-589
-575
579
-524
-554
-564
-569
562
-462
422
-428
-522
624
-621
521
-528
-434
438
464
-469
-644
641
-551
558
-458
453
-443
449
-841
844
851
-854
143
-144
-145
-149
-153
154
-164
275
-279
-195
199
165
-169
-265
269
