143
-141
-142
-144
-145
-146
-147
-148
-149
-153
-163
-243
-253
-263
-343
-353
-363
-113
-123
-133
-173
-183
-193
-443
-543
-643
-743
-843
-943
165
-161
-162
-164
-166
-167
-168
-169
-155
-245
-255
-265
-345
-355
-365
-115
-125
-135
-175
-185
-195
-465
-565
-665
-765
-865
-965
176
-171
-172
-174
-177
-178
-179
-186
-196
-276
-286
-296
-376
-386
-396
-116
-126
-136
-156
-476
-576
-676
-776
-876
-976
236
-231
-232
-233
-234
-235
-237
-238
-239
-216
-226
-316
-326
-336
-246
-256
-266
-436
-536
-636
-736
-836
-936
248
-241
-242
-244
-247
-249
-158
-258
-268
-348
-358
-368
-218
-228
-278
-288
-298
-448
-548
-648
-748
-848
-948
273
-271
-272
-274
-275
-277
-279
-283
-293
-373
-383
-393
-213
-223
-473
-573
-673
-773
-873
-973
324
-321
-322
-323
-325
-327
-328
-329
-114
-124
-134
-214
-224
-314
-334
-344
-354
-364
-374
-384
-394
-424
-524
-624
-724
-824
-924
478
-471
-472
-474
-475
-477
-479
-488
-498
-578
-588
-598
-678
-688
-698
-418
-428
-438
-458
-468
-378
-778
-878
-978
495
-491
-492
-493
-494
-496
-497
-499
-485
-575
-585
-595
-675
-685
-695
-415
-425
-435
-445
-455
-295
-395
-795
-895
-995
525
-521
-522
-523
-526
-527
-528
-529
-515
-535
-615
-625
-635
-545
-555
-225
-725
-825
-925
574
-571
-572
-577
-579
-484
-584
-594
-674
-684
-694
-514
-534
-544
-554
-564
-774
-874
-974
581
-582
-583
-586
-587
-589
-481
-591
-671
-681
-691
-511
-531
-541
-551
-561
-181
-281
-381
-781
-881
-981
592
-593
-596
-597
-599
-482
-672
-682
-692
-512
-532
-542
-552
-562
-192
-292
-392
-792
-892
-992
649
-641
-642
-644
-645
-646
-647
655
-651
-652
-653
-654
-656
-657
-658
-659
-449
-459
-469
-549
-559
-569
-669
-619
-629
-639
-679
677
-487
-687
-697
-617
-627
-637
-667
-689
-699
489
-483
-486
-419
-429
-439
-349
-749
-849
-949
-755
-855
-955
-377
-777
-877
-977
-189
-289
-389
-789
-889
-989
733
-731
-732
-734
-735
-737
-738
-739
-713
-723
-813
-823
-833
-913
-923
-933
-753
-763
-783
-793
-333
313
-311
-312
-315
-317
-318
-319
-413
-513
-613
-433
-533
-633
759
-751
-752
-754
-756
-757
-758
-769
-859
-869
-959
-969
-719
-729
-779
-799
-159
-259
-359
858
-851
-852
-853
-854
-856
-857
-768
-868
-958
-968
-818
-828
-838
-888
-898
-558
886
-882
-883
-884
-885
-887
-786
-796
-896
-986
-996
-816
-826
-846
-866
-686
683
-693
696
-623
423
-421
-422
-426
-427
-453
-463
-663
-616
-626
-666
-983
921
-922
-926
-927
-928
-929
-711
-721
-811
-821
-831
-911
-931
-941
-951
-961
-971
-991
-121
-221
-621
726
-722
-727
-728
-716
-916
-746
-766
939
-932
-934
-935
-937
-938
-819
-829
-839
-919
-979
-999
-139
-339
-539
519
-516
-517
-518
416
-411
-412
-414
-417
-446
-456
-466
-119
-219
946
-942
-944
-945
-947
-956
-966
-346
-546
547
-447
-457
-467
-557
-567
437
-431
-432
-434
-537
538
-618
-628
622
-612
-632
-638
-568
668
-661
-662
-664
-122
-222
-822
827
-717
-817
-837
-917
-847
-867
-897
-127
-227
229
-129
128
-118
-138
-338
-188
-198
199
-191
-194
-197
-299
-379
-399
-269
369
-361
-362
-366
-367
356
-351
-352
-357
-137
-337
-347
-747
-556
553
-563
566
-953
879
-871
-872
-875
-899
964
-962
-963
-967
863
-861
-862
-864
-744
-764
-844
-954
-893
993
-994
-997
-998
-914
-984
444
-441
-442
-454
-464
-264
975
-972
-775
-785
-985
-915
-375
-111
-112
117
-217
-157
-187
131
-132
-211
-331
-151
611
-614
-631
634
-834
-152
154
-254
182
-184
-282
-372
371
-291
-391
-382
-341
342
-252
-262
212
-215
-332
335
285
-284
-287
294
-297
-385
-712
-812
-912
918
832
-835
-718
-842
-988
-742
-771
772
-782
-982
987
-787
-797
-762
952
-957
767
-761
-452
451
-461
462
-251
257
261
-267
784
-788
-794
-894
891
-791
798
741
-745
-841
845
-714
715
814
-815
-387
388
397
-398
