197
-191
-192
-193
-194
-195
-196
-198
-199
-177
-187
-277
-287
-297
-377
-387
-397
-117
-127
-137
-147
-157
-167
-497
-597
-697
-797
-897
-997
213
-211
-212
-214
-215
-216
-217
-218
-219
-113
-123
-133
-223
-233
-313
-323
-333
-243
-253
-263
-273
-283
-293
-413
-513
-613
-713
-813
-913
298
-291
-292
-294
-295
-296
-299
-178
-188
-278
-288
-378
-388
-398
-228
-238
-248
-258
-268
-498
-598
-698
-798
-898
-998
317
-311
-312
-314
-315
-316
-318
-319
-227
-237
-327
-337
-347
-357
-367
-417
-517
-617
-717
-817
-917
366
-361
-362
-363
-364
-365
-368
-369
-146
-156
-166
-246
-256
-266
-346
-356
-326
-336
-376
-386
-396
-466
-566
-666
-766
-866
-966
373
-371
-372
-374
-375
-379
-173
-183
-383
-393
-343
-353
-473
-573
-673
-773
-873
-973
494
-491
-492
-493
-495
-496
-499
-474
-484
-574
-584
-594
-674
-684
-694
-414
-424
-434
-444
-454
-464
-394
-794
-894
-994
536
-531
-532
-533
-534
-535
-537
-538
-539
-416
-426
-436
-516
-526
-616
-626
-636
-546
-556
-576
-586
-596
-136
-236
-736
-836
-936
552
-551
-553
-554
-555
-557
-558
-559
-442
-452
-462
-542
-562
-642
-652
-662
-512
-522
-572
-582
-592
-152
-252
-352
-752
-852
-952
567
-561
-563
-564
-565
-568
-569
-447
-457
-467
-547
-647
-657
-667
-527
-577
-587
-267
-767
-867
-967
588
-581
-583
-585
-589
-478
-488
-578
-678
-688
-518
-528
-548
-788
-888
-988
628
-621
-622
-623
-624
-625
-627
-629
-418
-428
-438
-618
-638
-648
-658
-668
-128
-328
-728
-828
-928
665
-661
-663
-664
-669
-445
-455
-465
-545
-645
-655
-615
-635
-675
-685
-695
-165
-265
-765
-865
-965
679
-671
-672
-676
-677
-479
-489
-579
-599
-689
-699
-619
-639
-649
-659
-179
-279
-779
-879
-979
682
-681
-683
-686
-687
-472
-482
-692
-612
-632
637
-631
-633
-634
-427
-437
-737
-837
-937
-182
-282
-382
-782
-882
-982
691
-693
-696
-471
-481
-571
575
-591
-475
-485
-595
593
-483
-523
-543
-515
-525
-611
614
-514
-524
544
-541
-549
-644
-654
-641
-651
-114
-714
-814
-914
-144
-244
-344
-744
-844
-944
-175
-275
-775
-875
-975
-391
-791
-891
-991
-793
-893
-993
725
-721
-722
-723
-724
-726
-727
-729
-715
-735
-815
-825
-835
-915
-925
-935
-745
-755
-785
-795
-125
-225
-325
-425
731
-732
-733
-734
-738
-739
-711
-811
-821
-831
-911
-921
-931
-741
-751
-761
-771
-781
-131
-231
-331
-431
757
-753
-754
-756
-758
-759
-747
-847
-857
-947
-957
-777
-787
247
-241
-242
-245
-249
-257
826
-822
-823
-824
-827
-829
-716
-816
-916
-926
927
-922
-923
-924
-929
-846
-856
-876
-886
-896
-977
-987
116
-111
-112
-115
-118
-119
-126
-226
-176
-186
415
-411
-412
-419
-435
511
-519
-421
-521
529
-429
-439
423
-422
432
-433
-443
-453
-463
-129
-229
-329
-132
-232
-332
-832
-932
862
-861
-863
-864
-868
-869
-742
-762
-842
-942
-962
-812
-872
-892
-162
-262
883
-881
-884
-885
-887
-889
-783
-983
877
-871
-874
-878
-833
933
-934
-938
-939
834
-838
-839
-843
-853
-854
-943
-953
-963
-134
-234
-334
-477
476
-486
487
-446
-456
-276
286
-281
-284
-285
-289
-776
-976
-786
-986
968
-961
-964
-969
-748
-768
-848
-858
-948
-958
818
-819
-718
-918
778
-772
-774
-978
-168
-468
995
-992
-996
-999
-895
899
-985
796
-792
-799
972
-971
-974
981
-984
-989
784
-789
712
-719
-912
919
-764
954
-951
-955
-956
-959
-746
946
-941
-945
-949
-849
-859
-646
643
-653
656
-143
-743
749
763
-769
-149
-349
-449
153
-151
-154
-155
-158
-159
-163
-254
-354
-172
-272
392
-395
-399
222
-221
-224
-122
-322
142
-141
-145
-148
-342
138
-135
-139
-338
185
-181
-184
-189
-385
389
-381
-384
169
-161
-164
264
-261
-269
-259
-359
-274
271
-171
174
121
-124
-321
324
-251
255
-345
-355
-235
239
335
-339
845
-841
851
-855
-351
358
341
-348
-441
448
-458
-451
459
461
-469
