166
-161
-162
-163
-164
-165
-167
-168
-169
-146
-156
-246
-256
-266
-346
-356
-366
-116
-126
-136
-176
-186
-196
-466
-566
-666
-766
-866
-966
193
-191
-192
-194
-195
-197
-198
-199
-173
-183
-273
-283
-293
-373
-383
-393
-113
-123
-133
-143
-153
-493
-593
-693
-793
-893
-993
239
-231
-232
-233
-234
-235
-236
-237
-238
-119
-129
-139
-219
-229
-319
-329
-339
-249
-259
-269
-279
-289
-299
-439
-539
-639
-739
-839
-939
254
-251
-252
-253
-255
-257
-258
-144
-154
-244
-264
-344
-354
-364
-214
-224
-274
-284
-294
-454
-554
-654
-754
-854
-954
295
-291
-292
-296
-297
-298
-175
-185
-275
-285
-375
-385
-395
-215
-225
-245
-265
-495
-595
-695
-795
-895
-995
313
-311
-312
-314
-315
-316
-317
-318
-213
-223
-323
-333
-343
-353
-363
-413
-513
-613
-713
-813
-913
322
-321
-324
-325
-326
-327
-328
-112
-122
-132
-212
-222
-332
-342
-352
-362
-372
-382
-392
-422
-522
-622
-722
-822
-922
398
-391
-394
-396
-397
-399
-178
-188
-278
-288
-378
-388
-338
-348
-358
-368
-498
-598
-698
-798
-898
-998
451
-452
-453
-455
-456
-457
-458
-459
-441
-461
-541
-551
-561
-641
-651
-661
-411
-421
-431
-471
-481
-491
-151
-351
-751
-851
-951
531
-532
-533
-534
-535
-536
-537
-538
-511
-521
-611
-621
-631
-571
-581
-591
-131
-331
-731
-831
-931
547
-542
-543
-544
-545
-546
-548
-549
-447
-467
-557
-567
-647
-657
-667
-517
-527
-577
-587
-597
-147
-247
-347
-747
-847
-947
555
-552
-553
-556
-558
-559
-445
-465
-565
-645
-655
-665
-515
-525
-575
-585
-155
-355
-755
-855
-955
576
-572
-573
-574
-578
-579
-476
-486
-496
-586
-596
-676
-686
-696
-516
-526
-276
-376
-776
-876
-976
599
-592
-594
-479
-489
-499
-589
-679
-689
-699
-519
-529
-569
-799
-899
-999
612
-614
-615
-616
-617
-618
-619
-412
-432
-512
-632
-642
-652
-662
-672
-682
-692
-712
-812
-912
688
-681
-683
-684
-685
-687
-478
-488
-588
-678
-628
-638
-648
-658
-668
-788
-888
-988
756
-752
-753
-757
-758
-759
-746
-846
-856
-946
-956
-716
-726
-736
-786
-796
-656
848
-841
-842
-843
-844
-845
-849
-748
-768
-858
-868
-948
-958
-968
-818
-828
-838
-878
-148
-248
-448
158
-152
-157
-159
-268
-118
-128
-138
884
-881
-882
-883
-885
-886
-887
-889
-774
-784
-794
-874
-894
-974
-984
-994
-814
-824
-834
-864
-184
-384
-484
-584
914
-911
-915
-916
-917
-918
-919
-714
-724
-734
-924
-934
-944
-964
-114
-414
-514
518
-418
-428
-438
-528
468
-462
-463
-464
-469
-568
-218
228
-221
-226
-227
-718
-728
-928
927
-921
-923
-925
-926
-929
-717
-727
-737
-817
-827
-837
-937
-957
-967
-977
-987
-997
-127
-427
-627
972
-971
-973
-975
-978
-979
-772
-782
-792
-872
-892
-982
-992
778
-771
-773
-775
-777
-779
-738
938
-932
-933
-935
-936
-942
-952
-962
852
-853
-857
-859
-742
-762
-862
732
-733
-735
-832
357
-359
-267
-367
-337
-377
-387
-172
-272
-472
492
-494
-497
-482
-582
583
-473
-483
-673
-442
562
-563
-564
-523
524
-424
-434
-624
-634
-124
-262
873
-871
-875
-877
-879
-783
-983
-823
-833
723
-721
-725
-729
-743
-763
-863
-423
-623
694
-691
-697
671
-674
-675
-677
-474
444
-443
-446
-449
-644
-664
646
-643
-649
433
-435
-436
-437
-633
-626
-636
637
-635
-417
625
-629
-415
-425
-125
121
-111
-211
-141
-171
-181
-821
-825
-137
-744
764
-761
-765
-767
-769
867
-861
-865
-869
-897
-271
277
-177
-187
-287
117
-115
-217
216
-336
-286
386
-381
-389
-416
419
426
-429
-816
-719
-819
829
-826
836
-835
815
-811
711
-715
-741
-781
-791
797
-787
891
-896
-981
-991
996
-986
-371
281
-282
182
-189
-142
242
-241
-243
263
-261
943
-941
-945
-949
961
-963
-965
-969
-953
959
745
-749
-785
789
985
-989
341
-345
-349
-361
-145
149
365
-369
135
-134
334
-335
174
-179
-374
379
653
-659
-663
669
475
-477
-485
487
