135
-131
-132
-133
-134
-136
-137
-138
-139
-115
-125
-215
-225
-235
-315
-325
-335
-145
-155
-165
-175
-185
-195
-435
-535
-635
-735
-835
-935
196
-191
-192
-193
-194
-197
-198
-199
-176
-186
-276
-286
-296
-376
-386
-396
-116
-126
-146
-156
-166
-496
-596
-696
-796
-896
-996
224
-221
-222
-223
-226
-227
-228
-229
-114
-124
-214
-234
-314
-324
-334
-244
-254
-264
-274
-284
-294
-424
-524
-624
-724
-824
-924
236
-231
-232
-233
-237
-238
-239
-216
-316
-326
-336
-246
-256
-266
-436
-536
-636
-736
-836
-936
259
-251
-252
-253
-255
-257
-258
-149
-159
-169
-249
-269
-349
-359
-369
-219
-279
-289
-299
-459
-559
-659
-759
-859
-959
273
-271
-272
-275
-277
-278
-173
-183
-283
-293
-373
-383
-393
-213
-243
-263
-473
-573
-673
-773
-873
-973
318
-311
-312
-313
-317
-319
-118
-128
-218
-328
-338
-348
-358
-368
-378
-388
-398
-418
-518
-618
-718
-818
-918
321
-322
-323
-327
-329
-111
-121
-211
-331
-341
-351
-361
-371
-381
-391
-421
-521
-621
-721
-821
-921
392
-394
-395
-397
-399
-172
-182
-282
-292
-372
-382
-332
-342
-352
-362
-492
-592
-692
-792
-892
-992
412
-411
-413
-414
-415
-416
-417
-419
-422
-432
-512
-522
-532
-612
-622
-632
-442
-452
-462
-472
-482
-112
-212
217
122
-123
-127
-129
-117
-337
-142
-152
-162
-247
-267
-287
-297
-712
-812
-912
-517
-617
-717
-817
-917
-722
-822
-922
467
-461
-463
-464
-465
-466
-468
-469
-447
-457
-547
-557
-567
-647
-657
-667
-427
-437
-477
-487
-497
-167
-367
-767
-867
-967
498
-491
-493
-494
-495
-499
-478
-488
-578
-588
-598
-678
-688
-698
-428
-438
-448
-458
-298
-798
-898
-998
515
-511
-513
-514
-516
-519
-425
-525
-615
-625
-545
-555
-565
-575
-585
-595
-715
-815
-915
552
-551
-553
-554
-556
-558
-542
-562
-642
-652
-662
-572
-582
-752
-852
-952
666
-661
-663
-664
-665
-668
-669
-446
-456
-546
-566
-646
-656
-616
-626
-676
-686
-366
-766
-866
-966
685
-681
-682
-683
-684
-687
-689
672
-671
-674
-675
-677
-679
-475
-485
-695
-645
-655
-772
-872
-972
-285
-385
-785
-885
-985
694
-691
-693
-697
-699
-474
-484
-574
-584
-594
-614
-634
-644
-654
-794
-894
-994
749
-741
-742
-743
-744
-745
-746
-747
-748
-769
-849
-869
-949
-969
-719
-729
-739
-779
-789
-799
-449
-549
-649
569
-561
-563
-564
-568
-529
-539
-579
-589
-599
811
-813
-814
-816
-819
-711
-731
-831
-911
-931
-841
-851
-861
-871
-881
-891
-611
848
-842
-843
-844
-845
-846
-847
-758
-768
-858
-868
-948
-958
-968
-828
-838
-878
-888
-148
-248
-548
-648
658
-651
-653
-628
-638
-158
874
-875
-876
-877
-879
-774
-784
-884
-974
-984
-834
-854
-864
-174
-374
962
-961
-963
-964
-965
-762
-862
-942
-932
-982
242
-241
-245
-262
971
-975
-976
-977
-978
-979
-771
-781
-791
-981
-991
-941
-951
-171
-471
-571
995
-993
-997
-999
-775
-795
-895
-925
-945
-955
375
-377
-379
-295
291
-181
-281
288
-178
-188
168
-161
-163
-164
-268
-261
265
-345
-355
-365
445
-441
-443
-444
-455
761
-763
-764
-765
-751
364
-363
-144
-154
-344
-354
184
-187
-189
-384
863
-865
-753
-853
-943
-953
-823
-833
-883
-893
778
-776
-777
-788
-988
-728
-738
-591
899
-897
-889
-989
-829
-839
-433
-387
389
177
-179
-147
-157
119
-113
333
-339
-343
-353
-619
613
-423
-523
-533
-623
-633
-643
641
-451
-541
-631
-713
-913
-919
-733
-933
-141
143
151
-153
-543
544
453
-454
-483
434
-431
-439
531
-534
-537
-538
528
-526
-527
426
-429
481
-486
-489
-581
479
-476
-726
-826
-926
-928
938
-934
-937
-939
929
-923
-927
723
-725
-727
825
-827
-783
-793
797
983
-986
-987
-787
-887
755
-754
-756
-757
-855
-737
837
-832
732
-734
-782
786
882
-886
714
-716
-914
916
856
-857
-946
-956
627
-629
-637
639
-944
947
954
-957
346
-347
-356
357
576
-577
-586
-583
587
593
-597
