176
-171
-172
-173
-174
-175
-177
-178
-179
-186
-196
-276
-286
-296
-376
-386
-396
-116
-126
-136
-146
-156
-166
-476
-576
-676
-776
-876
-976
233
-231
-232
-234
-235
-236
-237
-238
-239
-113
-123
-133
-213
-223
-313
-323
-333
-243
-253
-263
-273
-283
-293
-433
-533
-633
-733
-833
-933
271
-272
-274
-275
-277
-278
-279
-181
-191
-281
-291
-371
-381
-391
-211
-221
-241
-251
-261
-471
-571
-671
-771
-871
-971
321
-322
-324
-325
-326
-327
-328
-329
-111
-121
-131
-311
-331
-341
-351
-361
-421
-521
-621
-721
-821
-921
339
-332
-334
-335
-336
-337
-338
-119
-129
-139
-219
-229
-319
-349
-359
-369
-379
-389
-399
-439
-539
-639
-739
-839
-939
345
-342
-343
-344
-346
-347
-348
-145
-155
-165
-245
-255
-265
-355
-365
-315
-375
-385
-395
-445
-545
-645
-745
-845
-945
353
-352
-354
-356
-357
-358
-143
-153
-163
-363
-373
-383
-393
-453
-553
-653
-753
-853
-953
394
-392
-397
-398
-184
-194
-284
-294
-374
-384
-314
-364
-494
-594
-694
-794
-894
-994
416
-411
-412
-413
-414
-415
-417
-418
-419
-426
-436
-516
-526
-536
-616
-626
-636
-446
-456
-466
-486
-496
-216
-316
226
-222
-224
-225
-227
-228
-246
-256
-266
366
-362
-367
-368
-716
-816
-916
-726
-826
-926
-566
-666
-766
-866
-966
431
-432
-434
-435
-437
-438
-511
-531
-611
-631
-441
-451
-461
-481
-491
-731
-831
-931
449
-442
-443
-444
-447
-448
-459
-469
-549
-559
-569
-649
-659
-669
-429
-479
-489
-499
-149
-249
-749
-849
-949
472
-473
-474
-475
-477
-478
-482
-492
-572
-582
-592
-672
-682
-692
-422
-452
-462
-372
-772
-872
-972
522
-523
-524
-525
-527
-528
-529
-512
-532
-612
-622
-632
-542
-552
-562
-122
-722
-822
-922
599
-591
-593
-595
-596
-597
-598
-579
-589
-679
-689
-699
-519
-199
-299
-799
-899
-999
634
-635
-637
-638
-424
-514
-534
-614
-624
-644
-654
-664
-674
-684
-134
-734
-834
-934
667
-661
-662
-663
-665
-668
-457
-467
-547
-557
-567
-647
-657
-617
-627
-677
-687
-697
-167
-267
-767
-867
-967
681
-683
-685
-686
-688
-581
-691
-641
-651
-781
-881
-981
757
-751
-752
-754
-755
-756
-758
-759
-747
-847
-857
-947
-957
-717
-727
-737
-777
-787
-797
-157
-257
763
-761
-762
-764
-765
-768
-769
-743
-843
-863
-943
-963
-713
-723
-773
-783
-793
-463
-563
778
-774
-775
-779
-788
-798
-878
-888
-898
-978
-988
-998
-718
-728
-738
-748
-378
377
-187
-197
-287
-297
-387
-317
-577
-877
-977
-578
-678
792
-791
-795
-796
-782
-882
-892
-982
-992
-712
-732
-742
-192
-292
824
-823
-825
-827
-828
-829
-714
-724
-814
-914
-924
-844
-854
-864
-874
-884
-124
885
-883
-886
-887
-889
-785
-875
-895
-975
-985
-995
-815
-835
-855
-865
-185
-285
-485
-585
993
-991
-996
-997
891
-893
-896
-897
-873
879
-973
-983
987
-984
-986
-989
786
-784
-789
974
-979
744
-741
-746
-944
-954
-964
711
-715
-719
-811
-911
-736
735
-725
729
-915
-925
-935
-819
-919
-929
-841
-851
-861
813
-812
-817
-818
-913
-923
837
-832
-836
-838
936
-932
-937
-938
912
-917
-918
-927
928
-859
-869
-942
-952
-962
-946
-956
-948
941
-951
-961
-958
-968
-112
-212
-312
318
132
-135
-137
-138
-118
-128
-218
-142
-152
-162
-182
382
-388
-282
-513
-613
-518
-618
619
-615
-629
-428
-628
538
-535
-537
-548
-558
-568
-588
-141
-541
-144
-244
-544
-574
-586
696
-693
-695
-698
-646
-656
-487
-587
497
-493
-495
-498
488
-483
-484
584
-583
423
-425
-427
-623
625
-515
517
-458
-468
-554
-564
-655
-675
673
-573
575
543
-546
-643
556
-551
-555
561
-565
-117
-217
127
-125
-147
148
247
-242
-248
-158
-168
-258
-268
-188
-198
846
-842
-848
-856
642
-648
-652
658
151
-154
-159
-161
-858
852
-862
868
-252
262
-264
-269
183
-189
-193
195
-295
298
-288
289
-115
114
-214
215
-164
169
254
-259
-454
455
464
-465
-955
959
965
-969
