157
-151
-152
-153
-154
-155
-156
-158
-159
-147
-167
-247
-257
-267
-347
-357
-367
-117
-127
-137
-177
-187
-197
-457
-557
-657
-757
-857
-957
176
-171
-172
-173
-174
-175
-178
-179
-186
-196
-276
-286
-296
-376
-386
-396
-116
-126
-136
-146
-166
-476
-576
-676
-776
-876
-976
213
-211
-212
-214
-215
-216
-217
-218
-219
-113
-123
-133
-223
-233
-313
-323
-333
-243
-253
-263
-273
-283
-293
-413
-513
-613
-713
-813
-913
241
-242
-244
-245
-246
-248
-249
-141
-161
-251
-261
-341
-351
-361
-221
-231
-271
-281
-291
-441
-541
-641
-741
-841
-941
275
-272
-274
-277
-278
-279
-185
-195
-285
-295
-375
-385
-395
-225
-235
-255
-265
-475
-575
-675
-775
-875
-975
284
-282
-287
-288
-289
-184
-194
-294
-374
-384
-394
-224
-234
-254
-264
-484
-584
-684
-784
-884
-984
299
-292
-297
-298
-189
-199
-379
-389
-399
-229
-239
-259
-269
-499
-599
-699
-799
-899
-999
312
-311
-314
-315
-316
-317
-318
-319
-112
-122
-132
-222
-232
-322
-332
-342
-352
-362
-372
-382
-392
-412
-512
-612
-712
-812
-912
358
-353
-354
-355
-356
-359
-148
-168
-258
-268
-348
-368
-328
-338
-378
-388
-398
-458
-558
-658
-758
-858
-958
491
-492
-493
-494
-495
-496
-497
-498
-471
-481
-571
-581
-591
-671
-681
-691
-411
-421
-431
-451
-461
-191
-391
-791
-891
-991
526
-521
-522
-523
-524
-525
-527
-528
-529
-416
-426
-436
-516
-536
-616
-626
-636
-546
-556
-566
-586
-596
-226
-326
-726
-826
-926
547
-542
-543
-544
-545
-548
-549
-447
-467
-567
-647
-667
-517
-537
-577
-587
-597
-747
-847
-947
574
-572
-573
-578
-579
-474
-594
-674
-694
-514
-534
-554
-564
-774
-874
-974
588
-582
-583
-585
-589
-478
-488
-598
-678
-688
-698
-518
-538
-568
-188
198
-192
-193
182
-181
-183
-142
-162
-118
-128
-138
-482
-682
-782
-882
-982
-788
-888
-988
-798
-898
-998
635
-631
-632
-633
-634
-637
-638
-639
-415
-425
-435
-515
-535
-615
-625
-645
-655
-665
-685
-695
-135
-335
-735
-835
-935
648
-642
-643
-644
-646
-649
-448
-468
-668
-618
-628
-748
-848
-948
664
-661
-662
-663
-666
-669
-444
-454
-464
-654
-614
-624
-164
-364
-764
-864
-964
752
-751
-753
-754
-755
-756
-759
-742
-762
-842
-852
-862
-942
-952
-962
-722
-732
-772
-792
442
-443
-445
-446
-449
-452
-462
-552
-562
-652
-422
-432
-472
-252
256
262
-266
-346
-366
-236
336
-331
-334
-337
-339
-736
-836
-936
-456
-656
466
-463
-465
-469
-486
-856
-956
-766
-866
-966
822
-821
-823
-824
-825
-827
-828
-829
-832
-922
-932
-872
-892
-622
532
-531
-533
-539
-592
831
-833
-834
-837
-838
-839
-711
-721
-731
-811
-911
-921
-931
-851
-861
-871
-881
-131
843
-844
-845
-846
-849
-743
-763
-853
-863
-943
-953
-963
-873
-883
-893
-143
163
-165
-169
-343
-363
-563
914
-915
-916
-917
-918
-919
-714
-724
-734
-814
-924
-934
-944
-954
-994
-114
-414
854
-855
-859
-744
794
-793
-795
-796
-797
-894
923
-925
-927
-928
-929
-723
-733
-933
-973
-983
-993
-423
-623
433
-434
-437
-438
-439
424
-427
-428
-429
418
-417
-419
-453
-473
-483
-718
-818
-124
-324
134
-139
-144
344
-345
-349
971
-972
-977
-978
-979
-771
-781
-981
992
-995
-996
-997
761
-765
-767
-768
-769
-951
-961
-561
-371
381
-383
-387
-321
672
-673
-677
-679
-692
111
-115
-119
-121
-511
519
-619
-629
551
-553
-555
-559
-651
653
-659
593
-595
-683
-693
485
-487
-489
-455
459
565
-569
477
-479
-687
-697
696
-686
689
-611
617
621
-627
-717
-817
-719
-819
955
-959
-745
-865
-945
-965
-985
145
-149
-365
369
-125
129
325
-327
-329
-725
-729
-869
-969
-377
373
-393
397
-773
783
-785
-786
-787
-789
715
-716
-815
816
746
-749
-946
949
-886
-896
986
-987
-989
-939
739
-737
-738
-779
-777
778
-878
727
-728
-937
938
868
-867
967
-968
-227
228
237
-238
-877
879
-889
-885
887
895
-897
