226
-221
-222
-223
-224
-225
-227
-228
-229
-116
-126
-136
-216
-236
-316
-326
-336
-246
-256
-266
-276
-286
-296
-426
-526
-626
-726
-826
-926
261
-262
-263
-264
-265
-267
-268
-269
-141
-151
-161
-241
-251
-341
-351
-361
-211
-231
-271
-281
-291
-461
-561
-661
-761
-861
-961
293
-292
-294
-295
-297
-298
-299
-173
-183
-193
-273
-283
-373
-383
-393
-213
-233
-243
-253
-493
-593
-693
-793
-893
-993
311
-312
-313
-314
-315
-317
-318
-319
-111
-121
-131
-321
-331
-371
-381
-391
-411
-511
-611
-711
-811
-911
333
-332
-334
-335
-337
-338
-339
-113
-123
-133
-323
-343
-353
-363
-433
-533
-633
-733
-833
-933
347
-342
-344
-345
-346
-348
-349
-147
-157
-167
-247
-257
-357
-367
-327
-377
-387
-397
-447
-547
-647
-747
-847
-947
358
-352
-354
-355
-356
-359
-148
-158
-168
-248
-258
-368
-328
-378
-388
-398
-458
-558
-658
-758
-858
-958
362
-364
-365
-366
-369
-142
-152
-162
-242
-252
-322
-372
-382
-392
-462
-562
-662
-762
-862
-962
515
-512
-513
-514
-516
-517
-518
-519
-415
-425
-435
-525
-535
-615
-625
-635
-545
-555
-565
-575
-585
-595
-115
-215
-715
-815
-915
532
-531
-534
-536
-537
-538
-539
-412
-422
-432
-522
-612
-622
-632
-542
-552
-572
-582
-592
-132
-232
-732
-832
-932
549
-541
-543
-544
-546
-548
-449
-459
-469
-559
-569
-649
-659
-669
-529
-579
-589
-599
-149
-249
-749
-849
-949
576
-571
-573
-574
-577
-578
-476
-486
-496
-586
-596
-676
-686
-696
-556
-566
-176
-376
-776
-876
-976
619
-613
-614
-616
-617
-618
-419
-429
-439
-629
-639
-679
-689
-699
-119
-219
-719
-819
-919
628
-621
-623
-624
-627
-418
-428
-438
-528
-638
-648
-668
-678
-688
-698
-128
-728
-828
-928
645
-641
-642
-643
-644
-646
-445
-455
-465
-655
-665
-675
-685
-695
-145
-245
244
-144
-154
-164
-254
-214
-234
-274
-284
-444
-744
-844
-944
-745
-845
-945
657
-651
-652
-653
-654
-656
-457
-467
-557
-567
-667
-637
-677
-687
-697
-757
-857
-957
796
-791
-792
-794
-795
-797
-798
-799
-786
-886
-896
-986
-996
-716
-736
-746
-756
-766
-196
-396
386
-384
-385
-389
-186
829
-821
-822
-823
-824
-825
-827
-729
-739
-839
-929
-939
-859
-869
-879
-889
-899
-129
-329
831
-834
-835
-836
-837
-838
-721
-731
-921
-931
-841
-851
-871
-881
-891
-431
-631
866
-863
-864
-865
-867
-868
-846
-856
-946
-956
-966
-816
-166
-466
-666
636
-634
-416
-436
916
-912
-913
-914
-917
-918
-936
883
-882
-884
-885
-887
-888
-773
-783
-873
-973
-983
-813
-843
-853
-483
-583
-683
898
-892
-894
-895
-897
-778
-788
-878
-978
-988
-998
-818
-848
842
-742
-752
-852
-942
-952
-812
-872
-442
452
-451
-453
-454
-456
446
-441
-443
-448
551
-553
-554
-472
-482
-492
-521
421
-423
-424
-427
-471
-481
-491
-581
-591
-146
143
-153
-163
156
-155
-159
-743
-943
-751
-951
-198
-498
-598
934
-935
-937
-938
-714
-724
-734
-814
817
-924
-717
-727
-737
-927
-877
-954
-964
-974
-984
-994
-117
-217
-417
-134
-434
437
-527
-477
-487
-497
127
-122
-124
-125
-137
-237
-177
-187
-197
999
-991
-992
-995
-997
-779
-789
-979
-989
-959
-969
597
-594
-587
-199
-399
379
-374
-375
-179
-189
-279
-289
-479
489
-484
-485
-488
-499
-395
394
-174
-184
-194
114
-112
-118
212
-218
-324
325
-135
-235
-272
-282
-712
-414
413
-523
524
-463
-473
673
-671
-672
-674
563
-564
-568
-663
664
-464
468
-478
588
-584
-684
-694
-713
718
-738
735
-725
-925
-755
-765
-775
-785
-748
741
-941
948
-768
-968
-771
-781
-763
-963
-764
784
-782
-787
-774
-874
875
-975
-985
-754
854
-855
474
-475
-494
495
-175
-275
-188
-288
-195
-182
-181
185
-285
287
-277
278
-178
-165
169
255
-259
138
-139
-238
239
-955
953
-753
759
965
-967
767
-769
723
-722
922
-923
772
-777
-972
-982
-172
171
-191
192
-971
977
981
-987
-681
682
691
-692
