126
-121
-122
-123
-124
-125
-127
-128
-129
-116
-136
-216
-226
-236
-316
-326
-336
-146
-156
-166
-176
-186
-196
-426
-526
-626
-726
-826
-926
155
-151
-152
-153
-154
-157
-158
-159
-145
-165
-245
-255
-265
-345
-355
-365
-115
-135
-175
-185
-195
-455
-555
-655
-755
-855
-955
229
-221
-222
-223
-224
-225
-227
-228
-119
-139
-219
-239
-319
-329
-339
-249
-259
-269
-279
-289
-299
-429
-529
-629
-729
-829
-929
238
-231
-232
-233
-234
-235
-237
-118
-138
-218
-318
-328
-338
-248
-258
-268
-278
-288
-298
-438
-538
-638
-738
-838
-938
252
-251
-253
-254
-256
-257
-142
-162
-242
-262
-342
-352
-362
-212
-272
-282
-292
-452
-552
-652
-752
-852
-952
263
-261
-264
-266
-267
-143
-163
-243
-343
-353
-363
-213
-273
-283
-293
-463
-563
-663
-763
-863
-963
281
-284
-285
-286
-287
-171
-181
-191
-271
-291
-371
-381
-391
-211
-241
-481
-581
-681
-781
-881
-981
297
-294
-295
-296
-177
-187
-197
-277
-377
-387
-397
-217
-247
-497
-597
-697
-797
-897
-997
311
-312
-313
-314
-315
-317
-111
-131
-321
-331
-341
-351
-361
-411
-511
-611
-711
-811
-911
372
-373
-374
-375
-376
-378
-379
-172
-182
-192
-382
-392
-322
-332
-472
-572
-672
-772
-872
-972
478
-471
-473
-474
-475
-476
-477
-479
-488
-498
-578
-588
-598
-678
-688
-698
-418
-428
-448
-458
-468
-178
-778
-878
-978
485
-482
-483
-484
-486
-487
-489
-495
-575
-585
-595
-675
-685
-695
-415
-425
-435
-445
-465
-385
-785
-885
-985
499
-491
-492
-493
-494
-496
-579
-589
-599
-679
-689
-699
-419
-439
-449
-459
-469
-199
-399
-799
-899
-999
565
-561
-562
-564
-566
-567
-568
-569
-545
-645
-665
-515
-525
-535
-765
-865
-965
577
-571
-573
-574
-576
-587
-677
-687
-517
-527
-537
-547
-557
-777
-877
-977
616
-612
-613
-614
-615
-617
-618
-619
-416
-436
-516
-536
-636
-646
-656
-666
-676
-686
-696
-716
-816
-916
632
-631
-633
-634
-635
-637
-639
-412
-422
-432
-512
-522
-532
-622
625
-621
-623
-624
-627
-628
-642
-662
-682
-692
-325
-725
-825
-925
-132
112
-113
-114
-117
-712
-812
-912
-732
-832
-932
684
-683
-584
-594
-674
-694
-644
-654
-664
-184
-384
-784
-884
-984
761
-762
-764
-766
-767
-768
-769
-741
-751
-841
-851
-861
-941
-951
-961
-721
-731
-771
-791
-161
141
-144
-147
-148
-149
-441
-541
-641
-461
-661
773
-774
-775
-776
-779
-783
-793
-873
-883
-893
-973
-983
-993
-713
-723
-733
-743
-753
-173
-673
671
-591
-691
693
-583
-593
-651
-643
-653
-871
-971
-193
-393
815
-813
-814
-817
-818
-819
-715
-735
-835
-915
-935
-845
-875
-895
-215
214
-134
-324
-334
335
-333
-337
-244
246
-346
-356
-366
-274
275
-276
-395
-414
-514
-714
-914
-446
-546
-746
-846
-946
-975
823
-821
-822
-824
-827
-828
-833
-913
-923
-933
-843
-853
-323
327
133
-137
-183
383
-386
-388
-389
396
-394
-398
167
-164
-168
-169
-347
-357
-367
-423
-523
-427
-727
-927
-433
-533
-467
-667
-867
-967
-596
592
-582
586
-542
-556
-786
-886
-986
-792
-892
-992
-796
-896
-996
839
-831
-834
-836
-837
-719
-739
-919
-939
891
-894
-898
-991
-849
-859
-869
-879
-889
519
-513
-518
413
-417
437
-431
-434
528
-521
-524
-539
-443
-453
-447
-457
-548
-558
-549
-559
-728
-928
-737
-937
847
-842
-844
-848
-747
-757
-857
-947
-957
-887
-647
657
-658
-659
948
-942
-943
-944
-945
-949
953
-954
-956
-958
-959
745
-742
-744
-748
-749
-758
-858
-868
-968
-795
995
-994
-998
888
-882
-788
-798
794
-874
876
-974
-976
979
-988
-789
-989
-724
722
-922
-782
787
982
-987
-734
736
-936
-754
-756
759
-969
-717
718
917
-918
862
-864
-866
-962
854
-856
-964
966
442
-444
-462
543
-544
-553
344
-348
-349
-354
-364
-648
649
668
-669
-454
-554
551
-451
456
464
-466
421
-424
-531
534
-921
924
931
-934
358
-359
-368
369
174
-179
-194
198
-188
189
