169
-161
-162
-163
-164
-165
-166
-167
-168
-149
-159
-249
-259
-269
-349
-359
-369
-119
-129
-139
-179
-189
-199
-469
-569
-669
-769
-869
-969
194
-191
-192
-193
-195
-196
-197
-198
-174
-184
-274
-284
-294
-374
-384
-394
-114
-124
-134
-144
-154
-494
-594
-694
-794
-894
-994
266
-261
-262
-263
-264
-265
-267
-268
-146
-156
-246
-256
-346
-356
-366
-216
-226
-236
-276
-286
-296
-466
-566
-666
-766
-866
-966
277
-271
-272
-273
-275
-278
-279
-177
-187
-287
-297
-377
-387
-397
-217
-227
-237
-247
-257
-477
-577
-677
-777
-877
-977
325
-321
-322
-323
-324
-326
-327
-328
-329
-115
-125
-135
-215
-225
-235
-315
-335
-345
-355
-365
-375
-385
-395
-425
-525
-625
-725
-825
-925
337
-331
-332
-333
-334
-336
-338
-339
-117
-127
-137
-317
-347
-357
-367
-437
-537
-637
-737
-837
-937
379
-371
-372
-373
-376
-378
-289
-299
-389
-399
-319
-479
-579
-679
-779
-879
-979
383
-381
-382
-386
-388
-173
-183
-283
-293
-393
-313
-343
-353
-363
-483
-583
-683
-783
-883
-983
452
-451
-453
-454
-455
-456
-457
-458
-459
-442
-462
-542
-552
-562
-642
-652
-662
-412
-422
-432
-472
-482
-492
-152
-252
-352
-752
-852
-952
529
-521
-522
-523
-524
-526
-527
-528
-419
-429
-439
-519
-539
-619
-629
-639
-549
-559
-589
-599
-229
-729
-829
-929
538
-531
-532
-533
-534
-535
-536
-418
-428
-438
-518
-618
-628
-638
-548
-558
-568
-578
-588
-598
-138
-238
-738
-838
-938
624
-621
-622
-623
-626
-627
-414
-424
-434
-514
-614
-634
-644
-654
-664
-674
-684
-224
-724
-824
-924
695
-691
-692
-693
-696
-697
-698
-699
-475
-485
-495
-575
-585
-595
-675
-685
-615
-635
-645
-655
-665
-295
-795
-895
-995
734
-731
-732
-733
-735
-736
-739
-714
-814
-834
-914
-934
-744
-754
-764
-774
-784
-234
759
-751
-753
-755
-756
-757
-758
-749
-849
-859
-949
-959
-719
-789
-799
-659
781
-782
-785
-786
-787
-788
-771
-791
-871
-881
-891
-971
-981
-991
-711
-721
-741
-761
-181
-281
-481
-581
-681
817
-811
-812
-813
-815
-816
-818
-819
-717
-727
-827
-917
-927
-847
-857
-867
-887
-897
-417
-517
-617
427
-421
-423
-426
-447
-467
-487
-497
832
-831
-833
-835
-836
-839
-712
-722
-822
-912
-922
-932
-842
-862
-872
-882
-892
-132
-232
-632
841
-843
-844
-845
-846
-848
-851
-861
-941
-951
-961
-821
-141
-241
-341
-441
-541
-641
875
-873
-874
-876
-878
-775
-885
-975
-985
-855
-865
-175
911
-913
-915
-916
-918
-919
-921
-931
939
-933
-935
-936
715
-713
-716
-718
-745
-765
-989
-999
-111
-211
-311
-411
-511
-611
-415
-515
435
-431
-433
-436
631
-633
-636
-445
-465
-651
-661
-671
219
-212
-213
-214
-218
314
-312
-316
-318
-239
-344
-354
-364
396
-391
-392
-398
-176
-186
118
-112
-113
-116
-128
-228
-148
-158
-178
-188
-131
-231
233
-123
-133
136
-223
-126
-243
-253
-496
-596
-796
-896
-996
964
-962
-963
-965
-967
-968
-854
-864
-944
-954
884
-886
-888
-889
-974
-984
899
-893
-898
-464
-564
565
-561
-563
-567
-545
-555
-484
-584
-499
987
-982
-986
-988
-797
-997
-947
-957
-587
-687
597
-591
-592
-593
-547
-557
998
-992
-993
-778
-798
-978
-928
-948
-958
-298
288
-282
-285
185
-182
-145
-155
-248
-258
-488
-688
-498
-121
122
221
-222
-142
-172
171
-291
292
-151
-251
-242
-471
-571
491
-493
-461
551
-553
-554
-556
-351
358
361
-362
-368
342
-348
-742
-942
762
-763
-767
-768
747
-743
-746
-748
-772
-792
793
972
-973
-976
-773
776
-723
-726
728
-828
-147
143
-153
157
-443
-543
-643
-943
-647
254
-255
-244
245
-945
946
955
-953
-956
-856
826
-823
923
-926
-446
-546
544
-444
474
-473
-476
-478
-574
678
-672
-673
-676
573
-572
-576
-513
-648
-658
-668
-646
649
656
-653
-657
667
-663
463
-468
448
-449
-413
416
613
-612
-616
512
-516
-486
489
-689
-582
586
682
-686
853
-858
-863
868
