124
-121
-122
-123
-125
-126
-127
-128
-129
-114
-134
-214
-224
-234
-314
-324
-334
-144
-154
-164
-174
-184
-194
-424
-524
-624
-724
-824
-924
131
-132
-133
-135
-136
-137
-138
-139
-111
-211
-221
-231
-311
-321
-331
-141
-151
-161
-171
-181
-191
-431
-531
-631
-731
-831
-931
168
-162
-163
-165
-166
-167
-169
-148
-158
-248
-258
-268
-348
-358
-368
-118
-178
-188
-198
-468
-568
-668
-768
-868
-968
235
-232
-233
-236
-237
-238
-239
-115
-215
-225
-315
-325
-335
-245
-255
-265
-275
-285
-295
-435
-535
-635
-735
-835
-935
249
-241
-242
-243
-244
-246
-247
-149
-159
-259
-269
-349
-359
-369
-219
-229
-279
-289
-299
-449
-549
-649
-749
-849
-949
286
-281
-282
-283
-284
-287
-288
-176
-186
-196
-276
-296
-376
-386
-396
-216
-226
-256
-266
-486
-586
-686
-786
-886
-986
346
-341
-342
-343
-344
-345
-347
-146
-156
-356
-366
116
-112
-113
-117
-119
-316
-326
-336
-416
-516
-616
-716
-816
-916
-446
-546
-646
-746
-846
-946
351
-352
-353
-354
-355
-357
-251
-261
-361
-371
-381
-391
-451
-551
-651
-751
-851
-951
364
-362
-363
-365
-367
-254
-264
-374
-384
-394
-464
-564
-664
-764
-864
-964
421
-422
-423
-425
-426
-427
-428
-429
-411
-511
-521
-611
-621
-441
-461
-471
-481
-491
-721
-821
-921
522
-523
-525
-526
-527
-528
-529
-412
-432
-512
-532
-612
-622
-632
-542
-552
-562
-572
-582
-592
-222
-322
-722
-822
-922
537
-533
-534
-536
-538
-539
-417
-437
-517
-617
-627
-637
-547
-557
-567
-577
-587
-597
-337
-737
-837
-937
554
-553
-555
-556
-558
-559
-444
-454
-544
-644
-654
-514
-574
-584
-594
-754
-854
-954
569
-561
-563
-565
-566
-459
-469
-659
-669
-519
-579
-589
-599
-769
-869
-969
667
-661
-662
-663
-665
-666
-447
-457
-467
-647
-657
-677
-687
-697
-267
-767
-867
-967
681
-682
-683
-684
-685
-688
-689
-571
-581
-591
-671
-691
541
-543
-545
-548
-641
-741
-841
-941
-781
-881
-981
693
-692
-694
-695
-696
-698
-699
-473
-483
-493
-573
-583
-593
-673
513
-515
-518
-413
-433
-613
-623
-633
-643
-653
-213
-313
-713
-813
-913
-193
-293
-393
-793
-893
-993
727
-723
-725
-726
-728
-729
-717
-817
-827
-917
-927
-747
-757
-777
-787
-797
-227
-327
792
-791
-794
-795
-796
-798
-799
-772
-782
-872
-882
-892
-972
-982
-992
-712
-732
-742
-752
-762
-192
-292
-392
-492
819
-811
-812
-814
-815
-818
-719
-739
-829
-839
-919
-929
-939
-859
-879
-889
-899
-319
-419
-619
896
-891
-894
-895
-897
-898
-776
-876
-976
-996
-826
-836
-856
-866
-496
-596
576
-575
-578
-476
-676
942
-943
-944
-945
-947
-948
-842
-852
-862
-952
-962
832
-833
-834
-838
-912
-932
-332
-142
-442
-642
961
-963
-965
-966
-761
-861
871
-873
-874
-875
-877
-878
-771
-971
-991
711
-714
-715
-718
-911
-271
291
-294
-297
-298
274
-272
-273
-277
-278
-474
-674
-774
-974
989
-983
-984
-985
-987
-988
-779
-789
-979
-999
759
-753
-755
-756
-758
-959
-189
-389
-489
994
-995
-997
-998
-784
-884
844
-843
-845
-847
-848
-744
734
-733
-736
-738
-914
-934
766
-763
-765
-956
-434
-634
614
-615
-618
-414
147
-143
-145
155
-152
-153
-157
-257
-175
-185
-195
-177
-187
-197
199
-179
-379
-399
217
-212
-218
312
-317
-318
228
-223
-328
-338
-372
-382
-628
-828
-928
-455
-655
-855
-955
-466
484
-482
-485
-487
-488
-494
182
-183
-172
173
-373
-383
-773
-973
-499
-478
-475
-458
-678
-853
-885
-495
-788
-375
438
-436
-439
-418
415
-625
-638
-445
-465
645
-648
456
-452
-453
-656
-448
443
-463
462
-652
658
-472
672
-675
-679
479
-477
497
-498
-915
918
-938
-958
-978
-743
783
-785
-883
-745
748
865
-863
953
-957
857
-858
775
-778
-975
977
-887
888
823
-825
-923
-933
936
925
-926
-323
329
333
-339
626
-629
-636
639
252
-253
-262
263
-377
378
-388
-398
387
-385
395
-397
585
-588
-595
598
