133
-131
-132
-134
-135
-136
-137
-138
-139
-113
-123
-213
-223
-233
-313
-323
-333
-143
-153
-163
-173
-183
-193
-433
-533
-633
-733
-833
-933
212
-211
-214
-215
-216
-217
-218
-219
-112
-122
-222
-232
-312
-322
-332
-242
-252
-262
-272
-282
-292
-412
-512
-612
-712
-812
-912
226
-221
-224
-225
-227
-228
-229
-116
-126
-236
-316
-326
-336
-246
-256
-266
-276
-286
-296
-426
-526
-626
-726
-826
-926
231
-234
-235
-237
-238
-239
-111
-121
-311
-321
-331
-241
-251
-261
-271
-281
-291
-431
-531
-631
-731
-831
-931
343
-341
-342
-344
-345
-346
-347
-348
-349
-243
-253
-263
-353
-363
-373
-383
-393
-443
-543
-643
-743
-843
-943
357
-351
-352
-354
-355
-356
-358
-359
-147
-157
-167
-247
-257
-267
-367
-317
-327
-337
-377
-387
-397
-457
-557
-657
-757
-857
-957
366
-361
-362
-364
-365
-368
-369
-146
-156
-166
-376
-386
-396
-466
-566
-666
-766
-866
-966
452
-451
-453
-454
-455
-456
-458
-459
-442
-462
-542
-552
-562
-642
-652
-662
-422
-432
-472
-482
-492
-152
-752
-852
-952
494
-491
-493
-495
-496
-497
-498
-499
-474
-484
-574
-584
-594
-674
-684
-694
-414
-424
-434
-444
-464
-194
-294
-394
-794
-894
-994
569
-561
-563
-564
-565
-567
-568
-449
-469
-549
-559
-649
-659
-669
-519
-529
-539
-579
-589
-599
-169
-269
-769
-869
-969
595
-591
-592
-593
-596
-597
-598
-475
-485
-575
-585
-675
-685
-695
-515
-525
-535
-545
-555
-195
-295
-395
-795
-895
-995
627
-621
-622
-623
-624
-625
-628
-629
-417
-427
-437
-517
-527
-537
-617
-637
-647
-667
-677
-687
-697
-127
117
-114
-115
-118
-119
-177
-187
-197
-717
-817
-917
-727
-827
-927
635
-632
-634
-636
-638
-639
-415
-425
-435
-615
-645
-655
-665
-335
-735
-835
-935
654
-651
-653
-656
-658
-544
-554
-644
-664
-614
-154
-254
-754
-854
-954
688
-681
-682
-683
-686
-689
-478
-488
-578
-588
-678
-698
-618
-648
-668
-188
-288
-388
-788
-888
-988
696
-691
-692
-693
-699
-476
-486
-576
-586
-676
672
-671
-673
-679
-572
-582
-616
-646
641
-441
-461
-541
-551
-661
663
-463
-553
-611
-613
619
-419
-429
-439
-319
-719
-819
-919
-141
-741
-841
-941
-763
-863
-963
-172
-372
-772
-872
-972
-196
-796
-896
-996
868
-861
-862
-864
-865
-867
-748
-758
-768
-848
-858
-948
-958
-968
-818
-828
-838
-878
-898
-168
-268
-468
899
-891
-892
-893
-897
-779
-789
-799
-879
-889
-979
-989
-999
-829
-839
-849
-859
-199
-299
-399
923
-921
-922
-924
-925
-928
-929
-713
-723
-813
-823
-913
-953
-973
-983
-993
-423
-523
934
-932
-936
-937
-938
-939
-714
-724
-734
-814
-824
-834
-914
-944
-964
-974
-984
-334
-534
959
-951
-955
-956
-749
-759
-949
-159
-259
971
-975
-976
-977
-978
-771
-781
-791
-871
-881
-981
-991
-911
-961
-171
-371
-471
-571
987
-982
-985
-986
-777
-787
-797
-877
-887
-997
-947
-967
-287
-487
-587
297
-293
-298
-277
793
-792
-798
-773
-783
-873
-883
-753
853
-851
-855
-856
124
-125
-128
-129
-314
-324
-144
-164
-174
-184
514
-511
-513
-516
-518
413
-411
-416
-418
-524
-473
-483
142
-145
-148
-149
-162
249
-244
-245
-248
264
-265
-182
-192
-274
-284
-279
-289
-742
-842
-942
-764
-151
161
-165
-181
-191
198
-178
-278
-378
-398
-158
155
-255
258
-175
-185
751
-755
-756
-761
-711
-721
811
-815
-816
-821
556
-558
-446
-546
436
-438
-536
-736
-836
778
-774
-775
-776
-998
992
-782
-882
-718
-728
-738
918
-915
-916
716
-715
-746
-786
-962
965
762
-765
-767
-745
-845
-945
946
-846
-722
-732
315
-318
-325
-375
-385
445
-447
-448
-465
467
-547
548
-477
479
577
-573
583
-581
481
-489
-421
428
521
-522
-528
532
-538
822
-825
-832
837
725
-729
-737
739
-785
784
-874
-884
-744
747
844
-847
-328
329
338
-339
-379
374
-384
-389
273
-275
-283
285
875
-876
-885
886
176
-179
-186
189
-381
382
391
-392
