231
-232
-233
-234
-235
-236
-237
-238
-239
-111
-121
-131
-211
-221
-311
-321
-331
-241
-251
-261
-271
-281
-291
-431
-531
-631
-731
-831
-931
252
-253
-254
-255
-256
-257
-258
-259
-142
-152
-162
-242
-262
-342
-352
-362
-212
-222
-272
-282
-292
-452
-552
-652
-752
-852
-952
266
-263
-264
-265
-267
-268
-269
-146
-156
-166
-246
-346
-356
-366
-216
-226
-276
-286
-296
-466
-566
-666
-766
-866
-966
297
-293
-294
-295
-298
-299
-177
-187
-197
-277
-287
-377
-387
-397
-217
-227
-247
-497
-597
-697
-797
-897
-997
334
-332
-333
-335
-336
-337
-338
-339
-114
-124
-134
-214
-224
-314
-324
-344
-354
-364
-374
-384
-394
-434
-534
-634
-734
-834
-934
355
-351
-353
-357
-358
-359
-145
-155
-165
-245
-345
-365
-315
-325
-375
-385
-395
-455
-555
-655
-755
-855
-955
369
-361
-363
-367
-368
-149
-159
-169
-249
-349
-319
-329
-379
-389
-399
-469
-569
-669
-769
-869
-969
376
-371
-372
-373
-378
-176
-186
-196
-386
-396
-316
-326
-476
-576
-676
-776
-876
-976
427
-421
-422
-423
-424
-425
-426
-428
-429
-417
-437
-517
-527
-537
-617
-627
-637
-447
-457
-467
-477
-487
-127
-327
-727
-827
-927
451
-453
-454
-456
-458
-459
-441
-461
-541
-551
-561
-641
-651
-661
-411
-471
-481
-491
-151
-751
-851
-951
462
-463
-464
-465
-468
-442
-542
-562
-642
-662
-412
-432
-472
-482
-492
-762
-862
-962
548
-543
-544
-545
-546
-547
-549
-448
-558
-568
-648
-658
-668
-518
-528
-538
-578
-588
-598
-148
-248
-348
-748
-848
-948
557
-553
-554
-556
-559
-567
-647
-657
-667
-577
-587
-157
-757
-857
-957
589
-581
-582
-583
-584
-585
-586
-479
-489
-499
-579
-599
-679
-689
-699
-519
-529
-539
-189
-289
-789
-889
-989
632
-633
-635
-636
-638
-639
-512
-522
-532
-612
-622
-672
-682
-692
-132
-732
-832
-932
665
-663
-664
-445
-565
-645
-615
-625
-675
-685
-695
-765
-865
-965
687
-681
-683
-684
-686
-688
-677
-787
-887
-987
712
-711
-713
-714
-715
-716
-717
-718
-719
-722
-812
-822
-912
-922
-742
-772
-782
-792
-112
-312
837
-833
-835
-836
-838
-839
-737
-817
-917
-937
-847
-867
-877
-137
861
-863
-864
-868
-741
-761
-841
-941
-961
-811
-821
-871
-881
-891
-161
896
-892
-893
-894
-895
-898
-899
-786
-796
-886
-986
-996
-816
-826
-846
-856
486
-483
-484
-485
-488
-496
-596
-696
-416
-436
-446
916
-911
-913
-914
-915
-918
-919
-726
-736
-926
-936
-946
-956
-116
-516
-616
964
-963
-967
-968
-744
-754
-764
-844
-854
-944
-954
-924
-974
-984
-994
-164
-564
563
-443
-643
-653
-513
-523
-533
-573
-593
-163
-763
975
-971
-972
-973
-977
-978
-979
-775
-785
-795
-875
-885
-985
-995
777
-771
-773
-774
-778
-779
-747
-767
768
947
-942
-943
-945
-949
842
-843
-845
-849
745
-743
-746
-749
756
-753
-758
-759
-858
-958
-725
-735
-728
-738
-788
-798
-872
-882
-925
-935
646
-644
-649
-656
-626
-147
-347
167
-168
158
-153
-154
-117
317
-313
-318
-118
-128
-138
-178
-188
-198
449
-444
654
-659
-419
-439
-614
-624
-674
-694
-175
-275
-475
-575
993
-991
-992
-998
-999
982
-981
-983
-988
-783
-793
-873
-883
921
-923
-928
-929
-721
-933
-953
959
853
-859
-813
-823
938
-939
-818
-828
-521
-621
-438
-182
-382
-193
-393
-493
-693
-123
-129
-173
-191
-115
-174
-213
-223
278
-273
-274
-279
-288
-388
-398
-218
-228
328
-322
-323
122
-125
-126
136
-133
-135
-139
113
-119
-172
-192
392
-391
-143
-183
-413
-613
526
-524
-525
-536
535
-415
-435
433
-623
-515
-473
673
-671
-678
495
-494
-498
-595
723
-724
-729
-733
739
-819
-829
-799
879
-874
-878
888
-884
824
-825
-814
815
-215
219
225
-229
-285
-619
629
-628
572
-571
-574
-592
171
-179
-181
-381
383
-283
284
-184
185
-194
-195
199
-141
144
341
-343
243
-244
474
-478
-594
591
-691
698
-414
418
514
-511
611
-618
781
-784
-791
794
