239
-231
-232
-233
-234
-235
-236
-237
-238
-119
-129
-139
-219
-229
-319
-329
-339
-249
-259
-269
-279
-289
-299
-439
-539
-639
-739
-839
-939
273
-271
-272
-274
-275
-276
-277
-278
-173
-183
-193
-283
-293
-373
-383
-393
-213
-223
-243
-253
-263
-473
-573
-673
-773
-873
-973
297
-291
-292
-294
-295
-296
-298
-177
-187
-197
-287
-377
-387
-397
-217
-227
-247
-257
-267
-497
-597
-697
-797
-897
-997
324
-321
-322
-323
-325
-326
-327
-328
-114
-124
-134
-214
-224
-314
-334
-344
-354
-364
-374
-384
-394
-424
-524
-624
-724
-824
-924
338
-331
-332
-333
-335
-336
-337
-118
-128
-138
-218
-228
-318
-348
-358
-368
-378
-388
-398
-438
-538
-638
-738
-838
-938
341
-342
-343
-345
-346
-347
-349
-141
-151
-161
-241
-251
-261
-351
-361
-311
-371
-381
-391
-441
-541
-641
-741
-841
-941
353
-352
-355
-356
-357
-359
-143
-153
-163
-363
-313
-453
-553
-653
-753
-853
-953
376
-372
-375
-379
-176
-186
-196
-286
-386
-396
-316
-366
-476
-576
-676
-776
-876
-976
428
-421
-422
-423
-425
-426
-427
-429
-418
-518
-528
-618
-628
-448
-458
-468
-478
-488
-498
-728
-828
-928
474
-471
-472
-475
-477
-479
-484
-494
-574
-584
-594
-674
-684
-694
-414
-434
-444
-454
-464
-174
-774
-874
-974
496
-491
-492
-493
-495
-499
-486
-586
-596
-686
-696
-416
-436
-446
-456
-466
-796
-896
-996
522
-521
-523
-525
-526
-527
-529
-412
-432
-512
-532
-612
-622
-632
-542
-552
-562
-572
-582
-592
-122
-222
-722
-822
-922
534
-531
-533
-535
-536
-537
-514
-614
-634
-544
-554
-564
-734
-834
-934
557
-551
-555
-556
-558
-559
-447
-457
-467
-547
-567
-647
-657
-667
-517
-577
-587
-157
-757
-857
-957
611
-613
-615
-616
-617
-619
-411
-431
-511
-621
-631
-651
-661
-671
-681
-691
-111
-211
-711
-811
-911
637
-633
-635
-636
-417
-437
-627
487
-481
-482
-483
-485
-489
-677
-687
-137
-737
-837
-937
-787
-887
-987
663
-662
-664
-665
-666
-668
-669
-443
-463
-543
-563
-643
-623
-683
-693
-763
-863
-963
688
-682
-685
-689
-578
-588
-598
-678
-698
-648
-658
-188
-288
-788
-888
-988
721
-723
-725
-726
-727
-729
-731
-821
-831
-921
-931
-751
-761
-771
-781
-791
-121
-221
131
-132
-133
-135
-136
-171
-181
-191
281
-282
-284
-285
-581
-881
-981
768
-762
-764
-765
-766
-767
-769
-748
-758
-848
-858
-868
-948
-958
-968
-718
-778
-798
-168
-268
-568
548
-545
-546
-549
-148
-248
258
-252
-254
-255
-256
-158
895
-891
-892
-893
-894
-898
-899
-775
-785
-795
-875
-885
-975
-985
-995
-815
-825
-835
-845
-855
-865
-195
-395
-595
-695
923
-925
-926
-927
-929
-713
-733
-813
-823
-833
-913
-933
-943
-983
-993
-123
113
-112
-115
-116
-117
-413
433
-435
-513
936
-932
-935
-716
-736
-816
-826
-836
832
-712
-732
735
-812
-912
-715
-915
-916
-745
-755
-842
-852
-862
-872
-882
-946
-956
-966
-986
944
-942
-945
-947
-949
-744
-754
-844
-854
-864
-954
-964
-914
-984
-994
-144
-244
264
-262
-265
-266
-154
-164
-644
654
-652
-655
-656
-659
969
-961
-962
-965
-967
955
-951
-952
-959
-749
-759
-849
-859
-869
-919
-979
-989
982
-772
-782
-792
-972
-992
-999
-155
-455
-169
-369
-469
-569
-182
-382
-142
-179
-789
-145
-199
-746
-817
-579
-889
146
-147
-149
-156
-166
-246
159
-152
-126
-189
-646
566
-561
-565
-516
626
-625
-629
216
-212
-215
312
-315
-317
-226
225
-125
127
-167
367
-362
-365
242
-245
-162
165
-175
-185
184
-194
385
-389
399
-392
-827
829
-719
-819
-879
-442
-642
-742
752
-756
786
-783
-784
-886
-846
-452
462
-461
-465
451
-459
-851
856
861
-866
-867
-871
-884
883
-793
794
-799
779
-777
743
-747
-843
847
-714
717
814
-818
-917
918
-877
878
977
-971
-978
991
-998
571
-575
-591
675
-672
-679
692
-699
-585
515
-519
-415
419
445
-449
-645
649
172
-178
-192
198
-583
589
593
-599
