127
-121
-122
-123
-124
-125
-126
-128
-129
-117
-137
-217
-227
-237
-317
-327
-337
-147
-157
-167
-177
-187
-197
-427
-527
-627
-727
-827
-927
216
-211
-212
-213
-214
-215
-218
-219
-116
-136
-226
-236
-316
-326
-336
-246
-256
-266
-276
-286
-296
-416
-516
-616
-716
-816
-916
245
-241
-242
-243
-244
-247
-248
-249
-145
-155
-165
-255
-265
-345
-355
-365
-225
-235
-275
-285
-295
-445
-545
-645
-745
-845
-945
262
-261
-263
-264
-267
-268
-269
-142
-152
-162
-252
-342
-352
-362
-222
-232
-272
-282
-292
-462
-562
-662
-762
-862
-962
348
-341
-343
-344
-346
-347
-349
-148
-158
-168
-258
-358
-368
-318
-328
-338
-378
-388
-398
-448
-548
-648
-748
-848
-948
357
-351
-353
-354
-356
-359
-257
-367
-377
-387
-397
-457
-557
-657
-757
-857
-957
364
-361
-363
-366
-369
-144
-154
-164
-254
-314
-324
-334
-374
-384
-394
-464
-564
-664
-764
-864
-964
381
-382
-383
-385
-386
-389
-171
-181
-191
-271
-281
-291
-371
-391
-311
-321
-331
-481
-581
-681
-781
-881
-981
425
-421
-422
-423
-424
-426
-428
-429
-415
-435
-515
-525
-535
-615
-625
-635
-455
-465
-475
-485
-495
-325
-725
-825
-925
441
-442
-443
-444
-446
-447
-449
-451
-461
-541
-551
-561
-641
-651
-661
-411
-431
-471
-491
-141
-741
-841
-941
537
-531
-532
-533
-534
-536
-538
-539
-417
-437
-517
-617
-637
-547
-567
-577
-587
-597
-737
-837
-937
542
-543
-544
-546
-549
-452
-552
-642
-652
-512
-522
-572
-582
-592
-742
-842
-942
563
-565
-566
-568
-569
-453
-463
-553
-643
-653
-663
-513
-523
-573
-583
-593
-163
-763
-863
-963
585
-584
-586
-588
-589
-575
-595
-675
-685
-695
-555
-185
-785
-885
-985
639
-631
-632
-633
-634
-636
-638
-419
-439
-519
-529
-619
-629
-649
-659
-669
-679
-689
-699
-139
-239
-339
-739
-839
-939
682
-683
-684
-686
-687
-688
-472
-482
-492
-672
-692
-612
-622
-182
-782
-882
-982
694
-691
-693
-696
-697
-698
-474
-484
-494
-574
-594
-674
-614
-624
-644
-654
-194
-294
-794
-894
-994
722
-721
-723
-724
-726
-728
-729
-712
-732
-812
-822
-832
-912
-922
-932
-752
-772
-792
-322
756
-751
-753
-754
-755
-758
-759
-746
-766
-846
-856
-866
-946
-956
-966
-736
-776
-786
-796
-156
-456
-556
-656
787
-783
-784
-788
-789
-777
-797
-877
-887
-897
-977
-987
-997
-717
-747
-767
-287
-487
813
-811
-814
-815
-817
-818
-819
-713
-733
-823
-833
-913
-923
-933
917
-911
-914
-915
-918
-919
-843
-853
-873
-883
-893
-947
-967
-113
-313
-413
-613
851
-852
-854
-855
-858
-859
-761
-861
-951
-961
952
-953
-954
-955
-958
-959
-821
-831
-871
-891
-972
-992
-151
-251
161
-166
-169
146
-143
-149
-111
-131
-176
-186
-196
-646
647
-467
-667
-677
-847
867
-865
-868
-869
655
-658
-665
898
-892
-895
-896
-899
872
-874
-875
-876
-878
-879
-778
-798
-888
-978
-988
-998
835
-834
-836
-838
-715
-735
-935
-828
-135
-335
-172
-372
-198
-298
-498
-598
921
-924
-926
-928
-929
-711
-731
-931
-971
-991
-221
231
-233
-234
-238
-521
-621
983
-984
-986
-989
-773
-793
-973
-993
743
-744
-749
-943
-183
-283
-483
-179
-279
-399
-438
-476
-499
-173
-199
-418
-779
-273
-478
-114
393
-392
-395
-396
192
-193
-195
-293
-373
376
-375
-379
175
-174
-178
-112
-132
-115
315
-312
-319
332
-333
-323
329
-119
118
-138
-228
-229
-188
412
-414
-432
-518
-618
611
-511
514
-434
-524
454
-458
-459
-554
-671
-714
-718
719
-829
-769
-799
558
-559
-468
-668
666
-466
469
488
-486
-489
-578
-678
-479
-528
526
-436
433
-623
-626
628
-473
477
-497
-493
496
673
-676
-576
-596
223
-224
-133
134
153
-159
-253
259
-184
189
-289
-299
297
-277
824
-826
-734
738
-934
936
-938
774
-771
-775
791
-795
-884
-974
765
-768
-965
968
-969
-844
849
944
-949
886
-889
-976
-996
571
-579
-591
599
-274
278
284
-288
-975
979
995
-999
