122
-121
-123
-124
-125
-126
-127
-128
-129
-112
-132
-212
-222
-232
-312
-322
-332
-142
-152
-162
-172
-182
-192
-422
-522
-622
-722
-822
-922
167
-161
-163
-164
-165
-166
-168
-169
-147
-157
-247
-257
-267
-347
-357
-367
-117
-137
-177
-187
-197
-467
-567
-667
-767
-867
-967
195
-191
-193
-194
-196
-198
-199
-175
-185
-275
-285
-295
-375
-385
-395
-115
-135
-145
-155
-495
-595
-695
-795
-895
-995
316
-311
-313
-314
-315
-317
-318
-319
-116
-136
-216
-226
-236
-326
-336
-346
-356
-366
-376
-386
-396
-416
-516
-616
-716
-816
-916
359
-351
-352
-353
-354
-355
-358
-149
-159
-249
-259
-269
-349
-369
-329
-339
-379
-389
-399
-459
-559
-659
-759
-859
-959
365
-361
-362
-363
-364
-368
-245
-255
-265
-345
-325
-335
-465
-565
-665
-765
-865
-965
391
-392
-393
-394
-397
-398
-171
-181
-271
-281
-291
-371
-381
-321
-331
-341
-491
-591
-691
-791
-891
-991
427
-421
-423
-424
-425
-426
-428
-429
-417
-437
-517
-527
-537
-617
-627
-637
-447
-457
-477
-487
-497
-227
-327
-727
-827
-927
464
-461
-462
-463
-466
-468
-469
-444
-454
-544
-554
-564
-644
-654
-664
-414
-434
-474
-484
-494
-264
-764
-864
-964
471
-472
-473
-475
-476
-478
-479
-481
-571
-581
-671
-681
-411
-431
-441
-451
-771
-871
-971
483
-482
-485
-486
-488
-489
-493
-573
-583
-593
-673
-683
-693
-413
-433
-443
-453
-183
-283
-383
-783
-883
-983
572
-574
-575
-576
-577
-578
-579
-492
-582
-592
-672
-682
-692
-512
-532
-542
-552
-562
-272
-372
-772
-872
-972
631
-632
-633
-634
-635
-636
-638
-639
-511
-521
-531
-611
-621
-641
-651
-661
-131
-231
-731
-831
-931
655
-652
-653
-656
-657
-658
-445
-455
-545
-555
-645
-615
-625
-675
-685
585
-584
-586
-587
-588
-589
-515
-525
-535
-755
-855
-955
-785
-885
-985
696
-694
-697
-698
-699
-496
-596
-676
-686
-626
-646
-666
-296
-796
-896
-996
717
-711
-712
-713
-714
-715
-718
-719
-737
-817
-837
-917
-937
-747
-757
-777
-787
-797
-217
751
-752
-753
-754
-756
-758
-741
-761
-841
-851
-861
-941
-951
-961
-721
-781
-151
-251
-551
778
-773
-774
-775
-776
-779
-788
-798
-878
-888
-898
-978
-988
-998
-728
-738
-748
-768
-178
-278
-378
-678
828
-821
-823
-824
-825
-826
-829
-818
-838
-918
-928
-938
-848
-858
-868
-228
-328
-528
-628
857
-852
-853
-854
-856
-847
-947
-957
-877
-887
-897
-557
942
-943
-944
-945
-946
-948
-949
-742
-762
-842
-862
-952
-962
-912
-932
-982
-992
-242
-342
382
-384
-387
-388
-282
-292
-442
-642
-782
-882
984
-981
-986
-987
-989
881
-884
-886
-889
-784
-794
-874
-894
-974
-994
-811
-914
-924
-934
-954
-184
-284
-684
999
-993
-997
977
-973
-975
-976
-979
875
-873
-876
-879
786
-789
-799
-899
-726
-736
-746
-766
-815
-835
-845
745
-743
-744
-749
844
-843
-846
-849
-725
-735
-814
-834
-919
-929
-939
-969
-144
-244
-344
-277
-377
337
-333
-334
-338
-237
348
-343
-148
-158
-248
-258
-268
-448
-548
-648
-677
-186
-286
-299
-499
498
-598
-688
-418
-438
-458
-298
-599
111
-113
-114
-118
-119
-211
-221
-141
-911
921
-923
-925
-926
225
-223
-224
-229
-215
-235
526
-523
-524
-529
-436
-536
-546
-556
-566
133
-134
-138
-139
-213
-233
-323
324
-214
-234
-143
146
-156
-246
-256
-266
-153
154
-254
-173
-174
-176
179
276
-273
-274
-279
-189
188
-288
-289
287
-297
294
-293
373
-374
-624
-724
734
-732
-733
-739
792
-793
-892
893
-813
-833
-863
-533
-933
-534
-446
449
456
-452
662
-663
-668
-669
-549
-569
-649
-419
-439
-612
618
-613
-614
-619
514
-513
-518
-519
623
-629
-538
539
-594
597
674
-679
-687
689
-547
647
-643
913
-915
-723
729
935
-936
836
-832
-839
812
-819
763
-769
-953
-963
869
-866
-412
415
432
-435
-218
219
238
-239
252
-253
-262
553
-558
-543
541
-561
-563
568
-241
243
261
-263
-956
958
966
-968
