213
-211
-212
-214
-215
-216
-217
-218
-219
-113
-123
-133
-223
-233
-313
-323
-333
-243
-253
-263
-273
-283
-293
-413
-513
-613
-713
-813
-913
224
-221
-222
-225
-226
-227
-228
-229
-114
-124
-134
-234
-314
-324
-334
-244
-254
-264
-274
-284
-294
-424
-524
-624
-724
-824
-924
245
-241
-242
-246
-247
-248
-249
-145
-155
-165
-255
-265
-345
-355
-365
-235
-275
-285
-295
-445
-545
-645
-745
-845
-945
272
-271
-276
-277
-278
-279
-172
-182
-192
-282
-292
-372
-382
-392
-232
-252
-262
-472
-572
-672
-772
-872
-972
329
-321
-322
-325
-326
-327
-328
-119
-129
-139
-239
-319
-339
-349
-359
-369
-379
-389
-399
-429
-529
-629
-729
-829
-929
343
-341
-342
-344
-346
-347
-348
-143
-153
-163
-353
-363
-373
-383
-393
-443
-543
-643
-743
-843
-943
351
-352
-354
-356
-357
-358
-141
-151
-161
-251
-261
-361
-311
-331
-371
-381
-391
-451
-551
-651
-751
-851
-951
364
-362
-366
-367
-368
-144
-154
-164
-374
-384
-394
-464
-564
-664
-764
-864
-964
557
-552
-553
-554
-555
-556
-558
-559
-447
-457
-467
-547
-567
-647
-657
-667
-517
-527
-537
-577
-587
-597
-157
-257
-757
-857
-957
561
-562
-563
-565
-566
-568
-569
-441
-461
-541
-641
-661
-511
-521
-531
-571
-581
-591
-761
-861
-961
589
-582
-583
-584
-585
-586
-588
-479
-489
-499
-579
-599
-679
-689
-699
-519
-539
-549
-189
-289
-789
-889
-989
594
-592
-593
-595
-596
-598
-474
-484
-494
-574
-674
-684
-694
-514
-534
-544
-194
-794
-894
-994
634
-631
-632
-633
-635
-636
-637
-638
-639
-414
-434
-614
-644
-654
-734
-834
-934
646
-642
-648
-649
-446
-456
-466
-546
-656
-666
-616
-626
-676
-686
-696
-146
-746
-846
-946
675
-671
-673
-677
-678
-475
-485
-495
-575
-685
-695
-615
-625
-655
-665
-175
-375
-775
-875
-975
716
-711
-712
-714
-715
-717
-718
-719
-726
-736
-816
-826
-836
-916
-926
-936
-756
-766
-776
-786
-796
-116
-316
-416
-516
792
-791
-793
-795
-797
-798
-799
-782
-882
-892
-982
-992
-722
-732
-742
-752
-762
-492
-692
821
-822
-823
-825
-827
-828
-721
-731
-811
-831
-911
-921
-931
-841
-871
-881
-891
-121
-421
-621
837
-832
-833
-835
-838
-839
-727
-737
-817
-917
-927
-937
-847
-867
-877
-887
-897
-137
-237
-337
-437
868
-862
-863
-865
-866
-869
-748
-758
-768
-848
-858
-948
-958
-968
-818
-878
-888
-898
-168
-268
-468
-668
886
-883
-884
-885
-876
-896
-976
-986
-996
-856
-186
-286
-386
-486
923
-922
-925
-928
-723
-733
-933
-953
-963
-973
-983
-993
-423
-523
-623
967
-962
-965
-966
-969
956
-952
-954
-955
-959
-747
-767
-947
-977
-987
-997
147
-142
-148
-149
-167
-267
-117
-127
317
-312
-315
-318
-177
-187
-197
332
-335
-336
-338
-112
-122
-132
-377
-387
-397
-417
-617
-432
-532
-932
-156
-256
978
-971
-974
-979
-778
-788
-988
-998
-918
-938
-178
-378
376
-176
-196
-296
-396
-476
-576
496
-491
-493
-497
-498
-426
-436
-478
-578
573
-473
-483
-683
-693
-533
433
-431
-435
-438
-439
-453
-463
-173
-773
-873
-111
-115
118
-128
-138
-238
-158
258
-259
-188
-198
-288
-298
-418
-518
-618
-458
-658
-125
126
135
-131
-136
231
-236
-185
-195
-166
266
-269
-281
287
-297
-291
299
-179
-199
-526
536
-535
-538
-735
-935
939
-739
738
-728
725
-815
-915
-819
-919
-755
-765
855
-852
-853
-854
-859
-785
893
-895
-899
-783
-949
-999
-425
-525
515
-512
-415
-455
465
-462
-469
183
-181
-184
-193
191
-171
174
-774
-874
879
-779
-849
-487
-687
-787
777
-771
471
-477
-481
-681
-691
697
-698
-411
611
-612
-619
419
-412
427
-422
-428
-627
-449
-459
749
-741
-744
941
-942
-944
842
-844
754
-753
-759
763
-769
781
-784
-981
-991
995
984
-985
-812
814
912
-914
-442
-542
548
-448
444
-454
452
-652
-662
-482
488
682
-688
522
-528
-622
628
-152
159
162
-169
653
-659
-663
669
385
-388
-395
398
