181
-182
-183
-184
-185
-186
-187
-188
-189
-171
-191
-271
-281
-291
-371
-381
-391
-111
-121
-131
-141
-151
-161
-481
-581
-681
-781
-881
-981
193
-192
-194
-195
-196
-197
-198
-199
-173
-273
-283
-293
-373
-383
-393
-113
-123
-133
-143
-153
-163
-493
-593
-693
-793
-893
-993
254
-251
-252
-253
-255
-256
-257
-258
-259
-144
-154
-164
-244
-264
-344
-354
-364
-214
-224
-234
-274
-284
-294
-454
-554
-654
-754
-854
-954
334
-331
-332
-333
-335
-336
-337
-338
-339
-114
-124
-134
-314
-324
174
-172
-175
-176
-177
-178
-179
-374
-384
-394
-434
-534
-634
-734
-834
-934
-474
-574
-674
-774
-874
-974
346
-341
-342
-343
-345
-347
-348
-349
-146
-156
-166
-246
-266
-356
-366
-316
-326
-376
-386
-396
-446
-546
-646
-746
-846
-946
359
-351
-352
-353
-355
-357
-358
-149
-159
-169
-249
-269
-369
-319
-329
-379
-389
-399
-459
-559
-659
-759
-859
-959
368
-361
-362
-363
-365
-367
-148
-158
-168
-248
-268
-318
-328
-378
-388
-398
-468
-568
-668
-768
-868
-968
498
-491
-492
-494
-495
-496
-497
-499
-478
-488
-578
-588
-598
-678
-688
-698
-418
-428
-438
-448
-458
-298
-798
-898
-998
523
-521
-522
-524
-525
-526
-527
-528
-529
-413
-423
-433
-513
-533
-613
-623
-633
-543
-553
-563
-573
-583
-223
-323
313
-311
-312
-315
-317
-213
-233
321
-322
-325
-327
-211
-221
-231
-713
-813
-913
-421
-621
-721
-821
-921
-723
-823
-923
577
-571
-572
-575
-576
-579
-477
-487
-587
-597
-677
-687
-697
-517
-537
-547
-557
-567
-277
-377
-777
-877
-977
622
-624
-625
-626
-627
-628
-629
-412
-422
-432
-512
-532
-612
-632
-642
-652
-662
-672
-682
-692
-122
-222
-722
-822
-922
638
-631
-635
-636
-637
-639
-518
-538
-618
-648
-658
-138
-238
-738
-838
-938
656
-651
-653
-655
-657
-456
-466
-556
-566
-666
-616
-676
-686
-696
-756
-856
-956
669
-661
-663
-664
-665
-667
-449
-469
-549
-569
-649
-619
-679
-689
-699
-769
-869
-969
731
-732
-733
-735
-736
-737
-739
-711
-811
-831
-911
-931
-741
-751
-761
-771
-791
-431
-531
753
-752
-755
-757
-758
-743
-763
-843
-853
-863
-943
-953
-963
-773
-783
-453
786
-782
-784
-785
-787
-788
-789
-776
-796
-876
-886
-896
-976
-986
-996
-716
-726
-766
-286
-486
-586
839
-832
-833
-835
-836
-837
933
-932
-935
-936
-937
-939
-719
-729
-819
-829
-919
-929
-849
-879
-889
-899
-973
-983
-139
-239
-439
-539
842
-841
-844
-845
-847
-848
-742
-762
-852
-862
-942
-952
-962
-812
-872
-882
-892
-142
-242
-442
-542
897
-891
-894
-895
-797
-887
-987
-997
-817
-827
-857
-867
-297
-397
387
-382
-385
-287
916
-912
-914
-915
-917
-918
712
-714
-715
-717
-718
-816
-826
-926
-772
-792
866
-861
-864
-865
-966
-112
-212
-116
-216
-416
-516
958
-951
-955
-957
-748
-858
-948
-928
-978
-988
548
-541
-544
-545
-558
991
-992
-994
-995
-999
-871
-971
851
-855
-941
-961
-451
-551
-591
-691
-475
225
-226
-227
-228
-229
-115
-125
-135
-215
-235
-245
-265
-275
-285
-295
-425
-725
-825
-925
815
-814
-818
-875
-885
-415
-515
-615
-465
-447
-484
-595
-127
-645
-167
-272
-417
-462
-479
-485
-247
-424
-564
-582
744
-745
-747
-749
-764
-944
-964
949
-945
-947
-724
-794
-979
-989
-444
-644
464
-461
-463
-467
-414
263
-261
-262
-267
241
-243
-441
-641
561
-562
-565
-511
162
-165
-152
-132
232
-236
-237
-282
-292
217
-218
-219
-117
-137
136
-126
-617
647
-643
443
-445
-457
-473
-483
118
-119
-128
129
426
-427
-429
-436
-536
535
-435
437
455
-452
552
-555
-476
596
-592
-594
-599
-585
145
-147
-155
157
276
-278
-279
-296
299
288
-289
779
-775
-778
-799
795
-975
972
-982
-985
984
-884
-765
767
965
-967
-727
728
927
-924
824
-828
-372
375
392
-395
-472
471
-671
482
-489
589
-584
-411
419
611
-614
514
-519
-675
673
-683
-873
878
883
-888
-684
685
694
-695
