122
-121
-123
-124
-125
-126
-127
-128
-129
-112
-132
-212
-222
-232
-312
-322
-332
-142
-152
-162
-172
-182
-192
-422
-522
-622
-722
-822
-922
178
-171
-173
-174
-175
-176
-177
-179
-188
-198
-278
-288
-298
-378
-388
-398
-118
-138
-148
-158
-168
-478
-578
-678
-778
-878
-978
184
-181
-183
-185
-186
-187
-189
-194
-274
-284
-294
-374
-384
-394
-114
-134
-144
-154
-164
-484
-584
-684
-784
-884
-984
216
-211
-213
-214
-215
-217
-218
-219
-116
-136
-226
-236
-316
-326
-336
-246
-256
-266
-276
-286
-296
-416
-516
-616
-716
-816
-916
257
-251
-252
-253
-254
-255
-258
-259
-147
-157
-167
-247
-267
-347
-357
-367
-227
-237
-277
-287
-297
-457
-557
-657
-757
-857
-957
261
-262
-263
-264
-265
-268
-269
-141
-151
-161
-241
-341
-351
-361
-221
-231
-271
-281
-291
-461
-561
-661
-761
-861
-961
411
-412
-413
-414
-415
-417
-418
-419
-421
-431
-511
-521
-531
-611
-621
-631
-441
-451
-471
-481
-491
-111
-311
-711
-811
-911
497
-492
-493
-494
-495
-496
-498
-499
-477
-487
-577
-587
-597
-677
-687
-697
-427
-437
-447
-467
-197
-397
-797
-897
-997
544
-541
-542
-543
-545
-546
-547
-548
-549
-444
-454
-464
-554
-564
-644
-654
-664
-514
-524
-534
-574
-594
-244
-344
-744
-844
-944
573
-571
-572
-575
-576
-579
-473
-483
-583
-593
-673
-683
-693
-513
-523
-533
-553
-563
-273
-373
-773
-873
-973
666
-662
-663
-665
-667
-668
-669
-446
-456
-466
-556
-566
-646
-656
-626
-636
-676
-686
-696
-166
-366
-766
-866
-966
751
-752
-753
-754
-755
-756
-758
-759
-741
-841
-851
-941
-951
-721
-731
-771
-781
-791
641
-642
-643
-645
-647
-648
-649
-551
-651
567
-562
-565
-568
-569
-517
-527
-537
-671
-681
-691
-767
-867
-967
786
-782
-783
-785
-787
-788
-789
-776
-796
-876
-886
-896
-976
-986
-996
-726
-736
-746
-386
-486
-586
795
-792
-793
-794
-798
-799
-775
-875
-885
-895
-975
-985
-995
-715
-725
-735
-745
-765
-195
-295
-395
-595
-695
824
-821
-823
-825
-826
-827
-828
-829
-714
-724
-734
-814
-834
-914
-924
-934
-854
-864
-874
-894
-224
234
-233
-235
-238
-239
-314
-324
-334
614
-612
-613
-615
-617
-618
-619
-424
-434
-624
-634
474
-472
-475
-476
-479
-674
-694
596
-591
-592
-598
-599
581
-582
-585
-588
-589
-526
-536
-774
764
-762
-763
-768
-769
-954
-964
354
-352
-353
-355
-356
-358
-359
-364
-974
994
-991
-992
-993
-998
-999
376
-371
-372
-375
-377
-379
-196
-396
387
-381
-382
-383
-385
-389
-346
-317
-327
-337
-881
-981
-887
-987
833
-831
-832
-835
-836
-837
-838
-839
-713
-723
-733
-813
-913
-923
-933
743
-742
-747
-748
-749
-843
-853
-863
-943
-953
-963
-883
-893
983
-982
-988
-989
-133
-333
-433
-633
-143
-243
-343
-443
-283
842
-845
-846
-847
-848
-849
-852
-862
-942
-952
-962
947
-945
-946
-948
-949
-812
-872
-882
-892
856
-855
-858
-859
-956
-917
-927
-937
-977
-242
-342
362
-363
-365
-368
-369
-392
-442
146
-145
-149
-156
-462
-113
313
-315
-318
-319
-223
-323
293
-292
-299
-193
-393
692
-698
-699
-482
-672
-682
-632
-652
282
-285
-289
-272
275
-279
-225
-245
-675
679
-489
-689
-629
-639
-659
-779
-879
-979
889
-888
898
-891
-899
871
-877
-971
972
-772
777
-717
-727
-737
817
-815
-818
-819
865
-868
-869
-955
-965
-912
-932
-117
137
-131
-135
-139
191
-199
-391
399
-329
-339
-349
627
-623
-625
-628
423
-425
-426
-428
-429
436
-432
-435
-438
-439
-637
452
-453
-455
-458
-459
-552
-463
653
-655
-658
926
-921
-925
-928
-929
931
-935
-936
-938
-939
915
-918
-919
-115
119
-229
228
-328
-338
-159
-169
249
-248
348
-345
-515
-519
-719
321
-325
-331
335
525
-528
-529
-535
-635
638
-518
512
-532
-538
539
-555
558
-559
-448
-468
488
-485
685
-688
-712
718
732
-738
-739
-728
729
445
-449
-465
469
-153
155
163
-165
-958
959
968
-969
