139
-131
-132
-133
-134
-135
-136
-137
-138
-119
-129
-219
-229
-239
-319
-329
-339
-149
-159
-169
-179
-189
-199
-439
-539
-639
-739
-839
-939
142
-141
-143
-144
-145
-146
-147
-148
-152
-162
-242
-252
-262
-342
-352
-362
-112
-122
-172
-182
-192
-442
-542
-642
-742
-842
-942
163
-161
-164
-165
-166
-167
-168
-153
-243
-253
-263
-343
-353
-363
-113
-123
-173
-183
-193
-463
-563
-663
-763
-863
-963
184
-181
-185
-186
-187
-188
-174
-194
-274
-284
-294
-374
-384
-394
-114
-124
-154
-484
-584
-684
-784
-884
-984
223
-221
-222
-224
-225
-226
-227
-228
-213
-233
-313
-323
-333
-273
-283
-293
-423
-523
-623
-723
-823
-923
257
-251
-254
-255
-256
-258
-259
-157
-247
-267
-347
-357
-367
-217
-237
-277
-287
-297
-457
-557
-657
-757
-857
-957
271
-272
-275
-276
-278
-279
-171
-191
-281
-291
-371
-381
-391
-211
-231
-241
-261
-471
-571
-671
-771
-871
-971
289
-282
-285
-286
-288
-299
-379
-389
-399
-249
-269
-489
-589
-689
-789
-889
-989
332
-331
-334
-335
-336
-337
-338
-212
-232
-312
-322
292
-295
-296
-298
-372
-382
-392
-432
-532
-632
-732
-832
-932
-492
-592
-692
-792
-892
-992
378
-373
-375
-376
-377
-178
-198
-388
-398
-318
-328
-348
-358
-368
-478
-578
-678
-778
-878
-978
395
-393
-396
-397
383
-385
-386
-387
-175
-195
-315
-325
-345
-355
-365
-483
-583
-683
-783
-883
-983
-495
-595
-695
-795
-895
-995
419
-411
-412
-413
-414
-415
-416
-417
-418
-429
-519
-529
-619
-629
-449
-459
-469
-479
-499
-719
-819
-919
487
-481
-482
-485
-486
-488
-477
-497
-577
-587
-597
-677
-687
-697
-427
-437
-447
-467
-787
-887
-987
537
-531
-533
-534
-535
-536
-538
-517
-527
-617
-627
-637
-547
-567
-737
-837
-937
555
-551
-552
-553
-554
-556
-558
-559
-445
-455
-465
-545
-565
-645
-655
-665
-515
-525
-575
-585
-155
-755
-855
-955
576
-572
-573
-574
-579
-476
-496
-586
-596
-676
-686
-696
-516
-526
-546
-566
-176
177
196
-197
-116
-126
-156
-117
-127
-776
-876
-976
-777
-877
-977
-796
-896
-996
624
-621
-622
-625
-626
-628
-424
-434
-514
-524
-614
-634
-644
-654
-664
-674
-694
-324
-724
-824
-924
691
-693
-698
-699
-491
-581
-591
-681
-611
-631
-641
-651
-661
-791
-891
-991
713
-711
-712
-714
-715
-716
-717
-718
-733
-813
-833
-913
-933
-743
-753
-773
-793
-513
-613
731
-734
-735
-736
-738
-721
-811
-821
-831
-911
-921
-931
-741
-751
-761
-781
-431
775
-772
-774
-779
-785
-875
-885
-975
-985
-725
-745
-765
-475
-675
685
-682
-688
-615
-635
828
-822
-825
-826
-827
-829
-728
-818
-838
-918
-928
-938
-848
-858
-868
-888
-898
-128
-428
-528
836
-834
-835
-726
-816
-916
-926
-936
-846
-856
-866
-886
-236
-436
-636
853
-851
-852
-854
-859
-843
-943
-953
-873
-893
-453
-653
881
-882
-981
-841
-861
927
-922
-925
-929
-727
-817
-917
729
-722
-749
-759
-769
-799
-947
-967
-997
317
-311
-314
-316
-327
948
-941
-944
-945
-946
-949
-748
-758
-768
-958
-968
-988
-998
-248
-448
-548
-648
961
-962
-964
-965
-966
-969
-951
-361
-461
-561
973
-972
-974
-979
-993
-473
-673
-111
511
-512
-518
-421
-521
522
-422
-612
-541
-562
-582
588
-498
-598
-568
-788
798
-794
-797
897
-894
-899
-847
-867
115
-118
-125
121
-321
326
-215
-235
-216
-151
158
-268
-346
-356
-366
-815
-915
935
-934
616
-618
-426
425
-435
-646
-656
-666
218
-214
234
-238
-244
-264
-458
-658
245
-246
-265
266
-845
865
-862
-864
-869
-466
-766
341
-344
-349
-351
-441
451
-452
-454
-456
446
-443
-444
-746
-354
359
364
-369
-659
652
-462
-662
472
-474
-672
679
-599
-649
-669
-752
-952
762
-764
-767
747
-744
-782
786
-986
982
-872
754
-756
-844
849
-954
956
-959
812
-814
-912
914
874
-879
-994
999
544
-543
-549
643
-647
-464
468
-564
569
667
-668
494
-493
593
-594
433
-438
-633
638
