139
-131
-132
-133
-134
-135
-136
-137
-138
-119
-129
-219
-229
-239
-319
-329
-339
-149
-159
-169
-179
-189
-199
-439
-539
-639
-739
-839
-939
148
-141
-142
-143
-144
-145
-146
-147
-158
-168
-248
-258
-268
-348
-358
-368
-118
-128
-178
-188
-198
-448
-548
-648
-748
-848
-948
162
-161
-163
-164
-165
-166
-167
-152
-242
-252
-262
-342
-352
-362
-112
-122
-172
-182
-192
-462
-562
-662
-762
-862
-962
181
-183
-184
-185
-186
-187
-171
-191
-271
-281
-291
-371
-381
-391
-111
-121
-151
-481
-581
-681
-781
-881
-981
222
-221
-223
-224
-225
-226
-227
-228
-212
-232
-312
-322
-332
-272
-282
-292
-422
-522
-622
-722
-822
-922
263
-261
-264
-265
-266
-267
-269
-153
-243
-253
-343
-353
-363
-213
-233
-273
-283
-293
-463
-563
-663
-763
-863
-963
279
-274
-275
-276
-277
-278
-289
-299
-379
-389
-399
-249
-259
-479
-579
-679
-779
-879
-979
294
-295
-296
-297
-298
-174
-194
-284
-374
-384
-394
-214
-234
-244
-254
-494
-594
-694
-794
-894
-994
316
-311
-313
-314
-315
-317
-318
-116
-126
-216
-236
-326
-336
-346
-356
-366
-376
-386
-396
-416
-516
-616
-716
-816
-916
341
-344
-345
-347
-349
-241
-251
-351
-361
-321
-331
-441
-541
-641
-741
-841
-941
378
-372
-373
-375
-377
-288
-388
-398
-328
-338
-478
-578
-678
-778
-878
-978
423
-421
-424
-425
-426
-427
-428
-429
-413
-433
-513
-523
-533
-613
-623
-633
-443
-453
-473
-483
-493
-123
-323
-723
-823
-923
452
-451
-454
-455
-456
-457
-458
-459
-442
-542
-552
-642
-652
-412
-432
-472
-482
-492
-752
-852
-952
489
-484
-485
-486
-487
-488
-499
-589
-599
-689
-699
-419
-449
-469
-789
-889
-989
564
-561
-565
-566
-567
-568
-569
-444
-464
-544
-554
-644
-654
-664
-514
-524
-534
-574
-584
-364
-764
-864
-964
588
-582
-583
-585
-586
-587
-498
-598
-688
-698
-518
-528
-538
-558
-788
-888
-988
595
-591
-592
-593
-596
-597
-475
-495
-575
-675
-685
-695
-515
-525
-535
-545
-555
-195
-395
-795
-895
-995
718
-711
-712
-713
-714
-715
-717
-719
-728
-738
-818
-828
-838
-918
-928
-938
-758
-768
-798
-218
238
-231
-235
-237
211
-215
-217
-411
-511
-611
-811
-911
-418
-618
628
-621
-624
-625
-626
-627
-629
-438
-638
468
-461
-465
-466
-467
-658
-668
-868
-968
751
-753
-754
-755
-756
-757
-759
-761
-851
-861
-951
-961
-721
-731
-771
-791
-551
-651
661
-665
-666
-667
-669
-631
-671
-691
769
-765
-766
-767
-749
-849
-859
-869
-949
-959
-969
-729
-799
-369
359
-354
-355
-357
154
-155
-156
-157
-114
-124
-854
-954
-559
-659
775
-772
-773
-774
-776
-777
-785
-875
-885
-975
-985
-725
-735
-745
-175
792
-793
-796
-797
-782
-872
-882
-892
-972
-982
-992
-732
-742
-392
382
-383
-385
-387
285
-286
-287
-245
-255
365
-367
-325
-335
-865
-965
-682
-692
827
-821
-824
-825
-826
-829
-727
-737
-817
-837
-917
-927
-937
-847
-857
-867
866
-746
-846
-856
-946
-956
-966
967
-747
-947
-957
787
-783
-784
-786
-877
-887
-897
-977
-987
-997
-836
-876
-886
-896
-127
125
-115
-925
-327
324
-334
-724
726
-736
-926
-936
-924
-526
-527
-687
835
-831
-832
-833
-834
-815
-915
-935
-845
-855
-435
-635
884
-883
-874
-974
-984
-814
-844
-684
919
-912
-913
-914
-819
-929
921
-931
899
-891
-893
-898
998
-991
-993
-996
-999
871
-873
-971
858
-853
-958
-519
-619
529
-521
-549
649
-643
-645
-646
-647
-471
-571
491
-496
-497
-431
531
-532
-536
-537
113
-117
-333
337
-173
-193
393
-397
-813
812
-932
-842
843
942
-943
-944
-945
-743
744
-953
955
733
-734
-933
934
-512
517
-417
-437
-617
-637
572
-573
-576
-577
-672
-547
-557
-612
632
-634
-636
436
-434
-446
-476
-543
546
-556
553
-653
-656
445
-447
-655
657
-415
414
-614
615
-474
477
674
-673
-676
-677
-697
-246
247
256
-257
973
-976
-983
986
176
-177
-196
197
683
-686
-693
696
