146
-141
-142
-143
-144
-145
-147
-148
-149
-156
-166
-246
-256
-266
-346
-356
-366
-116
-126
-136
-176
-186
-196
-446
-546
-646
-746
-846
-946
155
-151
-152
-153
-154
-157
-158
-159
-165
-245
-255
-265
-345
-355
-365
-115
-125
-135
-175
-185
-195
-455
-555
-655
-755
-855
-955
183
-181
-182
-184
-187
-188
-189
-173
-193
-273
-283
-293
-373
-383
-393
-113
-123
-133
-163
-483
-583
-683
-783
-883
-983
241
-242
-243
-244
-247
-248
-249
-161
-251
-261
-341
-351
-361
-211
-221
-231
-271
-281
-291
-441
-541
-641
-741
-841
-941
269
-262
-263
-264
-267
-268
-169
-259
-349
-359
-369
-219
-229
-239
-279
-289
-299
-469
-569
-669
-769
-869
-969
277
-272
-274
-275
-276
-278
-177
-197
-287
-297
-377
-387
-397
-217
-227
-237
-257
-477
-577
-677
-777
-877
-977
282
-284
-285
-286
-288
-172
-192
-292
-372
-382
-392
-212
-222
-232
-252
-482
-582
-682
-782
-882
-982
347
-342
-343
-344
-348
-167
-357
-367
-317
-327
-337
-447
-547
-647
-747
-847
-947
376
-371
-374
-375
-378
-379
-296
-386
-396
-316
-326
-336
-476
-576
-676
-776
-876
-976
395
-391
-394
-398
-399
-295
-385
-315
-325
-335
-495
-595
-695
-795
-895
-995
411
-412
-413
-414
-415
-416
-417
-418
-419
-421
-431
-511
-521
-531
-611
-621
-631
-451
-461
-471
-481
-491
-111
-311
-711
-811
-911
428
-422
-423
-424
-425
-426
-427
-429
-438
-518
-528
-538
-618
-628
-638
-448
-458
-468
-478
-488
-498
-128
-228
-328
-728
-828
-928
473
-472
-474
-475
-479
-493
-573
-593
-673
-693
-433
-443
-453
-463
-773
-873
-973
487
-484
-485
-486
-489
-497
-587
-597
-687
-697
-437
-457
-467
-787
-887
-987
588
-581
-584
-585
-586
-589
-578
-598
-678
-688
-698
-548
-558
-568
-388
-788
-888
-988
623
-622
-624
-625
-626
-627
-629
-513
-523
-533
-613
-633
-643
-653
-663
-223
-323
-723
-823
-923
634
-632
-635
-636
-637
-639
-434
-514
-524
-534
-614
-644
-654
-664
-674
-684
-694
-134
-234
-334
-734
-834
-934
681
-685
-686
-689
-571
-591
-671
-691
-651
-661
-381
-781
-881
-981
692
-696
-699
-492
-572
-592
-672
-612
-642
-652
-662
-792
-892
-992
717
-712
-713
-714
-715
-716
-718
-719
-727
-737
-817
-827
-837
-917
-927
-937
-757
-767
-797
-117
-517
-617
731
-732
-733
-735
-736
-738
-739
-721
-821
-831
-921
-931
-751
-761
-771
-791
-131
-331
321
-322
-324
-329
-121
766
-762
-763
-764
-765
-768
-756
-856
-866
-956
-966
-726
-786
-796
-466
-566
-666
825
-822
-824
-826
-829
-725
-815
-835
-915
-925
-935
-845
-865
-875
-885
-225
-525
833
-832
-836
-838
-839
-813
-913
-933
-843
-853
-863
-893
-233
-333
849
-842
-844
-848
-749
-759
-859
-949
-959
-819
-879
-889
-899
-449
-549
-649
861
-862
-864
-867
-868
-851
-951
-961
-871
-891
551
-552
-553
-554
-556
-557
-559
-561
924
-922
-926
-929
-724
-814
-914
-944
-954
-964
-974
-984
-994
-124
-224
226
-216
-236
-526
958
-952
-953
-957
-748
-758
-858
-948
-968
-918
-938
818
-812
-816
-878
-898
-978
-998
-118
-218
-318
648
-645
-658
-668
-258
-358
963
-962
-965
-967
-743
-753
-943
857
-852
-854
793
-794
-798
-799
-993
778
-772
-774
-775
-779
872
-874
-972
-897
997
-991
-996
-999
971
-975
-979
543
-542
-544
-545
-563
-657
667
-665
-567
-363
-171
191
-194
-198
-199
-178
298
-294
-238
235
-215
-435
-535
112
-114
-119
-122
-132
-312
-332
-162
-512
-912
127
-129
-137
-527
537
-532
-536
-539
138
-139
-338
339
-319
-168
164
-254
253
-353
-354
352
-362
-364
368
-174
179
384
-389
-213
214
313
-314
-439
-939
-452
-752
754
-744
-784
444
-442
-445
-454
-464
-564
-494
465
-462
562
-565
432
-436
-522
529
-519
-619
-579
-599
919
-916
936
-932
722
-729
-742
745
942
-945
-785
789
985
-986
-989
574
-575
-594
596
675
-679
-496
499
456
-459
-656
659
515
-516
-615
616
-884
886
894
-896
