139
-131
-132
-133
-134
-135
-136
-137
-138
-119
-129
-219
-229
-239
-319
-329
-339
-149
-159
-169
-179
-189
-199
-439
-539
-639
-739
-839
-939
164
-161
-162
-163
-165
-166
-167
-168
-144
-154
-244
-254
-264
-344
-354
-364
-114
-124
-174
-184
-194
-464
-564
-664
-764
-864
-964
186
-181
-182
-183
-185
-187
-188
-176
-196
-276
-286
-296
-376
-386
-396
-116
-126
-146
-156
-486
-586
-686
-786
-886
-986
215
-211
-212
-213
-214
-216
-217
-218
-115
-125
-225
-235
-315
-325
-335
-245
-255
-265
-275
-285
-295
-415
-515
-615
-715
-815
-915
252
-251
-253
-256
-257
-258
-259
-142
-152
-242
-262
-342
-352
-362
-222
-232
-272
-282
-292
-452
-552
-652
-752
-852
-952
279
-271
-273
-274
-277
-278
-289
-299
-379
-389
-399
-249
-269
-479
-579
-679
-779
-879
-979
291
-293
-294
-297
-298
-171
-191
-281
-371
-381
-391
-221
-231
-241
-261
-491
-591
-691
-791
-891
-991
332
-331
-333
-334
-336
-337
-338
-112
-122
-312
-322
-372
-382
-392
-432
-532
-632
-732
-832
-932
367
-361
-363
-365
-366
-368
-369
-147
-157
-247
-267
-347
-357
-317
-327
-377
-387
-397
-467
-567
-667
-767
-867
-967
393
-394
-395
-398
-173
-193
-283
-373
-383
-313
-323
-343
-353
-493
-593
-693
-793
-893
-993
441
-442
-443
-444
-445
-446
-447
-448
-449
-451
-461
-541
-551
-561
-641
-651
-661
-411
-421
-431
-471
-481
-141
-341
-741
-841
-941
457
-453
-454
-455
-456
-458
-459
-547
-557
-647
-657
-417
-427
-437
-477
-487
-497
-757
-857
-957
495
-492
-494
-496
-498
-499
-475
-485
-575
-585
-595
-675
-685
-695
-425
-435
-465
-195
-795
-895
-995
618
-611
-612
-613
-614
-616
-617
-619
-418
-428
-438
-518
-528
-538
-628
-638
-648
-658
-668
-678
-688
-698
-118
-318
-718
-818
-918
635
-631
-633
-634
-636
-637
-525
-535
-625
-645
-655
-665
-735
-835
-935
653
-654
-656
-659
-463
-543
-553
-563
-643
-663
-623
-673
-683
-153
-753
-853
-953
669
-662
-666
-469
-549
-559
-569
-649
-629
-689
-699
-769
-869
-969
713
-711
-712
-714
-716
-717
-719
-723
-733
-813
-823
-833
-913
-923
-933
-743
-763
-773
-783
-113
-413
-513
747
-742
-744
-745
-746
-748
-749
-847
-947
-727
-737
-777
-787
-797
774
-771
-772
-775
-776
-778
-784
-794
-874
-884
-894
-974
-984
-994
-724
-734
-754
-374
-474
-574
-674
811
-812
-814
-816
-817
-819
-721
-731
-821
-831
-911
-921
-931
-851
-861
-871
-881
-111
117
-127
-227
-237
-177
-197
287
-284
-288
384
-385
-388
-314
-324
-311
316
-226
-236
-326
-346
-356
-511
-416
-516
-916
-517
-917
531
-533
-534
-536
-537
-521
-621
-571
-581
-484
-584
-684
-587
-687
-887
-987
837
-834
-836
-838
-827
-927
-937
-877
-897
855
-854
-856
-858
-859
-755
-765
-845
-865
-945
-955
-965
-825
-875
-885
-155
-355
-555
565
-562
-566
-568
-545
896
-892
-898
-899
-796
-876
-976
-996
-826
-846
-866
-596
-696
928
-922
-924
-925
-926
-929
725
-722
-726
-728
-729
-738
736
-936
-828
-938
934
-824
-914
-785
-756
-766
844
-842
-843
-848
-849
-944
-954
-948
-958
-968
-978
-988
-998
-128
-228
-328
321
-121
123
-223
224
-233
-234
238
151
-158
-351
-143
-248
-268
-423
-523
433
-434
-436
-473
-483
-424
414
-412
-419
-514
-524
-624
-544
-644
554
-556
-558
-594
694
-692
-697
-751
-951
956
-959
-946
-966
985
-981
-982
-983
-989
-975
942
-943
-949
-762
-862
-962
759
-758
-789
-799
-912
919
822
-829
-872
-882
889
-883
-888
-999
-972
-992
997
-977
512
-519
-422
-522
-622
-542
-572
-582
-592
-642
646
462
-466
-468
-546
548
-472
-482
-578
-588
-598
-626
627
-527
-676
-677
243
-246
-263
266
-148
145
-345
-175
375
-378
-348
349
358
-359
577
-573
-576
583
-589
476
-478
-597
599
488
-489
-426
429
526
-529
-788
971
-973
-781
782
-792
798
873
-878
761
-768
-961
963
-863
868
-671
672
681
-682
-172
178
192
-198
