138
-131
-132
-133
-134
-135
-136
-137
-139
-118
-128
-218
-228
-238
-318
-328
-338
-148
-158
-168
-178
-188
-198
-438
-538
-638
-738
-838
-938
161
-162
-163
-164
-165
-166
-167
-169
-141
-151
-241
-251
-261
-341
-351
-361
-111
-121
-171
-181
-191
-461
-561
-661
-761
-861
-961
252
-253
-254
-255
-256
-257
-258
-259
-142
-152
-242
-262
-342
-352
-362
-212
-222
-232
-272
-282
-292
-452
-552
-652
-752
-852
-952
283
-281
-284
-285
-286
-287
-288
-289
-173
-183
-193
-273
-293
-373
-383
-393
-213
-223
-233
-243
-263
-483
-583
-683
-783
-883
-983
315
-311
-312
-313
-314
-316
-317
-319
-115
-125
-215
-225
-235
-325
-335
-345
-355
-365
-375
-385
-395
-415
-515
-615
-715
-815
-915
374
-371
-372
-376
-377
-378
-379
-174
-184
-194
-274
-294
-384
-394
-324
-334
-344
-354
-364
-474
-574
-674
-774
-874
-974
437
-431
-432
-433
-434
-435
-436
-439
-417
-427
-517
-527
-537
-617
-627
-637
-447
-457
-467
-477
-487
-497
-237
-337
-737
-837
-937
446
-441
-442
-443
-444
-445
-448
-449
-456
-466
-546
-556
-566
-646
-656
-666
-416
-426
-476
-486
-496
-146
-246
-346
-746
-846
-946
475
-471
-472
-473
-478
-479
-485
-495
-575
-585
-595
-675
-685
-695
-425
-455
-465
-175
-275
-775
-875
-975
521
-522
-523
-524
-525
-526
-528
-529
-411
-421
-511
-531
-611
-621
-631
-541
-551
-571
-581
-591
-221
-321
-721
-821
-921
553
-554
-555
-557
-558
-559
-453
-463
-543
-563
-643
-653
-663
-513
-533
-573
-593
-153
-353
-753
-853
-953
722
-723
-724
-725
-726
-727
-728
-729
-712
-732
-812
-822
-832
-912
-922
-932
-742
-762
-772
-782
-792
-122
-322
-422
-622
781
-784
-785
-786
-787
-788
-789
-771
-791
-871
-881
-891
-971
-981
-991
-711
-731
-741
-751
-381
-481
-681
845
-841
-842
-843
-844
-847
-848
-849
-745
-755
-765
-855
-865
-945
-955
-965
-825
-835
-885
-895
-145
-245
-545
-645
877
-872
-873
-876
-878
-879
-777
-797
-887
-897
-977
-987
-997
-817
-827
-857
-867
-177
-277
-577
-677
916
-911
-913
-914
-917
-918
-919
-716
-736
-816
-826
-836
-926
-936
-956
-966
-976
-986
-996
-116
-216
-516
-616
944
-941
-942
-943
-947
-948
-949
-744
-754
-764
-854
-864
-954
-964
-924
-934
-984
-994
641
-642
-644
-647
-648
-649
-451
-651
491
-492
-493
-494
-498
-499
-671
-691
542
-544
-547
-548
-549
-462
-562
-662
-512
-532
-572
-582
-592
-144
-244
271
-276
-278
-279
-291
-391
-211
-231
331
-332
-333
-336
-339
112
-113
-114
-117
-119
-172
-182
-192
811
-813
-814
-818
-819
-831
-931
-851
951
-957
-958
-959
-412
482
-484
-488
-489
-672
-682
-692
-612
632
-633
-634
-635
-636
-639
972
-973
-978
-979
-882
-892
-982
-992
862
-863
-866
-868
-869
-962
-382
392
-396
-397
-398
-399
-123
323
-326
-327
-329
143
-147
-149
-343
-363
-423
413
-414
-418
-419
-613
-623
-713
-823
-923
-743
124
-126
-127
-129
-214
-224
-234
-154
264
-265
-266
-267
-268
-269
155
-156
-157
-159
-185
-195
295
-296
-297
-298
-299
388
-386
-387
-389
248
-247
-249
-348
-358
-368
-424
-624
-824
-748
-655
-464
454
-458
-459
-564
-654
-664
985
-988
-989
-795
-995
735
-733
-734
-739
-925
-935
625
-626
-628
-629
-535
536
-534
-539
565
-567
-568
-569
-665
-576
-586
-596
226
-227
-229
-236
239
217
-219
-717
927
-928
-929
-967
834
-833
-839
933
-939
-714
794
-793
-796
-798
-799
-884
-894
893
-896
-898
-899
-773
-993
763
-766
-767
-768
-769
-963
366
-367
-369
-356
667
-668
-669
-657
-687
-697
673
-676
-678
-679
-693
-588
-688
-888
-594
-694
-176
179
-189
-199
776
-778
-779
-886
889
998
-999
-756
856
-858
-859
828
-829
-718
719
758
-757
-759
747
-749
-968
969
-519
-619
429
-428
468
-469
-658
659
-689
-699
-347
349
357
-359
578
-579
-598
-698
696
-686
684
-584
514
-518
-614
618
186
-187
-196
197
587
-589
-597
599
