132
-131
-133
-134
-135
-136
-137
-138
-139
-112
-122
-212
-222
-232
-312
-322
-332
-142
-152
-162
-172
-182
-192
-432
-532
-632
-732
-832
-932
164
-161
-163
-165
-166
-167
-168
-169
-144
-154
-244
-254
-264
-344
-354
-364
-114
-124
-174
-184
-194
-464
-564
-664
-764
-864
-964
228
-221
-223
-224
-225
-226
-227
-229
-118
-128
-218
-238
-318
-328
-338
-248
-258
-268
-278
-288
-298
-428
-528
-628
-728
-828
-928
275
-271
-272
-273
-274
-276
-277
-279
-175
-185
-195
-285
-295
-375
-385
-395
-215
-235
-245
-255
-265
-475
-575
-675
-775
-875
-975
314
-311
-313
-315
-316
-317
-319
-214
-234
-324
-334
-374
-384
-394
-414
-514
-614
-714
-814
-914
342
-341
-343
-345
-346
-347
-348
-349
-242
-252
-262
-352
-362
-372
-382
-392
-442
-542
-642
-742
-842
-942
353
-351
-355
-356
-357
-358
-359
-143
-153
-243
-253
-263
-363
-323
-333
-373
-383
-393
-453
-553
-653
-753
-853
-953
378
-371
-376
-377
-379
-178
-188
-198
-388
-398
-368
-478
-578
-678
-778
-878
-978
419
-411
-412
-413
-415
-416
-417
-418
-429
-439
-519
-529
-539
-619
-629
-639
-449
-459
-469
-479
-489
-499
-119
-219
-719
-819
-919
446
-441
-443
-444
-445
-447
-448
-456
-466
-546
-556
-566
-646
-656
-666
-426
-436
-476
-486
-496
-146
-246
-746
-846
-946
457
-451
-452
-454
-455
-458
-467
-547
-557
-567
-647
-657
-667
-427
-437
-477
-487
-497
-157
-257
-757
-857
-957
485
-481
-482
-483
-484
-488
-495
-585
-595
-685
-695
-425
-435
-465
-785
-885
-985
511
-512
-513
-515
-516
-517
-518
-421
-431
-521
-531
-611
-621
-631
-541
-551
-561
-571
-581
-591
-111
-211
-711
-811
-911
536
-533
-534
-535
-537
-538
-526
-616
-626
-636
-576
-586
-596
-236
-336
-736
-836
-936
572
-573
-574
-577
-579
-472
-492
-582
-592
-672
-682
-692
-522
-552
-562
-772
-872
-972
599
-593
-594
-597
-598
-589
-679
-689
-699
-549
-559
-569
-199
-299
-399
-799
-899
-999
622
-623
-624
-625
-627
-422
-612
462
-461
-463
-468
-652
-662
-722
-822
-922
-762
-862
-962
651
-654
-655
-658
-659
-641
-661
-671
-681
-691
-151
-251
-751
-851
-951
663
-665
-668
-669
-543
-563
-643
649
-644
-645
-648
-613
-633
-673
-683
-693
-149
-249
-749
-849
-949
-763
-863
-963
697
-694
-696
-698
-587
-677
-687
527
-523
-524
-525
-617
-637
583
-584
-588
-473
-493
-127
-327
-727
-827
-927
-183
-283
-783
-883
-983
-197
-297
-397
-797
-897
-997
738
-731
-733
-734
-735
-737
-739
-718
-818
-838
-918
-938
-748
-758
-768
-788
-798
618
-615
635
-634
-638
-438
498
-491
-494
471
-474
-688
-335
-835
-935
-171
-771
-871
-971
-898
-998
755
-752
-754
-756
-759
-745
-765
-845
-855
-865
-945
-955
-965
-715
-725
-795
-155
-555
766
-761
-767
-769
-856
-866
-956
-966
-716
-726
-776
-786
-796
-266
-366
794
-791
-792
-793
-774
-784
-874
-884
-894
-974
-984
-994
-724
-744
674
-676
-684
686
284
-281
-282
-286
-287
-289
292
-291
-293
-294
-296
-186
-386
-886
-986
-892
-992
834
-831
-833
-837
-839
-824
-924
-934
-844
-854
424
-423
433
-434
-233
213
-216
-217
-113
-123
256
-259
-156
-713
-813
-913
-933
889
-881
-882
-887
-888
988
-981
-982
-987
-989
782
-781
-787
-789
-779
-879
-979
-712
717
-817
-917
-937
-747
-777
773
-873
-893
-973
-993
-723
-743
741
-841
-861
-941
-961
-721
729
-829
-929
-939
931
-821
-921
891
-895
-896
-991
995
-996
-859
-869
-915
-925
-948
-958
-968
-117
-129
-329
-231
-331
-141
-241
247
-147
-267
-367
261
-269
-361
-237
239
337
-339
-387
-847
-947
-173
193
-191
-196
179
-176
-177
396
-391
187
-181
-189
381
-389
121
-125
-126
-321
116
-115
325
-326
145
-148
-365
369
158
-159
815
-812
-816
912
-916
-825
852
-858
-952
-545
565
-568
-558
554
-544
548
944
-943
843
-848
-954
959
868
-867
967
-969
-823
826
923
-926
-876
877
976
-977
