148
-141
-142
-143
-144
-145
-146
-147
-149
-158
-168
-248
-258
-268
-348
-358
-368
-118
-128
-138
-178
-188
-198
-448
-548
-648
-748
-848
-948
165
-161
-162
-163
-164
-166
-167
-169
-155
-245
-255
-265
-345
-355
-365
-115
-125
-135
-175
-185
-195
-465
-565
-665
-765
-865
-965
228
-221
-222
-223
-224
-225
-226
-227
-229
-218
-238
-318
-328
-338
-278
-288
-298
-428
-528
-628
-728
-828
-928
259
-251
-252
-253
-254
-256
-257
-159
-249
-269
-349
-359
-369
-219
-239
-279
-289
-299
-459
-559
-659
-759
-859
-959
282
-281
-283
-284
-285
-286
-287
-172
-182
-192
-272
-292
-372
-382
-392
-212
-232
-242
-262
-482
-582
-682
-782
-882
-982
291
-293
-294
-295
-296
-297
-171
-181
-191
-271
-371
-381
-391
-211
-231
-241
-261
-491
-591
-691
-791
-891
-991
315
-311
-312
-313
-314
-316
-317
-319
-215
-235
-325
-335
275
-273
-274
-276
-277
-375
-385
-395
-415
-515
-615
-715
-815
-915
-475
-575
-675
-775
-875
-975
326
-321
-322
-323
-324
-327
-329
-116
-126
-136
-216
-236
-336
-346
-356
-366
-376
-386
-396
-426
-526
-626
-726
-826
-926
378
-373
-374
-377
-379
-388
-398
-478
-578
-678
-778
-878
-978
399
-393
-394
-397
-179
-189
-199
-389
-339
-499
-599
-699
-799
-899
-999
438
-431
-432
-433
-434
-435
-436
-437
-439
-418
-518
-538
-618
-638
-458
-468
-488
-498
-738
-838
-938
445
-441
-442
-443
-444
-446
-447
-449
-455
-545
-555
-645
-655
-425
-485
-495
-745
-845
-945
489
-481
-483
-484
-486
-487
-479
-579
-589
-679
-689
-419
-429
-469
-789
-889
-989
496
-492
-493
-494
-497
-476
-576
-586
-596
-676
-686
-696
-416
-456
-466
-196
-796
-896
-996
541
-542
-543
-544
-546
-547
-549
-451
-461
-551
-561
-641
-651
-661
-511
-521
-531
-571
-581
-341
-741
-841
-941
568
-562
-563
-564
-566
-567
-569
-558
-658
-668
-588
-598
-768
-868
-968
612
-611
-613
-614
-616
-617
-619
-412
-422
-512
-522
-532
-622
-632
-642
-652
-662
-672
-692
-112
-712
-812
-912
625
-621
-623
-624
-627
-629
-525
-535
-635
-685
-695
-725
-825
-925
667
-663
-664
-666
-669
-457
-467
-557
-647
-657
649
-643
-644
-646
-637
-677
-687
-697
-639
-749
-849
-949
-267
-367
-767
-867
-967
674
-671
-673
-474
-574
-584
-594
-684
-694
-634
-654
-174
-774
-874
-974
716
-711
-713
-714
-717
-718
-719
-736
-816
-836
-916
-936
-746
-756
-766
-776
-786
-516
737
-731
-732
-733
-734
-735
-739
-727
-817
-827
-837
-917
-927
-937
-747
-757
-777
-787
-797
-137
-237
-337
-537
781
-783
-784
-785
-788
-771
-871
-881
-971
-981
-721
-751
-761
471
-472
-473
-477
-681
-411
-421
631
-633
-636
536
-533
-534
-539
-556
656
-653
-131
-331
-831
-931
-156
-856
-956
795
-792
-793
-794
-798
-885
-895
-985
-995
-755
758
-752
-753
-754
-858
-958
585
-583
-587
-595
818
-811
-813
-814
-819
-918
-888
-898
857
-851
-852
-853
-854
-855
955
-951
-952
-953
-954
-957
-847
-947
835
-832
-833
-834
-839
-935
-877
-887
-897
-157
-357
883
-884
-886
-773
-873
-893
-973
-983
-993
-823
-843
-863
-183
-383
-683
688
-698
693
-573
-593
173
-176
-177
-193
186
-184
-187
-113
-123
-133
-153
-986
-988
998
-992
-994
-997
943
-942
-944
-946
-743
-763
-963
723
-722
-724
-729
-913
-923
-933
-423
-523
-243
-343
969
-961
-962
-964
-966
861
-862
-864
-866
-869
846
-842
-844
-769
779
-772
-879
-979
-821
-876
872
-892
894
-972
-984
987
976
-977
-822
-824
829
-919
-929
-939
-129
-529
519
-513
-514
-517
413
-414
-417
-453
-463
553
-552
-554
427
-424
524
-527
-213
-119
139
-132
-134
-124
-924
-127
-246
266
-263
-264
233
-234
-333
-353
363
-361
-362
-364
351
-352
-354
-151
-572
577
592
-597
384
-387
-194
197
-117
217
-214
244
-247
-154
152
-342
-344
347
-122
121
-111
114
332
-334
911
-914
-921
922
-932
934
742
-744
-762
764
-452
454
462
-464
