127
-121
-122
-123
-124
-125
-126
-128
-129
-117
-137
-217
-227
-237
-317
-327
-337
-147
-157
-167
-177
-187
-197
-427
-527
-627
-727
-827
-927
145
-141
-142
-143
-144
-146
-148
-149
-155
-165
-245
-255
-265
-345
-355
-365
-115
-135
-175
-185
-195
-445
-545
-645
-745
-845
-945
256
-251
-252
-253
-254
-257
-258
-259
-156
-166
-246
-266
-346
-356
-366
-216
-226
-236
-276
-286
-296
-456
-556
-656
-756
-856
-956
273
-271
-272
-274
-275
-277
-278
-279
-173
-183
-193
-283
-293
-373
-383
-393
-213
-223
-233
-243
-263
-473
-573
-673
-773
-873
-973
321
-322
-323
-324
-325
-326
-328
-329
-111
-131
-211
-221
-231
-311
-331
-341
-351
-361
-371
-381
-391
-421
-521
-621
-721
-821
-921
413
-411
-412
-414
-415
-416
-417
-418
-419
-423
-433
-513
-523
-533
-613
-623
-633
-443
-453
-463
-483
-493
-113
-313
-713
-813
-913
454
-451
-452
-455
-457
-458
-459
-444
-464
-544
-554
-564
-644
-654
-664
-424
-434
-474
-484
-494
-154
-354
-754
-854
-954
568
-561
-562
-563
-565
-566
-567
-569
-448
-468
-548
-558
-648
-658
-668
-518
-528
-538
-578
-588
-598
-168
-268
-368
-768
-868
-968
581
-582
-583
-584
-585
-586
-587
-589
-471
-481
-491
-571
-591
-671
-681
-691
-511
-531
-541
-551
-181
-281
-781
-881
-981
616
-611
-612
-614
-615
-617
-618
-619
-426
-436
-516
-526
-536
-626
-636
-646
-666
-676
-686
-696
-116
-316
-716
-816
-916
712
-711
-714
-715
-717
-718
-719
-722
-732
-812
-822
-832
-912
-922
-932
-742
-752
-762
-772
-782
-792
-112
-212
-312
-512
734
-731
-733
-735
-736
-737
-738
-739
-724
-814
-824
-834
-914
-924
-934
-744
-764
-774
-784
-794
-134
-234
-334
-534
-634
776
-771
-775
-777
-778
-779
-786
-796
-876
-886
-896
-976
-986
-996
-726
-746
-766
-176
-376
-476
-576
847
-841
-842
-843
-844
-846
-848
-849
-747
-757
-767
-857
-867
-947
-957
-967
-817
-837
-877
-887
-897
-247
-347
-447
-547
-647
861
-862
-863
-864
-865
-866
-869
-741
-751
-761
-851
-941
-951
-961
791
-793
-795
-797
-798
-799
-871
-891
-971
-991
787
-783
-785
-788
-789
-977
-987
-997
-811
-831
911
-915
-917
-918
-919
-931
937
-933
-935
-936
-938
-939
517
-514
-515
-519
-437
-537
-637
-557
-577
-597
-161
-261
-461
-661
171
-172
-174
-178
-179
-191
-291
-151
241
-242
-244
-248
-249
-441
431
-432
-435
-438
-439
-631
-641
651
-652
-653
-655
-657
-659
357
-352
-353
-358
-359
-267
-367
-377
-387
-397
-287
297
-292
-294
-295
-298
-299
-487
-687
-497
-697
895
-892
-893
-894
-898
-899
-875
-885
-975
-985
-995
-815
-825
-835
-855
-395
-495
-595
-695
946
-942
-943
-944
-948
-949
964
-962
-963
-965
-966
-969
-974
-984
-994
-926
826
-823
-828
-829
-836
344
-342
-343
-348
-349
-164
-264
-364
158
-152
-153
-159
-118
-138
-188
-198
-314
-374
-384
-394
-446
-546
466
-462
-465
-467
-469
667
-662
-663
-665
-669
555
-552
-553
-559
-486
-496
596
-592
-593
-594
-599
477
-472
-475
-478
-479
-677
543
-542
-549
-643
-525
-535
-575
-743
748
-749
-758
-858
-958
-728
-755
-955
765
-763
-769
-725
925
-923
-928
-929
723
-729
-833
-753
759
-859
-959
-225
-425
485
-482
-488
-489
-675
-685
-625
635
-632
-638
-639
-235
-335
375
-372
-378
-379
-285
-385
215
-214
-218
-219
-315
114
-119
-224
-184
-194
284
-282
-288
-289
-684
-884
874
-872
-878
-879
-574
524
-522
-529
-624
-674
694
-692
-693
-698
-699
683
-682
-688
-689
-883
853
-852
952
-953
882
-888
-889
-972
-982
-992
-182
-382
-983
993
-998
-999
-196
-396
-132
133
-136
-139
-333
336
-332
-338
-339
-163
363
-362
-369
186
-189
-386
392
-398
-399
-192
199
388
-389
162
-169
-262
269
-229
-239
319
-318
818
-819
-838
839
238
-232
222
-228
-422
-622
532
-539
-572
579
-499
-679
672
-678
-492
498
442
-449
-642
649
-428
429
628
-629
978
-979
-988
989
