121
-122
-123
-124
-125
-126
-127
-128
-129
-111
-131
-211
-221
-231
-311
-321
-331
-141
-151
-161
-171
-181
-191
-421
-521
-621
-721
-821
-921
148
-142
-143
-144
-145
-146
-147
-149
-158
-168
-248
-258
-268
-348
-358
-368
-118
-138
-178
-188
-198
-448
-548
-648
-748
-848
-948
163
-162
-164
-165
-166
-167
-169
-153
-243
-253
-263
-343
-353
-363
-113
-133
-173
-183
-193
-463
-563
-663
-763
-863
-963
176
-172
-174
-175
-177
-179
-186
-196
-276
-286
-296
-376
-386
-396
-116
-136
-156
-476
-576
-676
-776
-876
-976
197
-192
-194
-195
-199
-187
-277
-287
-297
-377
-387
-397
-117
-137
-157
-497
-597
-697
-797
-897
-997
214
-212
-213
-215
-216
-217
-218
-219
-114
-134
-224
-234
-314
-324
-334
-244
-254
-264
-274
-284
-294
-414
-514
-614
-714
-814
-914
299
-291
-292
-293
-295
-298
-189
-279
-289
-379
-389
-399
-229
-239
-249
-259
-269
-499
-599
-699
-799
-899
-999
412
-411
-413
-415
-416
-417
-418
-419
-422
-432
-512
-522
-532
-612
-622
-632
-442
-452
-462
-472
-482
-492
-112
-312
-712
-812
-912
465
-461
-464
-466
-467
-468
-469
-445
-455
-545
-555
-565
-645
-655
-665
-425
-435
-475
-485
-495
-265
-365
-765
-865
-965
481
-483
-484
-486
-487
-488
-489
-471
-491
-571
-581
-591
-671
-681
-691
-431
-441
-451
-281
-381
-781
-881
-981
493
-494
-496
-498
-473
-573
-583
-593
-673
-683
-693
-423
-433
-443
-453
-393
-793
-893
-993
528
-523
-524
-525
-526
-527
-529
-428
-438
-518
-538
-618
-628
-638
-558
-568
-578
-588
-598
-228
-328
-728
-828
-928
564
-561
-562
-566
-567
-569
-444
-454
-544
-554
-644
-654
-664
-534
-574
-584
-594
-364
-764
-864
-964
637
-631
-633
-634
-635
-636
-639
-427
-437
-517
-537
-617
-627
-647
-657
-667
-677
-687
-237
-337
-737
-837
-937
715
-711
-713
-716
-717
-718
-719
-725
-735
-815
-825
-835
-915
-925
-935
-745
-755
-775
-785
-795
-115
119
-139
-319
-329
-339
-159
-315
-515
-615
-519
-619
-819
-919
727
-722
-723
-724
-726
-729
-817
-827
-917
-927
-747
-757
-767
-777
-787
317
-313
-316
-318
-227
-327
-347
-357
-367
749
-741
-742
-743
-744
-746
-759
-769
-849
-859
-869
-949
-959
-969
-739
-779
-789
-349
-449
-549
-649
758
-751
-752
-753
-754
-756
-768
-858
-868
-958
-968
-738
-778
-788
-798
-458
478
-474
-477
-479
-678
-688
-698
-658
668
-661
-662
-666
-669
369
-361
-362
-366
-359
-278
-378
-878
-978
783
-782
-784
-786
-773
-873
-883
-973
-983
-733
-283
-383
866
-861
-862
-867
-766
-846
-856
-946
-956
-966
-816
-826
-836
-886
-896
-266
874
-871
-872
-875
-877
-879
-774
-794
-884
-894
-974
-984
-994
734
-731
-732
-736
-824
-834
-924
-934
796
-791
-792
-986
-996
-844
-854
-434
424
-426
-429
-624
-374
-674
-596
-696
942
-941
-943
-944
-945
-947
-762
761
-841
-851
-951
-961
-842
-852
-952
-962
967
954
-953
-955
-957
-847
-857
-771
772
-882
-892
-972
-982
-992
887
-885
-888
-889
-977
-987
-922
-932
-242
-342
-542
-642
344
-341
-345
-346
-154
-354
184
-182
-185
-384
-394
-261
262
-267
-152
155
-252
-352
-245
-255
-355
132
-135
-222
-232
-322
-332
-272
-282
822
-823
-829
-832
839
-831
-833
-838
-929
-939
629
-623
-625
-626
535
-531
-533
-536
-539
-439
436
-516
-616
-446
447
-457
-547
-557
-456
459
-559
-659
-575
-585
-595
592
-572
-582
-672
-682
-692
-552
652
-651
-653
-656
-679
675
-685
-695
694
-684
-689
686
-586
-646
916
-911
-913
-918
-926
923
-813
-933
-936
818
-811
931
-938
891
-895
-898
-971
-991
-223
-323
-235
-335
-236
-336
845
-843
853
-855
-247
257
-251
-256
-553
-372
-275
-375
-975
979
-989
577
-579
-587
589
382
-385
-388
-392
-391
988
-985
995
-998
285
-288
-395
398
-225
226
325
-326
-246
241
-351
356
-271
273
371
-373
-233
238
333
-338
-541
-641
643
551
-556
-543
546
-511
513
611
-613
