132
-131
-133
-134
-135
-136
-137
-138
-139
-112
-122
-212
-222
-232
-312
-322
-332
-142
-152
-162
-172
-182
-192
-432
-532
-632
-732
-832
-932
158
-151
-153
-154
-155
-156
-157
-159
-148
-168
-248
-258
-268
-348
-358
-368
-118
-128
-178
-188
-198
-458
-558
-658
-758
-858
-958
241
-242
-243
-244
-245
-246
-247
-249
-141
-161
-251
-261
-341
-351
-361
-211
-221
-231
-271
-281
-291
-441
-541
-641
-741
-841
-941
295
-292
-293
-294
-296
-297
-298
-299
-175
-185
-195
-275
-285
-375
-385
-395
-215
-225
-235
-255
-265
-495
-595
-695
-795
-895
-995
329
-321
-323
-324
-325
-326
-327
-328
-119
-129
-219
-229
-239
-319
-339
-349
-359
-369
-379
-389
-399
-429
-529
-629
-729
-829
-929
469
-461
-462
-463
-464
-465
-466
-467
-468
-449
-459
-549
-559
-569
-649
-659
-669
-419
-439
-479
-489
-499
-169
-269
-769
-869
-969
472
-471
-473
-474
-475
-476
-477
-478
-482
-492
-572
-582
-592
-672
-682
-692
-412
-422
-442
-452
-272
-372
-772
-872
-972
488
-481
-483
-484
-485
-486
-487
-498
-578
-588
-598
-678
-688
-698
-418
-428
-438
-448
-288
-388
-788
-888
-988
511
-512
-513
-514
-515
-516
-517
-518
-519
-411
-421
-431
-521
-531
-611
-621
-631
-551
-561
-571
-581
-591
-111
-311
-711
-811
-911
547
-542
-543
-544
-545
-546
-548
-447
-457
-557
-567
-647
-657
-667
-527
-537
-577
-587
-597
-147
-347
-747
-847
-947
673
-671
-674
-675
-676
-677
-679
-493
-573
-583
-593
-683
-693
-613
-623
-633
-643
-653
-663
-173
-273
-373
-773
-873
-973
715
-712
-713
-714
-716
-717
-718
-719
-725
-735
-815
-825
-835
-915
-925
-935
-745
-755
-765
-775
-785
-115
-315
-415
-615
721
-722
-723
-724
-726
-727
-728
-731
-821
-831
-921
-931
-751
-761
-771
-781
-791
-121
331
-333
-334
-335
-336
-337
-338
125
-123
-124
-126
-127
-145
-165
-371
-381
-391
-425
-525
-625
797
-792
-793
-794
-796
-798
-799
-777
-787
-877
-887
-897
-977
-987
-997
-737
-757
-767
-197
-397
-497
-697
687
-681
-684
-685
-686
-689
-617
-627
-637
-187
-287
-387
862
-861
-863
-864
-865
-866
-867
-868
-742
-752
-762
-842
-852
-942
-952
-962
782
-783
-784
-786
-789
-882
-892
-982
-992
-812
-822
-262
-362
-562
-662
-282
252
-253
-254
-256
-257
-259
-342
-352
149
-143
-144
-146
-179
-189
-199
642
-644
-645
-646
-648
-552
-652
522
-523
-524
-526
-528
-612
-622
912
-913
-914
-916
-917
-918
-919
-922
-749
-849
-949
-382
392
-393
-394
-396
-398
884
-881
-883
-885
-886
-889
-774
-874
-894
-974
-984
-994
-814
-824
-834
-844
-854
-184
-284
-384
-584
953
-951
-954
-955
-956
-957
-959
-743
-753
-763
-843
-853
-943
-963
733
-734
-736
-738
-739
-813
-823
-833
-923
-933
893
-891
-896
-898
-899
-983
-993
-233
-433
-533
-353
-453
-553
563
-564
-565
-566
-568
-443
668
-661
-664
-665
-666
538
-534
-535
-536
-539
-618
-628
-638
-238
-838
-938
343
-344
-345
-346
-163
-263
-363
-313
-383
386
-176
-186
-196
-276
-286
-376
-316
-356
-366
961
-964
-965
-966
-967
-968
-851
857
-855
-856
-859
759
-754
-756
-779
871
-875
-876
-878
-879
-971
-981
-991
845
-846
-848
-945
-817
-827
-837
-445
-357
365
-364
-367
-355
354
-164
-264
-314
-374
-454
-554
-654
444
-446
-414
-424
-434
-494
-744
764
-766
-768
-944
-171
181
-183
-191
283
-289
-193
194
-174
177
-274
-277
-377
378
-278
279
113
-114
-116
-117
-213
-223
166
-167
-266
267
-217
-227
-237
317
-318
-413
423
-426
-427
-417
416
-436
-616
-626
624
-614
619
-634
-636
437
-435
635
-639
455
-451
-456
651
-655
-656
-555
556
491
-496
-691
-576
-586
-596
696
-694
-699
214
-216
-218
-224
-234
236
-226
228
-816
818
-819
-828
826
-836
839
-926
-936
-928
-939
-924
927
934
-937
574
-575
-579
-594
599
585
-589
975
-976
-978
-979
-985
776
-778
-986
989
-996
998
-999
-746
748
946
-948
