149
-141
-142
-143
-144
-145
-146
-147
-148
-159
-169
-249
-259
-269
-349
-359
-369
-119
-129
-139
-179
-189
-199
-449
-549
-649
-749
-849
-949
162
-161
-163
-164
-165
-166
-167
-168
-152
-242
-252
-262
-342
-352
-362
-112
-122
-132
-172
-182
-192
-462
-562
-662
-762
-862
-962
181
-183
-184
-185
-186
-187
-188
-171
-191
-271
-281
-291
-371
-381
-391
-111
-121
-131
-151
-481
-581
-681
-781
-881
-981
227
-221
-222
-223
-224
-225
-226
-228
-229
-117
-127
-137
-217
-237
-317
-327
-337
-247
-257
-267
-277
-287
-297
-427
-527
-627
-727
-827
-927
253
-251
-254
-255
-256
-258
-153
-243
-263
-343
-353
-363
-213
-233
-273
-283
-293
-453
-553
-653
-753
-853
-953
312
-311
-313
-314
-315
-316
-318
-319
-212
-232
-322
-332
-372
-382
-392
-412
-512
-612
-712
-812
-912
338
-331
-333
-334
-335
-336
-339
-118
-128
-138
-218
-238
-328
-348
-358
-368
-378
-388
-398
-438
-538
-638
-738
-838
-938
347
-341
-344
-345
-346
-157
-357
-367
-377
-387
-397
-447
-547
-647
-747
-847
-947
364
-361
-365
-366
-154
-244
-264
-354
-324
-374
-384
-394
-464
-564
-664
-764
-864
-964
376
-373
-375
-379
-176
-196
-276
-286
-296
-386
-396
-326
-356
-476
-576
-676
-776
-876
-976
437
-431
-432
-433
-434
-435
-436
-439
-417
-517
-537
-617
-637
-457
-467
-477
-487
-497
-737
-837
-937
472
-471
-473
-474
-475
-478
-479
-482
-492
-572
-582
-592
-672
-682
-692
-422
-442
-452
-272
-772
-872
-972
491
-493
-494
-495
-496
-498
-499
-571
-591
-671
-691
-411
-421
-441
-451
-461
-791
-891
-991
514
-511
-513
-515
-516
-518
-519
-414
-424
-524
-534
-614
-624
-634
-544
-554
-574
-584
-594
-114
-214
-714
-814
-914
542
-541
-543
-545
-546
-548
-552
-642
-652
-522
-532
-742
-842
-942
561
-563
-565
-566
-567
-568
-569
-551
-641
-651
-661
-521
-531
-261
-761
-861
-961
596
-593
-595
-597
-598
-599
-486
-586
-686
-696
-526
-536
-556
-796
-896
-996
611
-613
-615
-616
-618
-619
-621
-631
-211
-711
-811
-911
639
-632
-633
-635
-636
622
-623
-625
-626
-628
-629
-419
-429
-529
-539
-659
-669
-679
-689
-699
-722
-822
-922
-239
-739
-839
-939
674
-673
-675
-677
-678
-484
-684
-694
-644
-654
-174
-274
-774
-874
-974
733
-731
-732
-734
-735
-736
-713
-723
-813
-823
-833
-913
-923
-933
-743
-763
-773
-783
-793
-133
-533
535
-415
-425
-525
-555
-575
-585
-135
-235
-835
-935
744
-741
-745
-746
-748
-754
-844
-854
-944
-954
-724
-784
-794
-444
454
-455
-456
-458
-459
766
-765
-767
-768
-769
-756
-846
-856
-866
-946
-956
-966
-716
-726
-786
-266
-466
-666
771
-775
-777
-778
-779
-871
-971
-721
-751
798
-792
-795
-797
-799
-788
-878
-888
-898
-978
-988
-998
-718
-728
-758
-198
-298
-698
855
-851
-852
-857
-858
-859
-755
-845
-865
-945
-955
-965
-815
-825
-875
-885
-895
-155
-355
351
-241
231
-234
-236
-321
-831
-931
-951
-655
886
-882
-883
-884
-887
-889
-986
-816
-826
-836
921
-924
-925
-926
-928
-929
-821
841
-843
-848
-941
948
-943
-868
-958
-968
-918
-248
-448
-648
969
-963
-967
863
-867
-869
-759
-959
-873
-893
-919
-979
-989
-999
559
-557
-558
-469
489
-483
-485
-488
-579
-589
-463
-663
667
-665
-668
-657
-687
-697
-289
-389
-789
-113
413
-416
-418
-423
-523
528
426
-428
-443
643
-645
-646
-446
445
-465
468
656
-658
-578
-588
688
-683
-685
695
-693
818
-817
-819
-828
-126
-245
246
265
-268
-156
158
-178
-215
-275
-285
-295
-216
219
-329
-279
278
-288
-299
399
-393
-395
-719
729
-725
-829
824
-834
832
-932
-934
936
-916
-892
-894
116
-115
-136
134
-124
-194
879
-877
-899
897
-787
-977
-987
-997
587
-583
573
-577
-173
-973
975
-785
782
-982
-992
-985
-995
-752
757
952
-957
715
-717
-915
917
-175
177
-197
-282
284
292
-294
-984
983
-993
994
-383
385
193
-195
-123
125
323
-325
