147
-141
-142
-143
-144
-145
-146
-148
-149
-157
-167
-247
-257
-267
-347
-357
-367
-117
-127
-137
-177
-187
-197
-447
-547
-647
-747
-847
-947
153
-151
-152
-154
-155
-156
-158
-159
-163
-243
-253
-263
-343
-353
-363
-113
-123
-133
-173
-183
-193
-453
-553
-653
-753
-853
-953
185
-181
-182
-184
-186
-188
-189
-175
-195
-275
-285
-295
-375
-385
-395
-115
-125
-135
-165
-485
-585
-685
-785
-885
-985
296
-291
-292
-293
-294
-297
-298
-299
-176
-196
-276
-286
-376
-386
-396
-216
-226
-236
-246
-256
-266
-496
-596
-696
-796
-896
-996
312
-311
-313
-314
-315
-316
-317
-318
-319
-112
-122
-132
-212
-222
-232
-322
-332
-342
-352
-362
-372
-382
-392
-412
-512
-612
-712
-812
-912
334
-331
-333
-335
-336
-337
-338
-339
-114
-124
-134
-214
-224
-234
-324
-344
-354
-364
-374
-384
-394
-434
-534
-634
-734
-834
-934
378
-371
-373
-377
-379
-178
-198
-278
-288
-388
-398
-328
-348
-358
-368
-478
-578
-678
-778
-878
-978
438
-431
-432
-433
-435
-436
-437
-439
-418
-428
-518
-528
-538
-618
-628
-638
-448
-458
-468
-488
-498
-138
-238
-738
-838
-938
456
-451
-452
-454
-455
-457
-459
-446
-466
-546
-556
-566
-646
-656
-666
-416
-426
-476
-486
-356
-756
-856
-956
463
-461
-462
-464
-465
-467
-469
-443
-543
-563
-643
-663
-413
-423
-473
-483
-493
-763
-863
-963
482
-481
-484
-487
-489
-472
-492
-572
-582
-592
-672
-682
-692
-422
-442
-282
-782
-882
-982
497
-491
-494
-495
-499
-477
-577
-587
-597
-677
-687
-697
-417
-427
-397
-797
-897
-997
542
-541
-544
-545
-548
-549
-552
-562
-642
-652
-662
-522
-532
-242
-742
-842
-942
567
-561
-564
-565
-568
-569
-557
-657
-667
-517
-527
-537
-767
-867
-967
614
-611
-613
-615
-616
-617
-619
-414
-424
-514
-524
-624
-644
-654
-664
-674
-684
-694
-714
-814
-914
627
-621
-622
-623
-625
-626
-629
632
-631
-633
-635
-636
-637
-639
-227
-327
387
-381
-383
-389
-277
-287
-727
-827
-927
-732
-832
-932
-787
-887
-987
645
-641
-648
-649
-445
-555
-655
-665
-675
-695
-245
-345
-745
-845
-945
659
-651
-658
-449
-559
-669
-679
-689
-699
-259
-359
-759
-859
-959
673
-671
-676
-573
-583
-593
-683
-693
686
-681
-688
-576
-586
-273
-773
-873
-973
-786
-886
-986
735
-731
-733
-736
-737
-739
-715
-725
-815
-825
-835
-915
-925
-935
-755
-765
-775
-795
-235
-535
771
-772
-774
-776
-777
-779
-781
-791
-871
-881
-891
-971
-981
-991
-711
-721
-741
-751
-761
-171
-271
-471
-571
798
-792
-793
-794
-799
-788
-888
-898
-988
-998
-718
-728
-748
-758
-768
588
-581
-584
-589
-598
-698
691
-591
-558
668
-661
-168
-268
-868
-968
281
-283
-284
-289
-191
-391
393
-399
-211
-221
-231
-241
-251
-261
-323
-893
-993
816
-811
-813
-817
-818
-819
-716
-726
-826
-836
-916
-926
-936
-846
-866
-876
976
-972
-974
-975
-977
-979
877
-872
-874
-875
-879
-837
-857
-946
-966
-116
-516
923
-921
-922
-924
-928
-929
-713
-723
-823
-833
-913
-933
-943
-983
-223
-523
955
-951
-952
-954
-957
-958
-855
-865
-965
757
-752
-754
-717
719
-729
-829
-839
831
-821
-911
-931
-919
-939
937
-917
918
-828
-749
-769
-789
-841
-851
-861
895
-892
-894
-899
992
-994
-995
-999
-962
-948
217
-213
-215
-218
-219
233
-237
-239
513
-511
-515
-519
-533
415
-411
-419
-425
-525
-475
111
-118
-119
-121
-131
-321
-161
128
-126
-129
-228
-531
-255
-355
351
-341
-361
-551
554
441
-444
-421
429
521
-526
-529
536
-539
474
-479
-574
-594
326
-325
-329
225
-229
-136
139
166
-162
-164
-169
-346
349
-366
-249
-269
-369
365
-265
-179
-199
279
-272
-274
-941
961
-964
-969
746
-743
-744
843
-844
-848
-849
-766
858
-852
-854
783
-784
-883
248
-244
-258
944
-949
-764
762
-862
-864
869
-722
724
822
-824
884
-889
-984
989
252
-254
-262
264
172
-174
-192
194
575
-579
-595
599
