175
-171
-172
-173
-174
-176
-177
-178
-179
-185
-195
-275
-285
-295
-375
-385
-395
-115
-125
-135
-145
-155
-165
-475
-575
-675
-775
-875
-975
219
-211
-212
-213
-214
-215
-216
-217
-218
-119
-129
-139
-229
-239
-319
-329
-339
-249
-259
-269
-279
-289
-299
-419
-519
-619
-719
-819
-919
258
-251
-252
-253
-254
-255
-256
-257
-148
-158
-168
-248
-268
-348
-358
-368
-228
-238
-278
-288
-298
-458
-558
-658
-758
-858
-958
264
-261
-262
-263
-265
-266
-267
-144
-154
-164
-244
-344
-354
-364
-224
-234
-274
-284
-294
-464
-564
-664
-764
-864
-964
327
-321
-322
-323
-324
-325
-326
-328
-117
-127
-137
-227
-237
-317
-337
-347
-357
-367
-377
-387
-397
-427
-527
-627
-727
-827
-927
356
-351
-352
-353
-355
-359
-146
-156
-166
-246
-346
-366
-316
-336
-376
-386
-396
-456
-556
-656
-756
-856
-956
361
-362
-363
-365
-369
-141
-151
-161
-241
-341
-311
-331
-371
-381
-391
-461
-561
-661
-761
-861
-961
384
-382
-383
-388
-389
-184
-194
-374
-394
-314
-334
-484
-584
-684
-784
-884
-984
392
-393
-398
-399
-182
-192
-272
-282
-292
-372
-312
-332
-342
-492
-592
-692
-792
-892
-992
414
-411
-412
-413
-415
-416
-417
-418
-424
-434
-514
-524
-534
-614
-624
-634
-444
-454
-474
-494
-114
-714
-814
-914
449
-441
-442
-443
-445
-446
-447
-448
-459
-469
-549
-559
-569
-649
-659
-669
-429
-439
-479
-489
-499
-149
-349
379
-373
-378
-189
-199
-749
-849
-949
-579
-679
-779
-879
-979
467
-462
-463
-465
-466
-468
-457
-547
-557
-567
-647
-657
-667
-437
-477
-487
-497
-167
-767
-867
-967
493
-491
-495
-496
-498
-473
-483
-573
-583
-593
-673
-683
-693
-423
-433
-453
-193
-293
-793
-893
-993
529
-521
-522
-523
-525
-526
-528
-539
-629
-639
-589
-599
-729
-829
-929
585
-581
-582
-586
-587
-588
-485
-595
-685
-695
-515
-535
-545
-555
-565
-785
-885
-985
612
-611
-613
-615
-616
-617
-618
-422
-432
-512
-532
-622
-632
-642
-652
-662
-672
-682
-112
-712
-812
-912
644
-641
-643
-645
-646
-648
-544
-554
-654
-674
-694
-744
-844
-944
653
-651
-655
-543
-553
-563
-663
-623
-633
-153
-753
-853
-953
665
-666
-668
-455
-625
-635
-765
-865
-965
698
-691
-696
-697
-699
-478
-488
-578
-598
-678
-688
689
-681
-686
-687
-628
-638
-789
-889
-989
-198
188
-181
-183
-186
-187
-118
-128
-138
-788
-888
-988
-798
-898
-998
718
-711
-713
-715
-716
-717
-728
-738
-818
-828
-838
-918
-928
-938
-748
-768
-778
-318
338
-333
-335
-518
428
-421
-425
-426
435
-431
-436
-438
-538
-235
-735
-835
-935
723
-721
-722
-724
-725
-726
-733
-813
-823
-833
-913
-923
-933
-743
-763
-773
-783
-123
-223
741
-742
-745
-746
-747
-751
-841
-851
-941
-951
-731
-771
-781
-791
-541
757
-752
-754
-755
-759
-847
-857
-947
-957
795
-794
-796
-797
-799
-895
-995
-737
-777
-787
-157
782
-786
-772
-872
-882
-972
-982
-732
-762
-482
842
-843
-845
-846
-848
-852
-862
-942
-952
-962
-822
-832
-142
-242
-542
855
-854
-859
954
-955
-959
-945
-815
-825
-924
-934
-974
-994
159
-152
162
-163
-169
-122
-132
-562
896
-891
-894
-897
-899
-776
774
-874
-876
-886
-976
-986
-996
999
-991
-997
-734
-816
-826
-836
-866
-939
-969
-574
594
-591
-596
-597
-196
-296
932
-931
-936
-937
-922
222
-221
-225
-226
-232
315
-313
245
-243
-247
-345
343
-143
147
-197
191
-271
-281
-291
297
-277
-287
-111
-121
-131
231
-233
-236
-915
925
-921
-926
-531
-631
-831
-943
113
-116
-133
-513
533
-536
-537
-124
126
134
-136
824
-821
-834
621
-626
-511
-671
273
-276
-283
286
-873
-973
-486
481
-471
-571
-451
452
551
-552
-472
476
572
-576
-577
-676
677
517
-516
636
-637
916
-911
-917
811
-817
-736
739
837
-839
766
-769
-946
948
-966
-868
-968
963
-863
869
-871
-881
883
-887
-983
-877
878
-978
546
-548
-566
568
971
-977
-981
987
