136
-131
-132
-133
-134
-135
-137
-138
-139
-116
-126
-216
-226
-236
-316
-326
-336
-146
-156
-166
-176
-186
-196
-436
-536
-636
-736
-836
-936
183
-181
-182
-184
-185
-187
-188
-189
-173
-193
-273
-283
-293
-373
-383
-393
-113
-123
-143
-153
-163
-483
-583
-683
-783
-883
-983
197
-191
-192
-194
-195
-198
-199
-177
-277
-287
-297
-377
-387
-397
-117
-127
-147
-157
-167
-497
-597
-697
-797
-897
-997
229
-221
-222
-223
-224
-225
-227
-228
-119
-129
-219
-239
-319
-329
-339
-249
-259
-269
-279
-289
-299
-429
-529
-629
-729
-829
-929
233
-231
-232
-234
-235
-237
-238
-213
-313
-323
-333
-243
-253
-263
-433
-533
-633
-733
-833
-933
247
-241
-242
-244
-245
-246
-248
-257
-267
-347
-357
-367
-217
-447
-547
-647
-747
-847
-947
282
-281
-284
-285
-286
-288
-172
-272
-292
-372
-382
-392
-212
-252
-262
-482
-582
-682
-782
-882
-982
291
-294
-295
-296
-298
-171
-271
-371
-381
-391
-211
-251
-261
-491
-591
-691
-791
-891
-991
312
-311
-314
-315
-317
-318
-112
-122
-322
-332
-342
-352
-362
-412
-512
-612
-712
-812
-912
325
-321
-324
-327
-328
-115
-125
-215
-335
337
-331
-334
-338
-345
-355
-365
-375
-385
-395
-425
-525
-625
-725
-825
-925
-437
-537
-637
-737
-837
-937
341
-343
-344
-346
-348
-349
-141
-151
-161
-351
-361
-441
-541
-641
-741
-841
-941
353
-354
-356
-358
-359
-363
-453
-553
-653
-753
-853
-953
368
-364
-366
-369
-148
-158
-168
-258
-268
-378
-388
-398
-468
-568
-668
-768
-868
-968
374
-376
-379
-174
-274
-384
-394
-474
-574
-674
-774
-874
-974
386
-389
-276
-396
399
-179
-486
-586
-686
-786
-886
-986
-499
-599
-699
-799
-899
-999
413
-411
-414
-415
-416
-417
-418
-419
-423
-513
-523
-613
-623
-443
-463
-473
-493
-713
-813
-913
439
-431
-432
-434
-435
-438
-519
-539
-619
-639
-449
-459
-469
-479
-489
-739
-839
-939
477
-471
-472
-475
-476
-478
-487
-577
-587
-677
-687
-427
-457
-467
-777
-877
-977
485
-481
-484
-488
-495
-575
-585
-595
-675
-685
-695
-445
-455
-465
-785
-885
-985
494
-492
-496
-498
-584
-594
-684
-694
-424
-444
-454
-464
-794
-894
-994
538
-531
-532
-534
-535
-428
-518
-528
-618
-628
-638
-548
-558
-578
-588
-598
-738
-838
-938
549
-542
-543
-544
-545
-546
-559
-569
-649
-659
-669
-579
-589
581
-571
-671
-681
-511
-521
-551
-561
-149
-749
-849
-949
-781
-881
-981
565
-562
-563
-564
-566
-567
-555
-645
-655
-665
-515
-165
-265
-765
-865
-965
572
-573
-576
-592
-672
-692
-522
-552
593
-596
-673
-693
-772
-872
-972
-793
-893
-993
615
-611
-614
-616
-617
-635
-715
-815
-915
631
-632
-634
-421
-621
-651
-661
-731
-831
-931
679
-676
-678
696
-698
688
-689
-626
-646
-656
-666
-648
-658
-779
-879
-979
-788
-888
-988
-796
-896
-996
723
-721
-722
-724
-726
-727
-728
-823
-923
-743
-763
-773
735
-732
-734
-835
-935
-745
-755
-775
-795
742
-744
-746
-748
-752
-762
-842
-852
-862
-942
-952
-962
-792
798
-778
-878
-898
-978
-998
-718
-758
-142
-442
-642
754
-751
-756
-757
-759
-764
-844
-854
-864
-944
-954
-964
-714
-784
-154
-254
-554
-654
767
-761
-766
-769
-857
-867
-957
-967
-717
-787
789
-889
-989
-719
-667
817
-811
-814
-816
-818
-819
-827
-917
-927
919
-911
-914
-916
-918
-887
884
-984
987
-824
-834
832
-822
-922
-932
934
-924
-892
895
992
-995
-875
-975
-845
-855
-959
-969
-517
828
-821
-826
-928
-848
-858
-128
973
-971
-976
-873
-943
-963
111
-114
-118
-121
124
-214
218
-144
145
-155
-255
256
-266
264
-164
-175
178
275
-278
-711
716
921
-926
771
-776
-871
876
-846
843
-863
-856
-866
-951
-961
966
-946
-956
514
-516
-524
-624
-643
644
663
-662
-664
-945
948
955
-958
446
-448
-456
-466
-556
557
-657
652
-452
-462
461
-451
458
422
-426
-622
627
526
-527
851
-859
-861
869
-152
159
162
-169
