131
-132
-133
-134
-135
-136
-137
-138
-139
-111
-121
-211
-221
-231
-311
-321
-331
-141
-151
-161
-171
-181
-191
-431
-531
-631
-731
-831
-931
156
-152
-153
-154
-155
-157
-158
-159
-146
-166
-246
-256
-266
-346
-356
-366
-116
-126
-176
-186
-196
-456
-556
-656
-756
-856
-956
164
-162
-163
-165
-167
-168
-169
-144
-244
-254
-264
-344
-354
-364
-114
-124
-174
-184
-194
-464
-564
-664
-764
-864
-964
188
-182
-183
-185
-187
-189
-178
-198
-278
-288
-298
-378
-388
-398
-118
-128
-148
-488
-588
-688
-788
-888
-988
259
-251
-252
-253
-255
-257
-258
-149
-249
-269
-349
-359
-369
-219
-229
-239
-279
-289
-299
-459
-559
-659
-759
-859
-959
318
-312
-313
-314
-315
-316
-317
-319
-218
-228
-238
-328
-338
-348
-358
-368
-418
-518
-618
-718
-818
-918
326
-322
-323
-324
-325
-327
-329
-216
-226
-236
-336
-376
-386
-396
-426
-526
-626
-726
-826
-926
377
-371
-372
-373
-374
-375
-379
-177
-197
-277
-287
-297
-387
-397
-337
-347
-357
-367
-477
-577
-677
-777
-877
-977
413
-411
-412
-414
-415
-416
-417
-419
-423
-433
-513
-523
-533
-613
-623
-633
-443
-453
-463
-473
-483
-493
-113
-213
-713
-813
-913
429
-421
-422
-424
-425
-427
-428
-439
-519
-529
-539
-619
-629
-639
-449
-469
-479
-489
-499
-129
-729
-829
-929
467
-461
-462
-465
-466
-468
-447
-457
-547
-557
-567
-647
-657
-667
-437
-487
-497
-267
-767
-867
-967
511
-512
-514
-515
-516
-517
-521
-611
-621
-541
-551
-561
-571
-581
-591
-711
-811
-911
527
-522
-524
-525
-528
-537
-617
-627
-637
-587
-597
-127
-227
-727
-827
-927
552
-553
-554
-555
-558
-442
-452
-542
-562
-642
-652
-662
-532
-572
-582
-592
-352
-752
-852
-952
586
-583
-584
-585
-589
-476
-486
-496
-576
-596
-676
-686
-696
-536
-546
-566
-286
-786
-886
-986
595
-593
-594
-598
-599
-475
-485
-495
-575
-675
-685
-695
-535
-545
-565
-195
-295
-395
-795
-895
-995
643
-641
-644
-645
-646
-648
-649
-543
-563
-653
-663
573
-574
-578
-579
-673
-683
-693
-143
-243
-343
-743
-843
-943
-173
-273
-773
-873
-973
694
-691
-692
-697
-698
-699
-474
-484
-494
-674
-684
687
-681
-682
-689
679
-671
-672
-678
-614
-624
-634
-654
-669
-179
-779
-879
-979
-787
-887
-987
-294
-394
-794
-894
-994
733
-732
-734
-735
-736
-737
-738
-739
-723
-823
-833
-923
-933
-753
-763
-783
-793
-233
-333
781
-782
-784
-785
-789
-771
-791
-871
-881
-891
-971
-981
-991
-721
-741
-751
-761
-281
-381
-481
482
-472
-492
-432
-282
-382
-882
-982
792
-796
-797
-798
-799
-772
-872
-892
-972
-992
-712
-722
-742
-762
-192
-292
-392
857
-851
-853
-854
-855
-858
-747
-757
-847
-947
-957
717
-714
-715
-716
-719
-817
-837
-917
-937
-897
997
-993
-996
-998
-999
-117
147
-142
-145
-247
-217
237
-232
-234
-235
928
-921
-922
-924
-925
821
-822
-824
-825
-828
-728
-838
-938
-841
-861
-948
-958
-968
-978
-628
942
-941
-944
-945
-946
-949
-842
-862
-962
-912
-932
-242
-342
953
-951
-954
-955
961
-963
-965
-966
-969
-863
-983
-353
-261
-361
-661
651
-655
-658
-441
-451
-351
355
-245
-265
-345
341
-241
248
-365
-268
-391
-335
-385
-448
-548
-748
-848
-455
-755
975
-974
-976
-775
-875
-885
-985
-915
-935
-175
172
-272
-112
-122
-275
285
-283
-284
-215
-225
115
-119
-125
123
-223
339
-332
-334
-193
199
-389
-399
393
-293
-383
384
-274
263
-262
362
-363
-615
-815
-839
-939
883
-884
-889
-893
-984
989
-899
-919
819
-812
-814
-816
832
-834
-835
-836
725
-724
-745
-765
-849
-869
224
-222
212
-214
-612
616
-436
-636
446
-444
-445
665
-666
-668
435
-434
-438
534
-538
-625
622
-632
-635
638
454
-458
-544
549
568
-569
914
-916
-934
936
845
-844
-846
-865
874
-876
-878
-774
744
-746
-749
-754
758
-768
-868
866
-766
769
776
-778
-896
898
-276
271
-291
296
-471
478
491
-498
