121
-122
-123
-124
-125
-126
-127
-128
-129
-111
-131
-211
-221
-231
-311
-321
-331
-141
-151
-161
-171
-181
-191
-421
-521
-621
-721
-821
-921
147
-142
-143
-144
-145
-146
-148
-149
-157
-167
-247
-257
-267
-347
-357
-367
-117
-137
-177
-187
-197
-447
-547
-647
-747
-847
-947
189
-182
-183
-184
-185
-186
-188
-179
-199
-279
-289
-299
-379
-389
-399
-119
-139
-159
-169
-489
-589
-689
-789
-889
-989
195
-192
-193
-194
-196
-198
-175
-275
-285
-295
-375
-385
-395
-115
-135
-155
-165
-495
-595
-695
-795
-895
-995
236
-232
-233
-234
-235
-237
-238
-239
-116
-136
-216
-226
-316
-326
-336
-246
-256
-266
-276
-286
-296
-436
-536
-636
-736
-836
-936
272
-271
-273
-274
-277
-278
-172
-282
-292
-372
-382
-392
-212
-222
-242
-252
-262
-472
-572
-672
-772
-872
-972
383
-381
-384
-386
-387
-388
-173
-283
-293
-373
-393
-313
-323
-333
-343
-353
-363
-483
-583
-683
-783
-883
-983
396
-391
-394
-397
-398
-176
-376
-346
-356
-366
-496
-596
-696
-796
-896
-996
463
-461
-462
-464
-465
-466
-467
-468
-469
-443
-453
-543
-553
-563
-643
-653
-663
-413
-423
-433
-473
-493
-163
-263
-763
-863
-963
479
-471
-474
-475
-476
-477
-478
-499
-579
-599
-679
-699
-419
-429
-439
-449
-459
-779
-879
-979
494
-491
-492
-497
-498
-484
-574
-584
-594
-674
-684
-694
-414
-424
-434
-444
-454
-294
-794
-894
-994
518
-511
-512
-513
-514
-515
-516
-517
-519
-418
-428
-438
-528
-538
-618
-628
-638
-548
-558
-568
-578
-588
-598
-118
-218
-318
-718
-818
-918
557
-551
-552
-554
-555
-556
-559
-457
-567
-657
-667
-527
-537
-577
-587
-597
-757
-857
-957
591
-592
-593
-481
-571
-581
-671
-681
-691
-531
-541
-561
-291
-791
-891
-991
611
-612
-613
-614
-615
-616
-617
-619
-411
-431
-631
-641
-651
-661
-711
-811
-911
634
-632
-633
-635
-637
-639
-524
-534
-624
-644
-654
-664
-134
-334
-734
-834
-934
642
-645
-646
-648
-649
-442
-452
-542
-562
-652
-662
-622
-682
-692
-342
-742
-842
-942
717
-712
-713
-714
-715
-716
-719
-727
-737
-817
-827
-837
-917
-927
-937
-767
-777
-787
-797
-217
-317
-417
726
-722
-723
-724
-725
-728
-729
-816
-826
-916
-926
-746
-756
-766
-776
-786
416
-412
-415
-426
-526
-626
-446
-456
-486
831
-832
-833
-835
-838
-839
-731
-931
-841
-851
-861
-871
-881
878
-873
-874
-875
-876
-877
-778
-788
-798
-888
-898
-978
-988
-998
-828
-848
-858
-868
-178
174
-284
-374
-114
-154
-164
-774
-974
-378
-678
914
-912
-913
-915
-919
-814
-824
-924
-944
-954
-964
-984
-214
-314
929
-922
-923
-925
-928
-739
-819
-829
-939
-949
-959
-969
-999
-229
-329
-529
-629
539
-532
-533
-535
-549
-569
-339
961
-962
-965
-966
-967
-968
-741
-751
-761
-941
-951
867
-862
-864
-865
-866
-869
-887
-897
-971
-981
-261
-361
985
-982
-986
-987
-775
-785
-885
-975
-935
-945
-955
-485
-585
-685
112
-113
-132
-312
-322
-332
-152
-162
-812
133
-138
-213
-223
-153
813
-815
-733
-823
-933
-843
-853
-893
156
-158
-166
168
-248
-258
-268
-348
-358
-368
-656
-856
-956
-668
-768
-215
219
-319
315
-225
-325
-335
-249
-259
-269
-345
-355
-365
224
-227
-228
-324
-244
-254
-264
265
-245
-255
328
-327
337
-338
-377
371
-281
-341
-351
-437
-565
-665
-765
-771
773
781
-782
-784
-793
-973
-993
884
-882
-886
976
-977
997
-992
-743
-753
-844
-854
846
-845
-849
-946
-546
-573
523
-522
-525
-623
582
-586
-482
-673
693
-697
-698
-576
575
-675
-545
544
-564
566
-666
669
-659
-344
349
-359
-369
-744
-749
-769
-676
677
686
-687
-688
-487
488
427
-422
-425
432
-435
625
-627
-448
-458
658
-655
822
-825
-732
-932
938
735
-738
-745
748
-758
-948
943
-953
-958
952
-752
-762
764
-852
-754
792
-799
-892
899
-755
759
855
-859
-243
241
-251
253
-441
445
451
-455
-352
354
362
-364
287
-288
-297
298
