149
-141
-142
-143
-144
-145
-146
-147
-148
-159
-169
-249
-259
-269
-349
-359
-369
-119
-129
-139
-179
-189
-199
-449
-549
-649
-749
-849
-949
156
-151
-152
-153
-154
-155
-157
-158
-166
-246
-256
-266
-346
-356
-366
-116
-126
-136
-176
-186
-196
-456
-556
-656
-756
-856
-956
168
-161
-162
-163
-164
-165
-167
-248
-258
-268
-348
-358
-368
-118
-128
-138
-178
-188
-198
-468
-568
-668
-768
-868
-968
171
-172
-173
-174
-175
-177
-181
-191
-271
-281
-291
-371
-381
-391
-111
-121
-131
-471
-571
-671
-771
-871
-971
185
-182
-183
-184
-187
-195
-275
-285
-295
-375
-385
-395
-115
-125
-135
-485
-585
-685
-785
-885
-985
229
-221
-222
-223
-224
-225
-226
-227
-228
-219
-239
-319
-329
-339
-279
-289
-299
-429
-529
-629
-729
-829
-929
252
-251
-253
-254
-255
-257
-242
-262
-342
-352
-362
-212
-232
-272
-282
-292
-452
-552
-652
-752
-852
-952
274
-273
-276
-277
-278
-194
-284
-294
-374
-384
-394
-214
-234
-244
-264
-474
-574
-674
-774
-874
-974
379
-372
-373
-376
-377
-378
-389
-399
-479
-579
-679
-779
-879
-979
424
-421
-422
-423
-425
-426
-427
-428
-414
-434
-514
-524
-534
-614
-624
-634
-444
-454
-464
-484
-494
-124
-324
-724
-824
-924
445
-441
-442
-443
-446
-447
-448
-455
-465
-545
-555
-565
-645
-655
-665
-415
-435
-475
-495
-245
-345
-745
-845
-945
498
-491
-492
-493
-496
-497
-499
-478
-488
-578
-588
-598
-678
-688
-698
-418
-438
-458
-298
-398
-798
-898
-998
528
-521
-522
-523
-525
-526
-527
-518
-538
-618
-628
-638
-548
-558
-328
-728
-828
-928
587
-581
-582
-583
-584
-586
-589
-477
-487
-577
-597
-677
-687
-697
-517
-537
-547
-557
-567
-287
-387
-787
-887
-987
612
-611
-613
-615
-616
-617
-619
-412
-432
-512
-532
-622
-632
-642
-662
-672
-682
-692
-112
-312
-712
-812
-912
663
-661
-664
-666
-667
-669
-453
-463
-543
-553
-563
-643
-653
-623
-633
-673
-683
-693
-263
-363
-763
-863
-963
684
-681
-686
-689
-594
-694
-644
-654
-784
-884
-984
739
-731
-732
-733
-734
-735
-736
-737
-738
-719
-819
-839
-919
-939
-759
-769
-789
-799
-439
-539
-639
834
-831
-832
-833
-835
-836
-837
-838
-714
-814
-914
-934
-844
-854
-864
-894
-134
114
-113
-117
-314
-334
859
-851
-853
-855
-857
-858
-869
-959
-969
-889
-899
-459
-559
-659
699
-691
-695
-696
-489
-599
989
-981
-982
-983
-986
-988
-999
883
-881
-882
-886
-888
-773
-783
-793
-873
-893
-973
-993
-813
-823
-843
-283
-383
-483
925
-921
-922
-923
-926
-927
-715
-725
-815
-825
-915
-935
-955
-965
-975
-995
-325
-625
936
-931
-932
-933
-937
-938
-716
-726
-816
-826
-916
-946
-966
-976
-996
-236
-336
-436
-536
-636
943
-941
-942
-944
-947
-948
-743
-753
-953
-913
-243
-343
353
-351
-354
-355
-357
-313
-323
-333
-393
755
-751
-754
-757
-758
-765
-865
-775
-795
954
-951
-957
-958
-744
-764
-964
794
-791
-792
-796
-797
-994
-554
551
-451
457
-461
-541
-561
-641
-651
-467
-647
-657
658
-648
646
-466
-546
-566
-417
-437
-511
-531
-591
481
-482
-486
-411
-431
433
-413
-513
-533
535
-515
-635
-473
-575
-595
675
-676
-626
326
-321
-322
-327
-216
-316
-386
-396
-133
-233
-235
-335
-746
-846
573
-572
-576
-593
-875
895
-891
-892
-896
-897
-781
991
-992
-997
-911
-961
967
-962
-747
-767
-847
-867
972
-977
-978
-772
-782
-872
-917
918
-718
-818
-218
-318
-267
-367
-472
476
592
-596
462
-469
-542
544
-562
-564
569
-416
419
516
-519
-344
364
-361
-365
265
-261
-215
315
-311
-317
-762
-862
-776
-876
786
-788
-766
761
-741
-841
-861
866
-711
-721
382
-388
-192
-392
397
-197
193
-293
-297
296
-286
288
-123
213
-211
-217
-238
338
-331
-332
-337
231
-237
-241
247
341
-347
811
-817
-821
-713
717
723
-722
-727
822
-827
742
-748
-842
848
-777
778
877
-878
621
-627
-631
637
-122
127
132
-137
