136
-131
-132
-133
-134
-135
-137
-138
-139
-116
-126
-216
-226
-236
-316
-326
-336
-146
-156
-166
-176
-186
-196
-436
-536
-636
-736
-836
-936
161
-162
-163
-164
-165
-167
-168
-169
-141
-151
-241
-251
-261
-341
-351
-361
-111
-121
-171
-181
-191
-461
-561
-661
-761
-861
-961
179
-172
-173
-174
-175
-177
-178
-189
-199
-279
-289
-299
-379
-389
-399
-119
-129
-149
-159
-479
-579
-679
-779
-879
-979
198
-192
-193
-194
-195
-197
-188
-278
-288
-298
-378
-388
-398
-118
-128
-148
-158
-498
-598
-698
-798
-898
-998
253
-252
-254
-255
-256
-257
-258
-259
-143
-153
-243
-263
-343
-353
-363
-213
-223
-233
-273
-283
-293
-453
-553
-653
-753
-853
-953
264
-262
-265
-266
-267
-268
-269
-144
-154
-244
-344
-354
-364
-214
-224
-234
-274
-284
-294
-464
-564
-664
-764
-864
-964
277
-271
-272
-275
-276
-187
-287
-297
-377
-387
-397
-217
-227
-237
-247
-477
-577
-677
-777
-877
-977
394
-391
-392
-393
-395
-396
-184
-374
-384
-314
-324
-334
-494
-594
-694
-794
-894
-994
416
-411
-412
-413
-414
-415
-417
-418
-419
-426
-516
-526
-616
-626
-446
-456
-466
-476
-486
-496
-716
-816
-916
425
-421
-422
-423
-424
-427
-428
-429
-435
-515
-525
-535
-615
-625
-635
-445
-455
-465
-475
-485
-495
-125
-225
-325
-725
-825
-925
433
-431
-432
-434
-437
-438
-439
-513
-523
-533
-613
-623
-633
-443
-463
-473
-483
-493
-333
-733
-833
-933
524
-521
-522
-527
-528
-529
-514
-534
-614
-624
-634
-544
-554
-574
-584
-124
114
-112
-113
-115
-117
-714
-814
-914
-724
-824
-924
537
-531
-532
-538
-539
-517
-617
-627
-637
-547
-557
-567
-587
-597
-337
-737
-837
-937
572
-571
-573
-575
-576
-578
-472
-482
-492
-582
-592
-672
-682
-692
-512
-542
-552
-562
-372
-772
-872
-972
618
-611
-612
-619
-518
-628
-638
-648
-658
-668
-678
-688
-218
-318
-718
-818
-918
644
-641
-642
-643
-645
-646
-647
-649
-444
-454
-654
-674
-684
-744
-844
-944
756
-751
-752
-754
-755
-757
-758
-759
-746
-766
-846
-856
-866
-946
-956
-966
-726
-776
-786
-796
-356
-556
-656
768
-762
-763
-765
-767
-769
-748
-848
-858
-868
-948
-958
-968
-728
-738
-778
-788
-368
-468
-568
795
-791
-792
-793
-797
-799
-775
-785
-875
-885
-895
-975
-985
-995
-715
-735
-745
-295
-595
-695
819
-811
-812
-813
-815
-817
-719
-729
-739
-829
-839
-919
-929
-939
-849
-859
-869
-889
-899
-219
-319
-519
511
-621
-631
-541
-551
-581
-591
-211
-311
-711
-911
838
-831
-832
-834
-835
-828
-928
-938
-878
-888
-238
-338
863
-862
-865
-867
-743
-843
-943
-963
-823
-873
-883
-893
543
-545
-546
-548
-549
-563
-663
-583
-593
882
-881
-884
-886
-887
-782
-892
-982
-992
-822
-842
-852
-182
-282
-382
292
-291
-296
-212
215
-235
-315
-335
-222
-232
-242
-245
-285
-915
935
-931
-932
-934
734
-731
-732
-774
-784
-945
-955
-965
989
-981
-983
-984
-986
-987
-988
978
-971
-973
-974
-976
874
-871
-876
-789
-999
749
-741
-742
-747
-949
-959
-969
-854
954
-951
-952
-957
-249
-349
-449
-474
484
-481
-487
-488
-489
-478
471
-491
-671
-681
-691
588
-585
-586
-589
-441
-451
651
-652
-655
-657
-659
-558
-851
-371
-771
773
-783
-993
-713
-723
-373
-673
-689
693
-696
-697
-699
-683
-122
123
-127
-313
-323
-183
185
383
-381
-385
-386
281
-286
-375
376
-145
-155
-221
-231
239
-229
228
-328
-329
-339
246
-248
-346
-366
913
-912
-917
-923
629
-622
632
-639
-662
-669
331
-332
-321
675
-676
-685
-665
-781
787
-897
-997
721
-722
-727
-821
-921
712
-717
-922
-312
317
322
-327
-342
-352
-362
-347
-357
-367
686
-687
-596
599
497
-499
-447
-457
-467
667
-666
566
-565
-569
555
-559
-355
-855
857
845
-841
-847
941
-942
-947
962
-967
891
-896
-991
996
826
-827
-926
927
-345
348
365
-369
-358
359
147
-142
152
-157
442
-448
-452
-462
469
458
-459
