124
-121
-122
-123
-125
-126
-127
-128
-129
-114
-134
-214
-224
-234
-314
-324
-334
-144
-154
-164
-174
-184
-194
-424
-524
-624
-724
-824
-924
153
-151
-152
-155
-156
-157
-158
-159
-143
-163
-243
-253
-263
-343
-353
-363
-113
-133
-173
-183
-193
-453
-553
-653
-753
-853
-953
221
-222
-223
-225
-226
-227
-228
-229
-111
-131
-211
-231
-311
-321
-331
-241
-251
-261
-271
-281
-291
-421
-521
-621
-721
-821
-921
266
-262
-264
-265
-267
-268
-269
-146
-166
-246
-256
-346
-356
-366
-216
-236
-276
-286
-296
-466
-566
-666
-766
-866
-966
279
-272
-273
-274
-275
-277
-278
-179
-189
-199
-289
-299
-379
-389
-399
-219
-239
-249
-259
-479
-579
-679
-779
-879
-979
297
-292
-293
-294
-295
-298
-177
-187
-197
-287
-377
-387
-397
-217
-237
-247
-257
-497
-597
-697
-797
-897
-997
337
-332
-333
-335
-336
-338
-339
-117
-137
-317
-327
-347
-357
-367
-437
-537
-637
-737
-837
-937
341
-342
-344
-345
-348
-349
-141
-161
-351
-361
-371
-381
-391
-441
-541
-641
-741
-841
-941
385
-382
-383
-384
-386
-388
-175
-185
-195
-285
-375
-395
-315
-325
-355
-365
-485
-585
-685
-785
-885
-985
423
-422
-425
-426
-427
-428
-429
-413
-433
-513
-523
-533
-613
-623
-633
-443
-463
-473
-483
-493
-323
-723
-823
-923
438
-431
-432
-434
-435
-436
-439
-418
-518
-528
-538
-618
-628
-638
-448
-458
-468
-478
-488
-498
-138
-238
-738
-838
-938
444
-442
-445
-446
-447
-449
-454
-464
-544
-554
-564
-644
-654
-664
-414
-474
-484
-494
-244
-744
-844
-944
496
-491
-492
-495
-499
-476
-486
-576
-586
-596
-676
-686
-696
-416
-456
-196
-396
-796
-896
-996
569
-561
-562
-563
-565
-567
-568
-459
-469
-549
-559
-649
-659
-669
-519
-529
-539
-589
-599
-169
-369
-769
-869
-969
611
-612
-614
-615
-616
-617
-619
-411
-511
-531
-631
-651
-661
-671
-681
-691
-711
-811
-911
662
-663
-665
-667
-668
-452
-462
-542
-552
-642
-652
-622
-632
-672
-682
-692
-162
-362
-762
-862
-962
677
-673
-674
-675
-678
-477
-487
-577
-587
-687
-627
-647
-657
-777
-877
-977
688
-683
-684
-689
-578
-588
-598
-698
-648
-658
-188
-288
-788
-888
-988
722
-725
-726
-727
-728
-729
-712
-732
-812
-822
-832
-912
-922
-932
-742
-752
-772
-782
-792
-322
-522
761
-763
-764
-765
-767
-768
-751
-851
-861
-951
-961
-731
-771
-781
-791
-461
778
-773
-774
-775
-776
-798
-878
-898
-978
-998
-718
-748
-758
-178
-378
817
-813
-814
-815
-816
-818
-819
-717
-827
-917
-927
-847
-857
-867
-887
-417
-517
527
-525
-526
-547
-557
834
-831
-833
-835
-836
-839
931
-933
-934
-935
-936
-939
-714
-734
-914
-854
-864
-874
-884
-894
-971
-981
-991
514
-512
-515
-516
-534
-634
-574
-584
-594
694
-693
-695
-699
489
-481
-482
-419
643
-645
-646
-543
-743
-843
-943
-789
-889
-989
-394
-794
-994
845
-842
-846
-848
-849
-745
-755
-855
-865
-945
-955
-965
-825
-875
-895
-145
-245
-545
883
-881
-882
-886
-783
-793
-873
-893
-973
-983
-993
-863
868
963
-964
-967
-968
-858
-948
-958
-828
-913
364
-368
-254
-354
284
-282
-283
-374
-168
974
-972
-975
-976
-784
-984
754
-756
-757
-759
-954
-583
952
-956
-957
-959
-852
-942
-982
-992
-252
-352
457
-451
-455
551
-555
-556
-558
-467
465
-655
656
-546
548
471
-472
-475
-571
-581
582
-591
-572
-592
412
-415
-532
536
-535
-626
-636
-112
-212
-312
-136
-736
-148
-248
242
-142
-232
132
-135
-139
-172
-182
-192
255
-258
-165
167
-147
149
358
-359
115
-116
-118
-119
-215
-235
233
-213
218
-313
-318
-328
198
-191
-398
713
-715
-716
-719
-733
-915
-918
928
-925
-926
-929
735
-739
-795
799
995
-999
-899
-749
625
-629
-635
639
-949
859
-856
-829
826
-916
919
-876
316
-319
-326
329
-376
-171
176
181
-186
-871
872
891
-892
-372
373
392
-393
-573
575
593
-595
987
-986
786
-787
-746
747
946
-947
