131
-132
-133
-134
-135
-136
-137
-138
-139
-111
-121
-211
-221
-231
-311
-321
-331
-141
-151
-161
-171
-181
-191
-431
-531
-631
-731
-831
-931
145
-142
-143
-144
-146
-147
-148
-149
-155
-165
-245
-255
-265
-345
-355
-365
-115
-125
-175
-185
-195
-445
-545
-645
-745
-845
-945
246
-241
-242
-243
-244
-247
-248
-249
-156
-166
-256
-266
-346
-356
-366
-216
-226
-236
-276
-286
-296
-446
-546
-646
-746
-846
-946
284
-281
-282
-283
-285
-287
-288
-289
-174
-184
-194
-274
-294
-374
-384
-394
-214
-224
-234
-254
-264
-484
-584
-684
-784
-884
-984
318
-312
-313
-314
-315
-316
-317
-319
-118
-128
-218
-228
-238
-328
-338
-348
-358
-368
-378
-388
-398
-418
-518
-618
-718
-818
-918
392
-391
-393
-395
-396
-397
-399
-172
-182
-192
-272
-292
-372
-382
-322
-332
-342
-352
-362
-492
-592
-692
-792
-892
-992
426
-421
-422
-423
-424
-425
-427
-428
-429
-416
-436
-516
-526
-536
-616
-626
-636
-456
-466
-476
-486
-496
-126
-326
-726
-826
-926
475
-471
-472
-473
-474
-477
-478
-479
-485
-495
-575
-585
-595
-675
-685
-695
-415
-435
-455
-465
-275
-375
-775
-875
-975
483
-481
-482
-487
-488
-489
-493
-573
-583
-593
-673
-683
-693
-413
-433
-443
-453
-463
-183
-383
-783
-883
-983
524
-521
-522
-523
-525
-527
-528
-529
-414
-434
-514
-534
-614
-624
-634
-544
-554
-564
-574
-594
-124
-324
-724
-824
-924
552
-551
-553
-555
-556
-557
-558
-559
-442
-452
-462
-542
-562
-642
-652
-662
-512
-532
-572
-582
-152
-252
-752
-852
-952
658
-651
-653
-654
-655
-656
-657
-659
-448
-458
-468
-548
-568
-648
-668
-628
-638
-678
-688
-698
-158
-258
-758
-858
-958
711
-712
-713
-714
-715
-716
-717
-719
-721
-811
-821
-911
-921
-741
-751
-761
-771
-781
-791
-411
-511
-611
621
-622
-623
-625
-627
-629
-641
-661
-671
-681
-691
759
-753
-754
-755
-756
-757
-749
-769
-849
-859
-869
-949
-959
-969
-729
-739
-779
-789
-799
-159
-259
-359
-459
847
-841
-842
-843
-844
-848
-747
-767
-857
-867
-947
-957
-967
-817
-827
-837
-877
-887
-897
-347
-447
-547
-647
876
-871
-872
-873
-874
-878
-879
-776
-786
-796
-886
-896
-976
-986
-996
-816
-836
-856
-866
956
-951
-953
-954
-955
-766
-966
736
-732
-733
-734
-735
-737
-738
-916
-936
116
-112
-113
-114
-117
-119
334
-333
-335
-336
-337
-339
-176
-186
-196
-344
-354
-364
-834
-934
855
-851
-853
-854
-765
-865
-965
-815
-825
-835
-885
-895
-376
386
-381
-385
-387
-389
295
-291
-293
-297
-298
-299
-215
-225
-235
325
-323
-327
-329
-725
-925
-576
-676
-586
-686
-795
785
-782
-787
-788
-985
-995
912
-913
-914
-915
-917
-919
-722
-812
-822
-832
-922
-932
814
-813
-819
935
-933
-937
-938
-939
-864
-894
-942
-962
-972
-982
-212
-412
432
-437
-438
-439
-612
-632
538
-533
-535
-537
-539
498
-491
-494
-497
-499
-578
-588
-598
-232
-635
-838
742
-743
-744
-748
-762
-862
-772
882
-881
-888
-889
948
-941
-943
-944
-768
-868
-968
-928
-978
-988
-998
672
-674
-677
-679
-682
694
-696
-697
-699
596
-591
-597
-599
-566
666
-663
-664
-665
-667
-669
565
-561
-563
-567
-569
-515
615
-613
-617
-619
-644
444
-441
-449
-454
-464
154
-153
-157
-164
188
-187
-189
-178
-198
-278
-168
268
-261
-262
-263
-267
-269
162
-163
-167
-169
-122
222
-223
-227
-229
778
-773
-774
-777
-798
-898
-728
828
-823
-829
974
-971
-973
-977
-979
-794
-994
764
-763
-964
123
-127
-129
-213
-233
-173
-193
513
-517
-519
-633
-543
643
-649
-723
727
-927
793
-797
-893
-993
-923
929
833
-839
-863
861
-961
963
-891
899
-989
-999
-343
-361
-461
451
-457
-541
549
467
-469
-417
419
637
-639
-579
-589
689
-687
217
-219
-237
239
-257
-277
-279
341
-349
-251
253
-351
-353
357
-363
-367
369
271
-273
-371
373
-377
-379
-571
577
581
-587
-177
179
197
-199
-981
987
991
-997
