136
-131
-132
-133
-134
-135
-137
-138
-139
-116
-126
-216
-226
-236
-316
-326
-336
-146
-156
-166
-176
-186
-196
-436
-536
-636
-736
-836
-936
167
-161
-162
-163
-164
-165
-168
-169
-147
-157
-247
-257
-267
-347
-357
-367
-117
-127
-177
-187
-197
-467
-567
-667
-767
-867
-967
189
-181
-182
-183
-184
-185
-188
-179
-199
-279
-289
-299
-379
-389
-399
-119
-129
-149
-159
-489
-589
-689
-789
-889
-989
227
-221
-222
-223
-224
-225
-228
-229
-217
-237
-317
-327
-337
-277
-287
-297
-427
-527
-627
-727
-827
-927
233
-231
-232
-234
-235
-238
-239
-113
-123
-213
-313
-323
-333
-243
-253
-263
-273
-283
-293
-433
-533
-633
-733
-833
-933
249
-241
-242
-244
-245
-246
-248
-259
-269
-349
-359
-369
-219
-449
-549
-649
-749
-849
-949
298
-291
-292
-294
-295
-296
-178
-198
-278
-288
-378
-388
-398
-218
-258
-268
-498
-598
-698
-798
-898
-998
348
-341
-342
-343
-344
-345
-346
-148
-158
-358
-368
-318
-328
-338
-448
-548
-648
-748
-848
-948
381
-382
-383
-384
-385
-386
-387
-171
-191
-271
-281
-371
-391
-311
-321
-331
-351
-361
-481
-581
-681
-781
-881
-981
425
-421
-422
-423
-424
-426
-428
-429
-415
-435
-515
-525
-535
-615
-625
-635
-445
-455
-465
-475
-485
-495
-125
-325
-725
-825
-925
459
-451
-452
-453
-454
-456
-457
-458
-469
-559
-569
-659
-669
-419
-439
-479
-499
-759
-859
-959
484
-482
-483
-486
-487
-488
-474
-494
-574
-584
-594
-674
-684
-694
-414
-434
-444
-464
-284
-784
-884
-984
497
-491
-492
-493
-496
-477
-577
-587
-597
-677
-687
-697
-417
-437
-447
-397
377
-372
-373
-374
-375
-376
-777
-877
-977
-797
-897
-997
514
-511
-512
-513
-516
-517
-518
-519
-524
-534
-614
-624
-634
-544
-554
-564
-114
-214
-314
-714
-814
-914
522
-521
-523
-526
-528
-529
-412
-432
-532
-612
-622
-632
-542
-552
-562
-572
-582
-592
-122
-322
-722
-822
-922
695
-691
-692
-693
-696
-699
-575
-585
-595
-675
-685
-645
-655
-665
-195
-395
-795
-895
-995
715
-711
-712
-713
-716
-717
-718
-719
-735
-815
-835
-915
-935
-745
-755
-765
-775
-785
-115
-215
-315
335
-332
-334
-339
-355
-365
723
-721
-724
-726
-728
-729
-813
-823
-913
-923
-743
-753
-763
-773
-783
-793
-623
738
-731
-732
-734
-737
-739
-818
-828
-838
-918
-928
-938
-758
-768
-778
-788
-438
431
-411
-531
-611
-621
-631
-441
-461
-471
-831
-931
-538
-638
779
-771
-772
-774
-776
-799
-879
-899
-979
-999
-769
-579
-679
599
-591
-593
-596
-539
537
-617
-637
639
-619
-629
-547
-557
-837
-937
-839
-939
819
-811
-812
-816
-817
917
-911
-912
-916
-919
-829
-929
-869
969
-961
-962
-963
-964
-965
-966
-968
-947
-957
-987
-319
312
-112
-212
211
-111
118
-121
-128
124
-324
329
-144
-154
-174
-194
-251
-261
-352
-362
-392
-418
-618
628
-626
-658
-668
-678
-688
-824
-924
844
-841
-842
-843
-845
-846
-847
-744
-754
-764
-854
-864
-944
-954
794
-791
-792
-796
-874
-894
-974
-994
-834
832
-932
934
-852
-862
-872
-882
-892
-644
274
-272
-275
-276
-394
-254
-264
855
-851
-853
-856
-857
-858
-865
-945
-955
-875
-885
887
-883
-886
-888
-787
-155
-255
-555
896
-891
-893
-786
782
-972
-982
-992
-876
-976
-986
-996
-742
-752
-762
-826
821
-921
926
-861
-871
-866
-946
-956
-282
-682
991
-993
-971
-941
-951
192
-193
-172
-142
-152
393
-396
-173
175
-285
286
-145
265
-262
-266
252
-256
-353
-363
545
-541
-543
-546
-565
-652
-952
942
-943
-442
-642
-975
985
-983
-988
-586
-686
683
-473
-573
-583
588
-673
-478
-578
468
-462
-463
-466
662
-661
-663
-664
-666
654
-651
-653
-656
-657
647
-641
-643
-646
-558
-568
472
-476
-672
671
-676
-571
576
-556
-566
446
-443
413
-416
-613
616
143
-141
151
-153
741
-746
-747
-751
-761
766
-756
757
-551
553
561
-563
-953
958
863
-868
-873
878
973
-978
-354
356
364
-366
