122
-121
-123
-124
-125
-126
-127
-128
-129
-112
-132
-212
-222
-232
-312
-322
-332
-142
-152
-162
-172
-182
-192
-422
-522
-622
-722
-822
-922
184
-181
-183
-185
-186
-187
-188
-189
-174
-194
-274
-284
-294
-374
-384
-394
-114
-134
-144
-154
-164
-484
-584
-684
-784
-884
-984
197
-191
-193
-195
-196
-198
-199
-177
-277
-287
-297
-377
-387
-397
-117
-137
-147
-157
-167
-497
-597
-697
-797
-897
-997
291
-292
-293
-295
-296
-298
-299
-171
-271
-281
-371
-381
-391
-211
-221
-231
-241
-251
-261
-491
-591
-691
-791
-891
-991
324
-321
-323
-325
-326
-327
-328
-329
-214
-224
-234
-314
-334
-344
-354
-364
-424
-524
-624
-724
-824
-924
343
-341
-342
-345
-346
-347
-348
-349
-143
-153
-163
-243
-253
-263
-353
-363
-313
-333
-373
-383
-393
-443
-543
-643
-743
-843
-943
357
-351
-352
-355
-356
-358
-359
-247
-257
-267
-367
-317
-337
-457
-557
-657
-757
-857
-957
474
-471
-472
-473
-475
-476
-477
-478
-479
-494
-574
-594
-674
-694
-414
-434
-444
-454
-464
-774
-874
-974
485
-481
-482
-483
-486
-487
-488
-489
-495
-575
-585
-595
-675
-685
-695
-415
-425
-435
-445
-455
-465
-285
-385
-785
-885
-985
517
-511
-512
-513
-514
-515
-516
-518
-519
-417
-427
-437
-527
-537
-617
-627
-637
-547
-567
-577
-587
-217
-717
-817
-917
565
-561
-562
-563
-564
-566
-568
-569
-545
-555
-645
-655
-665
-525
-535
-165
-265
-365
-765
-865
-965
633
-631
-632
-634
-635
-636
-638
-639
-413
-423
-433
-523
-533
-613
-623
-653
-663
-673
-683
-693
-133
-233
-733
-833
-933
652
-651
-654
-656
-658
-659
-442
-452
-462
-542
-552
-642
-662
-612
-672
-682
-692
-252
-752
-852
-952
688
-681
-686
-687
-689
677
-671
-676
-678
-679
-498
-578
-588
-598
-698
-647
-667
-618
-628
-648
-668
-777
-877
-977
-288
-388
-788
-888
-988
735
-731
-732
-734
-736
-737
-738
-739
-715
-725
-815
-825
-835
-915
-925
-935
-745
-755
-775
-795
-135
-235
-335
741
-742
-744
-746
-747
-748
-749
-751
-761
-841
-851
-861
-941
-951
-961
-711
-721
-771
-781
-141
-441
-541
-641
819
-811
-812
-813
-814
-816
-818
-719
-729
-829
-839
-919
-929
-939
-849
-859
-869
-879
-889
-899
-119
-219
-319
-419
-619
854
-853
-855
-856
-858
-754
-764
-844
-864
-944
-954
-964
-834
-894
-254
-554
863
-862
-866
-867
-868
-753
-763
-953
-963
-823
-873
-883
-893
-463
911
-912
-913
-914
-916
-918
-821
-831
-921
-931
-971
-981
-111
-311
-411
-611
948
-942
-945
-946
-947
-949
-758
-768
-848
-958
-968
-928
-938
-978
-998
-148
-248
-448
-548
967
-962
-966
-969
-767
-847
-927
-937
-987
447
-446
-449
-467
975
-972
-973
-976
-979
-875
-895
-995
845
-842
-846
762
-766
-769
-955
-712
-772
-782
-792
412
-416
-418
-432
-532
-492
242
-244
-245
-246
-249
-262
-362
264
-266
-268
-269
-272
-282
-145
-664
-175
-275
-375
395
-392
-396
-398
-399
-315
996
-992
-993
-994
-999
794
-793
-796
-798
-799
-776
-786
-876
-886
-896
-986
-714
934
-932
-936
832
-836
-837
-838
-872
-882
-892
898
982
-983
-989
-778
-878
871
-881
887
-787
727
-723
-726
-728
-827
718
-713
-716
923
-926
826
-828
756
-759
-956
959
614
-615
-616
-534
625
-621
-626
-629
544
-546
-549
-644
661
-666
-669
-451
-461
-551
-118
-218
-318
316
-116
-136
-216
-226
-236
-336
-366
-376
-386
-223
-225
-426
-526
-227
237
-238
-239
151
-155
-156
-158
-159
-161
-361
255
-256
-258
-259
-131
331
-338
-339
115
-113
213
-215
173
-176
-178
-179
-273
-283
-431
421
-428
-429
-521
-531
-456
-556
-459
-559
-571
581
-582
-583
-586
-589
-573
-773
779
783
-789
-279
-379
-579
-382
389
372
-378
278
-276
286
-289
-228
229
138
-139
-168
368
-369
528
-529
-438
-538
-558
553
-453
458
-468
493
-496
-499
-593
-572
576
592
-596
-599
-696
699
-536
539
436
-439
-466
469
646
-649
-146
149
166
-169
