147
-141
-142
-143
-144
-145
-146
-148
-149
-157
-167
-247
-257
-267
-347
-357
-367
-117
-127
-137
-177
-187
-197
-447
-547
-647
-747
-847
-947
154
-151
-152
-153
-155
-156
-158
-159
-164
-244
-254
-264
-344
-354
-364
-114
-124
-134
-174
-184
-194
-454
-554
-654
-754
-854
-954
172
-171
-173
-175
-176
-178
-179
-182
-192
-272
-282
-292
-372
-382
-392
-112
-122
-132
-162
-472
-572
-672
-772
-872
-972
219
-211
-212
-213
-214
-215
-216
-217
-218
-119
-129
-139
-229
-239
-319
-329
-339
-249
-259
-269
-279
-289
-299
-419
-519
-619
-719
-819
-919
231
-232
-233
-234
-235
-236
-237
-238
-111
-121
-131
-221
-311
-321
-331
-241
-251
-261
-271
-281
-291
-431
-531
-631
-731
-831
-931
446
-441
-442
-443
-444
-445
-448
-449
-456
-466
-546
-556
-566
-646
-656
-666
-416
-426
-436
-476
-486
-496
-246
-346
-746
-846
-946
481
-482
-483
-484
-485
-487
-488
-489
-471
-491
-571
-581
-591
-671
-681
-691
-411
-421
-451
-461
-181
-381
-781
-881
-981
498
-492
-493
-494
-495
-497
-499
-478
-578
-588
-598
-678
-688
-698
-418
-428
-438
-458
-468
-198
-298
-398
-798
-898
-998
522
-521
-523
-524
-525
-526
-527
-528
-529
-412
-422
-432
-512
-532
-612
-622
-632
-542
-552
-562
-582
-592
-222
-322
-722
-822
-922
553
-551
-555
-557
-558
-559
-453
-463
-543
-563
-643
-653
-663
-513
-533
-573
-583
-593
-253
-353
-753
-853
-953
689
-682
-683
-684
-685
-686
-687
692
-693
-694
-695
-696
-697
-699
-479
-579
-589
-599
-679
-642
-652
-662
-629
-639
-649
-659
-669
-189
-389
-789
-889
-989
-792
-892
-992
724
-721
-723
-725
-726
-727
-728
-729
-714
-734
-814
-824
-834
-914
-924
-934
-744
-764
-774
-784
-794
-224
-324
-424
-624
755
-751
-752
-756
-757
-758
-759
-745
-765
-845
-855
-865
-945
-955
-965
-715
-735
-775
-785
-795
-255
-355
-455
-655
777
-771
-773
-776
-778
-779
-787
-797
-877
-887
-897
-977
-987
-997
-717
-737
-767
-277
-377
-477
-577
-677
818
-811
-812
-813
-815
-816
-817
-718
-738
-828
-838
-918
-928
-938
-848
-858
-868
-878
-888
-118
-318
-518
-618
861
-862
-863
-864
-866
-867
-869
-741
-761
-841
-851
-941
-951
-961
-821
-871
-891
-161
191
-193
-195
-196
-199
-371
-391
169
-163
-165
-166
-168
-349
-359
-369
-361
-561
-661
-469
-569
-769
-969
971
-973
-974
-975
-976
-978
-979
-791
-991
711
-712
-713
-716
-911
-921
-511
541
-544
-545
-548
-549
-641
-651
459
-452
-457
462
-464
-465
-467
-429
-439
539
-534
-535
-536
-537
-538
568
-564
-565
-567
-648
-658
657
-667
-668
-617
-627
-637
-611
621
-623
-625
-626
-628
638
-633
-634
-635
-636
-138
-338
-739
-839
-939
-341
351
-352
-356
-358
-857
-957
967
-962
-963
-964
-966
-968
-917
-927
-937
-859
-959
-262
-362
-762
664
-665
-644
645
-614
-674
-615
-675
-245
-345
-268
-368
-768
943
-942
-944
-948
-949
-743
-763
766
-843
844
-842
-849
-856
852
-742
-952
-956
958
-748
749
-736
-786
-796
788
-782
-783
-988
732
-733
-832
-912
-932
793
-799
-873
-883
-893
-983
-993
-882
982
-984
-985
-986
-874
-884
-894
994
-995
-996
-999
-913
-923
-933
929
-925
-926
-829
312
-313
-314
-315
-316
-317
-332
334
-333
-335
-336
-337
-342
-374
-384
-394
-434
242
-243
-248
-252
-343
348
-258
256
-266
-366
-226
-276
-286
-296
-328
-378
-388
278
-273
-274
-275
-188
-288
128
-123
-125
-126
-228
-293
-393
-294
284
-283
-285
-287
-584
-594
113
-115
-116
-133
-223
-323
-183
263
-265
-363
365
-325
-375
-385
-395
-413
-613
616
-516
673
-676
-473
-916
915
-825
-835
-935
936
-826
-836
-415
-515
326
-327
-136
135
-225
227
-185
186
295
-297
-376
-386
-396
425
-423
-427
433
-435
-437
-475
474
-574
-414
417
514
-517
823
-827
-833
837
-373
379
383
-387
397
-399
-879
899
-895
-896
-586
-886
885
-875
876
575
-576
-585
587
-595
596
-597
