122
-121
-123
-124
-125
-126
-127
-128
-129
-112
-132
-212
-222
-232
-312
-322
-332
-142
-152
-162
-172
-182
-192
-422
-522
-622
-722
-822
-922
148
-141
-143
-144
-145
-146
-147
-149
-158
-168
-248
-258
-268
-348
-358
-368
-118
-138
-178
-188
-198
-448
-548
-648
-748
-848
-948
196
-191
-193
-194
-195
-197
-199
-176
-186
-276
-286
-296
-376
-386
-396
-116
-136
-156
-166
-496
-596
-696
-796
-896
-996
225
-221
-223
-224
-226
-227
-228
-229
-115
-135
-215
-235
-315
-325
-335
-245
-255
-265
-275
-285
-295
-425
-525
-625
-725
-825
-925
257
-251
-252
-253
-254
-256
-259
-157
-167
-247
-267
-347
-357
-367
-217
-237
-277
-287
-297
-457
-557
-657
-757
-857
-957
289
-281
-282
-283
-284
-288
-179
-189
-279
-299
-379
-389
-399
-219
-239
-249
-269
-489
-589
-689
-789
-889
-989
339
-331
-333
-334
-336
-337
-338
-119
-139
-319
-329
-349
-359
-369
-439
-539
-639
-739
-839
-939
346
-341
-342
-343
-344
-345
-246
-266
-356
-366
-316
-326
-446
-546
-646
-746
-846
-946
364
-361
-362
-363
-365
-154
-164
-244
-264
-354
-314
-324
-374
-384
-394
-464
-564
-664
-764
-864
-964
391
-392
-393
-395
-397
-398
-171
-181
-271
-291
-371
-381
-311
-321
-351
-491
-591
-691
-791
-891
-991
432
-431
-433
-434
-435
-436
-437
-438
-412
-512
-532
-612
-632
-442
-452
-462
-472
-482
-492
-732
-832
-932
518
-511
-513
-514
-515
-516
-517
-519
-418
-428
-528
-538
-618
-628
-638
-558
-568
-578
-588
-598
-218
-318
-718
-818
-918
523
-521
-524
-526
-527
-529
-413
-423
-533
-613
-623
-633
-543
-553
-563
-573
-583
-593
-323
-723
-823
-923
559
-551
-552
-554
-555
-556
-449
-459
-469
-549
-569
-649
-659
-669
-579
-599
-159
169
-161
-163
-165
-759
-859
-959
-769
-869
-969
582
-581
-584
-585
-586
-587
-572
-592
-672
-682
-692
-542
-562
-382
-782
-882
-982
594
-595
-597
-474
-484
-494
-574
-674
-684
-694
-534
-544
-294
-794
-894
-994
677
-671
-673
-675
-676
-678
-679
-477
-487
-497
-577
-687
-697
-617
-627
-637
-647
-667
-177
-377
-777
-877
-977
711
-712
-713
-714
-715
-716
-717
-719
-721
-731
-811
-821
-831
-911
-921
-931
-741
-751
-761
-771
-781
-111
-211
-411
-611
749
-742
-743
-744
-745
-747
-849
-949
-729
-779
-799
767
-762
-763
-765
-766
-768
-847
-867
-947
-967
-727
-737
-787
-797
-467
-567
772
-773
-774
-775
-776
-778
-792
-872
-892
-972
-992
-752
-272
-372
292
-293
-298
-242
-262
352
-353
-355
155
-151
-153
131
-133
-134
-137
-231
-175
-185
-531
-631
-652
-852
-952
-455
-655
-755
-855
-955
827
-824
-826
-828
-829
-817
-837
-917
-927
-937
-887
-897
-327
328
-238
278
-273
-274
-378
-388
-427
-728
-928
537
-535
-536
-417
447
-441
-443
-444
-445
-547
-478
-878
-978
997
-993
-995
-998
-999
-987
854
-851
-853
-856
-858
-754
-844
-944
-954
-814
-834
-874
-884
644
-641
-642
-643
-645
662
-661
-663
-665
-666
-668
-454
-654
-614
-624
-634
-862
-962
881
-883
-885
-886
-888
-871
-971
-981
-841
-861
-481
-681
912
-913
-914
-915
-916
-919
-812
842
-843
-845
-942
966
-961
-963
-965
-968
-756
-866
-956
-926
-936
-976
-986
-466
-566
576
-571
-575
471
-473
-475
-476
-479
-486
-686
-421
621
-626
-629
-451
-461
-651
951
-953
-958
-941
-876
786
-783
-784
-785
-788
-726
724
-734
-924
929
-934
-819
-736
-979
-424
414
-415
-416
-419
-114
-214
234
-233
-236
216
-213
-616
-816
836
-833
-835
-838
619
-615
635
-636
426
-429
-456
656
-653
-658
499
-493
-495
-498
-699
-685
-695
485
-483
-488
-465
815
-813
-735
-935
795
-793
-798
-875
-895
-975
-985
-865
945
-943
243
-241
261
-263
541
-545
-561
565
375
-373
-385
879
-873
-899
983
-984
-988
-893
898
-973
974
863
-868
-753
758
733
-738
-933
938
453
-458
-463
468
173
-174
-183
-383
387
184
-187
-113
117
313
-317
-683
688
693
-698
