133
-131
-132
-134
-135
-136
-137
-138
-139
-113
-123
-213
-223
-233
-313
-323
-333
-143
-153
-163
-173
-183
-193
-433
-533
-633
-733
-833
-933
144
-141
-142
-145
-146
-147
-148
-149
-154
-164
-244
-254
-264
-344
-354
-364
-114
-124
-174
-184
-194
-444
-544
-644
-744
-844
-944
155
-151
-152
-156
-157
-158
-159
-165
-245
-255
-265
-345
-355
-365
-115
-125
-175
-185
-195
-455
-555
-655
-755
-855
-955
227
-221
-222
-224
-225
-226
-228
-229
-117
-127
-217
-237
-317
-327
-337
-247
-257
-267
-277
-287
-297
-427
-527
-627
-727
-827
-927
272
-271
-273
-274
-275
-276
-278
-279
-172
-182
-192
-282
-292
-372
-382
-392
-212
-232
-242
-252
-262
-472
-572
-672
-772
-872
-972
338
-331
-332
-334
-335
-336
-339
-118
-128
-218
-238
-318
-328
-348
-358
-368
-378
-388
-398
-438
-538
-638
-738
-838
-938
422
-421
-423
-424
-425
-426
-428
-429
-412
-432
-512
-522
-532
-612
-622
-632
-442
-452
-462
-482
-492
-122
-322
-722
-822
-922
457
-451
-453
-454
-456
-458
-459
-447
-467
-547
-557
-567
-647
-657
-667
-417
-437
-477
-487
-497
-357
-757
-857
-957
466
-461
-463
-464
-465
-468
-469
-446
-546
-556
-566
-646
-656
-666
-416
-436
-476
-486
-496
-166
-266
-366
-766
-866
-966
584
-581
-582
-583
-585
-586
-587
-588
-589
-474
-484
-494
-574
-594
-674
-684
-694
-514
-524
-534
-554
-564
-284
-384
-784
-884
-984
591
-592
-593
-595
-596
-597
-598
-599
-471
-481
-491
-571
-671
-681
-691
-511
-521
-531
-541
-551
-561
-191
-291
-391
-791
-891
-991
615
-611
-613
-614
-616
-617
-618
-619
-415
-435
-515
-525
-535
-625
-635
-645
-665
-675
-685
-695
-215
-315
-715
-815
-915
714
-711
-712
-713
-716
-717
-718
-719
-724
-734
-814
-824
-834
-914
-924
-934
-754
-764
-774
-794
-214
-314
-414
434
-431
-439
-624
-634
324
-321
-325
-326
-329
-234
235
-231
-236
-239
294
-293
-295
-296
-298
-299
-374
-394
-285
-735
-835
-935
-894
-994
741
-742
-743
-745
-746
-747
-748
-749
-751
-761
-841
-851
-861
-941
-951
-961
-721
-731
-771
-781
-241
-341
-441
411
-413
-418
-419
-621
-631
-111
-211
-311
121
-126
-129
-161
-171
-181
-811
-911
-821
-921
-641
862
-863
-864
-865
-867
-868
-869
-752
-762
-842
-852
-942
-952
-962
-812
-832
-882
-892
-162
112
-116
-119
-312
-912
-362
-562
-662
877
-871
-873
-874
-875
-876
-878
-879
974
-971
-973
-975
-976
-977
-978
-979
-777
-787
-797
-887
-897
-987
-997
854
-853
-856
-858
-859
-954
-964
-817
-837
-847
-654
664
-661
-663
-668
-669
651
-652
-653
-658
-659
-251
-351
371
-373
-375
-376
-377
-379
-281
-381
261
-263
-268
-269
-361
-177
-577
-677
983
-981
-982
-985
-986
-988
-989
881
-883
-885
-886
-888
-889
-773
-783
-793
-893
-993
-831
931
-932
-936
-937
-939
732
-736
-737
-739
917
-913
-916
-918
-919
-782
-792
992
-995
-996
-998
-999
767
-763
-765
-768
-769
-947
-967
-923
-943
-953
-963
-517
537
-536
-539
-637
347
-342
-343
-346
-349
352
-353
-356
-359
-167
-367
-387
-397
-552
542
-543
-545
-548
-549
-642
682
-683
-686
-687
-688
-689
-692
697
-693
-696
-698
-699
-283
-383
393
-395
-396
-399
385
-386
-389
-363
369
-169
168
-248
-258
-249
-259
-178
-188
-198
288
-286
-289
219
-216
316
-319
-516
-816
-519
-819
563
-565
-568
-569
-443
-553
-643
445
-448
-449
-475
-485
-495
575
-573
-576
-578
-579
676
-673
-678
-679
-513
518
-528
-628
-523
623
-626
-629
526
-529
-636
639
-558
559
648
-649
813
-818
-723
-823
753
-756
-758
-759
-843
-726
-826
-926
836
-839
-846
-896
243
-246
-253
256
-845
-945
965
-968
-969
-925
946
-948
-949
-956
-848
849
958
-959
-829
-899
-928
929
-729
473
-478
-479
-483
-493
-775
-176
179
-189
-199
-776
778
-779
-788
-798
-898
895
-785
-795
725
-728
-825
828
187
-186
196
-197
786
-789
-796
799
-488
489
498
-499
