121
-122
-123
-124
-125
-126
-127
-128
-129
-111
-131
-211
-221
-231
-311
-321
-331
-141
-151
-161
-171
-181
-191
-421
-521
-621
-721
-821
-921
164
-162
-163
-165
-166
-167
-168
-169
-144
-154
-244
-254
-264
-344
-354
-364
-114
-134
-174
-184
-194
-464
-564
-664
-764
-864
-964
187
-182
-183
-185
-186
-188
-189
-177
-197
-277
-287
-297
-377
-387
-397
-117
-137
-147
-157
-487
-587
-687
-787
-887
-987
249
-241
-242
-243
-245
-246
-247
-248
-149
-159
-259
-269
-349
-359
-369
-219
-229
-239
-279
-289
-299
-449
-549
-649
-749
-849
-949
267
-261
-262
-263
-265
-266
-268
-257
-347
-357
-367
-217
-227
-237
-467
-567
-667
-767
-867
-967
274
-271
-272
-273
-275
-276
-278
-284
-294
-374
-384
-394
-214
-224
-234
-474
-574
-674
-774
-874
-974
285
-281
-282
-283
-286
-288
-175
-195
-295
-375
-385
-395
-215
-225
-235
-255
-485
-585
-685
-785
-885
-985
291
-292
-293
-296
-298
-371
-381
-391
-251
-491
-591
-691
-791
-891
-991
353
-351
-352
-355
-356
-358
-143
-153
-253
-343
-363
-313
-323
-333
-373
-383
-393
-453
-553
-653
-753
-853
-953
372
-376
-378
-379
-172
-192
-382
-392
-312
-322
-332
-342
-362
-472
-572
-672
-772
-872
-972
419
-411
-412
-413
-414
-415
-416
-417
-418
-429
-439
-519
-529
-539
-619
-629
-639
-459
-469
-479
-489
-499
-119
-319
-719
-819
-919
468
-461
-462
-463
-465
-466
-448
-458
-548
-558
-568
-648
-658
-668
-428
-438
-478
-488
-498
-368
-768
-868
-968
483
-481
-482
-484
-486
-473
-493
-573
-583
-593
-673
-683
-693
-423
-433
-443
-783
-883
-983
532
-531
-533
-534
-535
-536
-537
-538
-422
-432
-512
-522
-612
-622
-632
-542
-552
-562
-582
-592
-132
-232
-732
-832
-932
577
-571
-575
-576
-578
-579
-477
-497
-597
-677
-697
-517
-527
-547
-557
-777
-877
-977
627
-623
-624
-625
-626
-628
-427
-437
-617
-637
-647
-657
-327
-727
-827
-927
642
-641
-643
-644
-645
-646
-442
-452
-652
-662
492
-494
-495
-496
-682
-692
-142
-742
-842
-942
-792
-892
-992
695
-694
-696
-698
-699
-475
-595
-675
-615
-635
-655
-665
-795
-895
-995
731
-733
-734
-735
-736
-737
-738
-739
-711
-811
-831
-911
-931
-741
-751
-761
-771
-781
-431
-631
755
-752
-754
-756
-757
-758
-759
-745
-765
-845
-855
-865
-945
-955
-965
-715
-725
-775
-155
-455
-555
817
-812
-813
-814
-815
-816
-818
-717
-837
-917
-937
-847
-857
-897
-317
337
-334
-335
-336
-338
-339
822
-823
-824
-825
-826
-828
-829
-712
-722
-912
-922
-852
-862
-882
-222
839
-833
-834
-835
-836
-838
-729
-929
-939
875
-871
-873
-876
-878
-879
-975
-859
-869
-889
-899
329
-324
-325
-326
-328
314
-315
-316
-318
-139
-389
-399
-514
-614
-714
-914
843
-841
-844
-846
-848
-743
-763
-863
-943
-963
-893
-543
861
-866
-851
-941
-951
-961
-881
-361
341
-345
-346
-348
365
-366
-145
-441
-541
-561
-661
-565
923
-924
-925
-926
-928
-713
-723
-913
-933
-973
-993
-223
-523
944
-946
-947
-948
-744
-854
-954
-934
724
-726
-728
-784
-794
-984
-994
-424
-524
-444
-544
988
-981
-982
-986
-989
971
-976
-978
-979
782
-786
-788
-789
-778
-798
-888
-898
-998
-762
858
-856
-748
-958
718
-716
-918
-938
-118
-218
-518
-618
148
-146
-158
-258
-138
-178
-198
962
-966
-969
-952
-471
476
-586
-596
-676
-686
451
-454
-456
-457
-551
-651
447
-445
-446
545
-546
434
-435
-436
-634
425
-426
-515
-525
746
-747
-766
769
-956
957
-959
-776
-796
797
-793
-799
773
-779
-997
999
-996
-569
-669
-671
-173
193
-196
-199
179
-176
-113
-133
678
-679
-588
-598
-688
528
-526
-638
226
-228
-116
-136
135
-115
112
-212
-216
213
-233
-236
238
-152
156
252
-256
-513
563
-566
-663
666
-556
-656
516
-511
611
-613
-616
633
-636
581
-584
-589
-681
915
-916
-935
936
-388
386
-396
398
-886
884
-894
896
-684
689
594
-599
-554
559
654
-659
