124
-121
-122
-123
-125
-126
-127
-128
-129
-114
-134
-214
-224
-234
-314
-324
-334
-144
-154
-164
-174
-184
-194
-424
-524
-624
-724
-824
-924
165
-161
-162
-163
-166
-167
-168
-169
-145
-155
-245
-255
-265
-345
-355
-365
-115
-135
-175
-185
-195
-465
-565
-665
-765
-865
-965
176
-171
-172
-173
-177
-178
-179
-186
-196
-276
-286
-296
-376
-386
-396
-116
-136
-146
-156
-476
-576
-676
-776
-876
-976
198
-191
-192
-193
-197
-199
-188
-278
-288
-298
-378
-388
-398
-118
-138
-148
-158
-498
-598
-698
-798
-898
-998
218
-211
-212
-213
-215
-216
-217
-219
-228
-238
-318
-328
-338
-248
-258
-268
-418
-518
-618
-718
-818
-918
223
-221
-222
-225
-226
-227
-229
-113
-133
-233
-313
-323
-333
-243
-253
-263
-273
-283
-293
-423
-523
-623
-723
-823
-923
319
-311
-312
-315
-316
-317
-119
-139
-239
-329
-339
-349
-359
-369
-379
-389
-399
-419
-519
-619
-719
-819
-919
336
-331
-332
-335
-337
-236
-326
-346
-356
-366
-436
-536
-636
-736
-836
-936
368
-361
-362
-363
-364
-367
-348
-358
-468
-568
-668
-768
-868
-968
383
-381
-382
-384
-385
-387
-183
-373
-393
-343
-353
-483
-583
-683
-783
-883
-983
427
-421
-422
-425
-426
-428
-429
-417
-437
-517
-527
-537
-617
-627
-637
-447
-457
-467
-477
-487
-497
-327
-727
-827
-927
445
-441
-442
-443
-444
-446
-448
-449
-455
-545
-555
-645
-655
-415
-435
-475
-485
-495
-745
-845
-945
515
-511
-512
-513
-514
-516
-525
-535
-615
-625
-635
-575
-585
-595
-715
-815
-915
542
-541
-543
-544
-546
-547
-548
-549
-452
-462
-552
-562
-642
-652
-662
-522
-532
-572
-582
-592
-142
-242
-342
-742
-842
-942
557
-551
-553
-554
-556
-558
-559
-567
-647
-657
-667
-577
-587
-597
-157
-257
-357
-757
-857
-957
561
-563
-564
-566
-569
-451
-461
-641
-651
-661
-521
-531
-571
-581
-591
-261
-761
-861
-961
594
-593
-596
-599
-474
-484
-494
-574
-584
-674
-684
-694
-534
-294
-394
-794
-894
-994
666
-663
-664
-669
-456
-466
-646
-656
-616
-626
-686
-696
-266
-766
-866
-966
685
-681
-682
-687
-688
-689
-675
-695
-285
-785
-885
-985
728
-721
-722
-725
-726
-729
-738
-828
-838
-928
-938
-748
-758
-778
-788
-528
-628
749
-741
-743
-744
-746
-747
-759
-769
-849
-859
-869
-949
-959
-969
-739
-779
-789
-799
-149
-249
-649
772
-771
-773
-774
-775
-777
-782
-792
-872
-882
-892
-972
-982
-992
-712
-732
-752
-762
-272
-372
-472
-672
797
-791
-793
-795
-796
-787
-877
-887
-897
-977
-987
-997
-717
-737
-767
-297
-397
-697
677
-671
-673
-678
-679
-277
-377
347
-341
-344
-147
-247
-267
-847
-947
888
-881
-884
-886
-889
-878
-978
-988
-848
-858
-488
-588
899
-891
-893
-895
-896
-879
-979
-989
-999
-829
-839
-299
-499
-699
912
-911
-913
-914
-916
-917
-812
-822
-832
-922
-932
-952
-962
-112
-412
-612
935
-931
-933
-934
-937
-939
-735
-825
-835
-925
929
-921
-926
755
-751
-753
-754
-756
-855
-955
875
-871
-873
-874
-975
-995
967
-963
-964
-867
325
-321
-322
-235
-375
-395
622
-621
-629
-432
-632
-692
821
-826
-711
-731
-811
-831
781
-784
-786
-971
-981
-991
716
-713
-714
-816
-841
-851
-416
526
-529
-586
589
-479
-489
-579
-539
-275
295
-291
-292
279
-271
-274
-189
-289
159
-151
-152
-153
143
-141
-259
-269
-643
-843
-943
-459
-659
469
-463
-464
-439
639
-631
-633
-634
-638
-181
-281
-481
948
-941
-944
-946
951
-953
-954
-956
-958
241
-244
-246
-251
-351
256
-252
-254
-231
846
-844
-856
644
-648
-454
-654
-614
658
-653
453
-458
-413
-433
-473
-493
-853
984
-986
-974
973
-993
996
-573
578
693
-691
-478
471
-491
-411
414
-434
-431
438
611
-613
533
-538
-111
117
131
-132
-137
232
-237
182
-187
-282
-392
391
-371
374
-284
287
-262
264
352
-354
813
-814
-817
-733
734
-833
-834
837
763
-764
-863
-852
854
862
-864
-482
486
492
-496
