171
-172
-173
-174
-175
-176
-177
-178
-179
-181
-191
-271
-281
-291
-371
-381
-391
-111
-121
-131
-141
-151
-161
-471
-571
-671
-771
-871
-971
198
-192
-193
-194
-195
-196
-197
-199
-188
-278
-288
-298
-378
-388
-398
-118
-128
-138
-148
-158
-168
-498
-598
-698
-798
-898
-998
219
-211
-212
-213
-214
-215
-216
-217
-218
-119
-129
-139
-229
-239
-319
-329
-339
-249
-259
-269
-279
-289
-299
-419
-519
-619
-719
-819
-919
254
-251
-252
-253
-255
-256
-257
-258
-144
-154
-164
-244
-264
-344
-354
-364
-224
-234
-274
-284
-294
-454
-554
-654
-754
-854
-954
377
-372
-373
-374
-375
-376
-379
-187
-277
-287
-297
-387
-397
-317
-327
-337
-347
-357
-367
-477
-577
-677
-777
-877
-977
425
-421
-422
-423
-424
-426
-427
-428
-429
-415
-435
-515
-525
-535
-615
-625
-635
-445
-455
-465
-475
-485
-495
-125
-225
-325
-725
-825
-925
456
-451
-452
-453
-457
-458
-459
-446
-466
-546
-556
-566
-646
-656
-666
-416
-436
-476
-486
-496
-156
-356
-756
-856
-956
483
-481
-482
-484
-487
-488
-489
-473
-493
-573
-583
-593
-673
-683
-693
-413
-433
-443
-463
-183
-283
-383
-783
-883
-983
531
-532
-533
-534
-536
-537
-538
-539
-411
-431
-511
-521
-611
-621
-631
-541
-551
-561
-581
-591
-231
-331
-731
-831
-931
642
-641
-643
-644
-645
-647
-648
-649
-442
-462
-542
-552
-562
-652
-662
-612
-622
-632
-672
-682
-692
-142
-242
-342
-742
-842
-942
761
-762
-763
-764
-765
-766
-767
-768
-769
-741
-751
-841
-851
-861
-941
-951
-961
-711
-721
-781
-791
-261
-361
-461
-661
773
-772
-774
-775
-776
-778
-779
-793
-873
-893
-973
-993
-713
-723
-733
-743
-753
-273
785
-782
-784
-786
-787
-788
-789
-795
-875
-885
-895
-975
-985
-995
-715
-735
-745
-755
-185
-285
-385
-585
-685
818
-811
-812
-813
-814
-815
-816
-817
-718
-728
-738
-828
-838
-918
-928
-938
-848
-858
-868
-878
-888
-318
-418
-518
-618
822
-821
-823
-824
-826
-827
-829
-712
-722
-732
-832
-912
-922
-932
-852
-862
-872
-882
-892
-122
-222
-322
-522
884
-881
-886
-887
-889
-794
-874
-894
-974
-984
-994
891
-896
-897
-899
-981
-991
-834
-844
-864
681
-684
-686
-687
-688
-689
-491
-691
441
-444
-447
-448
-449
-651
-241
221
-223
-226
-227
-228
-311
-321
911
-913
-914
-915
-916
-917
-921
-341
351
-352
-353
-355
-358
-359
-184
-384
394
-392
-393
-395
-396
-399
293
-292
-295
-296
275
-272
-276
-233
-243
-263
-235
-245
-265
-314
-324
-334
-575
-675
-584
-494
-594
-694
947
-943
-944
-945
-946
-948
-949
-747
-757
-847
-857
-867
-957
-967
837
-833
-835
-836
-839
935
-933
-934
-936
-937
-939
923
-924
-926
-927
-929
-717
-727
-737
797
-792
-796
-799
-987
-997
752
-758
-759
-952
-962
748
-744
-746
-749
964
-963
-965
-966
-968
-969
-958
-953
-955
959
-849
-859
-869
879
-876
-979
-989
-999
-123
-323
-523
-623
-135
-335
-137
-237
-437
-637
544
-543
-545
-547
-548
-549
-464
-564
-664
-514
-524
-574
-147
-247
267
-262
-266
-268
-157
-167
-248
246
-146
-166
-346
-366
-236
-286
282
-182
-382
-232
238
-328
326
-116
-126
-136
-316
-336
-338
186
-189
-386
389
-349
-369
-526
-626
-726
-438
-638
-846
866
-863
-865
-348
368
-362
-363
-365
149
-143
-145
-159
-169
-152
162
-163
-165
-112
-132
-559
-659
-467
-567
-667
-468
469
-569
-669
478
-472
-474
-479
674
-676
-678
-679
-578
-588
-439
-499
-614
-624
-634
-568
-668
-978
988
-982
-986
-579
-582
-586
587
-589
-497
492
-572
576
-592
-596
-696
-597
-697
-412
-432
434
512
-513
-516
-517
-414
417
-527
-617
-627
-557
657
-653
-655
-658
558
-553
-555
563
-565
-663
665
595
-599
-695
699
-528
529
628
-629
-639
-312
332
-333
-117
127
-124
724
-729
-714
716
-734
-736
739
114
-113
-115
-134
133
-313
315
-153
155
343
-345
613
-616
-633
636
-843
845
853
-855
972
-976
-992
996
