132
-131
-133
-134
-135
-136
-137
-138
-139
-112
-122
-212
-222
-232
-312
-322
-332
-142
-152
-162
-172
-182
-192
-432
-532
-632
-732
-832
-932
148
-141
-143
-144
-145
-146
-147
-149
-158
-168
-248
-258
-268
-348
-358
-368
-118
-128
-178
-188
-198
-448
-548
-648
-748
-848
-948
176
-171
-173
-174
-175
-177
-179
-186
-196
-276
-286
-296
-376
-386
-396
-116
-126
-156
-166
-476
-576
-676
-776
-876
-976
246
-241
-242
-243
-244
-245
-247
-249
-256
-266
-346
-356
-366
-216
-226
-236
-446
-546
-646
-746
-846
-946
257
-251
-252
-253
-254
-255
-259
-157
-167
-267
-347
-357
-367
-217
-227
-237
-277
-287
-297
-457
-557
-657
-757
-857
-957
269
-261
-262
-263
-264
-265
-159
-169
-349
-359
-369
-219
-229
-239
-279
-289
-299
-469
-569
-669
-769
-869
-969
378
-371
-372
-373
-374
-375
-377
-379
-278
-288
-298
-388
-398
-318
-328
-338
-478
-578
-678
-778
-878
-978
417
-411
-412
-413
-414
-415
-416
-418
-419
-427
-437
-517
-527
-537
-617
-627
-637
-447
-467
-477
-487
-497
-117
-317
-717
-817
-917
423
-421
-422
-424
-425
-426
-428
-429
-433
-513
-523
-533
-613
-623
-633
-443
-453
-463
-473
-483
-493
-123
-223
-323
-723
-823
-923
488
-481
-482
-484
-485
-486
-489
-498
-588
-598
-688
-698
-438
-458
-468
-788
-888
-988
512
-511
-514
-515
-516
-518
-519
-522
-612
-622
-542
-552
-562
-572
-582
-592
-712
-812
-912
565
-561
-563
-564
-566
-567
-568
-445
-455
-465
-545
-555
-645
-655
-665
-525
-535
-575
-585
-595
-165
-365
-765
-865
-965
573
-571
-574
-577
-579
-583
-593
-673
-683
-693
-543
-553
-273
-773
-873
-973
587
-581
-584
-586
-589
-597
-677
-687
-697
-547
-187
-387
-787
-887
-987
619
-611
-614
-615
-616
-618
-439
-529
-539
-629
-639
-649
-659
-679
-689
-699
-119
-319
-719
-819
-919
651
-652
-653
-654
-656
-658
-441
-451
-461
-541
-551
-641
-661
-621
-631
-671
-681
-691
-151
-351
-751
-851
-951
744
-741
-742
-743
-745
-747
-749
-754
-764
-844
-854
-864
-944
-954
-964
-714
-724
-734
-774
-784
-794
-344
-444
-544
549
-449
442
-452
-462
-642
-662
-459
-559
-472
-492
-599
-342
-842
-942
-644
-849
-949
752
-753
-755
-756
-758
-759
-762
-852
-862
-952
-962
-722
-772
-782
-792
-352
362
-361
-363
-364
-382
-392
767
-761
-763
-766
-768
-847
-867
-947
-967
-727
-737
-777
-797
647
-643
663
-664
-666
-667
-668
558
-554
-556
-528
-538
-858
-958
-163
-863
-963
798
-791
-793
-795
-796
-799
-898
-998
-718
-728
-738
835
-831
-833
-834
-836
-837
-838
-839
-715
-725
-735
-815
-825
-915
-925
-935
-845
-855
-875
-885
-895
-235
-335
-435
-635
625
-624
-626
-628
638
-634
-636
-675
-685
-695
-125
-225
-325
-238
-938
868
-861
-866
-968
-818
-828
879
-871
-872
-874
-877
-779
-789
-889
-899
-979
-989
-999
-829
-859
959
-953
-955
-956
945
-941
-943
-975
-985
-995
-929
-939
-345
977
-971
-972
-974
-897
-997
827
-821
-822
-824
-826
922
-921
-924
-926
-927
-928
-937
918
-911
-913
-914
-916
-982
-992
-218
228
-221
-224
-127
197
-191
-193
-194
-195
-199
-397
-327
337
-331
-333
-334
-336
-339
739
-731
-733
-736
-729
-479
499
-491
-494
-495
-496
475
-471
-474
591
-594
-596
431
-434
-436
-521
-531
-231
-931
-275
-775
771
-781
-881
-891
-981
-991
785
-783
-786
-711
-721
726
811
-813
-814
-816
934
-933
-936
713
-716
-841
843
961
-966
-853
856
-883
-893
-886
-896
-984
-994
-111
-211
-311
-113
-213
-313
233
-234
-283
-293
316
-314
-315
-326
-526
524
-534
536
-124
-324
341
-343
-161
164
-154
-354
-114
115
214
-215
-184
-155
153
-353
355
-183
-185
-274
-284
-294
-321
329
121
-129
-181
189
-389
-399
-381
-391
-385
-395
454
-456
-464
466
-271
272
-282
-292
-672
674
-684
-694
281
-285
-291
295
892
-894
-882
884
682
-686
-692
696
-384
383
-393
394
-983
986
993
-996
