133
-131
-132
-134
-135
-136
-137
-138
-139
-113
-123
-213
-223
-233
-313
-323
-333
-143
-153
-163
-173
-183
-193
-433
-533
-633
-733
-833
-933
182
-181
-184
-185
-186
-187
-188
-189
-172
-192
-272
-282
-292
-372
-382
-392
-112
-122
-142
-152
-162
-482
-582
-682
-782
-882
-982
196
-191
-194
-195
-197
-198
-199
-176
-276
-286
-296
-376
-386
-396
-116
-126
-146
-156
-166
-496
-596
-696
-796
-896
-996
238
-231
-232
-234
-235
-236
-237
-239
-118
-128
-218
-228
-318
-328
-338
-248
-258
-268
-278
-288
-298
-438
-538
-638
-738
-838
-938
275
-271
-273
-274
-277
-279
-175
-285
-295
-375
-385
-395
-215
-225
-245
-255
-265
-475
-575
-675
-775
-875
-975
356
-351
-352
-353
-354
-355
-357
-358
-359
-246
-256
-266
-346
-366
-316
-326
-336
-456
-556
-656
-756
-856
-956
389
-381
-383
-384
-387
-388
-179
-289
-299
-379
-399
-319
-329
-339
-349
-369
-489
-589
-689
-789
-889
-989
414
-411
-412
-413
-415
-416
-417
-418
-419
-424
-434
-514
-524
-534
-614
-624
-634
-444
-454
-464
-474
-484
-494
-114
-214
-314
-714
-814
-914
448
-441
-442
-443
-445
-446
-447
-449
-458
-468
-548
-558
-568
-648
-658
-668
-428
-478
-488
-498
-148
-348
-748
-848
-948
457
-451
-452
-453
-455
-459
-467
-547
-557
-567
-647
-657
-667
-427
-437
-477
-487
-497
-157
-257
-757
-857
-957
472
-471
-473
-476
-479
-492
-572
-592
-672
-692
-422
-432
-462
-772
-872
-972
499
-491
-493
-495
-579
-599
-679
-699
-429
-439
-469
-799
-899
-999
528
-521
-522
-523
-525
-526
-527
-529
-518
-618
-628
-578
-588
-598
-728
-828
-928
546
-541
-542
-543
-544
-545
-549
-466
-566
-646
-666
-516
-536
-576
-586
-746
-846
-946
564
-561
-562
-563
-565
-569
-554
-644
-654
-664
-574
-584
-594
-164
-264
-364
-764
-864
-964
585
-581
-583
-587
-485
-595
-685
-695
-515
-535
-555
-785
-885
-985
617
-611
-612
-613
-615
-616
-619
-517
-537
-627
-637
-677
-687
-697
-117
-217
-317
-717
-817
-917
636
-631
-632
-635
-639
-426
-436
-626
486
-481
-483
-676
-686
-736
-836
-936
-786
-886
-986
659
-651
-652
-653
-655
-559
-649
-669
-629
-159
-259
-759
-859
-959
661
-662
-663
-665
-461
-551
-641
-621
-671
-681
-691
-161
-261
-361
-761
-861
-961
694
-693
-698
-674
-684
-294
-394
-794
-894
-994
721
-722
-723
-724
-725
-726
-727
-729
-711
-731
-811
-821
-831
-911
-921
-931
-741
-751
-771
-781
-791
-121
-221
-321
-421
431
-435
-511
-531
-331
743
-742
-744
-745
-747
-749
-753
-763
-843
-853
-863
-943
-953
-963
-713
-773
-783
-793
-243
-343
-643
754
-752
-755
-758
-844
-854
-944
-954
-734
-774
-784
-154
-254
837
-832
-834
-835
-839
-737
-827
-927
-937
-847
-867
-877
-887
-897
-337
874
-871
-873
-876
-878
-879
-884
-974
-984
-824
-174
-374
284
-281
-283
-287
-224
-244
916
-912
-913
-915
-918
-919
-716
-816
-826
-926
866
-862
-865
-868
-869
-766
-966
776
-777
-778
-779
-976
979
-971
-973
-977
-978
-929
-939
-949
-969
-216
226
-222
-227
-229
922
-923
-924
-925
-712
-732
-812
-822
-932
934
-935
-942
-952
-962
-992
-322
-622
642
-645
-552
553
-463
465
423
-425
-513
-623
625
-573
-593
813
-815
-818
-819
-823
718
-715
-719
-768
-788
787
-797
-987
-997
-767
-798
-883
-893
-125
-325
-825
829
735
-739
-765
-795
792
-892
-762
769
-849
-129
-334
-335
332
-212
-312
-342
-362
512
-519
-532
539
-242
-842
852
-851
-855
-858
-252
262
-263
-267
-269
-253
251
-141
-151
-241
-341
363
-365
-367
-368
-211
219
-119
-291
293
-297
-373
-393
247
-249
-147
-167
-347
-947
967
-965
-968
958
-951
-955
-988
-998
149
-144
-145
344
-345
-169
124
-127
-324
327
177
-171
-178
-377
-397
111
-115
-311
315
155
-158
-165
168
673
-678
-683
688
-577
571
-591
597
-371
378
391
-398
983
-981
-993
881
-888
-891
-991
995
-895
898
-841
845
941
-945
