147
-141
-142
-143
-144
-145
-146
-148
-149
-157
-167
-247
-257
-267
-347
-357
-367
-117
-127
-137
-177
-187
-197
-447
-547
-647
-747
-847
-947
159
-151
-152
-153
-154
-155
-156
-158
-169
-249
-259
-269
-349
-359
-369
-119
-129
-139
-179
-189
-199
-459
-559
-659
-759
-859
-959
185
-181
-182
-183
-184
-186
-188
-175
-195
-275
-285
-295
-375
-385
-395
-115
-125
-135
-165
-485
-585
-685
-785
-885
-985
222
-221
-223
-224
-225
-226
-227
-228
-229
-112
-122
-132
-212
-232
-312
-322
-332
-242
-252
-262
-272
-282
-292
-422
-522
-622
-722
-822
-922
231
-233
-234
-235
-236
-237
-238
-239
-111
-121
-131
-211
-311
-321
-331
-241
-251
-261
-271
-281
-291
-431
-531
-631
-731
-831
-931
456
-451
-452
-453
-454
-455
-457
-458
-446
-466
-546
-556
-566
-646
-656
-666
-416
-426
-436
-476
-486
-496
-256
-356
-756
-856
-956
471
-472
-473
-474
-475
-477
-478
-479
-481
-491
-571
-581
-591
-671
-681
-691
-411
-421
-441
-461
-171
-371
-771
-871
-971
494
-492
-493
-495
-497
-498
-499
-484
-574
-584
-594
-674
-684
-694
-414
-424
-434
-444
-464
-194
-294
-394
-794
-894
-994
515
-511
-512
-513
-514
-516
-517
-518
-519
-415
-425
-435
-525
-535
-615
-625
-635
-545
-555
-565
-575
-595
-215
-315
-715
-815
-915
548
-541
-542
-543
-544
-549
-448
-468
-558
-568
-648
-658
-668
-528
-538
-578
-588
-598
-248
-348
-748
-848
-948
672
-673
-675
-676
-677
-678
-679
-482
-572
-582
-592
-682
-692
695
-693
-696
-697
-698
-699
-612
-632
-642
-652
-662
-645
-655
-665
-172
-372
-772
-872
-972
-795
-895
-995
717
-711
-712
-713
-714
-716
-718
-719
-727
-737
-817
-827
-837
-917
-927
-937
-757
-767
-777
-787
-797
-217
-317
-417
-617
746
-741
-742
-743
-744
-745
-749
-766
-846
-866
-946
-966
-726
-736
-776
-786
-796
-246
-346
789
-781
-782
-783
-784
-788
-779
-799
-879
-889
-899
-979
-989
-999
-729
-739
-769
-289
-389
-489
-589
-689
824
-821
-823
-825
-826
-828
-829
-724
-734
-814
-834
-914
-924
-934
-844
-854
-864
-874
-884
-124
-324
-524
-624
861
-862
-863
-865
-867
-868
-869
-751
-761
-841
-851
-941
-951
-961
-811
-881
-891
-161
191
-192
-193
-196
-198
-381
-391
162
-163
-164
-166
-168
-342
-352
-362
-361
-561
-661
-462
-562
-762
-962
981
-982
-983
-984
-986
-987
-988
-791
-991
721
-723
-725
-728
-911
-921
611
-613
-614
-616
-618
-619
-521
-621
551
-552
-553
-554
-557
-641
-651
442
-443
-445
-449
465
-463
-467
-469
-412
-432
532
-533
-534
-536
-537
-539
634
-633
-636
-637
-638
-639
564
-563
-567
-569
-644
-654
-664
-732
-832
-932
-134
-334
341
-343
-344
-345
-351
-842
-942
-264
-364
-764
-964
-265
-365
-765
-965
943
-944
-945
-949
-753
-763
768
-843
-853
-953
-963
-758
-858
-958
-968
-738
-778
-798
-913
-923
-933
-973
-993
-243
-643
649
-669
-629
244
-245
-254
-354
-214
-274
-284
255
-253
-258
-355
845
-849
-755
-855
-955
969
-967
-835
-875
-919
-929
-939
358
-353
-268
-368
-318
-328
-338
-378
-388
-398
653
-657
-663
667
-623
-683
-627
-687
384
-382
-383
-386
-387
392
-393
-396
-397
-399
-174
-374
114
-113
-116
-118
-314
882
-883
-886
-887
-888
-792
793
-892
-992
-773
-873
-893
752
-754
-852
857
-952
954
-957
-733
735
-925
-935
774
-775
-974
975
-976
-977
-978
-812
912
-916
-918
-877
-897
997
-996
-998
325
-323
-326
-327
-329
-335
337
-333
-336
-339
-377
-437
-293
-593
-297
-597
123
-126
-128
-133
-213
-313
-173
-423
-523
-136
138
-218
176
-178
-276
-286
-296
-376
-438
-838
-938
936
-816
-836
-926
928
-818
418
-413
-419
433
-439
-428
-628
626
-526
-483
-488
487
-577
-587
688
-686
-427
429
527
-529
813
-819
-833
839
-576
-876
878
896
-898
277
-273
-278
-279
-287
586
-583
573
-579
-596
599
-373
379
283
-288
298
-299
-263
266
363
-366
-216
219
316
-319
