145
-141
-142
-143
-144
-146
-147
-148
-149
-155
-165
-245
-255
-265
-345
-355
-365
-115
-125
-135
-175
-185
-195
-445
-545
-645
-745
-845
-945
192
-191
-193
-194
-196
-197
-198
-199
-172
-182
-272
-282
-292
-372
-382
-392
-112
-122
-132
-152
-162
-492
-592
-692
-792
-892
-992
233
-231
-232
-234
-235
-236
-237
-238
-239
-113
-123
-133
-213
-223
-313
-323
-333
-243
-253
-263
-273
-283
-293
-433
-533
-633
-733
-833
-933
259
-251
-252
-254
-256
-257
-258
-159
-169
-249
-269
-349
-359
-369
-219
-229
-279
-289
-299
-459
-559
-659
-759
-859
-959
277
-271
-274
-275
-276
-278
-177
-187
-287
-297
-377
-387
-397
-217
-227
-247
-267
-477
-577
-677
-777
-877
-977
314
-311
-312
-315
-316
-317
-318
-319
-114
-124
-134
-214
-224
-324
-334
-344
-354
-364
-374
-384
-394
-414
-514
-614
-714
-814
-914
325
-321
-322
-326
-327
-328
-329
-215
-225
-335
-375
-385
-395
-425
-525
-625
-725
-825
-925
339
-331
-332
-336
-337
-338
-119
-129
-139
-379
-389
-399
-439
-539
-639
-739
-839
-939
346
-341
-342
-343
-347
-348
-156
-166
-246
-266
-356
-366
-376
-386
-396
-446
-546
-646
-746
-846
-946
421
-422
-423
-424
-426
-427
-428
-429
-411
-431
-511
-521
-531
-611
-621
-631
-441
-451
-461
-471
-481
-491
-121
-221
-721
-821
-921
456
-452
-453
-454
-455
-457
-458
-466
-556
-566
-656
-666
-416
-436
-476
-486
-496
-756
-856
-956
468
-462
-463
-464
-465
-467
-469
-448
-548
-558
-568
-648
-658
-668
-418
-438
-478
-488
-498
-168
-268
-368
-768
-868
-968
526
-522
-523
-524
-527
-528
-529
-516
-536
-616
-626
-636
-576
-586
-596
-126
-226
-726
-826
-926
542
-541
-543
-544
-547
-549
-442
-552
-562
-642
-652
-662
-512
-532
-572
-582
-242
-742
-842
-942
565
-561
-563
-564
-567
-569
-555
-655
-665
-515
-535
-575
-585
-595
-765
-865
-965
583
-581
-584
-587
-588
-589
-473
-483
-493
-573
-593
-673
-683
-693
-513
-553
-183
-383
-783
-883
-983
641
-643
-644
-647
-649
-551
-651
-661
-671
-681
-691
-241
-741
-841
-941
654
-653
-657
-444
-554
557
-664
-447
-667
-517
-537
-597
-624
-634
-674
-684
-694
-154
-754
-854
-954
-157
-357
367
-361
-362
-363
-167
352
-351
-353
-358
-262
-752
-852
-952
-757
-857
-957
-767
-867
-967
688
-682
-685
-686
-687
-689
-578
-598
-678
-698
-618
-628
-638
-188
-288
-388
381
-171
-181
-281
-291
-371
-391
-781
-881
-981
-788
-888
-988
772
-771
-773
-774
-775
-776
-778
-779
-782
-872
-882
-972
-982
-712
-722
-732
-762
-472
-672
482
-484
-485
-487
-489
-412
-432
784
-785
-786
-787
-789
-794
-874
-884
-894
-974
-984
-994
-724
-734
-744
-764
-184
-284
798
-791
-793
-795
-796
-797
-799
-878
-898
-978
-998
-718
-728
-738
-748
-758
-298
-398
393
-173
-373
378
-178
-893
-993
831
-832
-834
-835
-836
-837
-838
-711
-731
-811
-911
-931
-851
-861
-871
-891
-131
855
-853
-858
-755
-955
-815
-875
-885
-895
873
-876
-879
-973
-813
-823
-843
-863
919
-912
-913
-915
-916
-917
-918
-719
-729
-819
-829
-929
-949
-969
-979
-989
-999
-419
-519
518
-538
534
-434
-574
-594
-118
-218
-818
-619
629
-622
-623
-627
-669
663
-443
449
413
-415
-417
-613
-479
-499
-679
-699
-713
-934
-749
769
-761
-763
-766
-849
-869
751
-753
-951
-961
-151
-163
153
-158
248
-244
-228
222
-212
-822
-922
-848
828
-824
-827
924
-923
-927
-928
723
-727
-938
-743
747
-847
844
-864
-944
-964
-947
-717
-737
127
-128
-117
-137
138
-136
943
-948
-953
958
-963
962
-966
-862
866
812
-816
-817
-932
937
-935
-936
-886
-896
-987
-997
-612
632
-635
-637
617
-615
435
-437
-475
474
-494
-495
497
-697
715
-716
-735
736
-174
294
-295
-296
285
-286
164
-161
261
-264
111
-116
-211
216
-985
986
-976
-996
-186
189
176
-179
-676
675
-695
696
-975
971
-991
995
-571
579
591
-599
887
-889
-897
899
