137
-131
-132
-133
-134
-135
-136
-138
-139
-117
-127
-217
-227
-237
-317
-327
-337
-147
-157
-167
-177
-187
-197
-437
-537
-637
-737
-837
-937
188
-181
-182
-183
-184
-185
-186
-189
-178
-198
-278
-288
-298
-378
-388
-398
-118
-128
-148
-158
-168
-488
-588
-688
-788
-888
-988
194
-191
-192
-193
-195
-196
-199
-174
-274
-284
-294
-374
-384
-394
-114
-124
-144
-154
-164
-494
-594
-694
-794
-894
-994
226
-221
-222
-223
-224
-225
-228
-229
-116
-126
-216
-236
-316
-326
-336
-246
-256
-266
-276
-286
-296
-426
-526
-626
-726
-826
-926
235
-231
-232
-233
-234
-238
-239
-115
-125
-215
-315
-325
-335
-245
-255
-265
-275
-285
-295
-435
-535
-635
-735
-835
-935
252
-251
-253
-254
-257
-258
-259
-142
-152
-162
-242
-262
-342
-352
-362
-212
-272
-282
-292
-452
-552
-652
-752
-852
-952
411
-412
-413
-414
-415
-416
-417
-418
-419
-421
-431
-511
-521
-531
-611
-621
-631
-441
-451
-461
-471
-481
-491
-111
-211
-311
-711
-811
-911
444
-442
-443
-445
-446
-447
-448
-449
-454
-464
-544
-554
-564
-644
-654
-664
-424
-434
-474
-484
-244
-344
-744
-844
-944
468
-462
-463
-465
-466
-467
-469
-458
-548
-558
-568
-648
-658
-668
-428
-438
-478
-498
-268
-368
-768
-868
-968
514
-512
-513
-515
-516
-517
-518
-519
-524
-534
-614
-624
-634
-574
-584
-214
264
-261
-263
-267
-269
-354
-364
-314
-714
-814
-914
-764
-864
-964
576
-571
-572
-573
-575
-577
-578
-579
-476
-486
-496
-586
-596
-676
-686
-696
-536
-546
-556
-566
-176
-376
-776
-876
-976
643
-641
-642
-645
-646
-647
-649
-453
-543
-553
-563
-653
-663
-613
-623
-633
-673
-683
-693
-143
-243
-343
-743
-843
-943
723
-721
-722
-724
-725
-727
-728
-729
-713
-733
-813
-823
-833
-913
-923
-933
-753
-763
-773
-783
-793
-123
-323
-423
-523
741
-742
-745
-746
-747
-748
-749
-751
-761
-841
-851
-861
-941
-951
-961
-731
-771
-781
-791
-141
-241
-341
-541
856
-853
-854
-855
-857
-858
-859
-756
-766
-846
-866
-946
-956
-966
-816
-836
-886
-896
-156
-356
-456
436
-432
-433
-439
533
-532
-538
-539
-616
-636
-583
-593
-333
-736
-936
-656
666
-661
-662
-665
-667
-669
-166
146
-145
-149
-346
-366
875
-871
-872
-873
-874
-877
-878
-879
-775
-785
-795
-885
-895
-975
-985
-995
-815
-825
-845
-865
-175
-375
-475
-675
918
-912
-915
-916
-917
-919
716
-712
-715
-717
-718
-719
925
-921
-922
-924
-927
-928
-929
-738
-818
-828
-838
-938
-786
-796
-945
-955
-965
-948
-958
-978
-998
615
-612
-617
-618
-619
-425
-525
-625
-655
-685
-695
817
-812
-819
-827
-847
-867
-887
-897
-218
248
-247
-249
-348
-358
-318
-848
758
-754
-755
-757
-759
954
-953
-957
-959
765
-762
-767
-769
-778
-798
898
-891
-892
-893
-899
-934
-974
-984
-165
155
-151
-153
-159
-345
-355
-365
545
-542
-547
-549
562
-561
-565
-567
-569
-455
-555
-522
-582
-592
-585
-595
353
-351
-357
-359
-163
-363
-313
-373
-383
-393
-862
-962
678
-671
-672
-674
-677
-679
684
-681
-682
-687
-689
-598
-698
528
-527
-529
-628
-638
-328
338
-331
-332
-334
-339
324
-321
-322
-329
121
-122
-129
-161
169
361
-367
-369
347
-349
-171
-119
-179
-371
-381
-391
-377
-387
-397
-821
-824
-947
967
-963
-969
863
-869
-883
-977
-987
-997
774
-772
-777
-779
-784
-884
-734
834
-831
-832
-839
931
-932
-939
881
-882
-889
-971
-981
-991
271
-273
-277
-279
-281
-291
477
-472
-473
-479
-487
-497
-587
-597
-697
-427
627
-622
-629
-457
459
-559
-659
-429
422
-632
639
-482
-492
692
-691
-699
-489
-499
557
-551
651
-657
-822
829
732
-739
-782
-792
842
-849
-942
949
-979
-989
-999
379
-372
-289
-299
-389
-399
219
-213
113
-112
312
-319
172
-173
-382
-392
-972
973
-983
-993
-581
589
591
-599
982
-986
-992
996
386
-385
395
-396
485
-483
493
-495
283
-287
-293
297
787
-789
-797
799
