132
-131
-133
-134
-135
-136
-137
-138
-139
-112
-122
-212
-222
-232
-312
-322
-332
-142
-152
-162
-172
-182
-192
-432
-532
-632
-732
-832
-932
149
-141
-143
-144
-145
-146
-147
-148
-159
-169
-249
-259
-269
-349
-359
-369
-119
-129
-179
-189
-199
-449
-549
-649
-749
-849
-949
164
-161
-163
-165
-166
-167
-168
-154
-244
-254
-264
-344
-354
-364
-114
-124
-174
-184
-194
-464
-564
-664
-764
-864
-964
214
-211
-213
-215
-216
-217
-218
-219
-224
-234
-314
-324
-334
-274
-284
-294
-414
-514
-614
-714
-814
-914
241
-242
-243
-245
-246
-247
-248
-151
-251
-261
-341
-351
-361
-221
-231
-271
-281
-291
-441
-541
-641
-741
-841
-941
256
-252
-253
-255
-257
-258
-156
-266
-346
-356
-366
-226
-236
-276
-286
-296
-456
-556
-656
-756
-856
-956
319
-311
-313
-315
-316
-317
-318
-229
-239
-329
-339
-379
-389
-399
-419
-519
-619
-719
-819
-919
393
-391
-392
-394
-395
-396
-397
-398
-173
-183
-193
-273
-283
-293
-373
-383
-323
-333
-343
-353
-363
-493
-593
-693
-793
-893
-993
411
-412
-413
-415
-416
-417
-418
-421
-431
-511
-521
-531
-611
-621
-631
-451
-461
-471
-481
-491
-111
-711
-811
-911
452
-453
-454
-455
-457
-458
-459
-442
-462
-542
-552
-562
-642
-652
-662
-422
-472
-482
-492
-352
-752
-852
-952
474
-473
-475
-476
-477
-478
-479
-484
-494
-574
-584
-594
-674
-684
-694
-424
-434
-444
-374
384
-381
-382
-385
-386
-387
-388
-774
-874
-974
-784
-884
-984
489
-483
-485
-486
-487
-488
-499
-579
-589
-599
-679
-689
-699
-429
-439
-469
-289
-789
-889
-989
559
-551
-553
-554
-555
-557
-558
-569
-659
-669
-529
-539
-759
-859
-959
583
-581
-582
-585
-586
-587
-588
-573
-673
-683
-513
-523
-533
-543
-563
-783
-883
-983
675
-671
-672
-676
-677
-678
-495
-575
-595
-685
-695
-615
-625
-635
-645
-655
-665
-175
-275
-375
-775
-875
-975
713
-712
-715
-716
-717
-718
-723
-733
-813
-823
-833
-913
-923
-933
-743
-753
-763
-773
-113
-613
721
-722
-724
-725
-726
-727
-728
-729
-731
-821
-831
-921
-931
-751
-761
-771
-781
-791
-121
-321
331
-335
-336
-337
-338
-371
754
-755
-757
-758
-744
-844
-854
-944
-954
-734
-794
-654
765
-762
-766
-767
-768
-769
-745
-845
-855
-865
-945
-955
-965
-735
-785
-795
-265
-365
-465
-565
776
-772
-777
-778
-779
-786
-796
-876
-886
-896
-976
-986
-996
-736
-746
-176
-376
326
-325
-327
-328
-116
-126
-426
-526
-626
-826
-926
-576
815
-812
-816
-817
-818
-825
-835
-915
-925
-935
-885
-895
-115
-515
839
-834
-836
-837
-838
-739
-829
-929
-939
799
-792
-797
-798
-879
-899
-979
-999
-869
969
-961
-962
-963
-966
-967
-968
629
-622
-623
-624
-627
-628
-639
279
-272
-277
-278
-299
861
-862
-863
-866
-867
-868
-851
-951
-871
-881
-891
846
-842
-843
-847
-848
-946
-446
-546
-646
651
-653
-657
-658
-561
-661
-681
-691
898
-892
-894
-897
994
-991
-992
-995
-997
-998
985
-981
-982
-987
-988
971
-972
-973
-977
-978
873
-872
-877
-878
-788
-888
-853
824
-822
-827
-828
-924
-934
882
-887
-782
787
742
-747
-748
-942
-737
738
-918
-928
-938
857
-858
-947
-957
-524
-238
-438
-538
-638
-342
-157
-357
-171
-571
591
-592
-596
-597
-598
181
-185
-186
-187
-188
-191
196
-195
-197
-198
-282
-682
-285
295
-292
-297
-298
372
-377
-378
262
-263
-267
-268
-362
153
-155
-158
-123
125
-127
-128
-225
-235
-425
-525
-953
958
943
-948
-443
-643
355
-358
-345
-572
692
-696
-697
-698
-612
686
-687
-688
-496
-616
-636
-666
-287
288
177
-178
-117
118
-228
-518
-618
617
-427
-437
-517
-527
-537
-637
-647
-667
-917
-577
578
497
-498
-447
-467
-528
522
-512
516
-436
-536
428
-423
466
-463
-468
663
-668
-566
433
-435
-633
634
-534
535
445
-448
-545
544
-547
-548
-644
648
567
-568
912
-916
-922
927
936
-937
223
-227
-233
237
347
-348
-367
368
