124
-121
-122
-123
-125
-126
-127
-128
-129
-114
-134
-214
-224
-234
-314
-324
-334
-144
-154
-164
-174
-184
-194
-424
-524
-624
-724
-824
-924
191
-192
-193
-195
-196
-197
-198
-199
-171
-181
-271
-281
-291
-371
-381
-391
-111
-131
-141
-151
-161
-491
-591
-691
-791
-891
-991
216
-211
-212
-213
-215
-217
-218
-219
-116
-136
-226
-236
-316
-326
-336
-246
-256
-266
-276
-286
-296
-416
-516
-616
-716
-816
-916
248
-241
-242
-243
-244
-245
-247
-249
-148
-158
-168
-258
-268
-348
-358
-368
-228
-238
-278
-288
-298
-448
-548
-648
-748
-848
-948
451
-452
-453
-454
-455
-456
-457
-458
-459
-441
-461
-541
-551
-561
-641
-651
-661
-411
-421
-431
-471
-481
-251
-351
-751
-851
-951
464
-462
-463
-465
-466
-467
-468
-469
-444
-544
-554
-564
-644
-654
-664
-414
-434
-474
-484
-494
-264
-364
-764
-864
-964
485
-482
-483
-486
-487
-488
-489
-475
-495
-575
-585
-595
-675
-685
-695
-415
-425
-435
-445
-185
-285
-385
-785
-885
-985
512
-511
-513
-514
-515
-517
-518
-519
-412
-422
-432
-522
-532
-612
-622
-632
-542
-552
-562
-572
-582
-592
-112
-312
-712
-812
-912
579
-571
-573
-574
-576
-577
-578
-479
-499
-589
-599
-679
-689
-699
-529
-539
-549
-559
-569
-179
-279
-379
-779
-879
-979
653
-652
-655
-656
-657
-658
-659
-443
-543
-553
-563
-643
-663
-613
-623
-633
-673
-683
-693
-153
-253
-353
-753
-853
-953
742
-741
-743
-744
-745
-746
-747
-749
-752
-762
-842
-852
-862
-942
-952
-962
-722
-732
-772
-782
-792
-142
-342
-442
-642
662
-665
-666
-667
-668
-669
-672
-682
-692
-162
-262
-362
778
-771
-773
-774
-775
-776
-777
-788
-798
-878
-888
-898
-978
-988
-998
-718
-728
-738
-758
-768
-178
-378
-478
-678
786
-781
-783
-784
-787
-789
-796
-876
-886
-896
-976
-986
-996
-726
-736
-756
-766
-186
-386
-586
-686
815
-811
-813
-814
-817
-818
-819
-715
-725
-735
-825
-835
-915
-925
-935
-845
-855
-865
-875
-895
-115
-315
-615
831
-832
-833
-834
-836
-837
-838
-839
-711
-721
-731
-821
-911
-921
-931
761
-763
-765
-767
-769
-841
-861
-941
-961
-871
-881
-231
-331
-531
-631
341
-343
-344
-345
-346
-347
-349
-261
-361
221
-222
-223
-225
-227
-229
-311
-321
611
-614
-617
-618
-619
-521
-621
581
-583
-584
-587
-588
-671
-681
971
-972
-973
-974
-975
-977
-981
847
-843
-844
-846
-849
-757
-857
-867
-947
-957
-967
-827
-877
-887
-897
944
-943
-945
-946
-949
-754
-854
-954
-914
-934
-984
-994
714
-713
-717
-719
-734
-794
143
-145
-146
-147
-149
-163
-263
-363
-113
-133
-173
-183
-447
-547
-647
923
-922
-926
-927
-928
-929
-723
-733
-823
-913
-933
793
-795
-797
-799
-873
-883
-893
-983
-993
995
-992
-997
-999
987
-982
-989
755
-759
-955
-965
863
-866
-868
-869
-963
932
-936
-937
-938
-939
-822
826
-828
-829
918
-917
-919
-856
858
-859
-958
-968
-118
-318
-418
322
-323
-325
-327
-328
-329
-132
-232
-332
-352
-372
-382
-392
-423
-523
-426
-526
-626
-155
-255
-355
-555
-558
568
-565
-566
-567
557
-556
-527
-537
-597
-528
525
-535
-625
-635
-545
546
645
-646
-649
-446
449
-419
-429
-439
-536
-596
-538
-598
-157
-257
-357
-187
-287
-387
-687
-293
-393
-493
-593
594
473
-472
-476
-477
492
-496
-497
-498
-674
-684
688
-694
-698
-413
417
-427
428
-437
-627
-637
-438
-628
629
-638
-639
-433
436
533
-534
634
-636
313
-317
-319
-233
-333
-373
-383
-117
119
-139
-239
-339
-159
-169
-189
727
-729
-737
739
-273
283
-282
-284
-289
-188
182
-172
-272
-292
-152
156
252
-254
-259
354
-356
-359
-166
-366
-176
138
-135
-137
-338
-374
-384
-394
-956
959
966
-969
872
-874
-882
-892
274
-275
-277
-294
884
-889
-894
899
-388
389
398
-395
-396
-397
-399
376
-375
-377
-299
269
-265
-267
-369
175
-177
-295
297
-165
167
365
-367
235
-237
-335
337
-676
677
696
-697
