136
-131
-132
-133
-134
-135
-137
-138
-139
-116
-126
-216
-226
-236
-316
-326
-336
-146
-156
-166
-176
-186
-196
-436
-536
-636
-736
-836
-936
149
-141
-142
-143
-144
-145
-147
-148
-159
-169
-249
-259
-269
-349
-359
-369
-119
-129
-179
-189
-199
-449
-549
-649
-749
-849
-949
152
-151
-153
-154
-155
-157
-158
-162
-242
-252
-262
-342
-352
-362
-112
-122
-172
-182
-192
-452
-552
-652
-752
-852
-952
161
-163
-164
-165
-167
-168
-241
-251
-261
-341
-351
-361
-111
-121
-171
-181
-191
-461
-561
-661
-761
-861
-961
173
-174
-175
-177
-178
-183
-193
-273
-283
-293
-373
-383
-393
-113
-123
-473
-573
-673
-773
-873
-973
198
-194
-195
-197
-188
-278
-288
-298
-378
-388
-398
-118
-128
-498
-598
-698
-798
-898
-998
282
-281
-284
-285
-286
-287
-289
-272
-292
-372
-382
-392
-212
-222
-232
-482
-582
-682
-782
-882
-982
319
-311
-312
-313
-314
-315
-317
-318
-219
-229
-239
-329
-339
-379
-389
-399
-419
-519
-619
-719
-819
-919
441
-442
-443
-444
-445
-446
-447
-448
-451
-541
-551
-641
-651
-411
-421
-431
-471
-481
-491
-741
-841
-941
453
-454
-455
-456
-457
-458
-459
-463
-543
-553
-563
-643
-653
-663
-413
-423
-433
-483
-493
-253
-353
-753
-853
-953
472
-474
-475
-476
-477
-478
-479
-492
-572
-592
-672
-692
-412
-422
-432
-462
-772
-872
-972
546
-542
-544
-545
-547
-548
-466
-556
-566
-646
-656
-666
-516
-526
-576
-586
-596
-246
-346
-746
-846
-946
583
-581
-584
-585
-587
-588
-589
-593
-683
-693
-513
-523
-533
-783
-883
-983
614
-611
-612
-613
-615
-616
-617
-618
-414
-424
-434
-514
-524
-534
-624
-634
-644
-654
-664
-674
-684
-694
-114
-214
-714
-814
-914
688
-681
-685
-686
-687
-689
-488
-578
-678
-628
-638
-648
-658
-668
-788
-888
-988
695
-691
-696
-697
-699
-485
-495
-575
-595
-675
-625
-635
-645
-655
-665
-295
-395
-795
-895
-995
712
-711
-713
-715
-716
-717
-718
-722
-732
-812
-822
-832
-912
-922
-932
-742
-762
-792
-512
733
-731
-734
-735
-737
-738
-739
-723
-813
-823
-833
-913
-923
-933
-743
-763
-793
213
-211
-215
-217
-218
-223
-233
-323
-333
-243
-263
623
-621
-622
-626
-627
-629
-633
676
-671
-677
-679
-486
-496
631
-632
-637
-639
-511
-521
-531
-231
-331
-831
-931
-276
-376
-776
-876
-976
779
-771
-774
-775
-777
-778
-789
-799
-879
-889
-899
-979
-989
-999
-729
-759
-769
-279
299
-291
-294
-296
-297
-579
489
-484
-487
-499
-599
-429
-439
-469
844
-842
-843
-845
-847
-848
-744
-754
-764
-854
-864
-944
-954
-964
-824
-834
-874
-884
-894
-244
-344
855
-851
-856
-857
-858
-859
-745
-755
-765
-865
-945
-955
-965
-815
-825
-835
-875
-885
-255
-355
-555
916
-911
-915
-917
-918
-726
-816
-826
-926
-956
-966
-986
-996
811
-817
-818
-721
-821
-921
-871
-881
-891
-416
426
-425
-427
-428
948
-942
-943
-947
-748
747
-757
-767
-867
-957
-967
-758
-768
766
-756
751
-951
-866
-868
-958
959
-968
-869
-969
-781
-791
-786
-796
-727
-787
-797
794
-784
785
-974
-984
-994
-975
-985
-724
-725
728
-828
-838
-928
-938
878
-877
-978
-929
-939
-228
-328
-528
642
-647
-562
-662
343
-345
-347
-348
-363
245
-247
-248
-265
-365
-225
-235
-275
-559
-659
657
-467
-557
-567
-667
669
-569
-257
-357
-266
256
-254
-258
-356
-366
375
-371
-374
-377
-185
-385
-325
-335
-394
-494
497
-577
-597
464
-465
-468
-554
558
-564
565
-568
-417
-437
-515
-525
-535
-518
517
-527
-537
-538
-117
115
-125
-415
418
435
-438
925
-924
-927
934
-935
-937
-234
-334
354
-358
-264
-364
-324
-384
184
-187
-274
-124
127
224
-221
-227
321
-322
-327
332
-337
-338
-237
238
271
-277
-381
-391
267
-268
-367
368
522
-529
-532
539
-827
829
837
-839
-887
886
-896
-897
-571
574
591
-594
-971
977
-987
981
-991
-997
-386
387
396
-397
992
-993
-892
893
862
-863
-962
963
