131
-132
-133
-134
-135
-136
-137
-138
-139
-111
-121
-211
-221
-231
-311
-321
-331
-141
-151
-161
-171
-181
-191
-431
-531
-631
-731
-831
-931
162
-163
-164
-165
-166
-167
-168
-169
-142
-152
-242
-252
-262
-342
-352
-362
-112
-122
-172
-182
-192
-462
-562
-662
-762
-862
-962
174
-173
-175
-176
-177
-178
-179
-184
-194
-274
-284
-294
-374
-384
-394
-114
-124
-144
-154
-474
-574
-674
-774
-874
-974
197
-193
-195
-196
-198
-199
-187
-277
-287
-297
-377
-387
-397
-117
-127
-147
-157
-497
-597
-697
-797
-897
-997
228
-222
-223
-224
-225
-226
-227
-229
-118
-128
-218
-238
-318
-328
-338
-248
-258
-268
-278
-288
-298
-428
-528
-628
-728
-828
-928
245
-241
-243
-244
-246
-247
-249
-145
-155
-255
-265
-345
-355
-365
-215
-235
-275
-285
-295
-445
-545
-645
-745
-845
-945
257
-251
-253
-254
-256
-259
-267
-347
-357
-367
-217
-237
-457
-557
-657
-757
-857
-957
269
-261
-263
-264
-266
-149
-159
-349
-359
-369
-219
-239
-279
-289
-299
-469
-569
-669
-769
-869
-969
354
-351
-353
-356
-358
-344
-364
-314
-324
-334
-454
-554
-654
-754
-854
-954
423
-421
-422
-424
-425
-426
-427
-429
-413
-433
-513
-523
-533
-613
-623
-633
-443
-453
-463
-473
-483
-493
-123
-323
-723
-823
-923
438
-432
-434
-435
-436
-437
-439
-418
-518
-538
-618
-638
-448
-458
-468
-478
-488
-498
-738
-838
-938
477
-471
-472
-475
-476
-479
-487
-577
-587
-677
-687
-417
-447
-467
-777
-877
-977
511
-512
-514
-515
-516
-517
-519
-411
-521
-611
-621
-541
-551
-561
-571
-581
-591
-711
-811
-911
525
-522
-524
-526
-527
-529
-415
-535
-615
-625
-635
-555
-565
-575
-585
-595
-125
-325
-725
-825
-925
588
-582
-583
-584
-586
-589
-578
-598
-678
-688
-698
-548
-558
-568
-188
-388
-788
-888
-988
596
-592
-593
-594
-599
-486
-496
-576
-676
-686
-696
-536
-546
-556
-566
-296
-396
-796
-896
-996
637
-632
-634
-636
-639
-537
-617
-627
-647
-667
-337
-737
-837
-937
675
-671
-672
-673
-679
-485
-495
-685
-695
-655
-665
-375
-775
-875
-975
682
-681
-683
-684
-689
-482
-492
-572
-692
-612
-622
-642
-652
-282
-382
-782
-882
-982
755
-751
-752
-753
-756
-758
-759
-765
-855
-865
-955
-965
-715
-735
-785
-795
-455
465
-461
-464
-466
844
-841
-842
-843
-846
-847
-848
-849
-744
-764
-864
-944
-964
-814
-824
-834
-884
-894
-444
-544
-644
851
-852
-853
-856
-858
-859
-741
-761
-861
-941
-951
-961
-821
-871
-881
-891
-451
-651
863
-866
-867
-868
-743
-763
-943
-953
-963
-813
-833
-873
-883
-893
-363
-563
-663
886
-885
-887
-889
-776
-786
-876
-976
-986
-816
-826
-836
-186
-286
-386
912
-913
-914
-915
-916
-917
-918
-919
-712
-722
-732
-812
-822
-832
-922
-932
-942
-952
742
-746
-747
-748
-749
-772
-792
-972
-992
-212
-312
-412
532
-534
-539
-542
-552
564
-567
-664
547
-543
-549
322
-326
-327
-329
-232
-332
317
-313
-315
-316
-319
-372
-392
-717
-817
827
-829
-727
-927
-442
452
-456
-459
-947
934
-933
-935
-936
-939
-714
-724
-734
-924
-984
-994
624
-626
-629
-414
-614
-694
214
-213
-216
-234
946
-948
-949
-766
-956
-966
959
-958
-926
-929
921
-721
-971
-981
-991
-979
-989
-999
-146
-346
-446
416
-419
-616
619
-649
-659
-699
-116
-716
-119
-719
-819
-646
449
-441
-559
553
-643
-653
-489
-499
579
-573
693
-691
-153
-379
-779
-879
-293
-393
-793
-993
978
-973
-778
-798
-878
872
-892
-898
-998
995
-895
899
-985
-789
-799
818
-815
835
-839
-718
713
-733
-773
771
-781
-791
794
-784
-783
787
983
-987
-767
768
967
-968
-113
115
-335
-185
-368
-668
-271
-371
-272
292
-291
281
-283
-381
-391
-378
398
-395
-399
385
-383
-389
189
-183
143
-148
-343
158
-156
366
-361
341
-348
126
-129
-236
233
-333
-336
339
-273
276
373
-376
-726
729
736
-739
-641
648
661
-666
656
-658
-481
484
491
-494
