186
-181
-182
-183
-184
-185
-187
-188
-189
-176
-196
-276
-286
-296
-376
-386
-396
-116
-126
-136
-146
-156
-166
-486
-586
-686
-786
-886
-986
216
-211
-212
-213
-214
-215
-217
-218
-219
-226
-236
-316
-326
-336
-246
-256
-266
-416
-516
-616
-716
-816
-916
221
-222
-223
-224
-225
-227
-228
-229
-111
-121
-131
-231
-311
-321
-331
-241
-251
-261
-271
-281
-291
-421
-521
-621
-721
-821
-921
238
-232
-233
-234
-235
-237
-239
-118
-128
-138
-318
-328
-338
-248
-258
-268
-278
-288
-298
-438
-538
-638
-738
-838
-938
293
-292
-294
-295
-297
-299
-173
-193
-273
-283
-373
-383
-393
-243
-253
-263
-493
-593
-693
-793
-893
-993
347
-341
-342
-343
-344
-345
-346
-348
-349
-147
-157
-167
-247
-257
-267
-357
-367
-317
-327
-337
-377
-387
-397
-447
-547
-647
-747
-847
-947
361
-362
-363
-364
-365
-366
-368
-369
-141
-151
-161
-351
356
-352
-353
-354
-355
-358
-359
-371
-381
-391
-456
-556
-656
-756
-856
-956
-461
-561
-661
-761
-861
-961
389
-382
-384
-385
-388
-179
-199
-279
-289
-379
-399
-319
-329
-339
-489
-589
-689
-789
-889
-989
449
-441
-442
-443
-444
-445
-446
-448
-459
-469
-549
-559
-569
-649
-659
-669
-419
-429
-439
-479
-499
-149
-249
-749
-849
-949
476
-471
-472
-473
-474
-475
-477
-478
-496
-576
-596
-676
-696
-426
-436
-466
-776
-876
-976
481
-482
-483
-484
-485
-487
-488
-491
-571
-581
-591
-671
-681
-691
-411
-431
-451
-781
-881
-981
535
-531
-532
-533
-534
-536
-537
-539
-415
-425
-435
-515
-525
-615
-625
-635
-545
-555
-565
-575
-585
-595
-135
-335
-735
-835
-935
573
-572
-574
-577
-578
-579
-583
-673
-683
-513
-523
-543
-553
-563
-773
-873
-973
623
-622
-624
-626
-627
-628
-629
-413
-423
-433
-613
-633
-643
-653
-663
-123
-323
-723
-823
-923
632
-631
-634
-636
-637
-639
-412
-422
-432
-512
-522
-612
526
-524
-527
-528
-529
-546
-566
-642
-652
-662
-672
-682
-692
-726
-826
-926
-132
-332
-732
-832
-932
667
-664
-665
-666
-668
646
-641
-644
-645
-648
-457
-467
-557
-567
-657
-617
-677
-687
-697
-746
-846
-946
-767
-867
-967
714
-711
-712
-713
-715
-717
-718
-719
-724
-734
-814
-824
-834
-914
-924
-934
-744
-754
-764
-774
-784
-794
-114
-314
-414
-514
-614
729
-722
-725
-727
-728
-739
-819
-829
-839
-919
-929
-939
-759
-769
-779
-799
-129
139
-133
-134
-137
-119
-159
-169
748
-741
-742
-743
-745
-758
-768
-848
-858
-868
-948
-958
-968
-778
-788
-798
-148
-548
766
-762
-763
-765
-866
-966
-736
-796
817
-811
-812
-813
-815
-818
-737
-827
-837
-917
-927
-937
-857
-877
-887
-897
-117
127
-122
-124
-125
-177
-197
-417
418
-428
-518
-618
-458
-468
-498
-517
-918
-427
424
-434
437
-454
-464
-494
-497
-324
334
-333
313
-312
-315
-113
-374
-394
-913
879
-871
-872
-874
-875
-878
-899
-979
-999
-859
-869
-679
884
-882
-883
-885
-888
-894
-974
-984
-994
-844
-854
-864
-284
-584
-684
895
-891
-892
-896
-898
-775
-785
-795
-975
-985
-995
996
-991
-992
-997
-998
755
-751
-752
-753
-757
-845
-855
-865
-945
-955
-965
957
-951
-952
-953
-954
-959
969
-962
-963
-964
944
-941
-942
-943
-825
836
-831
-833
-936
828
-822
-928
-977
-987
-144
-244
-544
-155
-255
-455
-655
465
-462
-463
453
-452
492
-495
-582
-592
-153
-853
259
-252
-254
-269
-165
-265
-192
-392
-792
-195
-395
398
-178
-198
-378
-695
-598
-698
922
-925
-912
915
-911
-972
-982
112
-115
-322
325
-142
-152
-162
-172
372
-375
-272
-282
-772
782
-783
-787
983
-988
978
-971
733
-731
931
-933
-678
-143
145
163
-164
-168
-245
242
-262
264
-154
158
-175
-274
-542
541
-551
-651
-511
519
611
-619
-599
699
-694
-841
851
-852
-842
843
862
-863
552
-554
-558
-562
654
-658
-564
568
594
-597
-674
675
-685
688
587
-588
174
-171
191
-194
771
-777
-791
797
-275
277
285
-287
