138
-131
-132
-133
-134
-135
-136
-137
-139
-118
-128
-218
-228
-238
-318
-328
-338
-148
-158
-168
-178
-188
-198
-438
-538
-638
-738
-838
-938
149
-141
-142
-143
-144
-145
-146
-147
-159
-169
-249
-259
-269
-349
-359
-369
-119
-129
-179
-189
-199
-449
-549
-649
-749
-849
-949
154
-151
-152
-153
-155
-156
-157
-164
-244
-254
-264
-344
-354
-364
-114
-124
-174
-184
-194
-454
-554
-654
-754
-854
-954
173
-171
-172
-175
-176
-177
-183
-193
-273
-283
-293
-373
-383
-393
-113
-123
-163
-473
-573
-673
-773
-873
-973
197
-191
-192
-195
-196
-187
-277
-287
-297
-377
-387
-397
-117
-127
-167
-497
-597
-697
-797
-897
-997
236
-231
-232
-233
-234
-235
-237
-239
-116
-126
-216
-226
-316
-326
-336
-246
-256
-266
-276
-286
-296
-436
-536
-636
-736
-836
-936
248
-241
-242
-243
-245
-247
-258
-268
-348
-358
-368
-278
-288
-298
-448
-548
-648
-748
-848
-948
274
-271
-272
-275
-279
-284
-294
-374
-384
-394
-214
-224
-474
-574
-674
-774
-874
-974
323
-321
-322
-324
-325
-327
-329
-213
-223
-313
-333
-343
-353
-363
-423
-523
-623
-723
-823
-923
367
-361
-362
-365
-366
-257
-267
-347
-357
-317
-337
-467
-567
-667
-767
-867
-967
389
-381
-382
-385
-386
-388
-289
-299
-379
-399
-319
-339
-489
-589
-689
-789
-889
-989
444
-441
-442
-443
-445
-446
-447
-464
-544
-564
-644
-664
-414
-424
-434
-484
-494
-744
-844
-944
525
-521
-522
-524
-526
-527
-528
-529
-415
-425
-435
-515
-535
-615
-625
-635
-545
-555
-565
-575
-585
-595
-125
-225
-725
-825
-925
543
-541
-542
-546
-547
-453
-463
-553
-563
-643
-653
-663
-513
-533
-583
-593
-743
-843
-943
559
-551
-552
-556
-557
-558
-459
-469
-569
-659
-669
-519
-539
-579
-599
-759
-859
-959
566
-561
-562
-568
-456
-466
-646
-656
-666
-516
-576
-586
-596
-166
186
-181
-182
-185
-376
-396
-766
-866
-966
-486
-686
-786
-886
-986
581
-582
-584
-587
-588
-471
-481
-491
-571
-591
-671
-681
-691
-511
-531
-281
-781
-881
-981
661
-662
-665
-668
-451
-461
-641
-651
-611
-621
-631
-161
-261
-761
-861
-961
722
-721
-724
-726
-727
-728
-729
-712
-732
-812
-822
-832
-912
-922
-932
-742
-752
-762
-772
-782
-792
-122
121
-111
-211
-221
-311
-331
-421
-821
-921
-222
-422
-622
745
-741
-746
-747
-755
-765
-845
-855
-865
-945
-955
-965
-715
-735
-775
-785
-795
-345
-645
787
-783
-784
-788
-777
-877
-887
-977
-987
-717
-737
-757
-487
-687
835
-831
-833
-834
-837
-839
-815
-915
-935
-875
-885
-895
-335
863
-862
-864
-868
-869
-753
-763
-853
-953
-963
-813
-883
-893
253
-251
-252
-255
-263
291
-292
-295
-371
-391
-791
-891
-991
913
-911
-914
-916
-917
-918
-919
-713
-733
-933
793
-794
-796
-798
-799
-983
-993
-413
-613
-493
-693
934
-931
-937
-939
-714
-734
-814
-824
-924
764
-768
-769
-964
969
-962
-968
-984
-994
-929
-979
-999
624
-626
-627
-628
-629
-514
-534
-614
-634
594
-592
-598
-684
-694
314
-312
-315
-334
332
-112
115
-212
-215
162
-165
-262
265
-342
-352
-355
282
-285
-372
-392
-432
-532
537
-417
-427
-437
-517
-617
-637
-577
-632
-462
-465
468
-458
-658
-418
-428
-478
-488
-498
-482
-682
-882
-982
884
-888
-894
957
-951
-952
-956
-958
-847
-857
-947
-927
647
-642
-457
-657
477
-472
-475
-476
-479
-677
975
-971
-972
-976
-978
-985
988
-995
-778
-878
-898
-998
941
-942
-946
-751
-841
-851
992
-996
-872
-892
926
-928
-716
-816
-826
-426
429
-419
-439
-619
-639
633
-433
431
-411
483
-485
-683
-499
828
-827
-829
817
-811
-818
-819
-718
758
-756
-858
776
-771
-779
871
-876
-879
-896
899
711
-719
-731
739
-217
219
227
-229
-341
346
351
-356
842
-846
-852
856
-375
378
395
-398
-675
-676
-578
572
-492
-672
-692
-512
518
-618
-678
679
-699
685
-688
-495
496
-695
-696
698
455
-452
652
-655
412
-416
-612
616
