133
-131
-132
-134
-135
-136
-137
-138
-139
-113
-123
-213
-223
-233
-313
-323
-333
-143
-153
-163
-173
-183
-193
-433
-533
-633
-733
-833
-933
155
-151
-152
-154
-156
-157
-158
-159
-145
-165
-245
-255
-265
-345
-355
-365
-115
-125
-175
-185
-195
-455
-555
-655
-755
-855
-955
169
-161
-162
-164
-166
-167
-168
-149
-249
-259
-269
-349
-359
-369
-119
-129
-179
-189
-199
-469
-569
-669
-769
-869
-969
172
-171
-174
-176
-177
-178
-182
-192
-272
-282
-292
-372
-382
-392
-112
-122
-142
-472
-572
-672
-772
-872
-972
231
-232
-234
-235
-236
-237
-238
-239
-111
-121
-211
-221
-311
-321
-331
-241
-251
-261
-271
-281
-291
-431
-531
-631
-731
-831
-931
244
-242
-243
-246
-247
-248
-144
-254
-264
-344
-354
-364
-214
-224
-274
-284
-294
-444
-544
-644
-744
-844
-944
253
-252
-256
-257
-258
-263
-343
-353
-363
-273
-283
-293
-453
-553
-653
-753
-853
-953
279
-275
-276
-277
-278
-289
-299
-379
-389
-399
-219
-229
-479
-579
-679
-779
-879
-979
295
-296
-297
-298
-285
-375
-385
-395
-215
-225
-495
-595
-695
-795
-895
-995
317
-312
-314
-315
-316
-318
-319
-117
-127
-217
-227
-327
-337
-347
-357
-367
-377
-387
-397
-417
-517
-617
-717
-817
-917
368
-361
-362
-366
-148
-268
-348
-358
-328
-338
-378
-388
-398
-468
-568
-668
-768
-868
-968
466
-461
-462
-463
-464
-465
-467
-446
-456
-546
-556
-566
-646
-656
-666
-416
-426
-436
-476
-486
-496
-266
-766
-866
-966
492
-491
-493
-494
-497
-498
-499
-482
-582
-592
-682
-692
-412
-422
-432
-442
-452
-792
-892
-992
527
-521
-522
-523
-524
-525
-526
-528
-529
-427
-437
-537
-627
-637
-547
-557
-567
-577
-587
-597
-727
-827
-927
581
-583
-584
-585
-586
-588
-589
-471
-481
-571
-591
-671
-681
-691
-511
-541
-551
-561
-181
-381
-781
-881
-981
618
-611
-612
-613
-614
-615
-616
-619
-418
-428
-438
-518
-538
-628
-638
-648
-658
-678
-688
-698
-118
-218
-718
-818
-918
645
-641
-642
-643
-647
-649
-445
-545
-565
-665
-625
-635
-675
-685
-745
-845
-945
746
-741
-742
-743
-747
-748
-749
-756
-846
-856
-946
-956
-716
-726
-736
-776
-786
-796
-146
-346
356
-351
-352
-326
-336
-376
-386
-396
794
-791
-793
-797
-798
-799
-774
-784
-874
-884
-894
-974
-984
-994
-714
-724
-734
-754
-764
-194
-394
-594
-694
811
-812
-813
-814
-815
-816
-819
-711
-721
-821
-911
-921
-841
-851
-861
-871
-891
-411
838
-832
-834
-835
-836
-837
-839
-728
-738
-828
-928
-938
-848
-858
-878
-888
-898
857
-852
-854
-859
-757
-767
-847
-867
-947
-957
-967
-877
-887
-897
-457
-657
864
-862
-863
-865
-954
-964
-824
-564
-664
873
-875
-876
-773
-783
-883
-893
-973
-983
-993
-823
-843
-373
-473
-573
-673
934
-932
-935
-936
-937
-939
-914
-924
737
-732
-735
-739
-777
-787
-334
-434
-534
-634
943
-941
-942
-948
-949
-763
-963
-913
-923
-443
-543
958
-951
-952
-959
-758
-978
-988
-998
-458
-558
975
-971
-976
-977
-775
-785
-885
-985
825
-822
-826
-829
-715
-725
-915
-925
765
-761
-762
-965
-325
335
-332
-339
329
-322
-324
342
-341
141
-147
-262
267
-191
-287
-425
-429
-629
-729
-929
-435
439
-419
-519
-539
-639
-449
-459
-489
-535
-441
-542
-842
849
-759
882
-886
-889
-782
-982
896
-899
-986
-996
447
-448
-667
548
-549
-477
-487
-578
-598
-475
-575
485
-483
-484
-488
478
-474
-415
515
-512
-513
-514
-516
677
-674
-676
-687
-697
576
-574
684
-683
-686
-689
-596
-696
554
-552
-559
-454
451
-651
-661
-654
659
-652
-421
621
-622
-623
-624
-626
-536
532
-632
636
-562
563
662
-663
-593
599
693
-699
-751
752
961
-962
771
-778
-991
788
-789
-712
-722
723
-713
719
-919
413
-414
-423
424
114
-116
-124
-184
-371
374
391
-393
383
-384
-188
-288
286
-186
187
-196
-197
198
126
-128
-216
212
-222
-226
228
-912
916
922
-926
-987
989
997
-999
