123
-121
-122
-124
-125
-126
-127
-128
-129
-113
-133
-213
-223
-233
-313
-323
-333
-143
-153
-163
-173
-183
-193
-423
-523
-623
-723
-823
-923
187
-181
-182
-184
-185
-186
-188
-189
-177
-197
-277
-287
-297
-377
-387
-397
-117
-137
-147
-157
-167
-487
-587
-687
-787
-887
-987
258
-251
-252
-253
-254
-255
-256
-257
-259
-148
-158
-168
-248
-268
-348
-358
-368
-218
-228
-238
-278
-288
-298
-458
-558
-658
-758
-858
-958
262
-261
-263
-264
-265
-266
-267
-269
-142
-152
-162
-242
-342
-352
-362
-212
-222
-232
-272
-282
-292
-462
-562
-662
-762
-862
-962
351
-353
-354
-355
-356
-357
-359
-141
-151
-161
-241
-341
-361
-311
-321
-331
-371
-381
-391
-451
-551
-651
-751
-851
-951
375
-372
-373
-374
-376
-378
-379
-175
-195
-275
-285
-295
-385
-395
-315
-325
-335
-345
-365
-475
-575
-675
-775
-875
-975
427
-421
-422
-424
-425
-426
-428
-429
-417
-437
-517
-527
-537
-617
-627
-637
-447
-457
-467
-477
-497
-227
-327
-727
-827
-927
435
-431
-432
-433
-434
-436
-438
-439
-415
-515
-525
-535
-615
-625
-635
-445
-455
-465
-485
-495
-135
-235
-735
-835
-935
446
-441
-442
-443
-444
-448
-449
-456
-466
-546
-556
-566
-646
-656
-666
-416
-476
-486
-496
-146
-246
-346
-746
-846
-946
543
-541
-542
-544
-545
-547
-548
-549
-453
-463
-553
-563
-643
-653
-663
-513
-533
-573
-583
-593
-243
-343
363
-364
-366
-367
-369
-383
-393
-743
-843
-943
-763
-863
-963
578
-571
-572
-574
-576
-577
-579
-478
-488
-498
-588
-598
-678
-688
-698
-518
-528
-538
-568
-178
-778
-878
-978
671
-672
-673
-674
-676
-677
-679
-471
-481
-491
-581
-591
-681
-691
-611
-621
-631
-641
-661
-171
-271
-771
-871
-971
745
-741
-742
-744
-747
-748
-749
-755
-765
-845
-855
-865
-945
-955
-965
-715
-725
-785
-795
-145
-245
-645
786
-781
-782
-783
-784
-788
-789
-776
-796
-876
-886
-896
-976
-986
-996
-716
-726
-736
-756
-766
-286
-386
-586
-686
812
-811
-813
-814
-815
-816
-817
-818
-819
-712
-722
-732
-822
-832
-912
-922
-932
-842
-852
-872
-882
-892
-112
-312
-412
-512
-612
854
-853
-856
-857
-859
-754
-764
-844
-864
-944
-954
-964
-824
-834
-874
-884
-894
-154
-454
-554
-654
911
-913
-914
-915
-916
-917
-918
-919
-711
-721
-731
-821
-831
-921
-931
-941
-961
-981
-991
-111
-211
-411
461
-464
-468
-469
-561
418
-413
-414
-419
-618
-628
-638
-511
-118
-318
-718
841
-847
-848
-849
-761
-861
791
-792
-793
-794
-797
-798
-799
-881
-891
281
-283
-284
-289
-191
-291
131
-132
-134
-136
-138
-139
-221
-231
198
-192
-194
-196
-199
-388
-398
172
-174
-176
-179
-382
-392
521
-522
-524
-526
-529
-531
-472
-772
752
-753
-757
-759
-942
-952
953
-956
-957
-959
-933
-973
-983
-993
642
-644
-647
-648
-649
-452
459
-552
-652
668
-664
-665
-667
-669
564
-565
-567
-569
-559
-659
-479
-489
-499
-514
-534
-584
-594
-622
-632
532
-536
-539
-582
-592
-682
-692
322
-324
-326
-328
-329
-332
338
-334
-336
-337
-339
-738
-838
-938
948
-947
-949
-768
-868
-968
728
-724
-729
-828
-928
-988
-998
156
-155
-159
165
-164
-166
-169
-115
-116
215
-214
-216
-217
-219
-225
-972
276
-273
-274
-279
293
-294
-296
-299
-396
-226
-236
316
-314
-317
-319
237
-234
-239
-247
347
-344
-349
-516
519
-619
-629
-639
596
-595
-597
-599
-696
697
-693
-694
-695
-699
557
-555
655
-657
585
-589
-685
689
-683
-684
-616
717
-713
-714
-719
-737
-837
-937
-767
769
-869
-969
-777
-739
-779
613
-614
-633
114
-119
-224
229
-144
149
244
-249
-829
-929
-885
-985
888
-883
-889
-898
483
-482
-484
492
-493
-494
-473
474
-774
773
-873
-893
-733
734
833
-836
-839
-924
-934
939
-936
-979
-989
-999
624
-626
-634
636
-974
977
-877
879
-897
-997
-899
895
-995
-825
826
925
-926
-866
867
966
-967
982
-984
-992
994
384
-389
-394
399
