185
-181
-182
-183
-184
-186
-187
-188
-189
-175
-195
-275
-285
-295
-375
-385
-395
-115
-125
-135
-145
-155
-165
-485
-585
-685
-785
-885
-985
191
-192
-193
-194
-196
-197
-198
-199
-171
-271
-281
-291
-371
-381
-391
-111
-121
-131
-141
-151
-161
-491
-591
-691
-791
-891
-991
224
-221
-222
-223
-225
-226
-227
-228
-229
-114
-124
-134
-214
-234
-314
-324
-334
-244
-254
-264
-274
-284
-294
-424
-524
-624
-724
-824
-924
249
-241
-242
-243
-245
-246
-247
-248
-149
-159
-169
-259
-269
-349
-359
-369
-219
-239
-279
-289
-299
-449
-549
-649
-749
-849
-949
343
-341
-342
-344
-345
-346
-347
-348
-143
-153
-163
-253
-263
-353
-363
-313
-323
-333
-373
-383
-393
-443
-543
-643
-743
-843
-943
388
-382
-384
-386
-387
-389
-178
-278
-288
-298
-378
-398
-318
-328
-338
-358
-368
-488
-588
-688
-788
-888
-988
411
-412
-413
-414
-415
-416
-417
-418
-419
-421
-431
-511
-521
-531
-611
-621
-631
-441
-451
-461
-471
-481
-211
-311
-711
-811
-911
437
-432
-433
-434
-435
-436
-438
-439
-427
-517
-527
-537
-617
-627
-637
-447
-457
-467
-477
-487
-497
-137
-237
-337
-737
-837
-937
455
-452
-453
-454
-456
-458
-459
-445
-465
-545
-555
-565
-645
-655
-665
-425
-475
-495
-255
-355
-755
-855
-955
523
-522
-525
-526
-528
-529
-423
-513
-533
-613
-623
-633
-553
-563
-573
-583
-593
-123
-723
-823
-923
572
-571
-574
-575
-576
-577
-578
-579
-472
-482
-492
-582
-592
-672
-682
-692
-512
-532
-542
-552
-562
-172
-272
-372
-772
-872
-972
742
-741
-744
-745
-746
-747
-748
-752
-762
-842
-852
-862
-942
-952
-962
-712
-722
-732
-782
-792
-142
-442
-642
769
-761
-763
-764
-765
-766
-767
-768
-759
-859
-869
-959
-969
-719
-729
-739
-779
-789
-799
-469
-569
-669
773
-771
-774
-775
-776
-777
-778
-783
-793
-873
-883
-893
-973
-983
-993
-713
-733
-753
-173
-273
-473
-673
816
-812
-813
-814
-815
-817
-818
-819
-716
-726
-736
-826
-836
-916
-926
-936
-846
-856
-866
-876
-886
-896
-116
-216
-316
-516
-616
835
-831
-832
-833
-834
-838
-839
-715
-725
-735
-825
-915
-925
-935
795
-794
-796
-797
-798
-875
-895
-975
-995
-845
-865
-235
-335
-535
-635
945
-941
-944
-946
-947
-948
-965
675
-671
-674
-676
-677
-678
-679
-595
-695
515
-514
-518
-519
-615
-625
-215
265
-261
-262
-266
-267
-268
-365
-315
325
-321
-322
-326
-327
-329
918
-912
-913
-914
-917
-919
933
-931
-932
-934
-938
-939
-718
-728
-738
-828
-928
758
-751
-754
-756
-757
-848
-858
-868
-958
-968
786
-781
-784
-787
-976
-986
-996
-953
-963
-978
-998
-118
-218
-618
-133
113
-112
-117
-119
-213
-233
-158
-258
238
-231
-232
-236
331
-332
-336
-339
-128
-138
251
-252
-256
-257
-351
-361
-731
734
-714
717
-727
721
-821
-921
-827
-927
614
-612
-619
-534
-634
-644
-654
-664
-684
-694
-217
212
-122
-132
-312
-282
-292
392
-394
-396
-397
-399
-352
-362
-317
319
127
-126
-129
136
-139
-146
-156
-166
-176
-147
-157
-167
-177
179
-174
374
-376
-377
-379
-354
-364
632
-636
-638
-639
-422
-622
462
-463
-464
-466
-468
-652
-662
-536
-538
539
-429
-629
-559
659
-651
-653
-656
-657
-658
663
-661
-666
-667
-668
-589
-599
-683
-693
-689
-699
-551
-851
-951
152
-154
-162
853
-854
-857
-863
-558
-474
-874
-974
-479
-879
-979
-286
-486
-586
-686
-892
-992
-144
148
164
-168
-448
-548
-648
568
-561
-564
-566
-567
-598
-864
-964
-276
277
296
-293
-297
283
-287
476
-478
-496
-596
-696
-426
428
626
-628
-446
444
-544
-554
-484
-494
-498
698
-697
-646
-844
954
-956
-957
966
-961
-967
-984
-994
546
-541
-547
641
-647
-556
557
581
-584
-587
-681
687
594
-597
-841
847
861
-867
-871
-881
-877
878
-898
-887
-897
356
-357
-366
367
971
-977
-981
-483
489
493
-499
884
-882
-889
982
-987
-989
-894
899
997
-999
822
-829
-922
929
