144
-141
-142
-143
-145
-146
-147
-148
-149
-154
-164
-244
-254
-264
-344
-354
-364
-114
-124
-134
-174
-184
-194
-444
-544
-644
-744
-844
-944
168
-161
-162
-163
-165
-166
-167
-169
-158
-248
-258
-268
-348
-358
-368
-118
-128
-138
-178
-188
-198
-468
-568
-668
-768
-868
-968
182
-181
-183
-185
-186
-187
-189
-172
-192
-272
-282
-292
-372
-382
-392
-112
-122
-132
-152
-482
-582
-682
-782
-882
-982
223
-221
-222
-224
-225
-226
-227
-228
-229
-113
-123
-133
-213
-233
-313
-323
-333
-243
-253
-263
-273
-283
-293
-423
-523
-623
-723
-823
-923
235
-231
-232
-234
-236
-237
-238
-239
-115
-125
-135
-215
-315
-325
-335
-245
-255
-265
-275
-285
-295
-435
-535
-635
-735
-835
-935
451
-452
-453
-454
-455
-456
-457
-458
-459
-441
-461
-541
-551
-561
-641
-651
-661
-411
-421
-431
-471
-481
-491
-151
-251
-351
-751
-851
-951
473
-472
-474
-475
-476
-477
-478
-479
-483
-493
-573
-583
-593
-673
-683
-693
-413
-433
-443
-463
-173
-373
-773
-873
-973
497
-492
-494
-495
-496
-498
-499
-487
-577
-587
-597
-677
-687
-697
-417
-427
-437
-447
-467
-197
-297
-397
-797
-897
-997
518
-511
-512
-513
-514
-515
-516
-517
-519
-418
-428
-438
-528
-538
-618
-628
-638
-548
-558
-578
-588
-598
-218
-318
-718
-818
-918
546
-542
-543
-545
-547
-549
-446
-466
-556
-566
-646
-656
-666
-526
-536
-576
-586
-596
-246
-346
-746
-846
-946
647
-642
-643
-645
-648
-649
-557
-567
-657
-667
-617
-627
-637
-247
-347
-747
-847
-947
675
-671
-672
-674
-676
-678
-679
-485
-575
-585
-595
-685
-695
-615
-625
-655
-665
-175
-375
-775
-875
-975
717
-711
-712
-713
-714
-715
-716
-719
-727
-737
-817
-827
-837
-917
-927
-937
-757
-767
-777
-787
-117
-217
-317
753
-752
-754
-755
-756
-758
-759
-743
-763
-843
-853
-863
-943
-953
-963
-733
-783
-793
343
-341
-342
-345
-349
-153
-353
-363
193
-191
-195
-196
-199
-383
-393
155
-156
-157
-159
-355
-365
-553
-653
-555
-855
-955
-893
-993
814
-811
-812
-813
-815
-816
-819
-724
-734
-824
-834
-914
-924
-934
-854
-864
-874
-884
-894
-214
-314
-414
-614
888
-881
-883
-885
-886
-887
-889
983
-981
-984
-985
-986
-987
-988
-989
-778
-788
-798
-878
-898
-978
-998
833
-831
-832
-836
-838
-839
-913
-933
-828
-848
-858
613
-611
-612
-616
-619
-533
-633
563
-562
-564
-565
-569
-663
525
-521
-522
-524
-527
-529
-415
-425
537
-531
-532
-534
-539
915
-911
-912
-916
-919
-725
-825
-925
-945
-965
-995
-137
-337
-288
-388
-488
448
-442
-445
-449
465
-462
-464
-469
-658
-748
-948
958
-952
-954
-956
-957
-959
-928
-938
-765
-865
-688
698
-691
-692
-694
-696
-699
-298
278
-271
-274
-276
-277
-279
-378
-398
971
-972
-974
-976
-977
-979
-771
-781
-791
-871
-891
-991
877
-872
-876
-879
-857
-867
967
-961
-962
-964
-966
-969
764
-761
-762
-766
-769
-774
-784
-794
994
-992
-996
-999
-921
-931
-941
-664
-267
-367
-171
-371
-571
-177
127
-121
-126
-129
-327
-377
-294
284
-281
-286
-287
-289
-374
-384
-394
387
-381
-385
-386
-389
395
-391
-396
-399
291
-296
-299
-211
-241
-261
361
-362
-366
-369
257
-252
-256
-259
-357
-311
-321
-331
111
-116
-119
-131
-861
574
-572
-579
592
-591
-594
-599
-484
-584
-684
581
-589
-681
-552
-554
559
654
-652
-659
662
-669
-622
-632
-624
-634
-359
-859
-262
-862
772
-776
-779
-792
-892
-722
-732
-742
785
-786
-789
-795
-895
-745
845
-841
-842
-849
741
-749
-721
-731
821
-822
-826
-829
852
-856
-942
949
866
-869
-896
899
796
-799
-726
-736
-929
-939
-621
631
-636
-639
242
-249
-352
356
-266
269
-212
216
-219
-136
139
-316
-326
-336
-319
312
-322
-332
-329
-339
176
-179
-376
379
-412
-416
419
-429
-439
-629
626
-426
-436
486
-489
-686
689
-926
922
-932
936
-422
424
432
-434
-324
328
334
-338
-728
729
738
-739
