139
-131
-132
-133
-134
-135
-136
-137
-138
-119
-129
-219
-229
-239
-319
-329
-339
-149
-159
-169
-179
-189
-199
-439
-539
-639
-739
-839
-939
152
-151
-153
-154
-155
-156
-157
-158
-142
-162
-242
-252
-262
-342
-352
-362
-112
-122
-172
-182
-192
-452
-552
-652
-752
-852
-952
194
-191
-193
-195
-196
-197
-198
-174
-184
-274
-284
-294
-374
-384
-394
-114
-124
-144
-164
-494
-594
-694
-794
-894
-994
258
-251
-253
-254
-255
-256
-257
-259
-148
-168
-248
-268
-348
-358
-368
-218
-228
-238
-278
-288
-298
-458
-558
-658
-758
-858
-958
264
-261
-263
-265
-266
-267
-269
-244
-344
-354
-364
-214
-224
-234
-464
-564
-664
-764
-864
-964
283
-281
-282
-285
-286
-287
-289
-173
-183
-273
-293
-373
-383
-393
-213
-223
-233
-243
-483
-583
-683
-783
-883
-983
346
-341
-343
-345
-347
-349
-146
-166
-246
-356
-366
-316
-326
-336
-376
-386
-396
-446
-546
-646
-746
-846
-946
371
-372
-375
-377
-378
-379
-171
-181
-271
-291
-381
-391
-311
-321
-331
-351
-361
-471
-571
-671
-771
-871
-971
414
-411
-412
-413
-415
-416
-417
-418
-419
-424
-434
-514
-524
-534
-614
-624
-634
-444
-454
-474
-484
-314
-714
-814
-914
438
-431
-432
-433
-435
-436
-437
-428
-518
-528
-538
-618
-628
-638
-448
-468
-478
-488
-498
-338
-738
-838
-938
466
-461
-462
-463
-465
-467
-469
-456
-556
-566
-656
-666
-426
-476
-486
-496
-766
-866
-966
523
-521
-522
-525
-526
-527
-529
-423
-513
-533
-613
-623
-633
-543
-553
-563
-573
-593
-123
-323
-723
-823
-923
584
-581
-582
-585
-586
-587
-588
-589
-574
-674
-684
-544
-554
-784
-884
-984
617
-611
-612
-615
-616
-619
-427
-517
-537
-627
-637
-647
-657
-667
-677
-687
-697
-117
-217
-317
-717
-817
-917
641
-642
-643
-644
-645
-648
-649
-441
-451
-541
-551
-561
-651
-661
654
-653
-655
-659
-621
-631
-681
-691
-141
-241
161
-163
-165
-167
-111
-121
-741
-841
-941
-754
-854
-954
-761
-861
-961
685
-682
-686
-688
-689
-475
-485
-495
-575
-595
-675
-695
-625
-635
-665
-185
-385
-785
-885
-985
732
-731
-733
-734
-735
-736
-737
-712
-722
-812
-822
-832
-912
-922
-932
-742
-762
-772
-782
-792
-232
-332
-532
-632
636
-516
-536
-626
-676
-696
-236
-836
-936
749
-743
-744
-745
-747
-748
-759
-769
-849
-859
-869
-949
-959
-969
-719
-729
-779
-789
-799
-249
-449
-549
757
-751
-753
-755
-756
-767
-847
-857
-867
-947
-957
-967
-727
-777
-787
-797
-357
-457
-557
843
-842
-844
-845
-848
-763
-853
-863
-943
-953
-963
944
-942
-945
-948
-813
-833
-873
-893
-924
-934
-974
-143
113
-115
-116
-118
-313
-333
-713
-913
933
-931
-935
-937
-973
-993
-443
548
-542
-545
-547
-568
-668
-578
-598
442
-445
-447
-562
-662
567
-565
-569
-422
-472
-482
-492
-577
-597
-367
879
-872
-874
-875
-876
-877
-878
774
-773
-775
-776
-778
793
-791
-795
-796
-798
-889
-899
-979
-989
-999
-724
-819
-829
-279
299
-292
-295
-296
-297
-389
-399
-479
-579
-679
489
-481
-487
-499
-599
-699
-429
-459
-493
-693
986
-981
-982
-987
-988
-786
-886
-896
-976
-996
-916
-926
-956
856
-851
-855
951
-955
-816
-826
-911
-921
-991
-186
596
-591
-592
491
-497
-576
572
-672
-692
698
477
-473
673
-678
-421
425
-515
-535
531
-511
453
-455
-663
669
555
-559
-512
519
622
-629
-919
929
-925
-927
-928
-222
-322
-125
-225
-325
-725
-825
-231
-831
-353
363
-365
-369
359
-355
-272
212
-211
-215
-216
221
-226
-227
-312
126
-127
-128
-176
276
-275
-277
716
-711
-715
-718
-726
765
-768
-865
-965
811
-815
-818
-721
728
-821
-828
-918
915
-835
781
-788
-881
-891
895
-892
-897
-898
-975
-995
-315
318
-328
-388
-398
-972
175
-177
-178
-395
188
-187
-145
147
245
-247
-235
237
335
-334
-337
324
-327
-824
827
834
-837
-887
-977
978
997
-992
-998
882
-888
-862
868
962
-968
-382
387
392
-397
