122
-121
-123
-124
-125
-126
-127
-128
-129
-112
-132
-212
-222
-232
-312
-322
-332
-142
-152
-162
-172
-182
-192
-422
-522
-622
-722
-822
-922
137
-131
-133
-134
-135
-136
-138
-139
-117
-217
-227
-237
-317
-327
-337
-147
-157
-167
-177
-187
-197
-437
-537
-637
-737
-837
-937
141
-143
-144
-145
-146
-148
-149
-151
-161
-241
-251
-261
-341
-351
-361
-111
-171
-181
-191
-441
-541
-641
-741
-841
-941
155
-153
-154
-156
-158
-159
-165
-245
-255
-265
-345
-355
-365
-115
-175
-185
-195
-455
-555
-655
-755
-855
-955
188
-183
-184
-186
-189
-178
-198
-278
-288
-298
-378
-388
-398
-118
-168
-488
-588
-688
-788
-888
-988
214
-211
-213
-215
-216
-218
-219
-114
-224
-234
-314
-324
-334
-244
-254
-264
-274
-284
-294
-414
-514
-614
-714
-814
-914
246
-242
-243
-247
-248
-249
-166
-256
-266
-346
-356
-366
-226
-236
-276
-286
-296
-446
-546
-646
-746
-846
-946
268
-262
-263
-267
-269
-258
-348
-358
-368
-228
-238
-468
-568
-668
-768
-868
-968
279
-271
-272
-273
-275
-277
-179
-199
-289
-299
-379
-389
-399
-229
-239
-259
-479
-579
-679
-779
-879
-979
316
-311
-313
-315
-318
-319
-116
-326
-336
-376
-386
-396
-416
-516
-616
-716
-816
-916
385
-381
-382
-383
-384
-387
-285
-295
-375
-395
-325
-335
-485
-585
-685
-785
-885
-985
449
-442
-443
-444
-445
-447
-448
-459
-469
-549
-559
-569
-649
-659
-669
-419
-429
-439
-489
-499
-349
-749
-849
-949
452
-451
-453
-454
-456
-457
-458
-462
-542
-552
-562
-642
-652
-662
-412
-432
-472
-482
-492
-252
-352
-752
-852
-952
483
-481
-484
-486
-487
-473
-493
-573
-583
-593
-673
-683
-693
-413
-423
-433
-463
-283
-783
-883
-983
494
-491
-495
-496
-497
-498
-474
-574
-584
-594
-674
-684
-694
-424
-434
-464
-194
-394
-794
-894
-994
511
-512
-513
-515
-517
-518
-519
-411
-421
-431
-521
-531
-611
-621
-631
-551
-561
-571
-581
-591
-711
-811
-911
578
-572
-575
-576
-577
-478
-598
-678
-698
-528
-538
-548
-558
-778
-878
-978
713
-712
-715
-717
-718
-719
-723
-733
-813
-823
-833
-913
-923
-933
-743
-753
-763
-773
-793
-113
119
-329
-339
-169
-613
-619
-819
-919
739
-731
-732
-734
-735
-736
-738
-729
-829
-839
-929
-939
-759
-769
-789
-799
-539
-639
742
-744
-745
-747
-748
-762
-842
-862
-942
-962
-772
-782
-792
-342
362
-363
-364
-367
-369
359
-353
-354
-357
-372
-392
-859
-959
771
-774
-775
-776
-777
-781
-791
-871
-881
-891
-971
-981
-991
-721
-751
-761
-371
-471
461
-465
-466
-467
-651
-661
-861
-961
-671
796
-795
-797
-798
-786
-876
-886
-896
-976
-986
-996
-726
-756
-766
-196
193
-173
-293
-373
-393
176
-174
374
-377
-163
164
-344
-564
-664
-764
-864
-964
-874
-974
-476
-676
-893
-993
-596
-696
817
-812
-815
-818
-727
-827
-917
-927
-847
-857
-867
-877
-887
-897
-417
-617
835
-831
-832
-834
-836
-838
-725
-825
-915
-925
-935
765
-767
-845
-865
-945
-965
-875
-895
-235
225
-221
-223
-425
-525
-625
-435
-535
-635
-565
-665
873
-872
-973
-843
-853
-863
231
-233
-321
-331
-281
-291
391
-397
253
-257
-343
347
-931
-547
-647
-947
-553
-653
-953
681
-682
-686
-687
-689
-691
586
-582
-587
-589
-526
-536
-556
-566
-282
287
292
-297
-787
784
-884
-984
-724
728
-828
-918
912
-932
-928
-938
-754
757
-758
-957
-967
-972
-982
-992
-612
-328
323
-333
338
-523
-623
-428
-628
-438
436
-426
427
-626
-636
-527
-627
-477
475
-595
-675
-695
-415
418
615
-618
-638
545
-543
-544
-645
-936
934
-824
-924
-944
-954
-534
-634
-557
554
-644
-654
-524
529
624
-629
-599
699
-692
-697
844
-848
-854
-657
672
-677
-592
597
532
-533
-632
633
563
-567
-643
648
-663
667
-666
656
-658
943
-948
-963
-856
-956
-975
977
995
-997
-998
-999
-987
989
898
-892
-899
882
-889
-858
851
-951
958
-821
826
921
-926
-866
869
966
-969
