123
-121
-122
-124
-125
-126
-127
-128
-129
-113
-133
-213
-223
-233
-313
-323
-333
-143
-153
-163
-173
-183
-193
-423
-523
-623
-723
-823
-923
142
-141
-144
-145
-146
-147
-148
-149
-152
-162
-242
-252
-262
-342
-352
-362
-112
-132
-172
-182
-192
-442
-542
-642
-742
-842
-942
158
-151
-154
-155
-156
-157
-159
-168
-248
-258
-268
-348
-358
-368
-118
-138
-178
-188
-198
-458
-558
-658
-758
-858
-958
194
-191
-195
-196
-197
-199
-174
-184
-274
-284
-294
-374
-384
-394
-114
-134
-164
-494
-594
-694
-794
-894
-994
235
-231
-232
-234
-236
-237
-238
-239
-115
-135
-215
-225
-315
-325
-335
-245
-255
-265
-275
-285
-295
-435
-535
-635
-735
-835
-935
336
-331
-332
-334
-337
-338
-339
-116
-136
-216
-226
-316
-326
-346
-356
-366
-376
-386
-396
-436
-536
-636
-736
-836
-936
388
-381
-382
-383
-385
-387
-389
-278
-288
-298
-378
-398
-318
-328
-488
-588
-688
-788
-888
-988
392
-391
-393
-395
-397
-399
-272
-282
-292
-372
-312
-322
-492
-592
-692
-792
-892
-992
445
-441
-443
-444
-446
-447
-448
-449
-455
-465
-545
-555
-565
-645
-655
-665
-415
-425
-475
-485
-495
-345
-745
-845
-945
491
-493
-496
-497
-498
-499
-471
-481
-571
-581
-591
-671
-681
-691
-411
-421
-431
-451
-461
-291
-791
-891
-991
516
-511
-512
-513
-514
-515
-517
-518
-519
-416
-426
-526
-616
-626
-546
-556
-566
-576
-586
-596
-716
-816
-916
525
-521
-522
-524
-527
-528
-529
-615
-625
-575
-585
-595
-725
-825
-925
534
-531
-532
-533
-537
-538
-539
-414
-424
-434
-614
-624
-634
-544
-554
-564
-574
-584
-734
-834
-934
551
-552
-553
-557
-559
-541
-561
-641
-651
-661
-251
-351
-751
-851
-951
578
-572
-573
-577
-579
-478
-598
-678
-698
-548
-568
-778
-878
-978
587
-582
-583
-589
-477
-487
-597
-677
-687
-697
562
-563
-567
-569
-452
-462
-652
-662
-547
-762
-862
-962
-187
-287
-787
-887
-987
599
-593
-479
-489
-679
-689
-699
543
-549
-453
-463
-643
-653
-663
-243
-343
-743
-843
-943
-299
-799
-899
-999
613
-611
-612
-617
-618
-619
-413
-433
-633
-673
-683
-693
-713
-813
-913
664
-666
-667
-668
-669
-454
-464
-644
-654
-674
-684
-264
-364
-764
-864
-964
719
-711
-712
-714
-715
-717
-718
-729
-739
-819
-829
-839
-919
-929
-939
-749
-759
-769
-779
-789
-119
-219
-319
-419
724
-721
-722
-726
-727
-728
-814
-824
-914
-924
-744
-754
-774
-784
-224
-324
776
-771
-772
-773
-775
-777
-786
-796
-876
-886
-896
-976
-986
-996
-746
-756
-766
-176
-276
-476
-676
879
-871
-872
-873
-874
-875
-877
-889
-979
-989
-849
-859
-869
-179
-279
-379
917
-911
-912
-915
-918
815
-811
-812
-817
-818
-737
-827
-837
-927
-937
-855
-865
-885
-895
-947
-957
-967
-977
-997
-117
111
-131
-211
-221
-311
-321
-161
-171
-181
-217
-317
314
-214
-344
-354
-417
952
-953
-954
-955
-956
-959
-752
-852
-922
-932
-972
-982
963
-961
-965
-966
-968
-969
-753
-763
-853
-863
949
-941
-944
-946
-948
-933
-973
-983
-993
926
-921
-928
-826
-249
-349
-649
-263
-363
984
-981
-985
-884
-974
474
-472
-473
483
-482
-484
-486
672
-675
-682
-622
-632
-283
-783
-883
-137
139
-229
-329
327
-227
-169
-189
289
-281
-286
-259
-269
-347
341
-241
-261
-361
271
-273
-277
-371
-357
-367
-377
-427
-627
-439
-639
-741
-841
-971
975
-785
-795
-995
998
-798
-898
931
-938
-731
-821
-831
621
-628
-629
-631
429
-422
-428
-459
-469
659
-656
-657
-359
369
-365
373
-375
-293
253
-254
-256
-257
-353
355
244
-246
-247
-165
-844
854
-856
-857
-755
757
765
-761
-767
-768
861
-866
-867
-868
846
-847
-848
-747
748
781
-782
-881
882
732
-733
-738
-822
828
-832
833
-838
793
-797
-893
897
222
-228
-212
218
412
-418
-432
-646
647
-648
-457
456
-466
-467
468
437
-438
-637
638
-175
177
185
-186
296
-297
166
-167
-266
267
-685
686
695
-696
