174
-171
-172
-173
-175
-176
-177
-178
-179
-184
-194
-274
-284
-294
-374
-384
-394
-114
-124
-134
-144
-154
-164
-474
-574
-674
-774
-874
-974
182
-181
-183
-185
-186
-187
-188
-189
-192
-272
-282
-292
-372
-382
-392
-112
-122
-132
-142
-152
-162
-482
-582
-682
-782
-882
-982
199
-191
-193
-195
-196
-197
-198
-279
-289
-299
-379
-389
-399
-119
-129
-139
-149
-159
-169
-499
-599
-699
-799
-899
-999
224
-221
-222
-223
-225
-226
-227
-228
-229
-214
-234
-314
-324
-334
-244
-254
-264
-424
-524
-624
-724
-824
-924
233
-231
-232
-235
-236
-237
-238
-239
-113
-123
-133
-213
-313
-323
-333
-243
-253
-263
-273
-283
-293
-433
-533
-633
-733
-833
-933
259
-251
-252
-255
-256
-257
-258
-249
-269
-349
-359
-369
-219
-459
-559
-659
-759
-859
-959
285
-281
-286
-287
-288
-275
-295
-375
-385
-395
-215
-245
-265
-485
-585
-685
-785
-885
-985
346
-341
-342
-343
-344
-345
-347
-348
-146
-156
-166
-246
-266
-356
-366
-316
-326
-336
-376
-386
-396
-446
-546
-646
-746
-846
-946
425
-421
-422
-423
-426
-427
-428
-429
-415
-435
-515
-525
-535
-615
-625
-635
-445
-455
-465
-475
-495
-125
-325
-725
-825
-925
466
-461
-462
-463
-464
-467
-468
-469
-456
-556
-566
-656
-666
-416
-436
-476
-486
-496
-766
-866
-966
494
-491
-492
-493
-497
-498
-484
-584
-594
-684
-694
-414
-434
-444
-454
-794
-894
-994
539
-531
-532
-534
-536
-537
-538
-419
-439
-519
-529
-619
-629
-639
-549
-569
-579
-589
-339
-739
-839
-939
576
-571
-572
-573
-575
-577
-578
-586
-596
-676
-686
-696
-516
-526
-276
296
-291
-297
-298
-216
-776
-876
-976
-796
-896
-996
614
-611
-612
-613
-616
-617
-618
-514
-634
-644
-654
-664
-714
-814
-914
642
-641
-643
-645
-647
-648
-649
-442
-452
-542
-552
-562
-652
-662
-622
-632
-672
-692
-242
-742
-842
-942
688
-681
-683
-687
-689
-478
-488
-588
-598
-678
-698
-628
-638
-658
-668
-388
-788
-888
-988
761
-762
-763
-764
-765
-767
-768
-769
-741
-751
-841
-851
-861
-941
-951
-961
-711
-721
-731
-771
-781
-791
-161
-261
-361
-561
-661
821
-822
-823
-826
-827
-828
-829
-811
-831
-911
-921
-931
-871
-881
-891
-121
-321
-521
-621
854
-852
-853
-855
-856
-857
-858
-744
-754
-844
-864
-944
-954
-964
-834
-884
544
-541
-543
-545
-547
-548
-554
-564
-354
364
-362
-363
-365
-367
-368
878
-872
-873
-875
-877
-879
-778
-798
-898
-978
-998
-818
-838
-848
-868
-278
-378
398
-391
-393
-397
-318
-328
-338
-358
883
-886
-887
-889
-773
-783
-793
-893
-973
-983
-993
-813
-843
-863
-383
373
-371
-377
-353
-473
-673
-483
-583
913
-912
-915
-916
-917
-918
-919
-713
-723
-923
-943
-953
-963
-413
-513
927
-922
-926
-928
-929
-717
-727
-737
-817
-837
-937
-947
-957
-967
-977
-987
-997
-127
-327
-527
-627
938
-932
-934
-935
-936
734
-732
-735
-736
-738
-718
-728
-784
984
-981
-986
-989
786
-787
-789
-716
-726
-756
956
-952
-955
-958
-948
-968
-138
-438
489
-481
-487
-479
-679
-449
669
-663
-665
-667
-869
-969
-111
-115
116
-117
-118
-126
128
-136
-218
-148
-158
-168
-816
836
-832
-835
626
-623
523
-522
-528
-636
-553
-563
-593
693
-691
-695
-697
-653
163
-165
-167
-143
-153
-131
-135
137
-217
-317
-337
-147
-157
335
-331
-332
-315
-355
432
-431
-437
-412
-512
-472
592
-591
-595
-597
675
-671
-677
-655
631
-637
-411
-511
-651
657
-447
-457
-557
-567
-357
387
-381
271
-277
-211
212
311
-312
-319
-322
329
-241
-262
352
-351
-712
-812
722
-729
-752
-772
-792
-757
-471
477
581
-587
-417
418
517
-518
-448
-458
-551
-971
991
-992
-995
972
-975
-979
-892
779
-775
-777
-719
715
-815
819
-745
-755
-795
797
895
-897
-747
-749
862
-865
-867
-962
965
-845
-945
949
847
-849
145
-141
151
-155
441
-443
-451
453
743
-748
-753
758
-247
248
267
-268
555
-558
-565
568
