132
-131
-133
-134
-135
-136
-137
-138
-139
-112
-122
-212
-222
-232
-312
-322
-332
-142
-152
-162
-172
-182
-192
-432
-532
-632
-732
-832
-932
165
-161
-163
-164
-166
-167
-168
-169
-145
-155
-245
-255
-265
-345
-355
-365
-115
-125
-175
-185
-195
-465
-565
-665
-765
-865
-965
223
-221
-224
-225
-226
-227
-228
-229
-113
-123
-213
-233
-313
-323
-333
-243
-253
-263
-273
-283
-293
-423
-523
-623
-723
-823
-923
241
-242
-244
-246
-247
-248
-249
-141
-151
-251
-261
-341
-351
-361
-211
-231
-271
-281
-291
-441
-541
-641
-741
-841
-941
256
-252
-254
-257
-258
-259
-146
-156
-266
-346
-356
-366
-216
-236
-276
-286
-296
-456
-556
-656
-756
-856
-956
292
-294
-295
-297
-298
-299
-272
-282
-372
-382
-392
-262
-492
-592
-692
-792
-892
-992
343
-342
-344
-347
-348
-349
-143
-153
-353
-363
-373
-383
-393
-443
-543
-643
-743
-843
-943
389
-381
-384
-385
-386
-387
-388
-179
-189
-199
-279
-289
-379
-399
-319
-329
-339
-359
-369
-489
-589
-689
-789
-889
-989
397
-391
-394
-395
-396
-398
-177
-187
-197
-277
-287
-377
-317
-327
-337
-357
-367
-497
-597
-697
-797
-897
-997
435
-431
-433
-434
-436
-437
-438
-439
-415
-425
-515
-525
-535
-615
-625
-635
-445
-455
-475
-485
-495
-235
-335
-735
-835
-935
482
-481
-483
-484
-486
-487
-488
-472
-572
-582
-672
-682
-412
-422
-442
-452
-462
-782
-882
-982
498
-491
-493
-494
-496
-499
-478
-578
-588
-598
-678
-688
-698
-418
-428
-448
-458
-468
-198
-798
-898
-998
534
-531
-533
-536
-537
-538
-539
-414
-424
-514
-524
-614
-624
-634
-544
-554
-564
-574
-584
-594
-234
-334
-734
-834
-934
546
-542
-545
-547
-548
-549
-446
-466
-566
-646
-666
-516
-526
-576
-586
-596
-746
-846
-946
569
-561
-562
-563
-567
-568
-449
-459
-469
-559
-649
-659
-669
-519
-529
-579
-599
-269
-769
-869
-969
575
-571
-573
-577
-585
-595
-675
-685
-695
-555
-275
-375
285
-284
-288
-215
-775
-875
-975
-785
-885
-985
619
-611
-612
-613
-616
-617
-618
-419
-429
-629
-639
479
-471
-473
-474
-476
-477
-679
-699
-119
-219
239
-237
-238
-129
-719
-819
-919
-739
-839
-939
-779
-879
-979
621
-622
-626
-627
-628
-411
-421
-511
-521
-631
-651
-661
-671
-681
-691
-121
-321
-721
-821
-921
677
-673
-674
-676
-587
-687
-637
-647
-657
-667
-777
-877
-977
712
-711
-713
-714
-715
-716
-717
-718
-722
-812
-822
-912
-922
-742
-752
-762
-772
-512
522
-527
-528
-552
724
-725
-726
-727
-728
-729
-814
-824
-914
-924
-744
-754
-764
-774
-784
-794
-124
-324
766
-761
-763
-767
-768
-866
-966
-736
-776
-786
-796
813
-811
-815
-816
-817
-818
-733
-833
-913
-933
-853
-863
-873
-883
-893
-413
-513
633
-636
-638
518
-517
557
-551
-553
-558
-447
444
-454
-464
-644
-654
-664
-457
-467
-653
-663
-683
-693
-118
-218
-318
-918
-144
-844
-944
-157
-757
-857
-957
859
-851
-852
-854
-855
-858
-749
-759
-849
-949
-959
799
-791
-793
-795
-899
-999
-829
929
-925
-926
-927
-928
149
-147
-148
267
-264
-268
-159
-217
214
-114
-314
-274
278
-178
-188
-378
-867
-967
-778
-878
-978
861
-862
-864
-868
-751
-951
-961
-831
-871
-881
-891
451
-453
-461
463
-963
887
-884
-886
-888
-787
-987
-827
-837
-847
947
-942
-945
-948
-747
737
-731
-738
-917
-937
976
-971
-972
-973
-974
872
-874
-876
-896
-986
-996
-842
894
-895
-984
-994
995
-991
-993
-915
825
-826
-828
-845
848
-748
745
-755
-955
-758
753
-953
-958
-968
-773
771
-781
-981
-783
788
983
-988
836
-838
-916
911
-931
-936
938
-111
-311
331
-336
-338
-371
315
-316
-325
642
-645
-648
-652
-662
668
655
-658
-368
-171
173
-174
-176
-183
-193
374
-376
-184
-194
154
-158
-354
-364
362
-352
358
128
-126
-127
117
-116
326
-328
416
-417
-426
427
952
-954
-962
964
-583
581
-591
593
-181
186
191
-196
684
-686
-694
696
