133
-131
-132
-134
-135
-136
-137
-138
-139
-113
-123
-213
-223
-233
-313
-323
-333
-143
-153
-163
-173
-183
-193
-433
-533
-633
-733
-833
-933
151
-152
-154
-155
-156
-157
-158
-159
-141
-161
-241
-251
-261
-341
-351
-361
-111
-121
-171
-181
-191
-451
-551
-651
-751
-851
-951
175
-172
-174
-176
-177
-178
-179
-185
-195
-275
-285
-295
-375
-385
-395
-115
-125
-145
-165
-475
-575
-675
-775
-875
-975
263
-262
-264
-265
-266
-267
-268
-269
-243
-253
-343
-353
-363
-273
-283
-293
-463
-563
-663
-763
-863
-963
272
-271
-274
-276
-277
-278
-279
-182
-192
-282
-292
-372
-382
-392
-212
-222
-232
-242
-252
-472
-572
-672
-772
-872
-972
328
-321
-322
-324
-325
-326
-327
-329
-118
-128
-218
-228
-238
-318
-338
-348
-358
-368
-378
-388
-398
-428
-528
-628
-728
-828
-928
344
-342
-345
-346
-347
-349
-144
-164
-244
-254
-354
-364
-314
-334
-374
-384
-394
-444
-544
-644
-744
-844
-944
357
-352
-355
-356
-359
-147
-167
-247
-257
-367
-317
-337
-377
-387
-397
-457
-557
-657
-757
-857
-957
373
-371
-376
-379
-383
-393
-473
-573
-673
-773
-873
-973
411
-412
-413
-414
-415
-416
-417
-418
-419
-421
-431
-511
-521
-531
-611
-621
-631
-441
-461
-471
-481
-491
-211
-311
-711
-811
-911
437
-432
-434
-435
-436
-438
-439
-427
-517
-527
-537
-617
-627
-637
-447
-467
-477
-487
-497
-237
-737
-837
-937
448
-442
-443
-445
-446
-449
-458
-468
-548
-558
-568
-648
-658
-668
-478
-488
-498
-148
-248
-748
-848
-948
452
-453
-454
-455
-456
-459
-462
-542
-552
-562
-642
-652
-662
-422
-482
-492
-752
-852
-952
496
-493
-494
-495
-499
-476
-486
-576
-586
-596
-676
-686
-696
-426
-466
-196
-296
-396
-796
-896
-996
524
-522
-523
-525
-526
-529
-424
-514
-534
-614
-624
-634
-554
-564
-574
-584
-594
-124
-224
-724
-824
-924
582
-581
-583
-585
-587
-588
-589
-592
-682
-692
-512
-532
-782
-882
-982
619
-612
-613
-615
-616
-618
-429
-519
-539
-629
-639
-649
-659
-669
-679
-689
-699
-119
-219
-319
-719
-819
-919
655
-653
-654
-656
-465
-545
-555
-565
-645
-665
-625
-635
-685
-695
-255
-755
-855
-955
664
-661
-666
-667
-464
469
-549
-559
-569
-479
474
-484
-674
-684
-694
-489
-764
-864
-964
-169
-369
-769
-869
-969
-774
-874
-974
677
-671
-678
-577
-597
-687
-697
-647
-777
-877
-977
732
-731
-734
-735
-736
-738
-739
-712
-722
-812
-822
-832
-912
-922
-932
-742
-762
-792
-332
-632
622
-623
-626
-122
759
-753
-754
-756
-758
-749
-849
-859
-949
-959
-729
-779
-789
-799
-259
761
-765
-766
-767
-768
-741
-841
-861
-941
-961
-721
-771
-781
-791
-561
784
-783
-785
-786
-787
-788
-794
-884
-894
-984
-994
-714
-184
-284
834
-831
-835
-836
-838
-839
-814
-914
-934
-854
954
-953
-956
-958
-234
843
-842
-845
-846
-847
-743
-853
-943
-813
-823
-883
-893
-543
-643
553
-556
-513
423
-425
-483
485
-595
-593
-723
-923
-885
-985
938
-931
-935
-936
-939
-718
-818
-918
-968
-978
-988
-998
518
-515
-516
535
-536
-538
636
-638
-578
-598
-646
641
-541
-681
-691
-235
-335
-236
-336
971
-976
-979
-871
-881
-891
-981
-991
821
-825
-826
-827
-829
-921
929
-925
-926
-927
-989
-999
-221
-129
-229
-571
579
591
-599
-879
-291
-391
399
-189
-199
-289
-299
-389
149
-142
-146
-249
239
-231
331
-339
281
-286
-287
-288
-381
386
-186
-316
-366
942
-945
-946
-947
-862
-962
892
-895
-897
-898
-899
-992
889
-886
-887
-888
-986
112
-114
-116
-117
-312
315
214
-215
-216
-217
-225
-162
362
-365
245
-246
194
-197
-198
-294
-715
-815
865
-866
-867
-868
-745
-965
858
-856
817
-816
-717
-727
-917
876
-878
-776
778
-798
-915
725
-726
-795
995
-993
-997
256
-258
-166
168
126
-127
-226
227
187
-188
-297
298
-987
983
-793
797
713
-716
-913
916
746
-747
-966
967
-546
547
566
-567
-683
688
693
-698
