122
-121
-123
-124
-125
-126
-127
-128
-129
-112
-132
-212
-222
-232
-312
-322
-332
-142
-152
-162
-172
-182
-192
-422
-522
-622
-722
-822
-922
135
-131
-133
-134
-136
-137
-138
-139
-115
-215
-225
-235
-315
-325
-335
-145
-155
-165
-175
-185
-195
-435
-535
-635
-735
-835
-935
176
-171
-173
-174
-177
-178
-179
-186
-196
-276
-286
-296
-376
-386
-396
-116
-146
-156
-166
-476
-576
-676
-776
-876
-976
254
-251
-252
-253
-255
-256
-257
-258
-259
-144
-154
-164
-244
-264
-344
-354
-364
-214
-224
-234
-274
-284
-294
-454
-554
-654
-754
-854
-954
261
-262
-263
-265
-266
-267
-268
-269
-141
-151
-161
-241
-341
-351
-361
-211
-221
-231
-271
-281
-291
-461
-561
-661
-761
-861
-961
453
-451
-452
-455
-456
-457
-458
-459
-443
-463
-543
-553
-563
-643
-653
-663
-413
-423
-433
-473
-483
-493
-153
-353
-753
-853
-953
492
-491
-494
-495
-496
-497
-498
-499
-472
-482
-572
-582
-592
-672
-682
-692
-412
-432
-442
-462
-292
-392
-792
-892
-992
511
-512
-513
-514
-515
-516
-517
-518
-519
-411
-421
-431
-521
-531
-611
-621
-631
-541
-551
-571
-581
-591
-111
-311
-711
-811
-911
584
-583
-585
-586
-587
-588
-589
-474
-484
-574
-594
-674
-684
-694
-524
-534
-544
-564
-184
-384
-784
-884
-984
616
-612
-613
-614
-615
-617
-618
-619
-416
-426
-436
-526
-536
-626
-636
-646
-656
-666
-686
-696
-216
-316
-716
-816
-916
642
-641
-644
-645
-647
-648
-649
-542
-552
-562
-652
-662
532
-533
-537
-538
-539
-632
-732
-832
-932
-242
-342
-742
-842
-942
714
-712
-713
-715
-717
-718
-719
-724
-734
-814
-824
-834
-914
-924
-934
-744
-764
-774
-794
-114
194
-191
-193
-197
-198
-199
-374
-394
181
-183
-187
-188
-189
-371
-381
-391
-314
-414
-481
-681
-781
-881
-981
-894
-994
748
-741
-743
-745
-746
-747
-749
-758
-768
-848
-858
-868
-948
-958
-968
-728
-738
-778
-788
-798
-148
-248
-348
-448
-548
845
-841
-843
-844
-846
-847
-849
-755
-765
-855
-865
-945
-955
-965
-815
-825
-875
-885
-895
-245
-345
-445
-545
872
-871
-873
-874
-877
-878
-879
-772
-782
-882
-972
-982
974
-971
-973
-975
-977
-978
-979
-812
912
-913
-915
-917
-918
-919
-852
-862
864
-863
-866
-867
-869
-944
-964
-952
-962
415
-417
-418
-419
-425
-525
-625
-465
-475
-485
444
-441
-446
-447
-449
651
-655
-657
-658
-659
-464
-664
471
-477
-478
-479
-671
-691
-424
-434
941
-943
-946
-947
-949
-751
-851
-951
-921
-931
-991
-771
-272
282
-283
-285
-287
-288
-289
-372
-382
923
-925
-926
-927
-928
-929
-723
-733
-813
-823
-833
-933
725
-721
-726
-727
-729
-775
-785
-795
-963
763
-762
-766
-767
-769
752
-756
-757
-759
-773
-783
-793
-983
-993
-223
-323
-523
-623
633
-634
-637
-638
-639
624
-627
-628
-629
-673
-683
-693
-324
334
-331
-333
-336
-337
-338
-339
321
-326
-327
-328
-329
-821
-233
-352
362
-363
-365
-366
-367
-368
-369
355
-356
-357
-358
-359
-375
-385
-395
346
-343
-347
-349
-246
-546
-555
-163
987
-985
-986
-988
-989
995
-996
-997
-998
-999
-777
779
-787
-797
-887
-897
-789
786
-796
-886
-896
-799
791
-891
-889
-899
-731
831
-836
-837
-838
-839
-736
737
-739
-817
-827
-937
857
-856
-859
-957
-967
826
-828
-829
-936
819
-818
938
-939
-119
-219
-319
-226
236
-237
-238
-239
229
-227
-228
-249
-279
-299
-429
-529
439
-437
-438
-469
-489
-157
-557
-379
-579
-679
685
-687
-688
-689
-575
-595
-675
-695
565
-566
-567
-568
-569
-665
275
-273
-277
-278
-295
-486
596
-593
-597
-598
-599
573
-577
-578
699
-697
-698
466
-467
-468
-556
-669
956
-959
-966
969
-169
-373
-387
-487
488
677
-678
427
-428
-527
528
547
-549
-667
668
-558
559
-147
-247
243
-143
149
167
-168
158
-159
113
-117
-118
-213
-313
-293
-377
378
-298
297
-397
-388
-398
-217
218
317
-318
-888
883
-893
898
-383
389
393
-399
