189
-181
-182
-183
-184
-185
-186
-187
-188
-179
-199
-279
-289
-299
-379
-389
-399
-119
-129
-139
-149
-159
-169
-489
-589
-689
-789
-889
-989
225
-221
-222
-223
-224
-226
-227
-228
-229
-115
-125
-135
-215
-235
-315
-325
-335
-245
-255
-265
-275
-285
-295
-425
-525
-625
-725
-825
-925
277
-271
-272
-273
-274
-276
-278
-177
-197
-287
-297
-377
-387
-397
-217
-237
-247
-257
-267
-477
-577
-677
-777
-877
-977
321
-322
-323
-324
-326
-327
-328
-329
-111
-121
-131
-211
-231
-311
-331
-341
-351
-361
-371
-381
-391
-421
-521
-621
-721
-821
-921
337
-332
-333
-334
-336
-338
-339
-117
-127
-137
-317
-347
-357
-367
-437
-537
-637
-737
-837
-937
352
-353
-354
-355
-356
-358
-359
-142
-152
-162
-242
-252
-262
-342
-362
-312
-372
-382
-392
-452
-552
-652
-752
-852
-952
393
-394
-395
-396
-398
-173
-193
-283
-293
-373
-383
-313
-343
-363
-493
-593
-693
-793
-893
-993
488
-481
-482
-483
-484
-485
-486
-487
-478
-498
-578
-588
-598
-678
-688
-698
-418
-428
-438
-448
-458
-468
-288
-388
-788
-888
-988
517
-511
-512
-513
-514
-515
-516
-518
-519
-417
-427
-527
-617
-627
-547
-557
-567
-587
-597
-717
-817
-917
592
-591
-594
-595
-596
-599
-472
-492
-572
-582
-672
-682
-692
-522
-532
-542
-562
-192
-292
-792
-892
-992
622
-623
-624
-626
-628
-629
-412
-422
-432
-612
-632
-642
-662
-122
-722
-822
-922
638
-631
-633
-634
-635
-636
-639
-528
-538
-618
-648
-658
-668
-138
-238
-738
-838
-938
654
-651
-653
-655
-656
-657
-659
-444
-454
-464
-544
-554
-564
-644
-664
-614
-674
-684
-694
-154
-254
-754
-854
-954
661
-663
-665
-666
-667
-669
-441
-451
-461
-541
-551
-561
-641
-611
-671
-681
-691
-161
-261
-761
-861
-961
753
-751
-755
-756
-757
-758
-759
-743
-763
-843
-853
-863
-943
-953
-963
-713
-723
-733
-773
-783
-153
-253
-453
-553
765
-762
-764
-766
-767
-768
-769
-745
-845
-855
-865
-945
-955
-965
-715
-735
-775
-785
-795
-165
-365
-465
-565
791
-794
-796
-797
-798
-799
-771
-781
-871
-881
-891
-971
-981
-991
-711
-731
-741
-191
-291
-491
812
-811
-813
-814
-815
-816
-818
-819
-712
-732
-832
-912
-932
-842
-862
-872
-882
-112
-212
824
-823
-826
-827
-828
-829
-714
-724
-734
-834
-914
-924
-934
-844
-864
-874
-884
-894
-124
-424
-524
846
-841
-847
-848
-849
-746
-856
-866
-946
-956
-966
-836
-876
-886
-896
-146
-246
-346
-446
-546
-646
885
-883
-887
-875
-895
-975
-985
-995
-835
-385
-585
-685
911
-913
-915
-916
-918
-919
-831
-931
935
-933
-936
-939
851
-857
-858
-859
-941
-951
-411
-435
-535
-151
-251
979
-972
-973
-974
-976
-978
-779
-879
-899
-999
-929
-949
-959
-969
-479
-579
-679
986
-982
-983
-984
-987
873
-878
-776
-786
-996
-833
839
923
-926
-927
-928
727
-726
-728
-729
718
-716
-719
736
-739
-747
-787
-748
-778
749
-742
-744
-869
-118
-218
-318
128
-123
-126
-148
-158
-168
-178
-198
-423
-523
-136
-236
-436
-536
-239
-439
-539
-249
-349
-449
-549
-649
-473
-573
-673
378
-374
-375
-376
-298
345
-344
-348
-145
-155
-368
-445
-545
-645
-286
-386
384
-174
-194
-284
-294
296
-176
-196
195
-175
-216
-256
-266
-314
-364
-584
-784
782
-772
774
-994
172
-171
281
-282
141
-143
-144
-147
-241
-132
232
-233
-234
-474
-574
494
-495
-496
-497
-499
699
-695
-696
-697
687
-683
-686
583
-581
-586
-414
-434
534
-531
-533
431
-433
-471
571
-575
-576
-543
548
-558
-568
-563
555
-556
-559
-455
-647
643
-443
-463
413
-415
-416
-419
-613
615
-616
-619
475
-476
-675
676
-113
-213
133
-134
-163
-243
263
-264
-268
-269
-248
244
-164
258
-259
369
-366
114
-116
-214
219
316
-319
-944
964
-962
-967
-968
942
-947
-948
-442
447
462
-466
-467
-469
-457
-958
957
-867
868
897
-898
-997
998
-157
156
-166
167
-456
459
566
-569
426
-429
-526
529
