127
-121
-122
-123
-124
-125
-126
-128
-129
-117
-137
-217
-227
-237
-317
-327
-337
-147
-157
-167
-177
-187
-197
-427
-527
-627
-727
-827
-927
142
-141
-143
-144
-145
-146
-148
-149
-152
-162
-242
-252
-262
-342
-352
-362
-112
-132
-172
-182
-192
-442
-542
-642
-742
-842
-942
175
-171
-173
-174
-176
-178
-179
-185
-195
-275
-285
-295
-375
-385
-395
-115
-135
-155
-165
-475
-575
-675
-775
-875
-975
213
-211
-212
-214
-215
-216
-218
-219
-113
-133
-223
-233
-313
-323
-333
-243
-253
-263
-273
-283
-293
-413
-513
-613
-713
-813
-913
258
-251
-254
-255
-256
-257
-259
-158
-168
-248
-268
-348
-358
-368
-228
-238
-278
-288
-298
-458
-558
-658
-758
-858
-958
422
-421
-423
-424
-425
-426
-428
-429
-412
-432
-512
-522
-532
-612
-622
-632
-452
-462
-472
-482
-492
-222
-322
-722
-822
-922
447
-441
-443
-444
-445
-446
-448
-449
-457
-467
-547
-557
-567
-647
-657
-667
-417
-437
-477
-487
-497
-247
-347
-747
-847
-947
465
-461
-463
-464
-466
-468
-469
-455
-545
-555
-565
-645
-655
-665
-415
-435
-485
-495
-265
-365
-765
-865
-965
476
-471
-473
-474
-478
-479
-486
-496
-576
-586
-596
-676
-686
-696
-416
-436
-456
-276
-376
-776
-876
-976
541
-543
-544
-546
-548
-549
-451
-551
-561
-641
-651
-661
-511
-521
-531
-571
-581
-591
-241
-341
-741
-841
-941
588
-582
-583
-584
-585
-587
-589
-488
-498
-578
-598
-678
-688
-698
-518
-528
-538
-568
-188
-388
-788
-888
-988
684
-681
-682
-683
-685
-687
-689
-484
-494
-574
-594
-674
-694
-614
-624
-634
-644
-654
-664
-184
-284
-384
-784
-884
-984
718
-711
-712
-714
-715
-716
-717
-719
-728
-738
-818
-828
-838
-918
-928
-938
-748
-768
-778
-798
-118
-318
-418
438
-431
-433
-434
-439
-618
-628
-638
328
-321
-324
-325
-326
-329
-138
-338
198
-191
-193
-194
-196
-199
-378
-398
-898
-998
734
-731
-732
-733
-735
-736
-737
-739
-724
-814
-824
-834
-914
-924
-934
-744
-754
-764
-774
-794
-134
-234
-334
-534
753
-751
-752
-755
-756
-757
-759
-743
-763
-843
-853
-863
-943
-953
-963
-723
-773
-783
-793
-153
-353
-453
-553
-653
877
-871
-872
-873
-874
-878
-879
-777
-787
-797
-887
-897
-977
-987
-997
978
-971
-972
-973
-974
-979
767
-761
-762
-766
-769
-857
-867
-957
-967
-817
-837
-948
-968
357
-351
-354
-355
-356
-359
-267
-367
-377
-387
-397
-277
-577
-677
287
-281
-282
-286
-289
-297
891
-892
-893
-894
-895
-896
-899
-771
-781
-791
-881
-981
-991
994
-992
-993
-995
-996
-999
721
-725
-726
-729
-811
-821
-831
-911
-921
-931
-851
-861
-944
-954
-964
-221
-621
-291
-391
-491
-691
-294
-394
-111
114
-116
-119
-224
-314
-154
-164
-414
454
-459
-554
-564
-514
524
-523
-525
-526
-529
-854
-131
136
-139
-226
-236
-316
-336
-156
-166
-186
-536
-636
-836
-936
-151
159
-169
-249
-269
-349
-369
-189
951
-952
-955
-956
-959
-961
855
-852
-856
-859
-745
-845
-945
-815
-825
-835
-885
-559
-659
-161
163
-343
-363
181
-183
-271
-371
-381
643
-646
-648
-649
-563
-663
668
-662
-666
-669
569
-562
-566
-519
-539
-579
-599
-623
-633
533
-535
-537
-573
572
-592
-672
-692
-552
556
652
-656
-593
-516
-673
-693
-833
-933
848
-844
-846
-849
864
-862
-866
-868
-869
962
-966
-969
-912
-932
-982
-264
-364
671
-679
-481
411
-419
-611
-631
-311
-272
-372
-772
779
-789
-799
-889
-989
-749
746
-946
949
-786
-796
-919
-929
-939
-246
-346
373
-374
-379
-383
-393
274
-279
-244
245
344
-345
-225
229
-239
-319
-339
-235
-299
-629
-829
493
-499
-483
489
-699
-389
399
-392
-396
296
-292
382
-386
232
-231
331
-332
-335
-312
315
261
-266
-361
366
812
-816
-819
-832
839
-882
-515
517
-617
-637
595
-597
-695
697
-615
-915
-917
916
-826
823
-923
-926
925
-935
937
-883
886
983
-985
-986
-616
619
626
-625
635
-639
-782
785
792
-795
