131
-132
-133
-134
-135
-136
-137
-138
-139
-111
-121
-211
-221
-231
-311
-321
-331
-141
-151
-161
-171
-181
-191
-431
-531
-631
-731
-831
-931
155
-152
-153
-154
-156
-157
-158
-159
-145
-165
-245
-255
-265
-345
-355
-365
-115
-125
-175
-185
-195
-455
-555
-655
-755
-855
-955
225
-222
-223
-224
-226
-227
-228
-229
-215
-235
-315
-325
-335
-275
-285
-295
-425
-525
-625
-725
-825
-925
238
-232
-233
-234
-236
-237
-239
-118
-128
-218
-318
-328
-338
-248
-258
-268
-278
-288
-298
-438
-538
-638
-738
-838
-938
252
-251
-253
-254
-256
-257
-259
-142
-162
-242
-262
-342
-352
-362
-212
-272
-282
-292
-452
-552
-652
-752
-852
-952
273
-271
-274
-276
-277
-279
-173
-183
-193
-283
-293
-373
-383
-393
-213
-243
-263
-473
-573
-673
-773
-873
-973
349
-341
-343
-344
-346
-347
-348
-149
-169
-249
-269
-359
-369
-319
-329
-339
-379
-389
-399
-449
-549
-649
-749
-849
-949
363
-361
-364
-366
-367
-368
-143
-163
-353
-313
-323
-333
-463
-563
-663
-763
-863
-963
398
-391
-392
-394
-395
-396
-397
-178
-188
-198
-378
-388
-358
-498
-598
-698
-798
-898
-998
429
-421
-422
-423
-424
-426
-427
-428
-419
-439
-519
-529
-539
-619
-629
-639
-459
-469
-479
-489
-499
-129
-729
-829
-929
461
-462
-464
-465
-466
-467
-468
-441
-451
-541
-551
-561
-641
-651
-661
-411
-471
-481
-491
-261
-761
-861
-961
474
-472
-475
-476
-477
-478
-484
-494
-574
-584
-594
-674
-684
-694
-414
-434
-444
-454
-174
-374
-774
-874
-974
495
-492
-493
-496
-497
-485
-575
-585
-595
-675
-685
-695
-415
-435
-445
-795
-895
-995
577
-571
-572
-576
-578
-579
-487
-587
-597
-677
-687
-697
-517
-527
-537
-547
-557
-567
-177
-377
-777
-877
-977
614
-611
-612
-613
-615
-616
-617
-618
-514
-524
-534
-624
-634
-644
-654
-664
-114
-214
-314
-714
-814
-914
633
-632
-635
-636
-637
-413
-433
-513
-523
-533
-623
-643
-653
-683
-693
-733
-833
-933
648
-642
-645
-646
-647
-448
-458
-548
-558
-568
-658
-668
665
-662
-666
-667
-669
-545
-565
-628
-678
-688
-148
168
-164
-166
-167
-748
-848
-948
-765
-865
-965
-768
-868
-968
681
-682
-686
-689
-581
-591
-671
-691
-621
-281
-381
-781
-881
-981
713
-711
-712
-715
-716
-717
-718
-719
-723
-813
-823
-913
-923
-743
-753
-783
-793
-113
123
-122
-124
-126
-127
745
-741
-742
-744
-746
-747
-845
-945
-735
-775
-785
766
-762
-764
-767
-769
-756
-846
-856
-866
-946
-956
-966
-726
-736
-776
-786
-796
-266
-566
835
-832
-834
-836
-837
-839
-815
-915
-935
-875
-885
515
-511
-512
-516
-518
521
-522
-526
-528
-535
418
-412
-416
-417
-488
588
-582
-583
-586
-589
-818
-918
-721
-821
-921
-788
-888
-988
854
-851
-853
-857
-858
-859
-754
-844
-864
-944
-954
-964
-824
-884
-894
-354
-554
878
-871
-872
-876
-879
-778
-978
-828
887
-882
-883
-886
-889
-787
-797
-897
-987
-997
-817
-827
-847
-867
-187
-287
-387
959
-951
-953
-957
-958
758
-751
-757
-759
-869
862
-842
-942
-962
-969
967
-947
-728
928
-922
-924
-926
-927
-812
-822
826
-816
-916
-936
-892
-896
-917
-937
-919
-939
-979
-989
-999
-326
-626
739
-732
-734
-737
727
-722
-724
934
-932
912
-911
811
-819
-779
-789
-799
899
-891
-893
-841
843
941
-943
-971
-991
-972
-982
-992
-984
-994
-112
-312
324
-322
-327
332
-334
-336
-337
-372
-382
-384
622
-627
-432
-532
536
-436
437
-447
-457
657
-656
-659
-546
-556
-596
-672
-692
-241
351
-356
-357
291
-294
-296
-297
-299
-371
197
-192
-194
-196
-199
-117
-147
317
-316
-217
-443
-543
247
-244
-246
146
-144
264
-267
184
-182
-186
-189
172
-176
-179
-284
289
-286
-116
119
216
-219
544
-542
-564
442
-446
-562
569
456
-453
553
-559
-482
592
-593
-599
483
-486
771
-772
-791
679
-676
696
-699
782
-784
-792
794
-983
993
-996
975
-976
-985
986
-375
376
385
-386
