121
-122
-123
-124
-125
-126
-127
-128
-129
-111
-131
-211
-221
-231
-311
-321
-331
-141
-151
-161
-171
-181
-191
-421
-521
-621
-721
-821
-921
132
-133
-134
-135
-136
-137
-138
-139
-112
-212
-222
-232
-312
-322
-332
-142
-152
-162
-172
-182
-192
-432
-532
-632
-732
-832
-932
174
-173
-175
-176
-177
-178
-179
-184
-194
-274
-284
-294
-374
-384
-394
-114
-144
-154
-164
-474
-574
-674
-774
-874
-974
245
-241
-242
-243
-244
-246
-247
-248
-249
-145
-155
-165
-255
-265
-345
-355
-365
-215
-225
-235
-275
-285
-295
-445
-545
-645
-745
-845
-945
253
-251
-252
-254
-256
-257
-258
-259
-143
-153
-163
-263
-343
-353
-363
-213
-223
-233
-273
-283
-293
-453
-553
-653
-753
-853
-953
298
-291
-292
-296
-297
-299
-188
-198
-278
-288
-378
-388
-398
-218
-228
-238
-268
-498
-598
-698
-798
-898
-998
416
-411
-412
-413
-414
-415
-417
-418
-419
-426
-436
-516
-526
-536
-616
-626
-636
-446
-456
-466
-476
-486
-496
-116
-216
-316
-716
-816
-916
457
-451
-452
-454
-455
-458
-459
-447
-467
-547
-557
-567
-647
-657
-667
-427
-437
-477
-487
-497
-157
-357
-757
-857
-957
462
-461
-463
-464
-465
-468
-469
-442
-542
-552
-562
-642
-652
-662
-422
-472
-482
-492
-262
-362
-762
-862
-962
515
-511
-512
-513
-514
-517
-518
-519
-425
-435
-525
-535
-615
-625
-635
-555
-565
-575
-585
-595
-115
-315
-715
-815
-915
583
-581
-582
-584
-586
-587
-588
-589
-473
-483
-493
-573
-593
-673
-683
-693
-523
-533
-543
-563
-183
-383
-783
-883
-983
661
-663
-664
-665
-666
-668
-669
-441
-541
-551
-561
-641
-651
655
-654
-656
-658
-659
-611
-631
-671
-681
-691
-675
-685
-695
-755
-855
-955
-261
-361
-761
-861
-961
713
-711
-712
-714
-717
-718
-719
-723
-733
-813
-823
-833
-913
-923
-933
-743
-763
-773
-793
-113
193
-195
-196
-197
-199
-373
-393
185
-186
-187
-189
-375
-385
-395
-313
-613
-485
-785
-885
-985
-893
-993
748
-741
-742
-744
-746
-747
-749
-758
-768
-848
-858
-868
-948
-958
-968
-728
-738
-778
-788
-148
-348
-448
-548
-648
827
-822
-824
-825
-826
-828
-829
-727
-737
-817
-837
-917
-927
-937
-847
-867
-877
-887
-897
-227
-327
-527
-627
844
-841
-842
-843
-846
-849
-754
-764
-854
-864
-944
-954
-964
-814
-834
-884
-894
-344
-444
-544
-644
971
-972
-973
-975
-976
-977
-978
-979
-771
-781
-791
-871
-881
-891
-981
-991
873
-872
-875
-876
-878
-879
-863
-911
-931
-941
-951
811
-812
-818
-819
-731
-831
751
-752
-756
-759
-851
341
-342
-346
-347
-349
-351
352
-354
-356
-358
-359
-371
-381
-391
-372
-382
-392
942
-943
-946
-947
-949
-852
-952
963
-965
-966
-967
-969
767
-765
-766
-769
865
-866
-869
-777
-787
-797
-835
-895
-912
-922
722
-724
-725
-726
-729
-772
-782
-792
-982
-992
612
-614
-617
-618
-619
-522
-622
-672
-682
-692
147
-146
-149
-167
-267
-367
-117
554
-556
-558
-559
-564
568
-566
-569
-524
-534
-594
-528
529
-429
-439
-539
-629
-639
-538
-578
-549
546
-646
-576
-596
-579
-599
-229
-329
-929
158
-156
-159
-168
-368
166
-169
-266
-366
-118
119
-219
-239
-319
-339
-919
-271
281
-282
-286
-287
-289
272
-276
-277
-279
269
-264
364
-369
-314
-324
-334
-471
-571
-572
577
592
-591
-597
-677
-687
-697
531
-537
-431
637
-633
-634
-638
-237
217
-214
-317
318
-337
-328
-338
914
-918
-734
-924
-934
-984
-994
-377
-481
491
-494
-495
-499
475
-478
-479
-775
678
-676
-679
-488
-688
-628
882
-886
-888
-889
-892
988
-986
-987
-989
997
-995
-996
-999
795
-794
-796
-799
784
-786
-789
-735
838
-836
-839
-928
-938
428
-423
-424
-438
-484
489
-689
-699
434
-433
623
-624
443
-449
-643
649
-323
333
-335
-336
325
-326
224
-226
-234
236
-925
926
935
-936
-939
-736
739
776
-779
-896
899
856
-859
-956
959
-376
379
-389
-399
-684
686
694
-696
-386
387
396
-397
