121
-122
-123
-124
-125
-126
-127
-128
-129
-111
-131
-211
-221
-231
-311
-321
-331
-141
-151
-161
-171
-181
-191
-421
-521
-621
-721
-821
-921
162
-163
-164
-165
-166
-167
-168
-169
-142
-152
-242
-252
-262
-342
-352
-362
-112
-132
-172
-182
-192
-462
-562
-662
-762
-862
-962
193
-194
-195
-196
-197
-198
-199
-173
-183
-273
-283
-293
-373
-383
-393
-113
-133
-143
-153
-493
-593
-693
-793
-893
-993
254
-251
-253
-255
-256
-257
-258
-259
-144
-154
-244
-264
-344
-354
-364
-214
-224
-234
-274
-284
-294
-454
-554
-654
-754
-854
-954
279
-271
-272
-275
-276
-277
-278
-179
-189
-289
-299
-379
-389
-399
-219
-229
-239
-249
-269
-479
-579
-679
-779
-879
-979
312
-313
-314
-315
-316
-317
-318
-319
-212
-222
-232
-322
-332
-372
-382
-392
-412
-512
-612
-712
-812
-912
346
-341
-343
-345
-347
-348
-349
-146
-156
-246
-266
-356
-366
-326
-336
-376
-386
-396
-446
-546
-646
-746
-846
-946
353
-351
-355
-357
-358
-359
-243
-263
-363
-323
-333
-453
-553
-653
-753
-853
-953
395
-391
-394
-397
-398
-175
-185
-285
-295
-375
-385
-325
-335
-365
-495
-595
-695
-795
-895
-995
427
-422
-423
-424
-425
-426
-428
-429
-417
-437
-517
-527
-537
-617
-627
-637
-447
-457
-467
-477
-487
-497
-227
-327
-727
-827
-927
474
-471
-472
-473
-475
-476
-478
-484
-494
-574
-584
-594
-674
-684
-694
-414
-434
-444
-464
-174
-374
-774
-874
-974
496
-491
-492
-498
-499
-486
-576
-586
-596
-676
-686
-696
-416
-436
-456
-466
-296
-796
-896
-996
515
-511
-513
-514
-516
-518
-519
-415
-435
-525
-535
-615
-625
-635
-545
-555
-565
-575
-585
-115
-215
-715
-815
-915
557
-551
-552
-556
-558
-559
-547
-567
-647
-657
-667
-577
-587
-597
-157
-757
-857
-957
568
-561
-563
-564
-566
-569
-448
-458
-468
-548
-648
-658
-668
-528
-538
-578
-588
-598
-268
-368
-768
-868
-968
592
-591
-599
-482
-572
-582
-672
-682
-692
-522
-532
-542
-292
282
-281
-286
-287
-288
-782
-882
-982
-792
-892
-992
618
-611
-613
-614
-616
-619
-418
-438
-628
-638
488
-481
-483
-485
-489
-678
-688
-698
-118
-218
-718
-818
-918
-188
-388
-788
-888
-988
634
-631
-632
-633
-636
-639
-524
-534
-624
544
-541
-543
-549
-644
-664
-134
-334
-734
-834
-934
-744
-844
-944
685
-681
-683
-687
-689
-675
-645
-655
-665
-785
-885
-985
711
-713
-714
-716
-717
-719
-731
-811
-831
-911
-931
-741
-751
-761
-771
-781
-791
-411
755
-752
-756
-758
-759
-745
-765
-845
-855
-865
-945
-955
-965
-725
-735
-775
-155
-455
766
-763
-764
-767
-769
-856
-866
-956
-966
-726
-736
-776
-786
656
-651
-652
-659
-666
-626
794
-797
-798
-799
-784
-884
-894
-984
-994
-724
835
-832
-833
-836
-837
-838
-839
-825
-925
-935
-875
975
-971
-972
-973
-976
-977
-978
225
-223
-226
-228
-135
-235
145
-147
-148
-149
-245
-265
-445
465
-461
-463
-469
851
-852
-858
-859
-841
-861
-941
-951
-961
-871
-881
-891
-451
914
-913
-916
-917
-919
-814
-824
-924
864
-863
-867
-869
-964
-114
324
-328
-329
184
-186
-187
-384
176
-177
-178
-116
-136
-876
942
-943
-947
-948
-949
-742
-842
-952
-922
-932
-442
-642
452
-459
-432
622
-623
-629
-722
-822
732
-733
-737
-738
-739
-772
872
-873
-877
-878
983
-981
-986
-987
-989
991
-997
-998
-999
-773
-783
-883
886
-887
-889
-816
-826
-923
-933
-963
216
-213
-217
233
-236
-237
-238
-433
-533
663
-661
-669
-443
-643
413
-419
-523
-673
-813
573
-571
-583
-291
-691
-117
119
-139
-339
137
-138
-337
338
158
-159
-248
369
-361
-367
298
-297
-378
817
-819
-937
-847
-897
967
-969
-747
-938
247
-241
261
-267
-958
959
-749
-849
928
-926
-929
936
-939
-728
-828
526
-529
-536
778
-777
787
-789
-898
899
-748
743
-843
848
-723
729
823
-829
-387
381
-371
377
671
-677
-581
589
697
-699
531
-539
-431
439
441
-449
-641
649
