172
-171
-173
-174
-175
-176
-177
-178
-179
-182
-192
-272
-282
-292
-372
-382
-392
-112
-122
-132
-142
-152
-162
-472
-572
-672
-772
-872
-972
185
-181
-183
-184
-186
-187
-188
-189
-195
-275
-285
-295
-375
-385
-395
-115
-125
-135
-145
-155
-165
-485
-585
-685
-785
-885
-985
215
-211
-212
-213
-214
-216
-217
-218
-219
-225
-235
-315
-325
-335
-245
-255
-265
-415
-515
-615
-715
-815
-915
253
-251
-252
-254
-256
-257
-258
-259
-143
-153
-163
-243
-263
-343
-353
-363
-223
-233
-273
-283
-293
-453
-553
-653
-753
-853
-953
264
-261
-262
-266
-267
-268
-269
-144
-154
-164
-244
-344
-354
-364
-224
-234
-274
-284
-294
-464
-564
-664
-764
-864
-964
299
-291
-296
-297
-298
-199
-279
-289
-379
-389
-399
-229
-239
-249
-499
-599
-699
-799
-899
-999
311
-312
-313
-314
-316
-317
-318
-319
-111
-121
-131
-221
-231
-321
-331
-341
-351
-361
-371
-381
-391
-411
-511
-611
-711
-811
-911
348
-342
-345
-346
-347
-349
-148
-158
-168
-248
-358
-368
-328
-338
-378
-388
-398
-448
-548
-648
-748
-848
-948
373
-374
-376
-377
-193
-383
-393
-323
-333
-473
-573
-673
-773
-873
-973
428
-421
-422
-423
-424
-425
-426
-427
-429
-418
-438
-518
-528
-538
-618
-628
-638
-458
-468
-478
-488
-498
-128
-228
-728
-828
-928
432
-431
-433
-434
-435
-436
-437
-439
-412
-512
-522
-532
-612
-622
-632
-442
-452
-462
-482
-492
-232
-332
-732
-832
-932
465
-461
-463
-466
-467
-469
-445
-455
-545
-555
-565
-645
-655
-665
-475
-495
-365
355
-352
-356
-357
-359
-755
-855
-955
-765
-865
-965
563
-561
-562
-566
-567
-568
-569
-443
-543
-643
-663
-513
-523
-533
-583
-593
-763
-863
-963
577
-571
-574
-575
-576
-578
-579
-477
-487
-497
-587
-597
-677
-687
-697
-517
-527
-537
-547
-557
-277
-777
-877
-977
589
-581
-582
-584
-586
-588
-479
-489
-679
-689
-519
-529
-539
-549
-559
-789
-889
-989
616
-613
-614
-617
-619
-416
-516
514
-414
-524
-534
-624
-634
-526
-536
-626
-636
-544
-554
-594
-646
-656
-666
-676
-686
-696
-114
-714
-814
-914
-116
-716
-816
-916
778
-771
-774
-775
-776
-779
-788
-798
-878
-888
-898
-978
-988
-998
-718
-738
-758
-768
-278
-678
783
-781
-782
-784
-786
-787
-793
-883
-893
-983
-993
-713
-723
-733
-743
-483
-683
838
-831
-833
-834
-835
-836
-837
-839
-818
-918
-938
-858
-868
118
-113
-117
-119
-138
-238
-198
288
-281
-286
-287
-688
891
-892
-894
-895
-896
-897
-791
-871
-881
-971
-981
-991
-821
-841
-851
-861
-191
271
-276
-241
-471
-671
-491
-591
-691
912
-913
-917
-919
-712
-722
-812
-822
-922
-942
-952
-962
-982
-992
949
-941
-943
-944
-945
-946
-947
843
-842
-844
-845
-846
-847
-849
745
-741
-742
-744
-746
-747
-749
-759
-769
-859
-869
-959
-969
-725
-735
-795
-813
-823
-929
-939
-979
879
-874
-875
-876
825
-824
-826
-827
-829
-925
-935
-819
817
-717
719
-727
-737
-927
-937
-729
-739
-857
-867
-887
413
-417
-419
-623
-633
-493
693
-692
-694
-695
-698
598
-592
-595
-596
682
-681
-684
481
-484
-486
675
-674
-441
-451
-558
-642
-652
-662
-625
-635
-525
521
-531
535
-621
-631
-541
-551
-721
-921
-149
-449
459
-454
-456
-457
-649
-659
-669
447
-444
-446
-647
-657
-667
644
-641
-654
141
-146
-147
-151
-161
-247
-159
-975
995
-994
-996
-997
-882
792
-794
-796
-797
987
-984
-986
-752
-762
-957
-967
-387
966
-961
-968
-756
-766
-856
-866
862
-852
854
-754
-954
-956
958
-951
-884
886
974
-976
931
-933
-934
-936
-731
923
-924
-926
-123
133
-134
-136
-137
-139
552
-556
-542
546
242
-246
-362
-222
322
-324
-326
-327
-329
156
-157
-166
-366
-126
-196
757
-751
761
-767
651
-658
-661
668
-474
476
494
-496
384
-386
-194
197
-394
396
-397
124
-127
-129
-334
339
-336
-337
-167
169
367
-369
-724
726
734
-736
-226
227
236
-237
-627
629
637
-639
