132
-131
-133
-134
-135
-136
-137
-138
-139
-112
-122
-212
-222
-232
-312
-322
-332
-142
-152
-162
-172
-182
-192
-432
-532
-632
-732
-832
-932
153
-151
-154
-155
-156
-157
-158
-159
-143
-163
-243
-253
-263
-343
-353
-363
-113
-123
-173
-183
-193
-453
-553
-653
-753
-853
-953
285
-281
-282
-283
-284
-286
-287
-288
-289
-175
-185
-195
-275
-295
-375
-385
-395
-215
-225
-235
-245
-255
-265
-485
-585
-685
-785
-885
-985
384
-381
-382
-383
-386
-387
-388
-389
-174
-184
-194
-274
-294
-374
-394
-314
-324
-334
-344
-354
-364
-484
-584
-684
-784
-884
-984
436
-431
-433
-434
-435
-437
-438
-439
-416
-426
-516
-526
-536
-616
-626
-636
-446
-456
-466
-476
-486
-496
-236
-336
-736
-836
-936
461
-462
-463
-464
-465
-467
-468
-469
-441
-451
-541
-551
-561
-641
-651
-661
-411
-421
-471
-481
-491
-161
-261
-361
-761
-861
-961
477
-472
-473
-474
-475
-478
-479
-487
-497
-577
-587
-597
-677
-687
-697
-417
-427
-447
-457
-177
-277
-377
-777
-877
-977
512
-511
-513
-514
-515
-517
-518
-519
-412
-422
-522
-612
-622
-542
-552
-562
-572
-582
-592
-712
-812
-912
544
-543
-545
-546
-547
-548
-549
-444
-454
-554
-564
-644
-654
-664
-524
-534
-574
-594
-144
-244
-744
-844
-944
673
-671
-672
-674
-675
-676
-678
-679
-483
-493
-573
-583
-593
-683
-693
-613
-623
-633
-643
-663
-273
-373
-773
-873
-973
714
-711
-713
-715
-716
-717
-718
-719
-724
-734
-814
-824
-834
-914
-924
-934
-754
-764
-774
-794
-114
-214
-414
-614
725
-721
-722
-723
-726
-727
-728
-729
-735
-815
-825
-835
-915
-925
-935
-745
-755
-765
-775
-795
-125
-325
-425
-525
-625
742
-741
-743
-746
-747
-748
-749
-752
-762
-842
-852
-862
-942
-952
-962
-772
-782
-792
-242
-342
-442
-642
857
-851
-854
-855
-856
-858
-859
-757
-767
-847
-867
-947
-957
-967
-817
-827
-837
-887
-897
-257
-357
-557
-657
876
-871
-872
-874
-875
-878
-879
-776
-786
-796
-886
-896
-976
-986
-996
-816
-826
-846
-866
974
-971
-972
-975
-978
-979
-894
-994
864
-863
-865
-868
-869
-954
-964
254
-251
-252
-256
-258
-259
-164
-264
124
-121
-126
-127
-128
-129
-224
-234
-424
494
-492
-495
-498
-499
-694
-624
634
-631
-635
-637
-638
-639
575
-571
-576
-578
-579
-595
-695
-535
-555
-565
335
-331
-333
-337
-338
-339
-115
-315
-345
-355
-365
-176
-276
-376
891
-892
-893
-895
-898
-899
-771
-781
-791
-881
-981
-991
995
-992
-993
-997
-998
-999
-811
-821
-831
-841
845
-843
-848
-849
-945
-955
-965
-145
165
-166
-167
-168
-169
-445
-645
-665
-191
-291
-391
-591
-691
928
-921
-922
-923
-926
-927
-929
822
-823
-828
-829
916
-911
-913
-917
-918
-919
-738
-818
-838
-938
-882
982
-983
-987
-988
-989
888
-883
-889
-778
779
-788
-798
-789
-799
-739
-759
-769
-946
-956
-966
937
-931
-933
-939
731
-733
-737
-751
-948
-958
-968
-116
-216
-316
-228
-328
-428
-528
-628
-231
-531
-237
-537
-179
-279
-379
-482
452
-455
-458
-459
-652
-662
655
-656
-658
-659
415
-413
-418
-419
-615
-352
-682
692
-696
-698
-699
783
-787
-793
797
-763
187
-181
-186
-188
-189
-197
-297
-397
-117
-147
-488
489
-589
-599
-689
448
-443
-449
563
-566
-567
-568
-569
-558
-648
-668
423
-429
-523
-533
527
-521
-529
-617
-627
581
-586
-588
-681
-223
-323
-227
-327
943
-941
-949
951
-959
-963
969
-148
-248
-348
-351
-269
-369
-669
686
-688
-596
598
556
-559
-646
-666
667
-647
649
-538
539
618
-611
-619
621
-629
-118
-218
-318
238
-233
-239
-268
-278
-298
-221
-321
833
-839
-813
819
-119
111
-211
-311
-141
-171
178
-198
-378
-398
-219
-319
-149
146
-246
-266
-346
-356
-366
-196
199
-299
-399
-249
229
-226
326
-329
296
-292
-293
393
-392
-396
213
-217
-313
317
-347
-367
247
-241
341
-349
-267
262
-362
368
-358
359
271
-272
-371
372
-756
758
766
-768
