139
-131
-132
-133
-134
-135
-136
-137
-138
-119
-129
-219
-229
-239
-319
-329
-339
-149
-159
-169
-179
-189
-199
-439
-539
-639
-739
-839
-939
173
-171
-172
-174
-175
-176
-177
-178
-183
-193
-273
-283
-293
-373
-383
-393
-113
-123
-143
-153
-163
-473
-573
-673
-773
-873
-973
195
-191
-192
-194
-196
-197
-198
-185
-275
-285
-295
-375
-385
-395
-115
-125
-145
-155
-165
-495
-595
-695
-795
-895
-995
224
-221
-222
-223
-225
-226
-227
-228
-114
-124
-214
-234
-314
-324
-334
-244
-254
-264
-274
-284
-294
-424
-524
-624
-724
-824
-924
237
-231
-232
-233
-235
-236
-238
-117
-127
-217
-317
-327
-337
-247
-257
-267
-277
-287
-297
-437
-537
-637
-737
-837
-937
255
-251
-252
-253
-256
-258
-259
-245
-265
-345
-355
-365
-215
-455
-555
-655
-755
-855
-955
261
-262
-263
-266
-268
-269
-141
-151
-161
-241
-341
-351
-361
-211
-271
-281
-291
-461
-561
-661
-761
-861
-961
315
-311
-312
-313
-316
-318
-325
-335
-415
-515
-615
-715
-815
-915
366
-362
-363
-364
-367
-368
-369
-146
-156
-166
-246
-346
-356
-326
-336
-376
-386
-396
-466
-566
-666
-766
-866
-966
454
-451
-452
-453
-456
-457
-458
-459
-444
-464
-544
-554
-564
-644
-654
-664
-414
-434
-474
-484
-494
-154
-354
-754
-854
-954
475
-471
-472
-476
-477
-478
-479
-485
-575
-585
-675
-685
-425
-435
-445
-465
-775
-875
-975
498
-491
-492
-493
-496
-497
-499
-488
-578
-588
-598
-678
-688
-698
-418
-428
-438
-448
-468
-298
-398
-798
-898
-998
526
-521
-522
-523
-525
-527
-528
-529
-416
-426
-436
-516
-536
-616
-626
-636
-546
-556
-576
-586
-596
-126
-726
-826
-926
583
-581
-582
-584
-587
-589
-483
-593
-683
-693
-513
-533
-543
-553
-563
-783
-883
-983
591
-592
-594
-597
-599
-481
-571
-671
-681
-691
-511
-531
-541
-551
-391
-791
-891
-991
611
-612
-613
-614
-617
-618
-619
-411
-421
-431
-621
-631
441
-442
-443
-446
-447
-449
-641
-651
486
-482
-487
-489
-676
-686
-696
-111
-711
-811
-911
-741
-841
-941
-186
116
-112
-118
-216
-716
-816
-916
-286
-786
-886
-986
635
-632
-633
-634
-638
-535
-625
-645
-665
-735
-835
-935
656
-652
-653
-657
-658
-659
-646
-756
-856
-956
747
-742
-743
-744
-745
-746
-748
-749
-757
-767
-847
-857
-867
-947
-957
-967
-717
-727
-777
-787
-797
-147
-347
-547
-647
793
-792
-794
-796
-799
-893
-993
-713
-723
-733
-753
-763
848
-842
-843
-844
-845
-846
-849
946
-942
-943
-944
-945
-948
-949
-758
-768
-858
-868
-958
-968
-818
-828
-838
-878
-888
-936
-976
-996
545
-542
-548
-549
-565
-148
-248
-348
-648
852
-851
-853
-859
-752
-762
-862
-952
-962
-812
-822
-832
-872
-882
-892
-152
-352
-552
877
-871
-874
-876
-879
-887
-897
-977
-987
-997
-817
-827
-377
-577
-677
885
-881
-884
-889
-785
-985
-825
-865
914
-912
-913
-917
-918
-919
-714
-734
-814
-834
-934
927
-921
-922
-923
-925
-928
-929
725
-721
-722
-728
-729
-765
965
-963
-964
-969
-974
-984
-994
-514
534
-532
-538
-574
-427
-627
932
-931
-933
-938
-712
-732
-972
-982
-992
999
-779
-789
-899
-979
-989
953
-951
-959
751
-759
-863
-731
-771
-781
-332
-432
433
-413
-423
-623
-463
-333
-833
-353
663
-662
-667
-668
-669
-643
628
-622
-629
-518
-128
-328
-299
-399
-699
978
-971
981
-988
-778
-788
371
-372
-374
-378
-379
-181
-381
121
-122
-321
-331
338
-218
-358
-388
718
-719
-738
736
-836
831
-821
-776
896
-894
769
-764
864
-869
-164
-469
-569
276
-272
-278
-279
-296
292
-182
-282
-382
-392
-212
213
322
-323
-242
-243
249
343
-342
-344
-349
144
-142
162
-167
-168
158
-157
357
-359
-184
187
-188
-387
-397
394
-384
389
288
-289
-813
819
823
-829
-419
429
-422
-519
642
-649
-462
467
-562
-557
-567
568
-558
559
412
-417
-512
517
572
-579
-672
-682
-692
-772
774
782
-784
-674
679
-689
684
-687
-694
697
