147
-141
-142
-143
-144
-145
-146
-148
-149
-157
-167
-247
-257
-267
-347
-357
-367
-117
-127
-137
-177
-187
-197
-447
-547
-647
-747
-847
-947
189
-181
-182
-183
-184
-185
-186
-188
-179
-199
-279
-289
-299
-379
-389
-399
-119
-129
-139
-159
-169
-489
-589
-689
-789
-889
-989
227
-221
-222
-223
-224
-225
-226
-228
-229
-217
-237
-317
-327
-337
-277
-287
-297
-427
-527
-627
-727
-827
-927
244
-241
-242
-243
-245
-246
-248
-249
-154
-164
-254
-264
-344
-354
-364
-214
-234
-274
-284
-294
-444
-544
-644
-744
-844
-944
275
-271
-272
-273
-276
-278
-175
-195
-285
-295
-375
-385
-395
-215
-235
-255
-265
-475
-575
-675
-775
-875
-975
291
-292
-293
-296
-298
-171
-191
-281
-371
-381
-391
-211
-231
-251
-261
-491
-591
-691
-791
-891
-991
314
-311
-312
-313
-315
-316
-318
-319
-114
-124
-134
-324
-334
-374
-384
-394
-414
-514
-614
-714
-814
-914
363
-361
-362
-365
-366
-368
-369
-153
-163
-253
-263
-343
-353
-323
-333
-373
-383
-393
-463
-563
-663
-763
-863
-963
376
-372
-377
-378
-176
-196
-286
-386
-396
-326
-336
-346
-356
-476
-576
-676
-776
-876
-976
418
-411
-412
-413
-415
-416
-417
-419
-428
-438
-518
-528
-538
-618
-628
-638
-448
-458
-468
-478
-488
-498
-118
-218
-718
-818
-918
516
-511
-512
-513
-515
-517
-519
-426
-436
-526
-536
-616
-626
-636
-546
-556
-566
-586
-596
-116
-216
-716
-816
-916
529
-521
-522
-523
-524
-525
-429
-439
-539
-619
-629
-639
-549
-559
-569
-579
-599
-329
-729
-829
-929
552
-551
-553
-554
-555
-557
-558
-442
-452
-462
-542
-562
-642
-652
-662
-532
-572
-582
-592
-152
-252
-352
-752
-852
-952
581
-583
-584
-585
-587
-588
-471
-481
-571
-671
-681
-531
-541
-561
-781
-881
-981
597
-593
-594
-595
-598
-477
-487
-497
-577
-677
-687
-697
-537
-567
-397
387
-382
-388
-787
-887
-987
-797
-897
-997
695
-692
-693
-694
-696
-698
-699
-485
-495
-685
-615
-625
-635
-645
-655
-665
-795
-895
-995
735
-731
-732
-733
-734
-736
-737
-738
-739
-715
-725
-815
-825
-835
-915
-925
-935
-745
-755
-765
-785
115
-111
-112
-113
-125
-135
-325
-335
-155
-165
425
-421
-422
-423
-424
-435
-535
-445
-455
-465
743
-741
-742
-746
-748
-749
-753
-843
-853
-943
-953
-713
-723
-773
-783
-793
-443
-543
-643
792
-794
-796
-798
-799
-772
-782
-872
-882
-892
-972
-982
-992
-712
-722
-762
-192
-392
398
-178
-198
-288
-328
-338
-348
-358
-492
-898
-998
819
-811
-812
-813
-817
-719
-839
-919
-939
-849
-859
-869
-879
-899
-219
828
-821
-822
-823
-824
-826
-728
-838
-928
-938
-848
-858
-868
-878
-888
-128
837
-831
-832
-833
-834
-836
-717
711
-721
-911
-921
-931
-917
-937
-751
-761
-771
-857
-867
-877
-611
617
-612
-613
-437
-637
-657
-667
864
-861
-862
-865
-866
-754
-764
-854
-954
-964
842
-841
-845
-846
-942
-962
-874
-884
-894
-342
-464
-564
-664
883
-885
-886
-873
871
-971
-893
896
-973
-983
-993
985
-984
-986
-988
-786
-996
-851
855
-856
-945
-955
-965
-355
345
-341
-349
-545
548
565
-568
-648
-658
-668
-578
-948
-283
282
-172
-212
213
-123
-133
-233
-232
-262
162
-161
-166
-168
-122
-132
912
-913
-922
-932
-482
-682
-483
-683
-496
924
-923
-926
933
-934
-936
-724
726
-756
-766
-974
-994
999
-779
-979
-949
-959
-969
623
-621
-622
-624
-433
-533
534
-633
-434
-634
573
-574
-473
-493
-673
453
-451
-454
-456
-457
-459
-653
654
-651
-656
-659
467
-461
-466
-469
-674
-684
322
-321
-332
121
-126
-131
-331
339
-239
-151
351
-359
-951
-767
-967
-173
174
193
-194
-474
-774
784
-788
-484
486
494
-499
-686
688
-678
-446
968
-961
-966
941
-946
956
-957
-958
757
-758
-759
-768
769
-777
778
977
-978
-441
449
-649
-669
431
-432
-631
632
472
-479
-672
679
-641
646
661
-666
-156
158
-258
-268
136
-138
-236
238
-256
259
266
-269
