134
-131
-132
-133
-135
-136
-137
-138
-139
-114
-124
-214
-224
-234
-314
-324
-334
-144
-154
-164
-174
-184
-194
-434
-534
-634
-734
-834
-934
166
-161
-162
-163
-165
-167
-168
-169
-146
-156
-246
-256
-266
-346
-356
-366
-116
-126
-176
-186
-196
-466
-566
-666
-766
-866
-966
172
-171
-173
-175
-177
-178
-179
-182
-192
-272
-282
-292
-372
-382
-392
-112
-122
-142
-152
-472
-572
-672
-772
-872
-972
195
-191
-193
-197
-198
-199
-185
-275
-285
-295
-375
-385
-395
-115
-125
-145
-155
-495
-595
-695
-795
-895
-995
229
-221
-222
-223
-225
-226
-227
-228
-119
-129
-219
-239
-319
-329
-339
-249
-259
-269
-279
-289
-299
-429
-529
-629
-729
-829
-929
252
-251
-253
-254
-255
-257
-258
-242
-262
-342
-352
-362
-212
-232
-452
-552
-652
-752
-852
-952
294
-291
-293
-296
-297
-298
-274
-284
-374
-384
-394
-244
-264
-494
-594
-694
-794
-894
-994
341
-343
-344
-345
-347
-348
-349
-141
-151
-241
-261
-351
-361
-311
-321
-331
-371
-381
-391
-441
-541
-641
-741
-841
-941
411
-412
-413
-414
-415
-416
-417
-418
-419
-421
-431
-511
-521
-531
-611
-621
-631
-451
-461
-471
-481
-491
-111
-211
-711
-811
-911
425
-422
-423
-424
-426
-427
-428
-435
-515
-525
-535
-615
-625
-635
-445
-455
-465
-475
-485
-325
-725
-825
-925
462
-463
-464
-467
-468
-469
-442
-542
-562
-642
-662
-432
-482
-492
-762
-862
-962
474
-473
-476
-477
-478
-479
-484
-574
-584
-674
-684
-444
-454
-774
-874
-974
497
-493
-496
-498
-499
-487
-577
-587
-597
-677
-687
-697
-437
-447
-457
-397
-797
-897
-997
539
-532
-533
-536
-537
-538
-439
-519
-619
-639
-549
-559
-569
-579
-589
-599
-739
-839
-939
547
-543
-544
-545
-546
-548
-557
-567
-647
-657
-667
-517
-527
-147
-247
-747
-847
-947
565
-561
-563
-564
-568
-555
-645
-655
-665
-575
-585
-265
-365
-765
-865
-965
576
-571
-573
-578
-486
-586
-596
-676
-686
-696
-516
-526
-556
-276
-376
-776
-876
-976
616
-612
-613
-614
-617
-618
-436
-626
-636
-646
-656
-216
-316
-716
-816
-916
637
-632
-633
-638
-627
-237
-337
-737
-837
-937
644
-643
-648
-649
-554
-654
-664
-624
-744
-844
-944
689
-681
-682
-683
-685
-688
675
-671
-673
-678
-679
-489
-699
-659
-669
-775
-875
-975
-189
-389
-789
-889
-989
698
-691
-692
-693
-488
483
-583
-593
-588
-598
-433
438
-518
-528
-628
-443
-453
-448
-458
558
-551
-553
-658
-668
622
-623
-512
-522
-322
-722
-822
-922
-238
-338
-738
-838
-938
-158
-358
-758
-858
-958
-183
-283
-383
-783
-883
-983
-398
-798
-898
-998
769
-761
-763
-764
-767
-768
-749
-759
-849
-859
-869
-949
-959
-969
-719
-779
-799
-369
814
-812
-813
-815
-817
-818
-819
-714
-724
-824
-914
-924
919
-912
-913
-915
-917
-918
-854
-864
-884
-979
-999
-514
513
-523
524
-113
-213
-313
-713
856
-851
-853
-855
-857
-746
-756
-846
-946
-956
-826
-836
-886
-896
446
-449
-456
459
149
-143
-148
-159
-359
885
-881
-882
-887
-888
-785
-985
-835
-845
933
-931
-932
-935
-936
-723
-733
-823
-833
-923
-943
-953
-963
-973
-993
-233
-333
945
-942
-948
-745
-755
-955
-245
355
-353
-354
-357
364
-363
-367
-368
-315
-335
-964
971
-977
-978
-771
-781
-791
-871
-891
-981
-991
-921
-951
-961
-271
591
-592
-581
582
-782
-982
992
-996
-792
-892
-117
118
-128
-218
-318
-328
-188
-718
-121
231
-235
-236
215
-217
181
-187
-281
286
-287
-288
-386
-396
-715
735
-731
-732
-736
-831
832
-712
717
-727
-827
-927
742
-743
-748
-842
-757
-777
-787
312
-317
-332
336
-326
-786
-986
796
-793
-726
926
-928
123
-127
-323
327
-153
157
-267
277
-273
-278
-377
-387
388
-378
-957
954
-754
784
-788
-984
-877
987
-988
867
-861
-863
-868
751
-753
843
-848
-967
968
-721
728
821
-828
773
-778
-873
-893
899
878
-879
-243
248
263
-268
-651
653
661
-663
-373
379
393
-399
