139
-131
-132
-133
-134
-135
-136
-137
-138
-119
-129
-219
-229
-239
-319
-329
-339
-149
-159
-169
-179
-189
-199
-439
-539
-639
-739
-839
-939
155
-151
-152
-153
-154
-156
-157
-158
-145
-165
-245
-255
-265
-345
-355
-365
-115
-125
-175
-185
-195
-455
-555
-655
-755
-855
-955
221
-222
-223
-224
-225
-226
-227
-228
-111
-121
-211
-231
-311
-321
-331
-241
-251
-261
-271
-281
-291
-421
-521
-621
-721
-821
-921
235
-232
-233
-234
-236
-237
-238
-215
-315
-325
-335
-275
-285
-295
-435
-535
-635
-735
-835
-935
277
-272
-273
-274
-276
-278
-279
-177
-187
-197
-287
-297
-377
-387
-397
-217
-247
-257
-267
-477
-577
-677
-777
-877
-977
298
-292
-293
-294
-296
-299
-178
-188
-198
-288
-378
-388
-398
-218
-248
-258
-268
-498
-598
-698
-798
-898
-998
317
-312
-313
-314
-316
-318
-117
-127
-327
-337
-347
-357
-367
-417
-517
-617
-717
-817
-917
322
-323
-324
-326
-328
-112
-122
-212
-332
-342
-352
-362
-372
-382
-392
-422
-522
-622
-722
-822
-922
341
-343
-344
-346
-348
-349
-141
-161
-351
-361
-371
-381
-391
-441
-541
-641
-741
-841
-941
366
-363
-364
-368
-369
-146
-166
-246
-256
-266
-356
-336
-376
-386
-396
-466
-566
-666
-766
-866
-966
379
-373
-374
-375
-289
-389
-399
-359
-479
-579
-679
-779
-879
-979
419
-411
-412
-413
-414
-415
-416
-418
-429
-519
-529
-619
-629
-449
-459
-469
-489
-499
-719
-819
-919
444
-442
-443
-445
-446
-447
-448
-454
-464
-544
-554
-564
-644
-654
-664
-424
-434
-474
-484
-494
-144
-244
-744
-844
-944
476
-471
-472
-473
-475
-478
-486
-496
-576
-586
-596
-676
-686
-696
-426
-436
-456
-176
-776
-876
-976
493
-491
-492
-495
-497
-483
-573
-583
-593
-673
-683
-693
-423
-433
-453
-463
-193
-393
-793
-893
-993
618
-611
-612
-613
-614
-615
-616
-428
-438
-518
-528
-538
-628
-638
-648
-658
-668
-678
-688
-118
-718
-818
-918
663
-661
-662
-665
-667
-669
-543
-553
-563
-643
-653
-623
-633
-163
-263
-763
-863
-963
692
-691
-694
-695
-697
-699
-482
-572
-582
-592
-672
-682
-632
-642
-652
-192
-792
-892
-992
733
-731
-732
-734
-736
-737
-738
-713
-723
-813
-823
-833
-913
-923
-933
-743
-753
-773
-783
-333
-533
742
-745
-746
-747
-748
-749
-752
-762
-842
-852
-862
-942
-952
-962
-712
-772
-782
-142
-242
-542
767
-761
-764
-765
-768
-769
-757
-847
-857
-867
-947
-957
-967
-727
-787
-797
-167
147
-143
-148
-547
-647
-467
-567
781
-784
-785
-786
-788
-789
-771
-791
-871
-881
-891
-971
-981
-991
-711
-751
-181
-481
-581
-681
796
-794
-795
-799
-886
-896
-986
-996
-716
-726
-756
-196
814
-811
-812
-815
-816
-714
715
-724
-824
-834
-914
-924
-934
-725
-825
-915
-925
-775
-854
-864
-874
-884
-894
-114
-214
-514
-515
832
-831
-836
-837
-838
-912
-932
-872
-882
512
-511
-513
-516
-432
-532
523
-524
-525
-526
-527
-552
-562
911
-916
-931
-951
-961
-123
875
-873
-878
-885
-895
-975
-985
-995
-845
-865
-575
-675
887
-883
-888
-889
-897
899
-987
-997
-989
-999
994
-774
778
-974
-984
-978
-988
754
-758
-759
-954
-964
-728
729
-829
-929
-827
-849
-859
-869
-254
-354
-578
-487
-587
-687
597
-591
-594
-595
-599
-537
-557
191
-194
-171
-394
395
-385
956
-953
-958
-959
-846
-856
-946
826
-828
-926
-936
-126
-626
-556
-656
972
-973
-982
983
-943
-172
173
-174
-183
-283
-383
384
-184
-284
-113
116
213
-216
-186
182
-282
286
-162
-243
249
-259
-269
-253
252
-262
264
353
-358
-164
168
124
-128
-334
338
-624
928
-927
937
-938
-948
-968
-437
431
-531
-631
-451
-461
-637
843
-848
-853
548
-545
-546
-549
646
-645
-649
-458
-468
-558
-568
488
-485
-588
536
-534
634
-636
-674
671
-571
574
-584
-684
-651
945
-949
-965
969
-452
457
462
-465
565
-561
-569
551
-559
-657
659
425
-427
-625
627
-585
589
685
-689
-851
858
861
-868
