133
-131
-132
-134
-135
-136
-137
-138
-139
-113
-123
-213
-223
-233
-313
-323
-333
-143
-153
-163
-173
-183
-193
-433
-533
-633
-733
-833
-933
155
-151
-152
-154
-156
-157
-158
-159
-145
-165
-245
-255
-265
-345
-355
-365
-115
-125
-175
-185
-195
-455
-555
-655
-755
-855
-955
179
-171
-172
-174
-176
-177
-178
-189
-199
-279
-289
-299
-379
-389
-399
-119
-129
-149
-169
-479
-579
-679
-779
-879
-979
242
-241
-243
-244
-246
-247
-248
-249
-142
-162
-252
-262
-342
-352
-362
-212
-222
-232
-272
-282
-292
-442
-542
-642
-742
-842
-942
283
-281
-284
-285
-286
-287
-288
-273
-293
-373
-383
-393
-253
-263
-483
-583
-683
-783
-883
-983
294
-291
-295
-296
-297
-298
-184
-194
-274
-374
-384
-394
-214
-224
-234
-254
-264
-494
-594
-694
-794
-894
-994
325
-321
-322
-324
-326
-327
-328
-329
-215
-225
-235
-315
-335
275
-271
-276
-277
-278
-375
-385
-395
-425
-525
-625
-725
-825
-925
-475
-575
-675
-775
-875
-975
364
-361
-363
-366
-367
-368
-369
-144
-164
-344
-354
-314
-334
-464
-564
-664
-764
-864
-964
391
-392
-396
-397
-398
-181
-191
-371
-381
-311
-331
-341
-351
-491
-591
-691
-791
-891
-991
413
-411
-412
-414
-415
-416
-417
-418
-419
-423
-513
-523
-613
-623
-443
-453
-463
-473
-493
-713
-813
-913
424
-421
-422
-426
-427
-428
-429
-434
-514
-524
-534
-614
-624
-634
-444
-454
-474
-484
-124
114
-111
-112
-116
-117
-118
-714
-814
-914
-724
-824
-924
432
-431
-435
-436
-437
-438
-439
-512
-522
-532
-612
-622
-632
-452
-462
-472
-482
-492
-332
-732
-832
-932
458
-451
-456
-457
-459
-448
-468
-548
-558
-568
-648
-658
-668
-478
-488
-498
-258
-358
-758
-858
-958
651
-652
-653
-654
-656
-657
-659
-441
-461
-541
-551
-561
-641
-661
-611
-621
-631
-671
-681
-251
-751
-851
-951
673
-672
-674
-676
-677
-678
-573
-593
-693
-643
-663
-773
-873
-973
684
-682
-685
-686
-687
-688
-689
-574
-584
-644
-784
-884
-984
692
-695
-696
-697
-698
-699
-572
-582
-592
-662
-192
-792
-892
-992
712
-711
-715
-716
-717
-718
-719
-722
-812
-822
-912
-922
-752
-762
-772
-782
-312
122
-121
-126
-127
-128
-182
748
-741
-743
-744
-745
-746
-747
-749
-768
-848
-868
-948
-968
-728
-738
-778
-788
-798
-148
-348
789
-781
-785
-786
-787
-799
-889
-899
-989
-999
-729
-739
-759
-769
-489
-589
816
-811
-815
-817
-818
-819
-726
-736
-826
-836
-916
-926
-936
-846
-856
-866
-876
-886
-896
-216
-316
-516
-616
821
-823
-827
-828
-829
-721
-731
-831
-911
-921
-931
-841
-861
-871
-881
-221
-521
863
-862
-865
-867
-869
-753
-763
-843
-853
-943
-953
-963
-893
-563
939
-934
-935
-937
-938
-839
-919
-929
-949
-959
-969
-239
-339
-539
-639
956
-952
-954
-957
-756
-766
-946
-966
-976
-986
-996
-256
-356
-556
978
-971
-972
-974
-977
-878
-888
-898
-988
-998
838
-834
-835
-837
734
-735
-737
915
-917
-918
-928
-754
757
-767
-847
-857
-947
-967
-774
874
-872
-877
-727
723
-923
927
-793
993
-995
-997
-777
-797
-844
-854
944
-941
-945
-965
-985
-987
-515
-615
-227
-527
-627
-238
-338
-538
-638
141
-146
-147
-161
-261
-544
554
-552
-553
-557
-559
562
-565
-566
-567
-569
543
-545
-546
-547
-549
-343
353
-357
-359
852
-859
-962
961
-761
765
-845
849
771
-776
-981
982
-882
796
-795
-349
319
-317
-318
-219
-229
-519
-619
-449
-649
-257
259
-269
-465
-665
-471
481
-485
-486
-487
-571
-581
372
-376
-377
-378
-382
388
-386
-387
-188
-198
168
-166
-167
-268
-578
-588
598
-595
-596
-597
-599
499
-495
-496
-497
585
-586
-587
445
-446
-447
-645
-469
669
-666
-667
-535
635
-636
-637
-518
-528
529
-526
-629
-885
887
895
-897
186
-187
-196
197
211
-217
-218
-231
228
-226
-511
517
531
-536
-537
626
-628
-617
618
576
-577
-476
477
466
-467
-646
647
346
-347
-266
267
236
-237
-336
337
