124
-121
-122
-123
-125
-126
-127
-128
-129
-114
-134
-214
-224
-234
-314
-324
-334
-144
-154
-164
-174
-184
-194
-424
-524
-624
-724
-824
-924
191
-192
-193
-195
-196
-197
-198
-199
-171
-181
-271
-281
-291
-371
-381
-391
-111
-131
-141
-151
-161
-491
-591
-691
-791
-891
-991
255
-251
-252
-253
-254
-256
-257
-258
-259
-145
-155
-165
-245
-265
-345
-355
-365
-215
-225
-235
-275
-285
-295
-455
-555
-655
-755
-855
-955
282
-283
-284
-286
-287
-288
-289
-172
-182
-272
-292
-372
-382
-392
-212
-222
-232
-242
-262
-482
-582
-682
-782
-882
-982
312
-311
-313
-315
-316
-317
-318
-319
-112
-132
-322
-332
-342
-352
-362
-412
-512
-612
-712
-812
-912
353
-351
-354
-356
-357
-358
-359
-143
-153
-163
-243
-263
-343
-363
-323
-333
-373
-383
-393
-453
-553
-653
-753
-853
-953
421
-422
-423
-425
-426
-427
-428
-429
-411
-431
-511
-521
-531
-611
-621
-631
-441
-451
-461
-471
-481
-221
-321
-721
-821
-921
447
-442
-443
-444
-445
-446
-448
-449
-457
-467
-547
-557
-567
-647
-657
-667
-417
-437
-477
-487
-497
-147
-247
-347
-747
-847
-947
573
-571
-572
-574
-575
-576
-577
-578
-579
-473
-483
-493
-583
-593
-673
-683
-693
-513
-523
-533
-543
-563
-173
-273
-773
-873
-973
585
-581
-584
-586
-587
-588
-589
-475
-485
-495
-595
-675
-685
-695
-515
-525
-535
-545
-565
-185
-385
-785
-885
-985
672
-671
-674
-676
-677
-678
-679
681
-684
-686
-687
-688
-689
-472
-492
-592
-692
-641
-651
-661
-622
-632
-642
-652
-662
-772
-872
-972
-781
-881
-981
737
-731
-732
-733
-734
-735
-736
-738
-739
-717
-727
-817
-827
-837
-917
-927
-937
-757
-767
-777
-787
-797
-137
-237
-337
-537
-637
741
-742
-743
-744
-745
-746
-748
-749
-751
-761
-841
-851
-861
-941
-951
-961
-711
-771
-241
-341
-541
551
-552
-554
-556
-558
-559
-561
766
-762
-763
-764
-765
-768
-769
-756
-846
-856
-866
-946
-956
-966
-716
-726
-776
-786
-796
-166
-266
-366
-466
-566
-666
815
-811
-813
-814
-816
-818
-819
-715
-725
-825
-835
-915
-925
-935
-845
-865
-875
-895
-115
-415
-615
878
-871
-874
-876
-877
-879
971
-974
-975
-976
-977
-978
-979
-778
-788
-798
-888
-898
-988
-998
831
-832
-833
-834
-836
-838
-839
-911
-931
-828
-848
-858
-868
211
-213
-216
-217
-218
-219
-231
-331
-261
361
-364
-367
-368
-369
-178
-278
-378
-478
944
-942
-943
-945
-948
-949
-754
-844
-854
-864
-954
-964
965
-962
-963
-967
-968
-969
-914
-934
714
-713
-718
-719
-774
-784
-794
-984
-994
-995
-414
-514
-614
-244
-344
264
-267
-268
-269
-274
-294
-544
-644
645
-643
-646
-648
-649
-465
-665
435
-432
-433
-434
-436
-438
-439
-625
-635
325
-326
-327
-328
-329
-135
-335
175
-176
-177
-179
-375
-395
843
-842
-849
-863
-823
-883
-893
-464
-564
-664
-775
779
795
-792
-793
-799
-789
783
-983
-993
-889
-899
-989
-999
-723
-729
-759
-279
-379
-479
-183
293
-296
-297
-298
-299
-223
-233
-113
133
-136
-138
-139
-633
-933
-116
-117
227
-226
-228
-229
-277
276
-186
-376
-386
-396
-236
336
-338
-339
-246
-346
-527
-627
-536
-636
-936
-476
474
-484
-494
-594
-694
-454
654
-656
-658
-659
534
-532
-538
-539
522
-526
-528
-529
-634
-542
-562
-722
728
-918
-928
-938
752
-758
-852
-862
-952
958
-957
-959
-822
892
-894
-896
-897
-992
884
-886
-887
826
-829
-916
-926
-922
932
-939
-626
-628
142
-146
-148
-149
-152
-162
156
-157
-158
-159
167
-168
-169
-187
546
-548
-549
-456
-516
-596
-452
462
-463
-468
-469
663
-668
-669
413
-416
-418
-419
-613
-623
629
616
-617
-618
-619
517
-518
-519
638
-639
-597
697
-696
-698
-699
-913
919
923
-929
118
-119
-238
239
-188
189
-389
-399
248
-249
-348
349
857
-859
-867
869
-458
459
568
-569
-489
-499
599
-598
-374
377
-387
-397
-384
388
394
-398
987
-986
996
-997
486
-488
-496
498
