145
-141
-142
-143
-144
-146
-147
-148
-149
-155
-165
-245
-255
-265
-345
-355
-365
-115
-125
-135
-175
-185
-195
-445
-545
-645
-745
-845
-945
168
-161
-162
-163
-164
-166
-167
-169
-158
-248
-258
-268
-348
-358
-368
-118
-128
-138
-178
-188
-198
-468
-568
-668
-768
-868
-968
189
-181
-182
-183
-184
-186
-187
-179
-199
-279
-289
-299
-379
-389
-399
-119
-129
-139
-159
-489
-589
-689
-789
-889
-989
249
-241
-242
-243
-244
-246
-247
-259
-269
-349
-359
-369
-219
-229
-239
-449
-549
-649
-749
-849
-949
276
-271
-272
-273
-274
-275
-277
-278
-176
-196
-286
-296
-376
-386
-396
-216
-226
-236
-256
-266
-476
-576
-676
-776
-876
-976
332
-331
-333
-334
-335
-336
-337
-338
-339
-112
-122
-132
-212
-222
-232
-312
-322
-342
-352
-362
-372
-382
-392
-432
-532
-632
-732
-832
-932
357
-351
-353
-354
-356
-157
-257
-267
-347
-367
-317
-327
-377
-387
-397
-457
-557
-657
-757
-857
-957
384
-381
-383
-385
-388
-174
-194
-284
-294
-374
-394
-314
-324
-344
-364
-484
-584
-684
-784
-884
-984
395
-391
-393
-398
-285
-295
-375
-315
-325
-495
-595
-695
-795
-895
-995
488
-481
-482
-483
-485
-486
-487
-478
-498
-578
-588
-598
-678
-688
-698
-418
-428
-438
-448
-458
-288
-788
-888
-988
499
-491
-492
-493
-494
-496
-497
-479
-579
-599
-679
-699
-419
-429
-439
-459
-469
-799
-899
-999
525
-521
-522
-523
-524
-526
-527
-528
-529
-415
-425
-435
-515
-535
-615
-625
-635
-555
-565
-575
-585
-225
-725
-825
-925
546
-541
-542
-543
-544
-547
-548
-446
-456
-466
-556
-566
-646
-656
-666
-516
-536
-586
-596
-346
-746
-846
-946
569
-561
-562
-563
-564
-567
-559
-659
-669
-519
-539
-769
-869
-969
582
-581
-583
-587
-472
-572
-592
-672
-682
-692
-512
-552
-282
-782
-882
-982
614
-611
-612
-613
-616
-617
-618
-619
-414
-424
-434
-514
-534
-624
-634
-644
-654
-664
-674
-694
-114
-214
-714
-814
-914
623
-621
-622
-626
-627
-628
-629
-413
-423
-433
-513
-533
-633
639
-631
-636
-637
-638
-643
-653
-663
-673
-683
-693
-123
-223
-323
-723
-823
-923
-739
-839
-939
713
-711
-712
-715
-716
-717
-718
-719
-733
-813
-833
-913
-933
-743
-753
-763
-773
-783
-793
-113
-213
-313
726
-721
-722
-724
-727
-728
-729
-736
-816
-826
-836
-916
-926
-936
-756
-766
-786
-796
-126
-326
-426
759
-751
-752
-754
-755
-758
-859
-959
-779
775
-771
-772
-774
-777
-778
-785
-875
-885
-975
-985
-735
-765
-475
-675
685
-681
-686
-687
696
-691
-697
-655
-665
-896
-996
835
-831
-834
-837
-838
-815
-915
-935
-855
-865
215
-211
-217
-218
-235
862
-861
-863
-864
-866
-867
-742
-762
-842
-852
-942
-952
-962
792
-791
-794
-797
-798
-872
-892
-972
-992
-812
-822
-262
-462
-662
172
-171
-173
-177
-192
-292
-152
252
-251
-253
-254
-452
-652
642
-641
-647
-648
-442
658
-651
-558
-858
-958
924
-921
-922
-927
-928
-929
912
-911
-917
-918
-919
-734
-824
-934
-944
-954
-964
-974
-994
979
-971
-973
-977
-978
-879
-412
422
-421
-427
-124
-224
947
-941
-943
-948
-747
-767
-847
-967
-937
-987
-997
-447
966
-961
-963
-965
955
-951
-953
-956
-856
886
-881
-883
-887
-986
-455
465
-461
-463
-464
-467
667
-661
671
-677
-471
-571
-591
156
-151
-153
-154
264
-261
-263
-366
134
-131
-133
-136
-137
233
-231
-234
-237
-238
193
-191
-197
-283
-293
-373
-116
316
-311
-318
-319
329
-321
-328
228
-221
-227
-298
378
-371
-416
436
-431
-437
819
-811
-817
-818
-829
518
-511
-517
-538
-828
363
-361
341
-343
-441
-741
-841
761
-764
-851
-731
-781
787
-877
-897
744
-748
-844
-854
853
-843
848
-737
738
827
-821
931
-938
-873
-893
-878
-898
998
-991
-993
983
-981
121
-127
-111
117
411
-417
-531
537
-451
551
-553
-554
477
-473
-474
-577
-597
443
-444
-453
454
-871
874
891
-894
573
-574
-593
594
281
-287
-291
297
