176
-171
-172
-173
-174
-175
-177
-178
-179
-186
-196
-276
-286
-296
-376
-386
-396
-116
-126
-136
-146
-156
-166
-476
-576
-676
-776
-876
-976
181
-182
-183
-184
-185
-187
-188
-189
-191
-271
-281
-291
-371
-381
-391
-111
-121
-131
-141
-151
-161
-481
-581
-681
-781
-881
-981
221
-222
-223
-224
-225
-226
-227
-228
-229
-211
-231
-311
-321
-331
-241
-251
-261
-421
-521
-621
-721
-821
-921
278
-272
-273
-274
-275
-277
-279
-198
-288
-298
-378
-388
-398
-218
-238
-248
-258
-268
-478
-578
-678
-778
-878
-978
297
-292
-293
-294
-295
-299
-197
-287
-377
-387
-397
-217
-237
-247
-257
-267
-497
-597
-697
-797
-897
-997
341
-342
-343
-344
-345
-346
-347
-348
-349
-351
-361
-441
-541
-641
-741
-841
-941
356
-352
-353
-354
-355
-357
-358
-359
-246
-256
-266
-366
-316
-326
-336
-456
-556
-656
-756
-856
-956
372
-373
-374
-375
-379
-192
-282
-382
-392
-312
-322
-332
-362
-472
-572
-672
-772
-872
-972
385
-383
-384
-389
-195
-285
-395
-315
-325
-335
-365
-485
-585
-685
-785
-885
-985
399
-393
-394
-199
-289
-319
-329
-339
-369
-499
-599
-699
-799
-899
-999
427
-422
-423
-424
-425
-426
-428
-429
-417
-437
-517
-527
-537
-617
-627
-637
-447
-457
-467
-477
-487
-127
-327
-727
-827
-927
444
-442
-443
-445
-446
-448
-449
-454
-464
-544
-554
-564
-644
-654
-664
-414
-434
-474
-484
-494
-144
-244
-744
-844
-944
473
-471
-475
-479
-483
-493
-573
-583
-593
-673
-683
-693
-413
-433
-453
-463
-773
-873
-973
543
-542
-545
-546
-547
-548
-549
-553
-563
-643
-653
-663
-513
-523
-533
-143
-243
-743
-843
-943
562
-561
-565
-566
-567
-568
-569
-452
-462
-552
-642
-652
-662
-512
-522
-532
-582
-592
-162
-262
-762
-862
-962
634
-631
-632
-633
-635
-636
-638
-639
-514
-524
-534
-614
-624
-674
-684
-694
-134
-234
-334
-734
-834
-934
665
-661
-666
-667
-668
-669
-455
-465
-555
-645
-655
-615
-625
-675
-695
-165
-265
-765
-865
-965
689
-682
-686
-687
-688
-489
-579
-589
-679
-619
-629
-649
-659
-789
-889
-989
718
-711
-712
-713
-714
-715
-716
-717
-719
-728
-738
-818
-828
-838
-918
-928
-938
-748
-758
-768
-788
-798
-118
-318
-418
-518
-618
722
-723
-724
-725
-726
-729
-732
-812
-822
-832
-912
-922
-932
-742
-752
-782
-792
-122
-622
739
-731
-733
-735
-736
-737
-819
-829
-839
-919
-929
-939
-749
-759
-769
-779
-139
-239
-439
-539
755
-751
-753
-754
-757
-745
-845
-855
-945
-955
-775
-795
-155
-255
761
-763
-764
-766
-767
-851
-861
-951
-961
-771
-791
-461
813
-811
-814
-815
-816
-817
-823
-833
-913
-923
-933
-853
-863
-883
-893
-113
-213
-313
-613
623
-626
-628
-123
-323
835
-831
-836
-837
-825
-915
-925
-935
-875
-895
-135
-235
-435
-535
888
-882
-884
-886
-887
-898
-988
-998
-848
-858
-868
-488
-588
926
-924
-826
824
-914
-916
-936
-854
-864
-874
-894
-946
-966
-986
-996
-124
-324
328
-128
-138
-338
-368
-526
-528
931
-937
-911
917
-971
-991
-947
-957
-967
-977
-987
-117
-317
314
-114
-214
-364
-431
-531
-112
-115
119
-129
125
-215
-219
-145
245
-242
-249
-149
-159
-169
-419
-519
529
-525
-559
-132
-133
137
-337
333
-233
-147
-157
-167
367
-363
-867
142
-148
-152
-252
-842
-942
-153
154
-158
-164
-254
-264
168
-163
193
-194
-283
284
-954
964
-963
-968
-969
953
-952
-958
-959
852
-857
-859
948
-949
-892
-983
-993
-974
-984
982
-992
-994
995
-975
979
-879
-648
849
-846
-847
747
-746
866
-869
-777
774
-784
-794
-787
877
-871
891
-896
646
-647
-466
-616
-696
-253
259
263
-269
-459
469
-468
-574
575
-571
-577
-495
-595
415
-411
-412
-416
-515
671
-677
-491
-591
-691
587
-584
-586
594
-596
-598
451
-458
-551
-651
511
-516
-611
612
-432
536
-538
-436
438
-498
698
-692
-557
558
657
-658
-212
216
232
-236
-482
486
492
-496
783
-786
-793
796
