123
-121
-122
-124
-125
-126
-127
-128
-129
-113
-133
-213
-223
-233
-313
-323
-333
-143
-153
-163
-173
-183
-193
-423
-523
-623
-723
-823
-923
158
-151
-152
-154
-155
-156
-157
-159
-148
-168
-248
-258
-268
-348
-358
-368
-118
-138
-178
-188
-198
-458
-558
-658
-758
-858
-958
165
-161
-162
-164
-166
-167
-169
-145
-245
-255
-265
-345
-355
-365
-115
-135
-175
-185
-195
-465
-565
-665
-765
-865
-965
182
-181
-184
-186
-187
-189
-172
-192
-272
-282
-292
-372
-382
-392
-112
-132
-142
-482
-582
-682
-782
-882
-982
266
-261
-262
-263
-264
-267
-269
-146
-246
-256
-346
-356
-366
-216
-226
-236
-276
-286
-296
-466
-566
-666
-766
-866
-966
295
-291
-293
-294
-297
-298
-299
-275
-285
-375
-385
-395
-215
-225
-235
-495
-595
-695
-795
-895
-995
314
-311
-312
-315
-316
-317
-318
-319
-114
-134
-214
-224
-234
-324
-334
-344
-354
-364
-374
-384
-394
-414
-514
-614
-714
-814
-914
342
-341
-343
-347
-349
-242
-252
-352
-362
-322
-332
-442
-542
-642
-742
-842
-942
379
-371
-373
-376
-377
-378
-179
-199
-279
-289
-389
-399
-329
-339
-359
-369
-479
-579
-679
-779
-879
-979
415
-411
-412
-413
-416
-417
-418
-419
-425
-435
-515
-525
-535
-615
-625
-635
-445
-455
-475
-485
-715
-815
-915
444
-441
-443
-446
-447
-448
-449
-454
-464
-544
-554
-564
-644
-654
-664
-424
-434
-474
-484
-494
-144
-244
254
-251
-253
-257
-259
-274
-284
-744
-844
-944
-754
-854
-954
451
-452
-453
-456
-457
-459
-461
-541
-551
-561
-641
-651
-661
-421
-431
-471
-481
-491
-351
-751
-851
-951
468
-462
-463
-467
-469
-548
-568
-648
-668
-428
-438
-478
-488
-498
-768
-868
-968
477
-472
-473
-476
-487
-497
-577
-587
-597
-677
-687
-697
-427
-437
-177
-277
-777
-877
-977
557
-552
-553
-555
-556
-559
-547
-567
-647
-657
-667
-517
-527
-537
-357
353
-243
-363
-383
-393
-653
-753
-853
-953
-757
-857
-957
593
-591
-592
-594
-596
-598
-599
-483
-493
-573
-583
-673
-683
-693
433
-432
-436
-439
-513
-533
-613
-633
-543
-563
-733
-833
-933
-793
-893
-993
718
-711
-712
-713
-716
-717
-719
-728
-738
-818
-828
-838
-918
-928
-938
-748
-778
-788
-798
-218
-518
-618
729
-721
-722
-724
-725
-726
-727
-739
-819
-829
-839
-919
-929
-939
-749
-759
-769
-789
-799
-229
-429
-529
-629
776
-771
-772
-773
-774
-775
-786
-796
-876
-886
-896
-976
-986
-996
-736
-746
-756
-176
-576
-676
785
-781
-783
-784
-787
-875
-885
-975
-985
-735
-745
-755
752
-762
-852
-862
-952
-962
-732
-792
-652
-585
-685
791
-794
-797
-871
-881
-891
-971
-981
-991
-731
-741
-761
-191
-391
-691
822
-821
-824
-825
-826
-827
-812
-832
-912
-922
-932
-872
-892
-222
-422
426
-516
-526
-536
-616
-626
-636
492
-496
-499
-572
-672
-692
-486
489
-589
-689
-699
-522
-622
-326
-926
972
-973
-974
-978
-992
-889
-989
897
-894
-898
-899
-887
-987
-997
999
-994
-998
-817
-837
-847
-867
-949
-959
-969
-197
-397
947
-941
-943
-945
-946
-948
-747
743
-763
-843
-863
-963
-767
764
-864
-964
-967
961
-841
-861
869
848
-845
-846
-849
-859
-734
737
-917
-927
-937
-878
-888
988
-983
-984
-911
-921
-931
913
-916
-813
-137
-237
-337
-637
-643
663
-662
-669
562
-569
-512
-532
-147
117
-111
-116
-119
-217
-227
-327
816
-811
831
-834
-835
-836
-936
855
-856
-955
956
-617
627
-621
-624
-628
-131
-231
-331
-531
-631
-247
367
-361
287
-281
-283
-288
273
-271
-278
-387
-655
-656
659
-549
-649
-619
-639
-873
874
883
-884
-174
171
-381
194
-196
-141
149
241
-249
136
-139
-336
-211
-221
228
321
-325
-328
335
-338
-238
-521
925
-924
934
-935
524
-528
-534
-634
-574
-584
-571
-671
-674
684
-681
-686
-688
581
-586
-588
-694
696
-698
-511
519
611
-612
632
-638
538
-539
546
-545
645
-646
575
-578
-675
678
212
-219
-232
239
386
-388
-396
398
