121
-122
-123
-124
-125
-126
-127
-128
-129
-111
-131
-211
-221
-231
-311
-321
-331
-141
-151
-161
-171
-181
-191
-421
-521
-621
-721
-821
-921
159
-152
-153
-154
-155
-156
-157
-158
-149
-169
-249
-259
-269
-349
-359
-369
-119
-139
-179
-189
-199
-459
-559
-659
-759
-859
-959
172
-173
-174
-175
-176
-177
-178
-182
-192
-272
-282
-292
-372
-382
-392
-112
-132
-142
-162
-472
-572
-672
-772
-872
-972
185
-183
-184
-186
-187
-188
-195
-275
-285
-295
-375
-385
-395
-115
-135
-145
-165
-485
-585
-685
-785
-885
-985
194
-193
-196
-197
-198
-274
-284
-294
-374
-384
-394
-114
-134
-144
-164
-494
-594
-694
-794
-894
-994
217
-212
-213
-214
-215
-216
-218
-219
-117
-137
-227
-237
-317
-327
-337
-247
-257
-267
-277
-287
-297
-417
-517
-617
-717
-817
-917
243
-241
-242
-244
-245
-246
-248
-143
-163
-253
-263
-343
-353
-363
-223
-233
-273
-283
-293
-443
-543
-643
-743
-843
-943
319
-312
-313
-314
-315
-316
-318
-229
-239
-329
-339
-379
-389
-399
-419
-519
-619
-719
-819
-919
335
-332
-333
-334
-336
-338
-225
-235
-325
-345
-355
-365
-435
-535
-635
-735
-835
-935
354
-351
-352
-356
-357
-358
-254
-264
-344
-364
-324
-454
-554
-654
-754
-854
-954
434
-431
-432
-433
-436
-437
-438
-439
-414
-424
-514
-524
-534
-614
-624
-634
-444
-464
-474
-484
-234
224
-222
-226
-228
-724
-824
-924
-734
-834
-934
496
-491
-492
-493
-495
-497
-498
-499
-476
-486
-576
-586
-596
-676
-686
-696
-416
-426
-446
-456
-466
-296
-396
-796
-896
-996
515
-511
-512
-513
-516
-518
-415
-425
-525
-615
-625
-545
-555
-565
-575
-595
-715
-815
-915
551
-552
-553
-556
-557
-558
-441
-451
-461
-541
-561
-641
-651
-661
-531
-571
-581
-591
-251
-751
-851
-951
597
-592
-593
-598
-599
-477
-487
-577
-587
-677
-687
-697
-527
-537
-547
-567
-397
-797
-897
-997
618
-611
-612
-613
-616
-418
-428
-528
-538
-628
-638
-648
-658
-668
-678
-688
-698
-118
-718
-818
-918
673
-671
-674
-675
-679
-473
-483
-573
-583
-683
-693
-623
-633
-653
-663
-373
-773
-873
-973
758
-752
-753
-755
-756
-757
-748
-768
-848
-858
-868
-948
-958
-968
-728
-738
-778
-788
-798
-258
-458
777
-771
-774
-775
-776
-779
-787
-877
-887
-977
-987
-727
-737
-747
-767
-377
387
-381
-383
-386
-388
393
-391
-398
-323
-347
-367
-793
-893
-993
795
-791
-792
-799
-875
-895
-975
-995
-725
-745
-765
475
-471
-478
-479
-695
-445
-455
-465
866
-861
-862
-863
-864
-865
-867
-869
-746
-766
-846
-856
-946
-956
-966
-816
-826
-836
-876
-886
-166
-266
-366
-566
-666
891
-892
-898
-899
-781
-871
-881
-971
-981
-991
-811
-831
-841
-291
-691
911
-912
-913
-914
-916
-711
-731
-931
-941
-961
-411
631
-632
-636
-637
-639
481
-482
-488
-489
-681
-281
925
-922
-923
-926
-927
-928
-929
-825
-945
-955
-965
933
-932
-936
-937
-938
-939
-713
-723
-733
-813
-823
-833
-953
-963
-983
-133
113
-116
-413
412
-422
-522
-532
-622
-442
-452
-462
-712
-812
814
-714
716
-726
-736
-786
-844
-874
-884
-533
837
-832
-838
-839
-827
828
-822
-829
-847
-857
-878
879
-789
-889
-979
-989
-999
-888
-849
-328
-279
-579
957
-952
-947
-967
-457
453
-463
-563
-423
523
-526
-529
-853
763
-761
-762
-764
-769
741
-742
-744
-749
-783
883
-882
784
-782
-974
-984
-341
-657
574
-578
-584
-684
588
-582
-589
-544
-564
-548
-568
-288
-988
986
-982
992
-998
-976
978
-942
-962
-278
-378
298
-299
289
-286
-238
138
-136
146
-147
-148
-256
-346
167
-168
-268
-546
536
-539
-626
326
-322
232
-236
-252
255
-265
-262
261
-361
-271
276
371
-376
722
-729
-732
739
-646
656
-652
-655
852
-855
-842
845
-645
665
-662
-664
-667
-669
644
-642
-647
-649
627
-629
-427
429
-449
-469
-944
949
964
-969
447
-448
-467
468
348
-342
362
-368
542
-549
-562
569
682
-689
-692
699
