146
-141
-142
-143
-144
-145
-147
-148
-149
-156
-166
-246
-256
-266
-346
-356
-366
-116
-126
-136
-176
-186
-196
-446
-546
-646
-746
-846
-946
162
-161
-163
-164
-165
-167
-168
-169
-152
-242
-252
-262
-342
-352
-362
-112
-122
-132
-172
-182
-192
-462
-562
-662
-762
-862
-962
184
-181
-183
-185
-187
-188
-189
-174
-194
-274
-284
-294
-374
-384
-394
-114
-124
-134
-154
-484
-584
-684
-784
-884
-984
217
-211
-212
-213
-214
-215
-216
-218
-219
-117
-127
-137
-227
-237
-317
-327
-337
-247
-257
-267
-277
-287
-297
-417
-517
-617
-717
-817
-917
223
-221
-222
-224
-225
-226
-228
-229
-113
-123
-133
-233
-313
-323
-333
-243
-253
-263
-273
-283
-293
-423
-523
-623
-723
-823
-923
314
-311
-312
-315
-316
-318
-319
-234
-324
-334
-344
-354
-364
-414
-514
-614
-714
-814
-914
326
-321
-322
-325
-328
-329
-236
-336
-376
-386
-396
-426
-526
-626
-726
-826
-926
385
-381
-382
-383
-387
-388
-389
-175
-195
-275
-285
-295
-375
-395
-335
-345
-355
-365
-485
-585
-685
-785
-885
-985
391
-392
-393
-397
-398
-399
-171
-191
-271
-281
-291
-371
-331
-341
-351
-361
-491
-591
-691
-791
-891
-991
413
-411
-412
-415
-416
-418
-419
-433
-513
-533
-613
-633
-443
-453
-463
-473
-483
-493
-713
-813
-913
422
-421
-424
-425
-427
-428
-429
-432
-512
-522
-532
-612
-622
-632
-442
-452
-472
-482
-492
-722
-822
-922
439
-431
-434
-435
-436
-437
-438
-519
-529
-539
-619
-629
-639
-449
-459
-469
-479
-489
-499
-139
-239
-339
-739
-839
-939
455
-451
-454
-456
-457
-458
-445
-465
-545
-555
-565
-645
-655
-665
-475
-495
-155
-255
-755
-855
-955
481
-486
-487
-488
-471
-571
-581
-671
-681
-441
-461
-781
-881
-981
556
-551
-552
-553
-554
-557
-558
-559
-466
-566
-656
-666
-516
-536
-576
-586
-596
-756
-856
-956
624
-621
-625
-627
-628
-524
-534
-634
-644
-654
-664
-674
-694
-724
-824
-924
652
-651
-653
-657
-658
-659
-542
-642
-672
-682
-692
-752
-852
-952
677
-673
-675
-676
-678
-679
-477
-497
-577
-587
-597
-687
-697
-637
-647
-667
-177
-377
197
-193
-198
-199
-157
-777
-877
-977
-797
-897
-997
689
-683
-686
-688
-579
-589
-599
-699
-649
-669
-289
-789
-889
-989
693
-695
-696
-698
-573
-583
-593
-643
-663
-793
-893
-993
712
-711
-715
-716
-718
-719
-732
-812
-832
-912
-932
-742
-772
-782
-792
728
-721
-725
-727
-729
-738
-818
-828
-838
-918
-928
-938
-748
-758
-768
-778
-788
-798
-128
-528
786
-783
-787
-776
-796
-876
-886
-896
-976
-986
-996
-736
-766
-286
799
-794
-795
-779
-879
-899
-979
-999
-749
-759
-769
-299
887
-882
-883
-888
-987
-827
-837
-847
-857
-867
983
-982
-988
-773
-873
-973
-933
-943
-953
-963
898
-892
-894
-895
-878
-978
-998
-848
-858
-868
-298
-498
-598
942
-941
-944
-945
-947
-948
-949
-842
872
-871
-874
-875
-972
-992
-272
-372
332
-338
-232
-572
964
-961
-965
-966
-967
-968
-969
-744
-754
-764
-844
-854
-864
-954
866
-861
-863
-865
-869
958
-951
-957
-959
834
-831
-833
-835
-836
733
-731
-734
-735
-737
-934
-743
-753
-763
774
-771
-775
971
-974
-975
-994
995
-816
-911
-921
-931
-915
-925
-935
254
-251
-258
-259
-244
-264
-158
-358
-464
-564
-474
-574
575
-578
-595
-515
-525
-535
-111
115
-118
-119
-125
-135
-235
129
-121
-159
-179
-615
635
-631
-636
-638
616
-611
-618
-815
825
-821
-829
811
-819
-841
-851
-845
-511
518
-538
-548
-568
-588
582
-592
594
-494
496
-476
478
444
-447
-448
-544
467
-468
-547
-567
-916
919
936
-937
927
-929
521
-527
-531
537
-541
-561
-367
-767
276
-278
-279
-296
292
-282
288
-178
173
-373
-378
379
-153
151
-241
-261
-131
138
231
-238
-248
-268
-349
-359
-369
-751
757
-747
347
-343
-348
-357
353
-363
368
648
-641
661
-668
741
-745
-761
765
245
-249
-265
269
-853
859
843
-849
-543
549
563
-569
