122
-121
-123
-124
-125
-126
-127
-128
-129
-112
-132
-212
-222
-232
-312
-322
-332
-142
-152
-162
-172
-182
-192
-422
-522
-622
-722
-822
-922
169
-161
-163
-164
-165
-166
-167
-168
-149
-159
-249
-259
-269
-349
-359
-369
-119
-139
-179
-189
-199
-469
-569
-669
-769
-869
-969
218
-211
-213
-214
-215
-216
-217
-219
-118
-138
-228
-238
-318
-328
-338
-248
-258
-268
-278
-288
-298
-418
-518
-618
-718
-818
-918
284
-281
-282
-283
-285
-286
-287
-289
-174
-184
-194
-274
-294
-374
-384
-394
-224
-234
-244
-254
-264
-484
-584
-684
-784
-884
-984
353
-351
-352
-354
-355
-356
-357
-358
-143
-153
-243
-253
-263
-343
-363
-313
-323
-333
-373
-383
-393
-453
-553
-653
-753
-853
-953
417
-411
-412
-413
-414
-415
-416
-419
-427
-437
-517
-527
-537
-617
-627
-637
-447
-457
-467
-477
-487
-497
-117
-317
-717
-817
-917
444
-441
-442
-443
-445
-446
-448
-449
-454
-464
-544
-554
-564
-644
-654
-664
-424
-434
-474
-494
-144
-344
-744
-844
-944
451
-452
-455
-456
-458
-459
-461
-541
-551
-561
-641
-651
-661
-421
-431
-471
-481
-491
-151
-251
-751
-851
-951
496
-492
-493
-495
-498
-499
-476
-486
-576
-586
-596
-676
-686
-696
-426
-436
-466
-196
-296
-396
-796
-896
-996
573
-571
-572
-574
-575
-577
-578
-579
-473
-483
-583
-593
-673
-683
-693
-513
-523
-533
-543
-563
-173
-273
-773
-873
-973
599
-591
-592
-594
-595
-597
-598
-479
-489
-589
-679
-689
-699
-519
-529
-539
-549
-559
-299
-399
-799
-899
-999
672
-671
-674
-675
-677
-678
-472
-482
-582
-682
-692
694
-691
-695
-697
-698
-612
-632
-642
-652
-662
-614
-624
-634
-272
-372
-772
-872
-972
-794
-894
-994
711
-712
-713
-714
-715
-716
-719
-721
-731
-811
-821
-831
-911
-921
-931
-741
-761
-771
-781
-791
-111
-311
-511
-611
748
-742
-743
-745
-746
-747
-749
-758
-768
-848
-858
-868
-948
-958
-968
-728
-738
-778
-788
-798
-148
-348
-548
-648
785
-782
-783
-786
-787
-789
-775
-795
-875
-885
-895
-975
-985
-995
-725
-735
-755
-765
-185
-385
-485
488
-478
475
-585
-685
-588
-688
-425
-435
-465
-428
-438
-468
-175
-275
-375
-188
-388
-888
-988
847
-841
-842
-843
-845
-846
-849
-757
-767
-857
-867
-947
-957
-967
-827
-837
-877
-887
-897
-147
-247
-347
-547
-647
923
-924
-925
-926
-927
-928
-929
-723
-733
-813
-823
-833
-913
-933
-943
-963
-983
-993
-223
-423
429
-439
-619
-629
-639
-623
-229
-329
-729
-829
643
-645
-646
-649
-463
462
-542
-552
-562
-663
659
-655
-656
-657
-658
-432
433
-613
-633
113
-114
-115
-116
-133
-233
-183
-193
293
-291
-292
-295
-297
949
-941
-942
-945
-946
-759
-859
-959
-919
-939
-979
-989
-262
-362
-762
-862
-962
883
-881
-882
-886
-889
-793
-893
763
-764
-766
-863
389
-381
-382
-386
-387
392
-391
-395
-397
-398
195
-191
-197
-198
-279
-379
-135
-145
-155
239
-231
-235
-236
-237
-319
-339
-342
819
-812
-814
-815
-816
-739
-839
779
-774
-776
-777
-879
242
-241
-245
-246
-252
982
-981
-986
-987
-792
797
-892
-992
-977
-997
-727
-737
937
-932
-934
-935
-936
-938
-912
-952
512
-514
-515
-516
-532
-137
-337
186
-181
-187
-176
-276
-376
-136
-146
141
-261
-341
-361
-131
134
-314
-324
-334
-171
-154
364
-365
-366
-367
-368
158
-156
-157
177
-178
-277
271
-371
-377
378
-221
327
-321
-325
-326
331
-335
-336
-227
914
-915
-916
-724
726
-734
-824
-834
-736
732
-832
-826
-836
-752
852
-854
-855
-856
754
-756
-864
-954
-964
874
-871
-876
-878
-974
976
-971
-978
866
-861
-865
961
-965
-966
955
-956
891
-898
-991
998
524
-521
-525
-526
-528
-534
621
-625
-626
-628
-531
-631
581
-587
-681
687
-667
-226
225
-315
316
-255
-265
345
-346
615
-616
-535
-635
-665
-825
828
835
-838
-545
546
-556
-566
-666
668
-558
-568
-536
538
636
-638
-555
557
565
-567
256
-257
-266
267
