136
-131
-132
-133
-134
-135
-137
-138
-139
-116
-126
-216
-226
-236
-316
-326
-336
-146
-156
-166
-176
-186
-196
-436
-536
-636
-736
-836
-936
145
-141
-142
-143
-144
-147
-148
-149
-155
-165
-245
-255
-265
-345
-355
-365
-115
-125
-175
-185
-195
-445
-545
-645
-745
-845
-945
167
-161
-162
-163
-164
-168
-169
-157
-247
-257
-267
-347
-357
-367
-117
-127
-177
-187
-197
-467
-567
-667
-767
-867
-967
214
-211
-212
-213
-215
-217
-218
-219
-114
-124
-224
-234
-314
-324
-334
-244
-254
-264
-274
-284
-294
-414
-514
-614
-714
-814
-914
252
-251
-253
-256
-258
-259
-152
-242
-262
-342
-352
-362
-222
-232
-272
-282
-292
-452
-552
-652
-752
-852
-952
283
-281
-285
-286
-287
-288
-289
-173
-183
-193
-273
-293
-373
-383
-393
-223
-233
-243
-263
-483
-583
-683
-783
-883
-983
379
-371
-372
-374
-375
-376
-377
-378
-179
-189
-199
-279
-299
-389
-399
-319
-329
-339
-349
-359
-369
-479
-579
-679
-779
-879
-979
395
-391
-392
-394
-396
-397
-398
-275
-295
-385
-315
-325
-335
-495
-595
-695
-795
-895
-995
421
-422
-423
-424
-425
-426
-427
-428
-429
-411
-431
-511
-521
-531
-611
-621
-631
-441
-451
-461
-471
-481
-491
-121
-221
-321
-721
-821
-921
477
-472
-473
-474
-475
-476
-478
-487
-497
-577
-587
-597
-677
-687
-697
-417
-437
-447
-457
-277
-777
-877
-977
489
-482
-484
-485
-486
-488
-499
-589
-599
-689
-699
-419
-439
-449
-459
-469
-789
-889
-989
518
-512
-513
-515
-516
-517
-519
-418
-438
-528
-538
-618
-628
-638
-548
-558
-568
-578
-588
-598
-118
-318
-718
-818
-918
591
-592
-593
-594
-596
-571
-581
-671
-681
-691
-541
-551
-561
-191
-291
-791
-891
-991
624
-622
-623
-625
-626
-627
-629
-434
-524
-534
-634
-644
-654
-664
-674
-684
-694
-724
-824
-924
633
-632
-635
-637
-639
-413
-433
-523
-533
-613
-643
-653
-663
-673
-693
-333
-733
-833
-933
682
-685
-686
-688
-492
-572
-582
-672
-692
-612
-642
-662
-182
-382
-782
-882
-982
711
-712
-713
-715
-716
-717
-719
-731
-811
-831
-911
-931
-741
-751
-761
-771
-781
-111
-311
734
-732
-735
-737
-738
-739
-834
-934
-744
-754
-764
-774
-784
-794
825
-822
-823
-826
-827
-828
-829
-725
-815
-835
-915
-925
-935
-855
-865
-875
-885
-225
235
-231
-237
-238
-239
331
-332
-337
-338
-341
-351
-361
-381
-525
-435
432
-412
-522
-532
-442
-462
-832
-932
-535
857
-851
-853
-854
-856
-858
-859
-747
-757
-847
-947
-957
-817
-837
-887
-897
-557
-657
894
-892
-893
-896
-898
-899
-874
-884
-974
-984
-994
-844
-864
-194
-494
943
-941
-942
-944
-946
-948
-949
-743
-753
-763
-843
-863
-953
-963
-913
-923
-973
-993
-343
-443
-543
961
-962
-964
-965
-966
-968
-969
-841
-861
-951
954
-955
-956
-958
-959
-971
-981
-154
-354
-454
-554
-261
-661
976
-972
-975
-978
-776
-786
-796
-876
-886
-986
-996
985
-987
-988
-775
-785
-916
-926
-276
-576
-676
-585
-112
113
-119
-123
-313
-323
-153
-813
723
-722
-726
-727
-728
-729
816
-812
-819
-773
-793
873
-871
-872
-878
881
-888
-846
-866
-416
415
-615
-455
-465
-616
526
-527
-529
-546
-556
-566
-586
584
-574
-544
-564
-573
575
493
-496
-498
-675
678
696
-698
-453
-463
-555
-565
-646
-656
-666
-648
-658
-668
174
-171
-172
-178
192
-198
-184
-384
-122
271
-278
-181
188
-298
-388
151
-158
-159
-241
-128
129
-229
-929
641
-647
-649
-651
547
-542
-549
562
-563
-569
553
-559
-537
539
617
-619
-317
312
-322
-912
922
-927
-928
-992
-917
919
937
-938
-939
838
-839
-848
-868
-997
998
-999
-778
772
-792
-788
787
-797
-798
799
-742
-762
-749
-759
-769
842
-849
-862
869
249
-246
-248
-269
-353
363
-364
-366
-368
344
-346
-348
-444
464
-466
-468
659
-655
665
-669
755
-756
-758
-765
386
-387
-296
297
266
-268
-356
358
-227
228
327
-328
456
-458
-446
448
746
-748
-766
768
