121
-122
-123
-124
-125
-126
-127
-128
-129
-111
-131
-211
-221
-231
-311
-321
-331
-141
-151
-161
-171
-181
-191
-421
-521
-621
-721
-821
-921
187
-182
-183
-184
-185
-186
-188
-189
-177
-197
-277
-287
-297
-377
-387
-397
-117
-137
-147
-157
-167
-487
-587
-687
-787
-887
-987
253
-251
-252
-254
-255
-256
-257
-258
-259
-143
-153
-163
-243
-263
-343
-353
-363
-213
-223
-233
-273
-283
-293
-453
-553
-653
-753
-853
-953
298
-291
-292
-294
-295
-296
-299
-178
-198
-278
-288
-378
-388
-398
-218
-228
-238
-248
-268
-498
-598
-698
-798
-898
-998
414
-411
-412
-413
-415
-416
-417
-418
-419
-424
-434
-514
-524
-534
-614
-624
-634
-444
-454
-464
-474
-484
-494
-114
-214
-314
-714
-814
-914
438
-431
-432
-433
-435
-436
-437
-439
-428
-518
-528
-538
-618
-628
-638
-448
-458
-468
-478
-488
-138
-338
-738
-838
-938
452
-451
-455
-456
-457
-459
-442
-462
-542
-552
-562
-642
-652
-662
-422
-472
-482
-492
-152
-352
-752
-852
-952
545
-541
-543
-544
-546
-547
-548
-549
-445
-465
-555
-565
-645
-655
-665
-515
-525
-535
-575
-585
-595
-145
-245
-345
-745
-845
-945
571
-572
-573
-574
-576
-577
-578
-579
-471
-481
-491
-581
-591
-671
-681
-691
-511
-531
-551
-561
-271
-371
-771
-871
-971
589
-582
-583
-584
-586
-588
-479
-489
-499
-599
-679
-689
-699
-519
-529
-539
-559
-569
-289
-389
-789
-889
-989
613
-611
-612
-615
-616
-617
-619
631
-632
-633
-635
-636
-637
-639
-423
-513
-523
-533
-623
-641
-651
-661
-643
-663
-673
-683
-693
-113
-313
-713
-813
-913
-731
-831
-931
746
-741
-742
-743
-744
-747
-748
-749
-756
-766
-846
-856
-866
-946
-956
-966
-716
-726
-736
-776
-786
-796
-146
-246
-346
-446
-646
778
-772
-773
-774
-775
-777
-779
-788
-878
-888
-978
-988
-718
-728
-758
-768
-678
688
-682
-684
-685
-686
-648
-658
-668
794
-791
-792
-793
-795
-797
-799
-784
-874
-884
-894
-974
-984
-994
-724
-734
-754
-764
-194
-394
-594
-694
674
-672
-675
-676
-677
-644
-654
-664
-174
-274
-374
847
-841
-842
-843
-844
-848
-849
-757
-767
-857
-867
-947
-957
-967
-817
-827
-837
-877
-897
-247
-347
-447
-647
649
-449
-469
-659
-669
429
-425
-426
-427
625
-622
-626
-627
-629
692
-695
-696
-697
-592
-225
-325
-725
-825
-925
-229
-329
-729
-829
-929
-149
-249
-349
-949
-192
-392
-892
-992
861
-862
-863
-864
-865
-868
-869
-751
-761
-851
-941
-951
-961
-811
-881
-891
351
-354
-355
-356
-357
-358
-359
-241
-261
-341
-361
281
-282
-284
-285
-286
-381
-391
384
-382
-383
-385
-386
-324
-334
-344
-364
441
-443
-461
943
-942
-944
-948
-763
-963
-923
-933
-973
-983
-993
-781
711
-712
-715
-717
-719
-911
-981
991
-995
-996
-997
-999
977
-972
-975
-976
-979
-917
-927
-937
-477
918
-912
-915
-916
-919
-818
-828
-928
858
-854
-855
-859
-958
-968
-118
-318
328
-322
-323
-326
-327
-348
342
-142
-162
-242
244
-262
-362
-144
148
-154
-164
-264
-158
-168
-368
134
-132
-133
-135
-136
-139
333
-332
-335
-336
-337
-339
-224
-234
-312
-372
-373
-393
-733
-833
-834
824
-822
-823
-826
723
-722
-727
-924
-934
737
-732
-735
-739
-783
-237
-537
-558
568
-563
-564
-566
-567
463
-466
-467
554
-556
-557
-473
-483
-493
593
-596
-597
497
-495
-496
-954
964
-962
-965
-969
762
-765
-769
-782
785
-875
-885
-895
-985
-755
759
955
-959
-935
939
-932
-936
-819
-839
-239
-155
657
-656
666
-667
156
-159
-166
-266
-366
-116
-176
-196
883
-882
-886
-873
-893
173
-172
-175
-179
272
-275
-276
-279
-193
112
-115
-119
-212
-222
-232
-512
-812
-872
982
-986
832
-835
-836
-922
926
815
-816
-215
-315
235
-236
-265
522
-526
-527
-532
536
-516
517
-217
-317
227
-226
216
-219
-316
319
-267
269
367
-365
-369
165
-169
-195
199
-379
-399
879
-876
896
-899
-485
486
475
-476
-375
376
395
-396
