131
-132
-133
-134
-135
-136
-137
-138
-139
-111
-121
-211
-221
-231
-311
-321
-331
-141
-151
-161
-171
-181
-191
-431
-531
-631
-731
-831
-931
175
-172
-173
-174
-176
-177
-178
-179
-185
-195
-275
-285
-295
-375
-385
-395
-115
-125
-145
-155
-165
-475
-575
-675
-775
-875
-975
182
-183
-184
-186
-187
-188
-189
-192
-272
-282
-292
-372
-382
-392
-112
-122
-142
-152
-162
-482
-582
-682
-782
-882
-982
215
-212
-213
-214
-216
-217
-218
-219
-225
-235
-315
-325
-335
-245
-255
-265
-415
-515
-615
-715
-815
-915
289
-281
-283
-284
-286
-287
-288
-199
-279
-299
-379
-389
-399
-229
-239
-249
-259
-269
-489
-589
-689
-789
-889
-989
328
-322
-323
-324
-326
-327
-329
-118
-128
-228
-238
-318
-338
-348
-358
-368
-378
-388
-398
-428
-528
-628
-728
-828
-928
351
-352
-353
-354
-355
-356
-357
-359
-241
-251
-261
-341
-361
-371
-381
-391
-451
-551
-651
-751
-851
-951
437
-432
-433
-434
-435
-436
-438
-439
-417
-427
-517
-527
-537
-617
-627
-637
-447
-457
-467
-477
-487
-497
-237
-337
-737
-837
-937
448
-441
-442
-443
-444
-445
-446
-449
-458
-468
-548
-558
-568
-648
-658
-668
-418
-478
-488
-498
-148
-248
-748
-848
-948
456
-452
-453
-454
-455
-459
-466
-546
-556
-566
-646
-656
-666
-416
-426
-476
-486
-496
-156
-256
-756
-856
-956
492
-491
-493
-494
-495
-499
-472
-572
-592
-672
-692
-412
-422
-462
-792
-892
-992
525
-521
-522
-523
-524
-526
-529
-425
-535
-625
-635
-545
-555
-565
-585
-595
-725
-825
-925
536
-532
-533
-534
-538
-539
-516
-616
-626
-636
-576
-586
-596
-236
-336
-736
-836
-936
559
-552
-553
-554
-557
-469
-549
-569
-649
-659
-669
-519
-579
-599
-159
-759
-859
-959
574
-571
-573
-577
-578
-474
-484
-584
-594
-674
-684
-694
-514
-544
-564
-274
-374
-774
-874
-974
581
-583
-587
-588
-471
-481
-591
-671
-681
-691
-511
-541
-561
-781
-881
-981
619
-611
-612
-613
-614
-618
-419
-429
-629
-639
479
-473
-679
-699
-119
-319
-719
-819
-919
-779
-879
-979
654
-652
-653
-655
-657
-464
-644
-664
-624
-634
-154
-254
-754
-854
-954
667
-661
-662
-663
-665
-547
-567
-647
597
-593
-598
-677
-687
-697
518
-512
-513
-638
-718
-818
-918
-167
-267
-367
-767
-867
-967
-197
-297
-397
-797
-897
-997
673
-676
-678
-483
485
-683
-693
-685
-695
-465
645
-641
-642
-643
461
-463
-411
-421
621
-622
-623
632
-633
-721
-821
-921
-232
-332
-732
-832
-932
-345
365
-362
-363
-364
-366
-369
-745
-845
-945
-761
-861
-961
-765
-865
-965
-273
-373
-773
-873
-973
-785
-885
-985
753
-752
-755
-757
-758
-743
-763
-843
-853
-863
-943
-953
-963
-713
-723
-733
-783
-793
-153
-253
784
-786
-787
-788
-794
-884
-894
-984
-994
-714
-724
-734
-744
-764
-384
823
-822
-824
-826
-827
-829
-813
-833
-913
-923
-933
-883
-893
-123
-223
-423
424
413
-414
-113
-313
-124
-224
-924
898
-891
-895
-896
-899
-778
-798
-878
-888
-978
-988
-998
-838
-858
-868
278
-271
-276
-277
291
-293
-294
-296
-298
-198
-258
-268
688
-686
696
-698
-791
-991
-196
-396
-796
-996
926
-922
-927
-929
-716
-726
-816
-916
-946
-966
-976
-986
-126
-226
934
-935
-938
-939
-814
-834
-914
738
-735
-739
835
-839
729
-722
-727
795
-799
-995
999
-993
983
-987
-768
-749
-769
-855
955
-952
-957
-958
968
-962
-964
-969
-944
-949
222
-227
-312
-242
-252
257
-147
-157
158
-247
-347
-168
-262
342
-343
-344
-346
-349
339
-333
-334
233
-234
-129
127
-117
-317
-243
-263
-542
543
562
-563
-742
-842
-942
-143
163
-164
-166
-169
149
-144
-146
-193
194
-394
393
-383
-114
116
314
-316
-849
869
-862
-864
-866
844
-841
-846
-847
-244
246
264
-266
-746
766
-762
852
-857
-776
-812
-872
977
-971
-972
772
-771
-777
871
-876
-877
886
-887
-712
912
-911
-917
-811
817
711
-717
-741
747
941
-947
376
-377
-386
387
