146
-141
-142
-143
-144
-145
-147
-148
-149
-156
-166
-246
-256
-266
-346
-356
-366
-116
-126
-136
-176
-186
-196
-446
-546
-646
-746
-846
-946
167
-161
-162
-163
-164
-165
-168
-169
-157
-247
-257
-267
-347
-357
-367
-117
-127
-137
-177
-187
-197
-467
-567
-667
-767
-867
-967
173
-171
-172
-174
-175
-178
-179
-183
-193
-273
-283
-293
-373
-383
-393
-113
-123
-133
-153
-473
-573
-673
-773
-873
-973
212
-211
-213
-214
-215
-216
-217
-218
-219
-112
-122
-132
-222
-232
-312
-322
-332
-242
-252
-262
-272
-282
-292
-412
-512
-612
-712
-812
-912
231
-233
-234
-235
-236
-237
-238
-239
-111
-121
-131
-221
-311
-321
-331
-241
-251
-261
-271
-281
-291
-431
-531
-631
-731
-831
-931
295
-294
-296
-297
-298
-299
-185
-195
-275
-285
-375
-385
-395
-225
-245
-255
-265
-495
-595
-695
-795
-895
-995
423
-421
-422
-424
-425
-426
-427
-428
-429
-413
-433
-513
-523
-533
-613
-623
-633
-443
-453
-463
-483
-493
-223
-323
-723
-823
-923
478
-471
-472
-474
-475
-476
-477
-479
-488
-498
-578
-588
-598
-678
-688
-698
-418
-438
-448
-458
-468
-278
-378
-778
-878
-978
517
-511
-514
-515
-516
-518
-519
-417
-437
-527
-537
-617
-627
-637
-547
-557
-577
-587
-597
-317
-717
-817
-917
552
-551
-553
-554
-555
-556
-558
-559
-442
-452
-462
-542
-562
-642
-652
-662
-522
-532
-572
-582
-592
-152
-352
-752
-852
-952
651
-653
-654
-655
-656
-657
-658
-659
-441
-451
-461
-541
-561
-641
-661
-611
-621
-671
-681
-691
-151
-351
-751
-851
-951
735
-732
-733
-734
-736
-737
-738
-739
-715
-725
-815
-825
-835
-915
-925
-935
-745
-755
-765
-775
-785
-135
-335
-435
-535
-635
781
-782
-783
-784
-786
-787
-788
-789
-771
-791
-871
-881
-891
-971
-981
-991
-711
-721
-741
-761
-181
191
-192
-194
-198
-199
-371
-381
-391
182
-184
-188
-189
-372
-382
-392
571
-574
-575
-576
-579
-481
-491
-581
-591
411
-414
-415
-416
-419
-521
-811
-911
-482
-682
-882
-982
827
-821
-822
-824
-826
-828
-829
921
-922
-924
-926
-927
-928
-929
-727
-837
-937
-847
-857
-877
-887
-897
-941
-961
-227
-327
337
-333
-334
-336
-338
-339
313
-314
-315
-316
-318
-319
-343
-353
-363
-377
-387
-397
-713
-813
-913
848
-841
-842
-843
-844
-845
-849
861
-862
-863
-864
-865
-866
-868
-869
-748
-758
-768
-858
-948
-958
-968
-818
-838
-888
-898
341
-342
-344
-345
-348
-349
-361
362
-364
-365
-368
-369
-248
-548
-648
-762
-962
914
-916
-918
-919
-714
-724
-814
-834
-934
-944
-954
-964
-974
-984
-994
-114
-614
943
-942
-945
-947
-949
742
-743
-744
-747
-749
-753
-763
-853
-953
-963
-722
-772
-792
793
-794
-796
-797
-798
-799
-883
-893
-983
-993
833
-832
-836
-839
932
-933
-936
-938
-939
-972
-992
622
-624
-625
-626
-628
-629
-432
-632
492
-494
-496
-497
-499
-672
-692
-243
-543
-643
253
-254
-258
-259
-263
872
-874
-875
-876
-879
-892
-593
-693
115
-118
-119
-125
-325
-155
355
-354
-358
-359
-615
525
-524
-526
-528
-529
-545
-565
-585
-455
-855
885
-884
-886
-889
-975
-985
-955
965
-966
-969
158
-154
-159
-268
-128
-138
-465
-665
675
-674
-676
-677
-679
-485
-685
445
-444
-447
-449
-645
647
-644
-649
-457
487
-484
-486
-489
-687
-697
-287
277
-274
-276
-279
-777
757
-754
-756
-759
-957
-977
-987
997
-996
-998
-999
988
-986
-989
-288
228
-224
-226
-229
326
-324
-328
-329
286
-284
-289
-376
-386
-396
124
-129
-134
139
-726
-728
729
718
-716
-719
816
-819
-769
-779
-856
-896
-616
-618
619
-439
-539
-639
-669
-689
-699
-586
-686
-388
398
-394
-399
-244
249
264
-269
544
-549
-454
-464
-564
-664
434
-436
-534
-634
-584
-594
854
-859
-764
766
-956
959
774
-776
-894
899
976
-979
456
-459
-466
469
-566
-666
-569
-374
379
384
-389
-684
683
-583
589
694
-696
596
-599
563
-568
-663
668
-536
538
636
-638
