148
-141
-142
-143
-144
-145
-146
-147
-149
-158
-168
-248
-258
-268
-348
-358
-368
-118
-128
-138
-178
-188
-198
-448
-548
-648
-748
-848
-948
172
-171
-173
-174
-175
-176
-177
-179
-182
-192
-272
-282
-292
-372
-382
-392
-112
-122
-132
-152
-162
-472
-572
-672
-772
-872
-972
197
-191
-193
-194
-195
-196
-199
-187
-277
-287
-297
-377
-387
-397
-117
-127
-137
-157
-167
-497
-597
-697
-797
-897
-997
252
-251
-253
-254
-255
-256
-257
-259
-242
-262
-342
-352
-362
-212
-222
-232
-452
-552
-652
-752
-852
-952
289
-281
-283
-284
-285
-286
-288
-189
-279
-299
-379
-389
-399
-219
-229
-239
-249
-269
-489
-589
-689
-789
-889
-989
318
-311
-312
-313
-314
-315
-316
-317
-319
-218
-228
-238
-328
-338
-378
-388
-398
-418
-518
-618
-718
-818
-918
367
-361
-363
-364
-365
-366
-369
-247
-267
-347
-357
-327
-337
-467
-567
-667
-767
-867
-967
391
-393
-394
-395
-396
-181
-271
-291
-371
-381
-321
-331
-341
-351
-491
-591
-691
-791
-891
-991
434
-431
-432
-433
-435
-436
-437
-438
-439
-414
-424
-514
-524
-534
-614
-624
-634
-444
-454
-464
-474
-484
-494
-134
-234
-334
-734
-834
-934
496
-492
-493
-495
-498
-499
-476
-486
-576
-586
-596
-676
-686
-696
-416
-426
-446
-456
-466
-296
-796
-896
-996
536
-531
-532
-533
-535
-537
-538
-539
-516
-526
-616
-626
-636
-546
-556
-566
-136
-236
-336
-736
-836
-936
543
-541
-542
-544
-545
-547
-549
-443
-453
-463
-553
-563
-643
-653
-663
-513
-523
-573
-583
-593
-243
-343
-743
-843
-943
551
-554
-555
-557
-558
-559
-441
-451
-461
-561
-641
-651
-661
-511
-521
-571
-581
-151
-751
-851
-951
564
-562
-565
-568
-569
-644
-654
-664
-574
-584
-594
-164
-264
-764
-864
-964
579
-575
-577
-578
-479
-599
-679
-699
-519
-529
-779
-879
-979
613
-611
-612
-615
-617
-619
-413
-423
-623
-633
-673
-683
-693
-113
-213
-713
-813
-913
658
-655
-656
-657
-659
-458
-468
-668
-628
-638
-678
-688
-698
-758
-858
-958
675
-671
-674
-677
-475
-485
-585
-595
-685
-695
-625
-635
-645
-665
-275
-375
-775
-875
-975
712
-711
-714
-715
-716
-717
-719
-722
-732
-812
-822
-832
-912
-922
-932
-742
-762
-782
-792
-412
-512
746
-741
-744
-745
-747
-749
-756
-766
-846
-856
-866
-946
-956
-966
-726
-776
-786
-246
-346
-646
666
-662
-669
-166
-266
794
-793
-795
-798
-799
-774
-784
-874
-884
-894
-974
-984
-994
-724
-754
-294
-694
692
-482
-582
-592
598
-682
684
-681
-687
-478
-488
-588
587
-477
-487
428
-421
-422
-425
-427
-429
-528
522
-525
-527
-622
-632
515
-517
-415
-642
-115
-215
-815
-915
-322
332
-333
-335
-339
-728
-828
-928
-184
-384
-787
-887
-987
-892
-992
-298
278
-273
-274
-276
374
-373
-376
-324
-344
-354
-778
-878
-978
-898
-998
823
-821
-824
-825
-826
-827
-829
-723
-733
-833
-923
-933
-853
-863
-873
-883
-893
-123
-223
-323
859
-854
-855
-857
-759
-769
-849
-869
-949
-959
-969
-819
-839
-899
895
-785
-885
-985
-995
999
-993
-835
-845
-865
-919
-929
-939
-159
-359
-459
293
-295
-183
-383
-233
133
-131
-135
-139
-153
-163
-263
353
-355
-356
156
-154
-155
244
-241
-245
-116
-126
-186
185
-385
386
-125
-165
-214
-224
-326
-844
814
-811
-816
-817
-914
-924
-114
124
-121
-129
-944
954
-953
-955
-957
-753
-886
876
-871
-877
-976
-986
916
-911
-917
-926
-216
226
-221
-225
-227
938
-931
-935
-937
-738
-838
-968
-988
965
-961
-962
-963
763
-761
-765
-768
-755
757
-945
-847
-947
868
-861
-862
-773
-783
-727
-737
-777
771
-781
788
-881
-971
-981
977
-973
983
-982
882
-888
-721
-731
-842
841
-941
942
-831
837
921
-925
-927
-621
631
-637
-639
-411
627
-629
-417
419
-449
-469
649
-647
217
-211
-237
111
-119
-231
235
-325
329
-161
169
261
-265
345
-349
725
-729
-735
739
-442
462
-465
-445
447
455
-457
-471
473
481
-483
