144
-141
-142
-143
-145
-146
-147
-148
-149
-154
-164
-244
-254
-264
-344
-354
-364
-114
-124
-134
-174
-184
-194
-444
-544
-644
-744
-844
-944
178
-171
-172
-173
-175
-176
-177
-179
-188
-198
-278
-288
-298
-378
-388
-398
-118
-128
-138
-158
-168
-478
-578
-678
-778
-878
-978
185
-181
-182
-183
-186
-187
-189
-195
-275
-285
-295
-375
-385
-395
-115
-125
-135
-155
-165
-485
-585
-685
-785
-885
-985
211
-212
-213
-214
-215
-216
-217
-218
-219
-111
-121
-131
-221
-231
-311
-321
-331
-241
-251
-261
-271
-281
-291
-411
-511
-611
-711
-811
-911
237
-232
-233
-234
-235
-236
-238
-239
-117
-127
-137
-227
-317
-327
-337
-247
-257
-267
-277
-287
-297
-437
-537
-637
-737
-837
-937
252
-253
-255
-256
-258
-259
-152
-162
-242
-262
-342
-352
-362
-222
-272
-282
-292
-452
-552
-652
-752
-852
-952
313
-312
-314
-315
-316
-318
-319
-113
-123
-133
-223
-323
-333
-343
-353
-363
-373
-383
-393
-413
-513
-613
-713
-813
-913
346
-341
-345
-347
-348
-349
-156
-166
-246
-266
-356
-366
-326
-336
-376
-386
-396
-446
-546
-646
-746
-846
-946
429
-421
-422
-423
-424
-425
-426
-427
-428
-419
-439
-519
-529
-539
-619
-629
-639
-449
-459
-469
-479
-489
-499
-129
-229
-329
-729
-829
-929
443
-441
-442
-445
-447
-448
-453
-463
-543
-553
-563
-643
-653
-663
-433
-473
-483
-493
-243
-743
-843
-943
464
-461
-462
-465
-466
-467
-468
-454
-554
-564
-654
-664
-414
-434
-474
-484
-494
-764
-864
-964
587
-581
-582
-583
-584
-586
-588
-589
-477
-487
-497
-577
-597
-677
-687
-697
-517
-527
-547
-557
-567
-387
-787
-887
-987
591
-592
-593
-594
-595
-596
-598
-599
-471
-481
-491
-571
-671
-681
-691
-521
-531
-541
-551
-561
-191
-391
-791
-891
-991
728
-721
-722
-723
-724
-725
-726
-727
-718
-738
-818
-828
-838
-918
-928
-938
-748
-758
-768
-788
-798
-228
-328
338
-332
-334
-335
-339
-358
-368
-528
-628
-438
-538
-638
774
-771
-772
-773
-775
-776
-777
-779
-784
-794
-874
-884
-894
-974
-984
-994
-714
-734
-754
-274
-374
-574
-674
815
-812
-814
-816
-817
-819
-715
-735
-825
-835
-915
-925
-935
-845
-855
-865
-875
-895
-415
-515
-615
857
-851
-853
-854
-856
-858
-859
954
-951
-953
-955
-956
-957
-958
-959
-747
-757
-767
-847
-867
-947
-967
-827
-877
-897
-914
-924
-934
647
-641
-642
-645
-648
-649
-457
-657
-667
417
-412
-416
-418
-617
-627
-717
797
-792
-793
-795
-796
-799
-977
-997
-917
927
-921
-922
-923
-926
-157
-357
377
-371
-372
-379
381
-382
-384
-389
-197
-397
167
-161
-163
-169
-367
151
-153
-159
-351
-361
263
-265
-268
-269
248
-245
-249
193
-192
-196
-199
392
-394
-399
-273
-283
-293
225
-224
-226
324
-322
-325
-524
-624
-824
834
-831
-832
-833
-836
-839
-525
-625
-534
514
-512
-516
-518
-614
-634
618
-612
-616
-658
-668
-688
-698
-548
-848
-948
-451
431
-432
-435
-436
-621
-631
821
-822
-823
-826
-731
-931
-841
-861
-871
-881
-651
661
-662
-665
-666
-669
-751
753
-755
-756
-759
-763
-863
-963
-733
933
-932
-936
-939
-783
-973
-983
-993
-533
-633
-761
-961
971
-972
-975
-976
-979
-781
-981
995
-992
-996
-998
-999
741
-742
-745
-749
-941
765
-762
-766
-769
-945
-965
545
-542
-549
562
-565
-566
-568
-569
-455
-555
-655
-522
-532
-572
-535
536
635
-632
-636
622
-623
-626
523
-526
-573
-575
-556
-576
579
-679
-689
-699
558
-559
-458
456
-656
659
-476
-486
-496
-672
-682
-692
-675
-695
-122
126
-116
-136
-736
355
-359
-365
369
-862
-962
-869
-969
475
-472
-495
872
-873
-876
-879
-782
-882
-892
-982
-842
849
942
-949
-889
-899
-912
673
-676
-683
-693
276
-279
-286
-296
482
-488
-492
498
883
-886
-888
-893
988
-986
-989
-898
896
-786
789
716
-712
-719
732
-739
-916
919
-866
868
966
-968
112
-119
-132
139
686
-684
694
-696
284
-289
-294
299
