148
-141
-142
-143
-144
-145
-146
-147
-149
-158
-168
-248
-258
-268
-348
-358
-368
-118
-128
-138
-178
-188
-198
-448
-548
-648
-748
-848
-948
162
-161
-163
-164
-165
-166
-167
-169
-152
-242
-252
-262
-342
-352
-362
-112
-122
-132
-172
-182
-192
-462
-562
-662
-762
-862
-962
214
-211
-212
-213
-215
-216
-217
-218
-219
-114
-124
-134
-224
-234
-314
-324
-334
-244
-254
-264
-274
-284
-294
-414
-514
-614
-714
-814
-914
271
-272
-273
-275
-276
-277
-278
-279
-171
-181
-191
-281
-291
-371
-381
-391
-221
-231
-241
-251
-261
-471
-571
-671
-771
-871
-971
327
-321
-322
-323
-325
-326
-328
-329
-117
-127
-137
-227
-237
-317
-337
-347
-357
-367
-377
-387
-397
-427
-527
-627
-727
-827
-927
343
-341
-344
-345
-346
-349
-153
-243
-253
-263
-353
-363
-313
-333
-373
-383
-393
-443
-543
-643
-743
-843
-943
446
-441
-442
-444
-445
-447
-449
-456
-466
-546
-556
-566
-646
-656
-666
-416
-426
-436
-476
-486
-496
-246
-746
-846
-946
483
-481
-482
-484
-485
-487
-488
-489
-473
-493
-573
-583
-593
-673
-683
-693
-413
-423
-433
-453
-463
-183
-283
-783
-883
-983
515
-511
-512
-513
-516
-517
-518
-519
-415
-425
-435
-525
-535
-615
-625
-635
-545
-555
-565
-575
-585
-595
-115
-315
-715
-815
-915
539
-531
-532
-533
-534
-536
-537
-538
-419
-429
-439
-529
-619
-629
-639
-549
-559
-569
-579
-589
-599
-139
-239
-339
-739
-839
-939
611
-612
-613
-616
-617
-618
-411
-421
-431
-521
-621
-631
-641
-651
-661
-681
-691
-111
-311
-711
-811
-911
698
-692
-694
-695
-696
-697
-699
-478
-498
-578
-588
-598
-678
-688
-628
-638
-658
-668
-298
-398
-798
-898
-998
723
-721
-722
-724
-725
-726
-728
-729
-713
-733
-813
-823
-833
-913
-923
-933
-753
-763
-773
-793
113
-116
-119
-123
-133
-223
-233
-173
-193
293
-292
-295
-296
-297
-299
-523
-623
633
-632
-634
-636
-637
-653
-663
-893
-993
788
-781
-782
-784
-785
-786
-787
-789
-778
-878
-888
-978
-988
-718
-738
-758
-768
378
-372
-374
-375
-376
-379
-288
-388
-318
-338
859
-851
-852
-853
-854
-855
-856
-857
-858
-749
-759
-769
-849
-869
-949
-959
-969
-819
-829
-879
-889
-899
-159
-259
-359
-459
-659
875
-872
-873
-874
-876
-877
973
-972
-974
-975
-976
-977
-979
-775
-795
-885
-895
-985
-995
863
-861
-864
-865
-866
-867
-868
-953
-963
-825
-835
-845
553
-551
-552
-554
-557
-558
-563
-175
-475
-675
951
-952
-954
-955
-956
-957
-958
-741
-751
-761
-841
-941
-961
968
-964
-965
-966
-967
-921
-931
-981
-991
-918
-928
-938
541
-542
-544
-547
-451
-461
-561
491
-492
-494
-495
-497
-499
-581
-591
685
-682
-684
-686
-687
-689
-645
-655
-665
-151
-351
361
-364
-365
-366
-369
-331
458
-452
-454
-455
-457
465
-464
-467
-468
-469
-568
-418
-428
-438
528
-522
-524
-526
626
-622
-624
479
-472
-474
-477
-679
-676
818
-812
-816
-817
-828
-838
-126
-226
-826
-926
-228
238
-232
-235
-236
-265
-765
-179
-779
881
-882
-884
-886
-887
-791
-891
731
-732
-734
-735
-736
-737
-821
-831
121
-125
-129
-131
-185
-285
-385
-135
136
-316
-336
-156
-176
-186
-196
-836
896
-892
-894
-897
-776
-796
-986
-996
-936
916
-912
-917
-919
-716
576
-572
-574
-577
-586
-596
-396
-154
354
-355
-356
-384
-394
386
-382
-389
-286
-654
-754
155
-157
-245
-255
-195
395
-392
-399
282
-287
-289
-222
225
-229
-335
332
-312
319
-719
929
-922
-924
-925
935
-932
-934
-937
799
-792
-794
-797
-989
-999
-945
-432
-832
745
-742
-744
-747
-755
-582
592
-594
-597
-672
772
-774
-777
-982
-992
-712
717
822
-824
834
-837
-752
764
-766
-767
-844
-944
756
-757
-842
847
942
-947
412
-417
-422
424
-434
437
-642
652
-657
644
-647
-649
-564
567
-664
-667
669
584
-587
-674
677
-247
249
-269
-256
257
266
-267
174
-177
-184
-194
-984
987
994
-997
-187
189
197
-199
