122
-121
-123
-124
-125
-126
-127
-128
-129
-112
-132
-212
-222
-232
-312
-322
-332
-142
-152
-162
-172
-182
-192
-422
-522
-622
-722
-822
-922
135
-131
-133
-134
-136
-137
-138
-139
-115
-215
-225
-235
-315
-325
-335
-145
-155
-165
-175
-185
-195
-435
-535
-635
-735
-835
-935
147
-141
-143
-144
-146
-148
-149
-157
-167
-247
-257
-267
-347
-357
-367
-117
-177
-187
-197
-447
-547
-647
-747
-847
-947
184
-181
-183
-186
-188
-189
-174
-194
-274
-284
-294
-374
-384
-394
-114
-154
-164
-484
-584
-684
-784
-884
-984
191
-193
-196
-198
-199
-171
-271
-281
-291
-371
-381
-391
-111
-151
-161
-491
-591
-691
-791
-891
-991
211
-213
-214
-216
-217
-218
-219
-221
-231
-311
-321
-331
-241
-251
-261
-411
-511
-611
-711
-811
-911
234
-233
-236
-237
-238
-239
-224
-314
-324
-334
-244
-254
-264
-434
-534
-634
-734
-834
-934
255
-252
-253
-256
-258
-259
-245
-265
-345
-355
-365
-275
-285
-295
-455
-555
-655
-755
-855
-955
329
-323
-326
-327
-328
-119
-229
-319
-339
-349
-359
-369
-379
-389
-399
-429
-529
-629
-729
-829
-929
432
-431
-433
-436
-437
-438
-439
-412
-512
-532
-612
-632
-442
-452
-462
-472
-482
-492
-732
-832
-932
446
-441
-443
-444
-445
-448
-449
-456
-466
-546
-556
-566
-646
-656
-666
-416
-426
-476
-486
-496
-246
-346
-746
-846
-946
461
-463
-464
-465
-467
-468
-469
-451
-541
-551
-561
-641
-651
-661
-421
-471
-481
-361
-761
-861
-961
519
-513
-514
-515
-516
-517
-518
-419
-539
-619
-639
-549
-559
-569
-579
-589
-599
-719
-819
-919
545
-542
-543
-544
-548
-565
-645
-665
-525
-575
-585
-595
-745
-845
-945
564
-562
-563
-567
-568
-454
-554
-644
-654
-664
-524
-574
-594
-364
-764
-864
-964
593
-592
-596
-597
-598
-473
-483
-493
-573
-583
-673
-683
-693
-523
-533
-553
-293
-393
-793
-893
-993
642
-643
-648
-649
-552
-652
-662
-672
-682
-692
-242
-342
-742
-842
-942
669
-663
-667
-668
-459
-659
-679
-689
-699
-169
-269
-769
-869
-969
675
-671
-674
-676
-677
-678
-475
-485
-495
-685
-695
-615
-625
-375
-775
-875
-975
786
-781
-782
-783
-785
-787
-788
-789
-776
-796
-876
-886
-896
-976
-986
-996
-716
-726
-736
-756
-766
-286
-386
-586
-686
856
-851
-852
-853
-854
-857
-858
-859
-866
-956
-966
-816
-826
-836
-156
-356
872
-871
-873
-874
-877
-878
-879
-772
-792
-882
-892
-972
-982
-992
-812
-862
-272
-372
-572
582
-581
-587
-588
-282
-382
897
-894
-895
-898
-899
-777
-797
-887
-977
-987
-997
-817
-827
-837
-867
-297
-397
-497
-697
916
-912
-913
-914
-915
-917
-918
712
-713
-714
-715
-717
-718
-926
-936
-752
-762
-116
-316
-616
924
-921
-923
-925
-927
-928
-724
-814
-824
844
-841
-843
-848
-849
-744
-754
-944
-954
-974
-994
-424
-624
-344
354
-351
-352
-353
-358
341
-343
-348
-741
-941
952
-951
-953
-957
-958
-959
751
-753
-757
-758
-759
-962
-721
-731
-771
159
-153
-158
-249
-179
978
-971
-973
-979
-778
-798
-888
-988
-998
-938
-948
-968
571
-576
-577
-578
-681
696
-694
-698
-521
-531
614
-613
-617
-618
-414
-626
-636
-178
-278
-378
-478
-296
-396
985
-981
-983
-989
881
-883
-885
-889
773
-774
-779
794
-795
-799
-995
999
-723
-733
-743
-763
-821
-831
931
-933
-937
-939
839
-833
-838
-739
749
-748
-949
943
-863
-963
-965
967
-767
621
-623
-627
-628
-631
-243
248
-168
-268
-368
118
-113
-228
-318
-338
-288
-298
-418
-818
-173
176
-276
-376
163
-166
-263
-363
-273
-373
377
-277
279
-287
-387
-289
283
-383
-299
292
-392
-262
266
362
-366
-223
-226
227
336
-333
-337
313
-317
-413
-813
815
823
-825
-828
-725
765
-768
-865
868
-415
417
425
-423
-427
-428
633
-637
-638
-527
-537
453
-457
-458
-653
-477
-487
687
-688
557
-558
-657
658
526
-528
-536
538
-727
728
737
-738
474
-479
-494
-385
388
395
-398
-488
489
498
-499
