135
-131
-132
-133
-134
-136
-137
-138
-139
-115
-125
-215
-225
-235
-315
-325
-335
-145
-155
-165
-175
-185
-195
-435
-535
-635
-735
-835
-935
147
-141
-142
-143
-144
-146
-148
-149
-157
-167
-247
-257
-267
-347
-357
-367
-117
-127
-177
-187
-197
-447
-547
-647
-747
-847
-947
186
-181
-182
-183
-184
-188
-189
-176
-196
-276
-286
-296
-376
-386
-396
-116
-126
-156
-166
-486
-586
-686
-786
-886
-986
221
-222
-223
-224
-226
-227
-228
-229
-111
-121
-211
-231
-311
-321
-331
-241
-251
-261
-271
-281
-291
-421
-521
-621
-721
-821
-921
248
-242
-243
-244
-245
-246
-249
-158
-168
-258
-268
-348
-358
-368
-218
-238
-278
-288
-298
-448
-548
-648
-748
-848
-948
273
-272
-274
-275
-277
-279
-173
-193
-283
-293
-373
-383
-393
-213
-233
-253
-263
-473
-573
-673
-773
-873
-973
317
-312
-313
-314
-316
-318
-319
-217
-237
-327
-337
-377
-387
-397
-417
-517
-617
-717
-817
-917
323
-322
-324
-326
-328
-329
-113
-123
-333
-343
-353
-363
-423
-523
-623
-723
-823
-923
332
-334
-336
-338
-339
-112
-122
-212
-232
-342
-352
-362
-372
-382
-392
-432
-532
-632
-732
-832
-932
369
-361
-364
-365
-366
-159
-169
-259
-269
-349
-359
-379
-389
-399
-469
-569
-669
-769
-869
-969
385
-381
-384
-388
-285
-295
-375
-395
-345
-355
-485
-585
-685
-785
-885
-985
439
-431
-433
-434
-436
-437
-438
-419
-429
-519
-529
-539
-619
-629
-639
-449
-459
-479
-489
-499
-239
-739
-839
-939
496
-491
-492
-493
-494
-495
-497
-498
-476
-576
-596
-676
-696
-416
-426
-446
-456
-466
-796
-896
-996
524
-522
-525
-526
-527
-528
-414
-424
-514
-534
-614
-624
-634
-544
-554
-564
-574
-584
-594
-124
-724
-824
-924
559
-551
-552
-553
-555
-556
-557
-558
-549
-649
-659
-579
-589
-599
-759
-859
-959
588
-581
-582
-583
-587
-478
-488
-578
-598
-678
-688
-698
-518
-538
-568
-788
-888
-988
618
-611
-612
-613
-615
-616
-418
-428
-628
-638
-658
-668
-118
128
-129
-178
-198
-718
-818
-918
-728
-828
-928
671
-672
-674
-675
-677
-679
-471
-481
-571
-591
-681
-691
-631
-641
-651
-661
-171
-371
-771
-871
-971
727
-722
-725
-726
-729
-737
-827
-837
-927
-937
-757
-767
-777
-787
-797
-427
-627
741
-742
-743
-744
-745
-746
-749
-751
-761
-841
-851
-861
-941
-951
-961
-711
-731
-781
-791
-341
-441
-541
779
-772
-774
-775
-776
-778
-789
-799
-879
-889
-899
-979
-989
-999
-719
-179
782
-783
-784
-792
-872
-882
-892
-972
-982
-992
-712
-752
-762
-282
-482
-682
794
-793
-795
-798
-874
-884
-894
-974
-984
-994
-714
-734
-754
-764
-194
-294
-394
-694
834
-831
-833
-836
-838
-814
-914
-934
-844
-854
-864
-234
236
-216
-256
-266
-536
-636
-736
-936
867
-862
-863
-865
-866
-868
-857
-957
-967
-877
-887
-897
-467
-567
-667
881
-883
-891
-981
-991
-811
922
-925
-926
-929
-812
-822
-912
-942
-952
-962
-422
425
-415
-515
-625
-445
-455
-465
-475
-622
626
-516
-646
-656
-666
-825
-826
829
-819
-919
-849
949
-943
-944
-945
-946
966
-963
-964
-965
-968
954
-953
-955
-956
-958
-756
-766
-846
-856
716
-713
-715
-816
-916
876
-875
-878
-976
-154
-254
-354
-454
-654
356
-351
-346
344
-164
-264
391
-398
-191
378
-374
-444
-644
546
-542
-543
-545
-566
-978
975
-977
-895
-995
-915
815
-813
-845
-855
645
-642
-643
-565
-655
-665
-695
-575
595
-592
-593
-597
-114
119
214
-219
174
-172
-284
-199
192
-292
-152
-162
-474
-692
151
-153
-161
163
-451
-463
-563
-663
-763
-252
255
262
-265
-755
765
-768
-462
-562
561
-461
411
-412
-413
-511
-531
512
-513
-572
577
472
-477
-487
-687
-697
-442
443
-453
-653
-452
-483
484
-684
-464
468
664
-662
652
-657
457
-458
533
-537
-633
637
-911
913
931
-933
-938
-733
738
753
-758
-843
842
-852
-853
858
893
-898
-983
987
-993
-997
998
683
-689
-693
699
-287
289
297
-299
