131
-132
-133
-134
-135
-136
-137
-138
-139
-111
-121
-211
-221
-231
-311
-321
-331
-141
-151
-161
-171
-181
-191
-431
-531
-631
-731
-831
-931
157
-152
-153
-154
-155
-156
-158
-159
-147
-167
-247
-257
-267
-347
-357
-367
-117
-127
-177
-187
-197
-457
-557
-657
-757
-857
-957
215
-212
-213
-214
-216
-217
-218
-219
-115
-125
-225
-235
-315
-325
-335
-245
-255
-265
-275
-285
-295
-415
-515
-615
-715
-815
-915
229
-222
-223
-224
-226
-227
-228
-119
-129
-239
-319
-329
-339
-249
-259
-269
-279
-289
-299
-429
-529
-629
-729
-829
-929
248
-241
-242
-243
-244
-246
-148
-168
-258
-268
-348
-358
-368
-238
-278
-288
-298
-448
-548
-648
-748
-848
-948
297
-291
-292
-293
-294
-296
-277
-287
-377
-387
-397
-237
-497
-597
-697
-797
-897
-997
316
-312
-313
-314
-317
-318
-116
-126
-236
-326
-336
-346
-356
-366
-376
-386
-396
-416
-516
-616
-716
-816
-916
369
-361
-362
-363
-364
-365
-149
-169
-349
-359
-379
-389
-399
-469
-569
-669
-769
-869
-969
374
-371
-372
-373
-375
-378
-174
-184
-194
-274
-284
-384
-394
-324
-334
-344
-354
-474
-574
-674
-774
-874
-974
388
-381
-382
-383
-385
-178
-188
-198
-398
-328
-338
-488
-588
-688
-788
-888
-988
477
-471
-472
-473
-475
-476
-478
-479
-487
-577
-587
-677
-687
-417
-427
-437
-447
-467
-777
-877
-977
484
-481
-482
-483
-485
-486
-489
-494
-584
-594
-684
-694
-414
-424
-434
-444
-454
-464
-784
-884
-984
525
-521
-522
-523
-524
-526
-527
-528
-425
-435
-535
-625
-635
-545
-555
-565
-575
-585
-595
-725
-825
-925
534
-532
-533
-536
-537
-538
-539
-514
-614
-624
-634
-544
-554
-564
-234
-734
-834
-934
579
-571
-572
-573
-576
-578
-499
-589
-599
-679
-689
-699
-519
-549
-559
-179
-779
-879
-979
582
-581
-583
-586
-492
-592
-672
-682
-692
-512
-542
-552
-562
-182
-282
-782
-882
-982
628
-621
-622
-623
-626
-627
-418
-428
-438
-518
-618
-638
-658
-668
-678
-698
-128
118
-112
-113
-114
124
-122
-123
-144
-164
-718
-818
-918
-724
-824
-924
-728
-828
-928
636
-632
-633
-637
-639
-426
-436
-646
-656
-666
-676
-686
-696
-736
-836
-936
721
-722
-723
-726
-727
-711
-811
-821
-911
-921
-741
-751
-761
-771
-781
-791
-421
735
-732
-733
-737
-738
-739
-835
-935
-745
-755
-765
-775
-785
-795
749
-742
-743
-744
-746
-747
-759
-849
-859
-949
-959
-719
-789
-799
-449
-649
794
-792
-793
-796
-798
-894
-994
-714
-754
-764
813
-812
-814
-817
-819
-713
-823
-833
-913
-923
-933
914
-912
-917
-919
-843
-853
-863
-873
-883
-893
-944
-954
-964
-413
-513
-613
866
-861
-862
-864
-865
-867
-868
-756
-766
-846
-856
-946
-956
-966
-826
926
-922
-927
-876
-886
-896
-976
-986
-996
-166
-266
-466
-566
889
-881
-885
-887
-899
-989
-999
-839
939
-932
-937
-938
838
-832
-837
-858
-878
-898
337
-332
-333
-327
827
-822
712
-717
-752
-762
-772
-847
-412
-612
-439
-189
199
-192
-193
-195
-196
891
-892
-895
-871
-971
-981
-991
-841
-851
-391
-491
-591
-691
951
-952
-953
-955
-958
-941
-961
-251
-351
341
-342
-343
-345
-261
-441
-541
-641
-451
-551
-651
973
-972
-975
-978
-773
-783
-983
-993
-943
-963
-173
-273
-673
778
-776
786
-787
987
-985
-998
767
-763
-768
753
-758
-947
-967
968
-962
-965
-253
-353
-453
-553
-653
-567
-667
-468
-568
-186
-286
142
-143
-145
-146
-162
-252
-262
-352
355
-165
163
-263
264
-254
256
-172
-183
185
-175
176
-395
-276
-442
-642
-842
-942
945
852
-854
-855
844
-845
-872
875
992
-995
-644
-445
-645
-452
-652
662
-661
-663
-664
-665
-462
654
-655
-659
459
-455
-456
-458
465
-461
-463
561
-563
558
-556
411
-419
-511
517
-611
-617
619
-495
498
-493
-496
596
-593
-598
446
-443
-546
543
-547
-643
647
272
-271
281
-283
-392
393
-232
233
322
-323
-422
423
432
-433
671
-675
-681
683
-685
-693
695
