124
-121
-122
-123
-125
-126
-127
-128
-129
-114
-134
-214
-224
-234
-314
-324
-334
-144
-154
-164
-174
-184
-194
-424
-524
-624
-724
-824
-924
163
-161
-162
-165
-166
-167
-168
-169
-143
-153
-243
-253
-263
-343
-353
-363
-113
-133
-173
-183
-193
-463
-563
-663
-763
-863
-963
213
-211
-212
-215
-216
-217
-218
-219
-223
-233
-313
-323
-333
-273
-283
-293
-413
-513
-613
-713
-813
-913
228
-221
-222
-225
-226
-227
-229
-118
-138
-238
-318
-328
-338
-248
-258
-268
-278
-288
-298
-428
-528
-628
-728
-828
-928
255
-251
-252
-254
-256
-257
-259
-145
-155
-245
-265
-345
-355
-365
-235
-275
-285
-295
-455
-555
-655
-755
-855
-955
294
-291
-292
-296
-297
-299
-274
-284
-374
-384
-394
-244
-264
-494
-594
-694
-794
-894
-994
315
-311
-312
-316
-317
-319
-115
-135
-325
-335
-375
-385
-395
-415
-515
-615
-715
-815
-915
337
-331
-332
-336
-339
-117
-137
-237
-327
-347
-357
-367
-377
-387
-397
-437
-537
-637
-737
-837
-937
344
-341
-342
-346
-348
-349
-354
-364
-444
-544
-644
-744
-844
-944
352
-351
-356
-358
-359
-142
-152
-242
-262
-362
-322
-372
-382
-392
-452
-552
-652
-752
-852
-952
422
-421
-423
-425
-426
-427
-429
-412
-432
-512
-522
-532
-612
-622
-632
-442
-462
-472
-482
-492
-722
-822
-922
474
-471
-473
-475
-476
-477
-478
-479
-484
-574
-584
-674
-684
-414
-434
-454
-464
-774
-874
-974
487
-481
-483
-485
-486
-488
-489
-497
-577
-587
-597
-677
-687
-697
-417
-447
-457
-467
-187
-287
-787
-887
-987
514
-511
-516
-517
-518
-519
-534
-614
-634
-554
-564
-714
-814
-914
593
-591
-592
-595
-596
-598
-599
-493
-573
-583
-673
-683
-693
-523
-533
-543
-553
-393
-793
-893
-993
625
-621
-623
-626
-627
-629
-435
-525
-535
-635
-645
-665
-675
-685
-695
-725
-825
-925
633
-631
-636
-638
-639
-433
-643
-653
-733
-833
-933
686
-681
-682
-688
-689
-496
-576
-586
-676
-696
-616
-646
-656
-666
-186
-286
-386
-786
-886
-986
753
-751
-754
-756
-757
-758
-759
-743
-843
-853
-943
-953
-723
-773
-783
443
-441
-445
-446
-448
-449
-453
767
-761
-762
-764
-765
-766
-768
-769
-747
-847
-857
-867
-947
-957
-967
-717
-727
-777
-797
-267
-567
-667
779
-771
-772
-775
-776
-778
-789
-799
-879
-889
-899
-979
-989
-999
-719
-729
-739
-749
-179
-279
-379
-579
-679
781
-782
-784
-785
-788
-791
-871
-881
-891
-971
-981
-991
-711
-721
726
-716
-736
-816
-826
-836
-916
-926
-936
-731
-741
734
-732
-735
-738
-834
-934
-746
-796
-326
-526
-181
-281
-381
-581
798
-792
-795
-878
-888
-898
-978
-988
-998
745
-742
-748
-845
-865
-945
-965
712
-718
-812
-832
-912
-932
-112
-545
-198
-398
-498
-698
811
-817
-818
-819
-821
-831
-911
-921
-931
-841
-851
-861
-111
-411
-611
858
-854
-856
-859
-848
-868
-948
-958
-968
-838
-158
-458
-558
-658
883
-882
-884
-885
-873
-973
-983
984
-982
-985
-823
923
-927
-929
864
-862
-866
-869
-954
-964
654
-651
-657
-659
-664
373
-371
-376
-378
-383
896
-892
-895
-897
-876
-976
-996
-846
-196
-396
366
-361
-368
-369
-146
-156
-246
-266
148
-141
-147
-149
-178
-188
388
-389
-548
-648
-466
-566
-966
-588
941
-942
-946
-949
-951
-961
956
-959
-241
-541
-641
546
-542
-547
-549
-456
-556
-536
116
-119
-136
-236
-176
276
-271
-272
-277
247
-249
-157
-416
436
-431
-438
-439
-647
557
-551
-559
-527
617
-618
-619
-917
827
-829
-877
131
-132
-139
-231
-321
329
232
-239
-151
159
261
-269
-171
-191
391
-399
-189
-199
289
-282
521
-529
-531
-561
-571
451
-459
-461
-661
-491
671
-672
-678
-691
578
-572
-575
-538
539
418
-419
-468
-568
668
-662
-669
-569
-589
-918
919
938
-935
-939
835
-839
-875
872
-972
-992
-842
849
962
-969
642
-649
-562
565
-465
469
495
-499
-585
582
-692
699
-172
-182
185
192
-195
-197
-175
177
975
-977
-995
997
