148
-141
-142
-143
-144
-145
-146
-147
-149
-158
-168
-248
-258
-268
-348
-358
-368
-118
-128
-138
-178
-188
-198
-448
-548
-648
-748
-848
-948
192
-191
-193
-194
-195
-196
-197
-199
-172
-182
-272
-282
-292
-372
-382
-392
-112
-122
-132
-152
-162
-492
-592
-692
-792
-892
-992
217
-211
-212
-213
-214
-215
-216
-218
-219
-117
-127
-137
-227
-237
-317
-327
-337
-247
-257
-267
-277
-287
-297
-417
-517
-617
-717
-817
-917
316
-311
-312
-313
-314
-315
-318
-319
-116
-126
-136
-226
-236
-326
-336
-346
-356
-366
-376
-386
-396
-416
-516
-616
-716
-816
-916
428
-421
-422
-423
-424
-425
-426
-427
-429
-418
-438
-518
-528
-538
-618
-628
-638
-458
-468
-478
-488
-498
-228
-328
-728
-828
-928
442
-441
-443
-444
-445
-446
-447
-449
-452
-462
-542
-552
-562
-642
-652
-662
-412
-432
-472
-482
-242
-342
-742
-842
-942
465
-461
-463
-464
-466
-467
-469
-455
-545
-555
-565
-645
-655
-665
-415
-435
-475
-485
-495
-165
-265
-365
-765
-865
-965
556
-551
-553
-554
-557
-558
-559
-456
-546
-566
-646
-656
-666
-526
-536
-576
-586
-596
-156
-256
-756
-856
-956
574
-571
-572
-573
-575
-577
-578
-579
-474
-484
-494
-584
-594
-674
-684
-694
-514
-524
-534
-544
-564
-174
-274
-374
-774
-874
-974
688
-681
-682
-683
-685
-686
-687
-689
-588
-598
-678
-698
568
-561
-563
-567
-569
-658
-668
-768
-868
-968
-288
-388
-788
-888
-988
722
-721
-723
-724
-725
-726
-727
-729
-712
-732
-812
-822
-832
-912
-922
-932
-752
-762
-772
-782
-222
-322
-522
-622
731
-733
-734
-735
-736
-737
-738
-739
-711
-811
-821
-831
-911
-921
-931
-741
-751
-761
-771
-781
-791
-131
-231
-331
-431
-531
-631
745
-743
-744
-746
-747
-749
-755
-845
-855
-945
-955
-715
-775
-785
-795
-245
-345
854
-851
-852
-853
-857
-858
-859
-754
-764
-844
-864
-944
-954
-964
-814
-824
-834
-884
-894
-154
-254
-354
-454
-654
876
-871
-872
-873
-875
-877
-878
-879
-776
-786
-796
-886
-896
-976
-986
-996
766
-763
-767
-769
-846
-866
-946
-966
-826
-836
246
-241
-243
-244
-249
-166
-266
-276
-286
-296
-176
186
-181
-183
-184
-185
-187
-189
-476
-676
-486
887
-881
-882
-883
-885
-889
-777
-787
-797
-897
-977
-987
-997
757
-753
-758
-759
-847
-867
-947
-957
-967
958
-951
-952
-953
-959
862
-861
-863
-869
-962
-827
-837
-918
-938
-978
-998
-157
-357
-457
-657
-262
-362
-387
-487
-587
973
-971
-972
-975
-979
982
-981
-983
-984
-985
-989
-773
-783
-793
-893
-993
713
-714
-718
-719
-813
-823
-833
-913
-923
-933
843
-841
-849
-943
-963
891
-895
-898
-899
-991
995
-994
-999
-915
-925
-935
-113
-413
-513
-613
818
-815
-819
-838
-343
-543
-643
672
-671
-673
-675
-677
-679
-582
-612
-632
512
-511
-515
-519
-532
-173
-273
-373
-473
-291
-391
-491
-591
-691
-295
-395
-595
-695
585
-581
-583
-589
-525
-535
-285
-385
-111
-114
115
-119
-125
-135
-225
-235
-325
-335
-155
-175
-615
-121
-123
124
-129
-134
-224
-234
-324
-334
-164
-624
-924
133
-139
-223
-233
-323
-333
-153
-163
-433
-533
-633
151
-159
-161
-251
-261
-341
-351
-361
-171
-451
-651
167
-169
-347
-367
-177
179
-279
-289
-299
-379
-389
-399
-667
-479
-779
778
-798
-278
-378
-221
229
321
-329
-239
-339
-259
-269
-371
-381
-521
541
-547
-549
-641
-661
647
-644
-649
664
-663
-669
-614
-634
-627
-637
-697
-621
611
-619
-411
-529
-629
-829
825
-835
839
-919
914
-934
-929
-939
-414
419
434
-436
-437
-439
-539
537
-527
523
-623
-639
496
-493
-497
-499
-696
477
-471
481
-483
-489
-597
453
-459
-653
659
-593
599
693
-699
-625
626
635
-636
-926
927
936
-937
-941
949
961
-969
344
-349
-264
263
-253
-353
-363
-364
369
-359
-283
-293
-384
383
-393
-394
271
-275
-281
284
-294
298
375
-377
397
-398
255
-252
352
-355
232
-238
-332
338
-784
789
794
-799
