123
-121
-122
-124
-125
-126
-127
-128
-129
-113
-133
-213
-223
-233
-313
-323
-333
-143
-153
-163
-173
-183
-193
-423
-523
-623
-723
-823
-923
186
-181
-182
-184
-185
-187
-188
-189
-176
-196
-276
-286
-296
-376
-386
-396
-116
-136
-146
-156
-166
-486
-586
-686
-786
-886
-986
192
-191
-194
-195
-197
-198
-199
-172
-272
-282
-292
-372
-382
-392
-112
-132
-142
-152
-162
-492
-592
-692
-792
-892
-992
211
-212
-214
-215
-216
-217
-218
-219
-111
-131
-221
-231
-311
-321
-331
-241
-251
-261
-271
-281
-291
-411
-511
-611
-711
-811
-911
245
-242
-243
-244
-246
-247
-248
-249
-145
-155
-165
-255
-265
-345
-355
-365
-225
-235
-275
-285
-295
-445
-545
-645
-745
-845
-945
448
-441
-442
-443
-444
-446
-447
-449
-458
-468
-548
-558
-568
-648
-658
-668
-418
-428
-438
-478
-488
-498
-148
-348
-748
-848
-948
475
-471
-472
-473
-474
-476
-477
-479
-485
-495
-575
-585
-595
-675
-685
-695
-415
-425
-435
-455
-465
-175
-375
-775
-875
-975
481
-482
-483
-484
-487
-489
-491
-571
-581
-591
-671
-681
-691
-421
-431
-451
-461
-381
-781
-881
-981
527
-521
-522
-524
-525
-526
-528
-529
-417
-427
-437
-517
-537
-617
-627
-637
-547
-557
-567
-577
-587
-597
-227
-327
-727
-827
-927
532
-531
-533
-534
-535
-536
-538
-539
-412
-422
-432
-512
-612
-622
-632
-542
-552
-562
-572
-582
-232
-332
-732
-832
-932
614
-613
-615
-616
-618
-619
-414
-424
-434
-514
-624
-634
-644
-654
-664
-674
-684
-694
-114
-314
-714
-814
-914
715
-712
-713
-716
-717
-718
-719
-725
-735
-815
-825
-835
-915
-925
-935
-755
-765
-785
-795
-115
135
-134
-137
-138
-139
-315
-325
-335
-515
625
-621
-626
-628
-629
631
-633
-635
-636
-638
-639
518
-513
-516
-519
-578
-588
-598
-641
-651
-661
-655
-665
-118
-318
-818
-918
-731
-831
-931
771
-772
-773
-774
-776
-777
-778
-779
-791
-871
-891
-971
-991
-721
-741
-751
-761
-171
-371
391
-393
-394
-395
-397
-398
-399
385
-383
-384
-387
-388
-389
-341
-351
-361
-885
-985
826
-821
-822
-824
-828
-829
921
-922
-924
-926
-928
-929
-726
-736
-816
-836
-916
-936
-846
-856
-866
-876
-896
-941
-951
-961
-226
-326
-426
429
-419
-439
-459
-469
-499
-229
-329
-729
857
-851
-852
-853
-854
-855
-858
-859
-747
-757
-767
-847
-867
-947
-957
-967
-817
-837
-877
-887
-897
-157
-257
-357
-457
-657
952
-953
-954
-955
-956
-958
-959
-742
-752
-762
-842
-862
-942
-962
-912
-972
-982
-252
-352
-452
462
-463
-464
-466
-467
-642
-652
-662
497
-493
-494
-496
-677
-687
-697
454
-453
-456
-544
-554
-564
342
-343
-344
-346
-347
-349
-262
-362
222
-224
-228
-312
-322
812
-813
-819
-722
782
-783
-784
-787
-788
-789
-872
-882
-154
-254
-354
-754
555
-551
-553
-556
-559
-565
151
-158
-159
-141
-161
672
-673
-676
-678
-679
-682
-297
-797
737
-733
-734
-738
-739
-917
-937
-237
-337
-997
963
-964
-965
-966
-968
-969
-743
-753
-763
-843
-863
-943
865
-861
-864
-868
-869
841
-844
-849
793
-794
-796
-798
-799
-873
-883
-893
-973
-983
-993
833
-834
-838
-839
-913
919
-933
-939
-895
995
-994
-996
-998
-999
976
-974
-977
-978
-979
987
-984
-988
-989
-946
938
-934
724
-728
-744
-764
944
-949
413
-416
-433
436
316
-317
-319
-236
-336
117
-119
-147
-167
-177
-356
-366
-324
328
-238
-338
-358
-368
-378
-541
561
-563
-566
-569
-144
149
-169
-259
-269
-359
353
-253
-263
-363
-369
-179
-373
647
-643
-646
-649
-667
543
-546
-549
-653
-663
-573
-583
-593
746
-749
-756
-766
273
-274
-277
-278
-279
-283
-293
-576
596
-594
-599
-696
377
-374
-379
-287
267
-264
-266
-268
256
-258
-367
364
-164
168
174
-178
-284
-294
234
-239
-334
339
-656
659
666
-669
-689
-699
758
-759
-768
769
-574
579
584
-589
-874
878
-879
-888
-898
683
-688
-693
698
-884
889
894
-899
288
-289
-298
299
