121
-122
-123
-124
-125
-126
-127
-128
-129
-111
-131
-211
-221
-231
-311
-321
-331
-141
-151
-161
-171
-181
-191
-421
-521
-621
-721
-821
-921
168
-162
-163
-164
-165
-166
-167
-169
-148
-158
-248
-258
-268
-348
-358
-368
-118
-138
-178
-188
-198
-468
-568
-668
-768
-868
-968
234
-232
-233
-235
-236
-237
-238
-239
-114
-134
-214
-224
-314
-324
-334
-244
-254
-264
-274
-284
-294
-434
-534
-634
-734
-834
-934
255
-251
-252
-253
-256
-257
-259
-145
-155
-245
-265
-345
-355
-365
-215
-225
-275
-285
-295
-455
-555
-655
-755
-855
-955
313
-312
-315
-316
-317
-318
-319
-113
-133
-213
-223
-323
-333
-343
-353
-363
-373
-383
-393
-413
-513
-613
-713
-813
-913
342
-341
-344
-346
-347
-349
-142
-152
-242
-262
-352
-362
-322
-332
-372
-382
-392
-442
-542
-642
-742
-842
-942
389
-381
-384
-385
-386
-387
-388
-179
-189
-199
-279
-289
-299
-379
-399
-329
-339
-359
-369
-489
-589
-689
-789
-889
-989
445
-441
-443
-444
-446
-447
-448
-449
-465
-545
-565
-645
-665
-415
-425
-435
-475
-485
-495
-745
-845
-945
496
-491
-492
-493
-494
-497
-498
-499
-476
-486
-576
-586
-596
-676
-686
-696
-416
-426
-436
-456
-466
-196
-296
-396
-796
-896
-996
531
-532
-533
-535
-536
-537
-538
-539
-411
-431
-511
-611
-631
-541
-551
-561
-571
-581
-591
-731
-831
-931
552
-553
-554
-556
-557
-558
-559
-452
-462
-562
-652
-662
-512
-522
-572
-582
-592
-752
-852
-952
567
-563
-564
-566
-569
-457
-467
-547
-647
-657
-667
-517
-527
-577
-587
-597
-267
-367
-767
-867
-967
583
-584
-585
-588
-473
-483
-573
-593
-673
-683
-693
-523
-543
-183
-283
-783
-883
-983
658
-651
-653
-654
-656
-659
-458
-548
-648
-618
-628
-638
-678
-688
-698
-758
-858
-958
691
-692
-694
-695
-697
-699
-471
-481
-671
-681
-641
-661
-291
-391
-791
-891
-991
793
-792
-794
-795
-797
-798
-799
-773
-873
-893
-973
-993
-723
-733
-743
-753
-763
-193
-293
816
-811
-812
-814
-815
-817
-818
-819
-716
-726
-736
-826
-836
-916
-926
-936
-846
-856
-866
-876
-886
-116
-216
-516
-616
875
-871
-872
-874
-877
-878
-879
-775
-785
-885
-895
-975
-985
-995
-825
-835
-865
-175
-375
-575
-675
898
-892
-894
-897
-899
-778
-788
-888
-978
-988
-998
-828
-838
-848
-298
-398
-598
928
-922
-923
-924
-925
-927
-929
-718
-728
-738
-918
-938
748
-741
-744
-746
-747
-749
-948
-228
-328
-428
-528
949
-941
-943
-944
-946
-947
-759
-769
-849
-859
-869
-959
-969
-919
-939
-979
-999
779
-771
-772
-774
-776
-777
-719
-729
-739
-149
-249
-549
-649
-479
-579
-679
599
-594
-595
685
-682
-684
-687
-519
-529
-615
-625
-635
-185
953
-951
-954
-956
-957
-843
-853
-863
-963
-933
-153
-453
974
-971
-972
-976
-977
-784
-884
-984
-994
-914
-964
-174
-374
-474
-574
578
-478
-488
-518
-674
484
-482
-487
-414
-424
-454
-464
-278
-378
288
-281
-282
-286
-287
-218
338
-335
-336
-337
418
-412
-417
-419
-438
-184
987
-981
-982
-986
786
-781
-782
-787
881
-882
-887
992
-997
-756
-766
966
-961
-962
-965
765
-761
-762
-764
862
-861
-864
-715
-725
-735
-841
-851
751
-754
-757
-711
911
-912
-915
-917
935
-932
-937
-822
-832
-135
241
-243
-246
-247
-261
-351
-361
-271
371
-376
-377
-451
459
461
-463
-469
-669
-429
-439
-159
269
-263
-266
143
-144
-146
-147
-173
273
-272
-276
-277
226
-222
-227
-229
-136
-326
-219
-526
546
-544
-646
-666
-626
636
-632
-633
-637
-639
-643
644
663
-664
-623
-614
-624
-844
847
854
-857
-824
-827
-837
-154
194
-192
-195
-197
-394
395
-397
115
-112
-117
-119
-325
327
-137
-217
212
-132
139
-292
297
-177
-187
157
-156
-357
-612
-712
-515
514
-524
525
-714
717
724
-722
-727
732
-737
-617
619
-629
-427
-627
622
-422
423
-432
-433
437
472
-477
-672
677
-823
829
833
-839
-354
356
364
-366
-172
176
182
-186
