121
-122
-123
-124
-125
-126
-127
-128
-129
-111
-131
-211
-221
-231
-311
-321
-331
-141
-151
-161
-171
-181
-191
-421
-521
-621
-721
-821
-921
183
-182
-184
-185
-186
-187
-188
-189
-173
-193
-273
-283
-293
-373
-383
-393
-113
-133
-143
-153
-163
-483
-583
-683
-783
-883
-983
256
-251
-252
-253
-254
-255
-257
-258
-259
-146
-156
-166
-246
-266
-346
-356
-366
-216
-226
-236
-276
-286
-296
-456
-556
-656
-756
-856
-956
297
-291
-292
-294
-295
-298
-299
-177
-197
-277
-287
-377
-387
-397
-217
-227
-237
-247
-267
-497
-597
-697
-797
-897
-997
352
-351
-353
-354
-355
-357
-358
-359
-142
-152
-162
-242
-262
-342
-362
-312
-322
-332
-372
-382
-392
-452
-552
-652
-752
-852
-952
416
-411
-412
-413
-414
-415
-417
-418
-419
-426
-436
-516
-526
-536
-616
-626
-636
-446
-466
-476
-486
-496
-116
-316
-716
-816
-916
454
-451
-453
-455
-457
-458
-459
-444
-464
-544
-554
-564
-644
-654
-664
-424
-434
-474
-484
-494
-154
-754
-854
-954
492
-491
-493
-495
-498
-499
-472
-482
-572
-582
-592
-672
-682
-692
-422
-432
-442
-462
-192
-792
-892
-992
541
-542
-543
-545
-546
-547
-548
-549
-441
-461
-551
-561
-641
-651
-661
-511
-531
-571
-581
-591
-241
-341
-741
-841
-941
579
-573
-574
-575
-576
-577
-578
-479
-489
-589
-599
-679
-689
-699
-519
-529
-539
-559
-569
-179
-279
-379
-779
-879
-979
648
-642
-643
-645
-646
-647
-649
-448
-468
-558
-568
-658
-668
-618
-628
-638
-678
-688
-698
-148
-248
-348
-748
-848
-948
717
-711
-712
-713
-714
-715
-718
-719
-727
-737
-817
-827
-837
-917
-927
-937
-747
-757
-767
-777
-787
-117
-317
-517
-617
732
-731
-733
-734
-735
-736
-738
-739
-722
-812
-822
-832
-912
-922
-932
-742
-762
-772
-782
-132
-232
-532
-632
815
-811
-813
-814
-818
-819
-725
-825
-835
-915
-925
-935
-845
-855
-865
-875
-885
-895
-115
-215
-315
-515
-615
878
-871
-872
-873
-874
-876
-877
-778
-788
-798
-888
-898
-978
-988
-998
-828
-838
-858
-868
-178
-278
-378
-478
943
-942
-944
-945
-946
-947
-949
-743
-753
-763
-843
-853
-863
-953
-963
-913
-923
-933
-973
-993
842
-844
-846
-847
-849
-862
-962
-882
-243
-343
-443
746
-744
-745
-749
-766
-866
-966
-726
-776
-786
-796
981
-982
-984
-985
-986
-987
-989
-771
-781
-791
-881
-891
-971
-991
972
-974
-975
-976
-977
887
-884
-886
-889
-857
-867
-911
-931
831
-833
-834
-836
-839
-851
859
-759
-769
-869
-959
-969
-861
864
-764
-964
-824
-894
-829
-899
-951
-961
611
-612
-613
-614
-619
-431
-631
-671
-681
-691
751
-755
-758
-761
-159
-659
-164
-264
-364
-172
112
-114
-118
-119
-212
-222
-512
-272
282
-281
-284
-285
-288
-289
-381
-481
471
-473
-475
-477
-271
261
-263
-265
-268
-269
-361
363
-365
-367
-368
-369
-313
-323
-333
-463
-563
-663
-371
391
-394
-395
-396
-398
-399
677
-673
-674
-675
-676
-487
-587
-687
-627
-637
-657
-667
773
-774
-775
-793
-893
896
-996
-723
823
-826
-223
-423
433
-435
-437
-438
-439
-513
-523
-533
-623
-633
213
-214
-218
-219
-233
-196
-596
-696
134
-135
-136
-137
-138
-139
-224
-234
-314
-324
-334
-144
-174
-194
176
-175
-376
-386
-534
-634
-934
145
-147
-149
-155
-165
-245
-345
-195
-445
-157
158
-168
167
-169
-347
-198
199
388
-384
-385
-389
-318
319
-229
-239
-329
-339
249
-244
344
-349
274
-275
-374
375
-325
-335
-328
-338
-919
447
-449
-467
-557
-567
-427
957
-955
-958
-967
-488
485
-585
-595
-685
-695
-425
-465
469
-669
428
-429
-518
514
-524
-624
-528
-538
-584
-594
-914
918
-728
-928
-938
768
-765
965
-968
-995
-228
225
-235
238
-525
-625
-565
-665
-785
795
-794
-799
-588
586
-686
684
-694
693
-593
598
553
-555
-653
655
535
-537
-635
639
527
-522
622
-629
562
-566
-662
666
-327
326
-336
337
-926
936
-939
-784
789
994
-999
724
-729
-924
929
