123
-121
-122
-124
-125
-126
-127
-128
-129
-113
-133
-213
-223
-233
-313
-323
-333
-143
-153
-163
-173
-183
-193
-423
-523
-623
-723
-823
-923
131
-132
-134
-135
-136
-137
-138
-139
-111
-211
-221
-231
-311
-321
-331
-141
-151
-161
-171
-181
-191
-431
-531
-631
-731
-831
-931
199
-192
-194
-195
-196
-197
-198
-179
-189
-279
-289
-299
-379
-389
-399
-119
-149
-159
-169
-499
-599
-699
-799
-899
-999
271
-272
-273
-274
-275
-276
-277
-278
-281
-291
-371
-381
-391
-241
-251
-261
-471
-571
-671
-771
-871
-971
327
-322
-324
-325
-326
-328
-329
-117
-217
-227
-237
-317
-337
-347
-357
-367
-377
-387
-397
-427
-527
-627
-727
-827
-927
336
-332
-334
-335
-338
-339
-116
-216
-226
-236
-316
-346
-356
-366
-376
-386
-396
-436
-536
-636
-736
-836
-936
373
-372
-374
-375
-378
-283
-293
-383
-393
-343
-353
-363
-473
-573
-673
-773
-873
-973
384
-382
-385
-388
-174
-184
-284
-294
-394
-314
-344
-354
-364
-484
-584
-684
-784
-884
-984
395
-392
-398
-175
-185
-285
-295
-315
-345
-355
-365
-495
-595
-695
-795
-895
-995
428
-421
-422
-424
-425
-426
-429
-418
-438
-518
-528
-538
-618
-628
-638
-448
-458
-468
-478
-488
-498
-228
-728
-828
-928
437
-432
-433
-434
-435
-439
-417
-517
-537
-617
-637
-447
-457
-467
-477
-487
-497
-737
-837
-937
551
-552
-553
-554
-555
-556
-557
-558
-559
-441
-451
-461
-541
-561
-641
-651
-661
-511
-521
-581
-591
-351
-751
-851
-951
574
-572
-575
-576
-577
-578
-579
-474
-494
-594
-674
-694
-514
-524
-534
-544
-564
-774
-874
-974
585
-582
-583
-586
-587
-588
-589
-475
-485
-675
-685
-515
-525
-535
-545
-565
-785
-885
-985
592
-593
-596
-597
-598
-472
-482
-492
-672
-682
-692
-512
-522
-532
-542
-562
-292
-792
-892
-992
634
-632
-633
-635
-639
-414
-614
-624
-644
-654
-664
-234
-734
-834
-934
676
-677
-678
-679
-476
479
-486
-496
-686
-696
-489
-689
-419
-449
-459
-469
-616
-626
-646
-656
-666
-176
-776
-876
-976
-779
-879
-979
749
-741
-742
-743
-744
-745
-746
-747
-748
-759
-769
-849
-859
-869
-949
-959
-969
-719
-729
-739
-789
-249
-349
-549
-649
772
-775
-777
-778
-782
-872
-882
-972
-982
-712
-722
-732
-752
-762
-172
818
-811
-812
-813
-814
-815
-816
-817
-819
-718
-738
-838
-918
-938
-848
-858
-868
-878
-888
-898
-118
-218
-318
238
-232
-235
-239
-248
-258
-268
-288
-298
867
-861
-862
-863
-864
-865
-866
-757
-767
-847
-857
-947
-957
-967
-877
875
-975
-825
-835
-845
-855
-887
-897
-167
-267
-567
547
-543
-546
-548
-647
-657
-667
568
-563
-566
-569
-648
-658
-668
-147
-247
-168
-368
-768
-968
933
-932
-935
-939
-713
-733
735
-833
-913
-715
-725
-915
-925
-755
-765
-943
-953
-963
-983
-993
832
-839
-822
-912
-922
-842
-852
-533
539
-519
-529
526
-416
-516
513
-413
-613
-619
-629
-726
-826
-926
945
-941
-942
-944
-946
-948
-955
-965
-145
-245
-445
-645
956
-952
-954
-958
962
-961
-964
-966
-756
-766
-846
-856
758
-753
-754
-788
-798
-916
716
-711
-714
-717
917
-911
-914
-919
-786
-796
-986
-996
-977
978
-988
-998
-987
-997
-156
-256
-456
-158
-358
348
-341
-342
361
-362
-369
-148
841
-843
-844
-761
-821
-881
-891
-162
-262
-462
-662
177
-178
-187
-287
-297
296
-186
-286
282
-182
188
-157
257
-252
-253
-254
-255
-259
-212
-222
-242
-246
-266
622
-621
-625
-412
-612
-642
643
-443
-453
-463
-653
-663
-652
-683
-693
225
-224
-229
-115
-215
-265
-243
244
263
-264
-269
-144
-154
-164
359
-352
114
-112
312
-319
-214
219
-444
853
-854
-763
764
-724
721
-921
-781
-791
-794
-883
-893
454
-452
-455
442
-446
-464
466
-465
415
-411
611
-615
-681
-691
-142
146
152
-155
165
-166
655
-659
-665
669
886
-889
-896
894
-994
991
-981
989
-824
829
924
-929
481
-483
-491
493
783
-787
-793
797
687
-688
-697
698
