184
-181
-182
-183
-185
-186
-187
-188
-189
-174
-194
-274
-284
-294
-374
-384
-394
-114
-124
-134
-144
-154
-164
-484
-584
-684
-784
-884
-984
198
-191
-192
-193
-195
-196
-197
-199
-178
-278
-288
-298
-378
-388
-398
-118
-128
-138
-148
-158
-168
-498
-598
-698
-798
-898
-998
259
-251
-252
-253
-254
-255
-256
-257
-258
-149
-159
-169
-249
-269
-349
-359
-369
-219
-229
-239
-279
-289
-299
-459
-559
-659
-759
-859
-959
275
-271
-272
-273
-276
-277
-175
-285
-295
-375
-385
-395
-215
-225
-235
-245
-265
-475
-575
-675
-775
-875
-975
314
-311
-312
-313
-315
-316
-317
-318
-319
-214
-224
-234
-324
-334
-344
-354
-364
-414
-514
-614
-714
-814
-914
322
-321
-323
-325
-326
-327
-328
-329
-112
-122
-132
-212
-222
-232
-332
-342
-352
-362
-372
-382
-392
-422
-522
-622
-722
-822
-922
368
-361
-363
-365
-366
-367
-248
-268
-348
-358
-338
-468
-568
-668
-768
-868
-968
373
-371
-376
-377
-379
-173
-283
-293
-383
-393
-333
-343
-353
-473
-573
-673
-773
-873
-973
447
-441
-442
-443
-444
-445
-446
-448
-449
-457
-467
-547
-557
-567
-647
-657
-667
-417
-427
-437
-477
-487
-497
-147
-247
-347
-747
-847
-947
486
-481
-482
-483
-485
-488
-489
-476
-496
-576
-586
-596
-676
-686
-696
-416
-426
-436
-456
-466
-286
-386
-786
-886
-986
523
-521
-524
-525
-526
-527
-528
-529
-413
-423
-433
-513
-533
-613
-623
-633
-543
-553
-563
-583
-593
-123
-223
-723
-823
-923
537
-531
-532
-534
-535
-536
-538
-539
-517
-617
-627
-637
-577
-587
-597
-137
-237
-337
-737
-837
-937
555
-551
-552
-554
-556
-558
-455
-465
-545
-565
-645
-655
-665
-515
-585
-595
-155
-355
-755
-855
-955
578
-571
-572
-574
-579
-478
-588
-678
-688
-518
-548
-778
-878
-978
581
-582
-589
-471
-491
-591
-671
-681
-691
-511
-541
-561
-281
-381
-781
-881
-981
594
-592
-599
-474
-494
-674
-694
-544
-564
-794
-894
-994
624
-621
-625
-626
-628
-629
-424
-434
-634
-644
-654
-664
-724
-824
-924
666
-661
-662
-663
-669
-546
-566
-646
-656
516
-512
-519
-616
-636
-116
-216
-716
-816
-916
-166
-266
-766
-866
-966
733
-731
-732
-734
-735
-736
-738
-739
-713
-813
-833
-913
-933
-743
-753
-763
-783
-793
-133
-233
749
-741
-742
-744
-745
-746
-748
-769
-849
-869
-949
-969
-719
-729
-779
-789
-799
-549
542
-452
-462
-562
569
-642
-652
-469
-649
-142
-242
-842
-942
787
-782
-785
-788
-777
-797
-877
-887
-897
-977
-987
-997
-717
-727
-757
-767
-287
282
-172
-292
-262
-682
-882
-982
-387
389
-179
-399
-339
-687
-689
-889
-989
796
-791
-792
-795
-776
-876
-896
-976
-996
-726
-756
176
-171
-177
-296
-396
-126
-136
-146
-156
677
-672
-679
-697
835
-831
-832
-834
-836
-838
-839
934
-931
-932
-935
-936
-938
-939
-715
-725
-815
-825
-915
-925
765
-761
-762
-764
-845
-865
-945
-965
-885
-895
-944
-954
-964
-974
-135
-335
345
-341
-346
-145
-165
-435
-635
857
-851
-852
-853
-854
-856
-858
-867
-957
-967
-817
-827
-157
-357
397
-391
291
-297
-211
-221
-231
-241
-261
-891
-991
919
-911
-912
-917
-918
927
-921
-926
-928
-929
826
-821
-828
-829
-819
-846
-979
-999
-119
-419
-619
-226
-127
-227
228
-218
-238
236
-336
331
-111
-121
-131
139
-129
125
-115
-246
356
-351
-425
-428
-728
721
-711
-811
-751
-771
-421
429
-439
-639
-479
472
-492
-692
-412
-432
-499
699
-693
-695
-431
438
-418
-618
-638
-458
-631
632
-612
946
-941
-943
-948
-956
-772
774
-874
-754
454
-451
-453
-464
-872
-972
971
-871
879
-899
-951
-961
-113
117
213
-217
-167
267
-263
-264
244
-243
-844
864
-861
-862
-863
841
-843
-848
-141
143
-153
-163
-641
-643
648
-658
151
-152
-161
162
-651
653
461
-463
-411
415
611
-615
493
-495
-683
685
-953
963
-962
-983
-993
883
-888
-893
892
-992
995
-985
988
-812
818
712
-718
-752
758
952
-958
