139
-131
-132
-133
-134
-135
-136
-137
-138
-119
-129
-219
-229
-239
-319
-329
-339
-149
-159
-169
-179
-189
-199
-439
-539
-639
-739
-839
-939
148
-141
-142
-143
-144
-145
-146
-147
-158
-168
-248
-258
-268
-348
-358
-368
-118
-128
-178
-188
-198
-448
-548
-648
-748
-848
-948
164
-161
-162
-163
-165
-166
-167
-154
-244
-254
-264
-344
-354
-364
-114
-124
-174
-184
-194
-464
-564
-664
-764
-864
-964
211
-212
-213
-214
-215
-216
-217
-218
-111
-121
-221
-231
-311
-321
-331
-241
-251
-261
-271
-281
-291
-411
-511
-611
-711
-811
-911
272
-273
-274
-275
-276
-277
-278
-279
-172
-182
-192
-282
-292
-372
-382
-392
-222
-232
-242
-252
-262
-472
-572
-672
-772
-872
-972
428
-421
-422
-423
-424
-425
-426
-427
-429
-418
-438
-518
-528
-538
-618
-628
-638
-458
-468
-478
-488
-498
-228
-328
-728
-828
-928
484
-481
-482
-483
-485
-486
-487
-489
-474
-494
-574
-584
-594
-674
-684
-694
-414
-434
-444
-454
-284
-384
-784
-884
-984
496
-491
-492
-493
-495
-497
-499
-476
-576
-586
-596
-676
-686
-696
-416
-436
-446
-456
-466
-196
-296
-396
-796
-896
-996
512
-513
-514
-515
-516
-517
-519
-412
-432
-522
-532
-612
-622
-632
-542
-552
-562
-582
-592
-112
-312
-712
-812
-912
551
-553
-554
-555
-556
-557
-558
-559
-441
-451
-461
-541
-561
-641
-651
-661
-521
-531
-571
-581
-591
-151
-351
-751
-851
-951
757
-752
-753
-754
-755
-756
-758
-759
-747
-767
-847
-857
-867
-947
-957
-967
-717
-727
-737
-777
-787
-797
-157
-257
-357
-457
-657
771
-773
-774
-775
-776
-778
-779
-781
-791
-871
-881
-891
-971
-981
-991
-721
-731
-741
-761
-171
-371
-471
431
-433
-435
-437
-621
-631
-831
-931
-671
782
-783
-785
-786
-788
-789
-792
-882
-892
-982
-992
-722
-732
-742
-762
-682
692
-691
-693
-695
-697
-698
-699
681
-683
-685
-687
-688
-689
-642
-652
-662
-181
191
-193
-195
-197
-381
-391
824
-821
-822
-823
-825
-826
-827
-829
921
-922
-923
-924
-925
-926
-927
-929
-714
-724
-734
-814
-834
-914
-934
-844
-854
-874
-894
-941
-961
-224
-324
-524
-624
836
-832
-833
-835
-837
-838
932
-933
-935
-936
-937
-938
-716
-726
-736
-816
-916
-846
-856
-866
-876
-886
-942
-952
-962
-332
-236
-336
-536
-636
845
-841
-842
-843
-849
861
-862
-863
-865
-868
-869
852
-853
-855
-858
-859
-745
-765
-945
-955
-965
-815
-875
-885
-895
341
-342
-343
-345
-346
-347
-349
-361
442
-443
-445
-447
-449
-452
-462
-245
-545
-645
-152
122
-123
-125
-126
-127
-322
-352
362
-363
-365
-366
-367
-369
973
-974
-975
-976
-977
-978
-979
-793
-873
-883
-893
-983
-993
986
-985
-987
-988
-989
813
-817
-818
-819
-713
-723
-733
-913
917
-915
-918
-919
-943
-953
-963
995
-994
-997
-998
-999
794
-795
-798
-799
-744
-946
-956
-966
-113
-313
-413
-613
-117
-317
-417
-617
-173
-373
-473
-573
-673
374
-375
-376
-377
-378
-379
-294
-394
234
-233
-235
-237
-238
-314
-334
614
-615
-616
-619
-534
-634
544
-543
-546
-547
-549
-644
-654
-944
949
954
-958
-959
-749
-769
-969
968
-768
-249
-649
658
-653
-655
-656
-659
-568
-668
-678
176
-175
-177
-186
-286
-386
-116
115
-225
-315
-325
-335
-155
-185
-156
153
-243
-253
-263
-353
-183
187
-287
-297
-387
-397
-415
419
-529
-629
-459
-469
-479
-715
316
-318
-226
-326
338
-333
-337
-356
327
-323
223
-227
-283
-293
-388
-398
718
-719
-738
735
-725
729
-523
-623
-527
-627
-535
-635
-453
455
-465
-565
-665
463
-467
-563
-643
-663
-475
477
-577
-587
-597
-677
633
-637
-533
537
-567
743
-746
-763
766
-255
-355
359
265
-266
-267
-269
247
-246
256
-259
-285
-295
-389
-399
646
-647
-566
569
-666
667
-669
526
-525
625
-626
-579
-589
-599
679
-675
575
-578
-585
-595
-877
878
-879
-888
-898
385
-383
393
-395
583
-588
-593
598
-887
889
897
-899
288
-289
-298
299
