177
-171
-172
-173
-174
-175
-176
-178
-179
-187
-197
-277
-287
-297
-377
-387
-397
-117
-127
-137
-147
-157
-167
-477
-577
-677
-777
-877
-977
198
-191
-192
-193
-194
-195
-196
-199
-188
-278
-288
-298
-378
-388
-398
-118
-128
-138
-148
-158
-168
-498
-598
-698
-798
-898
-998
228
-221
-222
-223
-224
-225
-226
-227
-229
-218
-238
-318
-328
-338
-248
-258
-268
-428
-528
-628
-728
-828
-928
241
-242
-243
-244
-245
-246
-247
-249
-141
-151
-161
-251
-261
-341
-351
-361
-211
-231
-271
-281
-291
-441
-541
-641
-741
-841
-941
264
-262
-263
-265
-266
-267
-269
-144
-154
-164
-254
-344
-354
-364
-214
-234
-274
-284
-294
-464
-564
-664
-764
-864
-964
283
-282
-285
-286
-289
-183
-273
-293
-373
-383
-393
-213
-233
-253
-483
-583
-683
-783
-883
-983
325
-321
-322
-323
-324
-326
-327
-329
-115
-125
-135
-215
-235
-315
-335
-345
-355
-365
-375
-385
-395
-425
-525
-625
-725
-825
-925
348
-342
-343
-346
-347
-349
-358
-368
-448
-548
-648
-748
-848
-948
374
-371
-372
-376
-379
-184
-384
-394
-314
-334
-474
-574
-674
-774
-874
-974
414
-411
-412
-413
-415
-416
-417
-418
-419
-424
-434
-514
-524
-534
-614
-624
-634
-444
-454
-484
-494
-114
-714
-814
-914
463
-461
-462
-465
-466
-467
-468
-469
-443
-453
-543
-553
-563
-643
-653
-663
-423
-433
-473
-493
-163
-363
-763
-863
-963
529
-521
-522
-523
-526
-527
-429
-439
-519
-539
-619
-629
-639
-549
-559
-569
-579
-589
-599
-129
-729
-829
-929
536
-531
-532
-533
-535
-537
-538
-426
-436
-516
-616
-626
-636
-546
-556
-566
-576
-586
-596
-136
-236
-336
-736
-836
-936
555
-551
-552
-554
-557
-558
-445
-455
-545
-565
-645
-655
-665
-515
-575
-585
-595
-155
-255
-755
-855
-955
578
-571
-572
-573
-478
-488
-588
-678
-688
-518
-568
-778
-878
-978
584
-581
-582
-587
-594
-684
-694
-544
-784
-884
-984
646
-642
-644
-647
-649
654
-651
-652
-656
-657
-658
-659
-446
-456
-666
-676
-686
-696
-146
-746
-846
-946
-754
-854
-954
692
-691
-693
-695
-697
-699
-472
-482
-492
-592
-672
-682
-612
-622
-632
-662
-292
-392
-792
-892
-992
731
-732
-733
-734
-735
-737
-738
-739
-711
-721
-811
-821
-831
-911
-921
-931
-751
-761
-771
-781
-791
-131
-331
-431
-631
766
-762
-765
-767
-768
-769
-756
-856
-866
-956
-966
-716
-726
-776
-786
-796
-166
-366
789
-782
-785
-787
-788
-779
-799
-879
-889
-899
-979
-989
-999
-719
-749
-759
-189
-389
-489
-689
827
-822
-823
-824
-826
-717
-727
-817
-837
-917
-927
-937
-847
-857
-867
-887
-897
-427
-627
842
-843
-844
-845
-849
-742
-752
-852
-862
-942
-952
-962
-812
-832
-872
-882
-142
-442
-542
547
-447
449
-457
-567
-667
-459
-669
-479
-499
679
-671
-673
-675
593
-591
-597
-513
-517
-747
-947
-149
-949
-279
-793
-893
-993
869
-861
-865
-868
-859
-959
-969
-819
-839
-169
-369
888
-881
-885
-886
-988
-818
-838
-858
913
-912
-915
-916
-918
-919
-713
-723
-813
-833
-923
-933
939
-932
-934
-935
-938
718
-712
-715
-758
-943
-953
-973
-113
-313
-613
-618
-139
-239
-339
111
-112
-116
-119
-121
-311
-181
159
-152
-153
-156
-259
-359
-511
512
-422
421
-611
-621
623
-432
-633
-451
-471
-481
-491
681
-685
-687
452
-458
-562
561
-661
668
438
-435
-437
-638
-212
-312
-123
-252
-352
958
-951
-957
-968
851
-853
-961
-871
-891
873
-875
-876
-773
971
-972
-975
-976
-981
-991
-381
391
-396
-399
299
-295
-296
275
-272
-276
-185
232
-237
-122
-132
-332
-219
319
-316
-317
772
-775
-982
-722
724
922
-924
-926
-834
835
-815
816
-744
944
-945
-794
894
-895
-896
-994
615
-617
-635
637
-216
217
126
-124
134
-133
333
-337
143
-145
-353
165
-162
362
-367
182
-186
-382
386
256
-257
-356
357
-743
745
753
-757
-965
967
-795
797
-987
-997
-475
476
-486
-496
-986
985
-995
996
-485
487
495
-497
