147
-141
-142
-143
-144
-145
-146
-148
-149
-157
-167
-247
-257
-267
-347
-357
-367
-117
-127
-137
-177
-187
-197
-447
-547
-647
-747
-847
-947
156
-151
-152
-153
-154
-155
-158
-159
-166
-246
-256
-266
-346
-356
-366
-116
-126
-136
-176
-186
-196
-456
-556
-656
-756
-856
-956
245
-241
-242
-243
-244
-248
-249
-165
-255
-265
-345
-355
-365
-215
-225
-235
-275
-285
-295
-445
-545
-645
-745
-845
-945
261
-262
-263
-264
-268
-269
-161
-251
-341
-351
-361
-211
-221
-231
-271
-281
-291
-461
-561
-661
-761
-861
-961
297
-292
-293
-294
-296
-298
-299
-277
-287
-377
-387
-397
-217
-227
-237
-497
-597
-697
-797
-897
-997
311
-312
-313
-314
-315
-316
-317
-318
-319
-111
-121
-131
-321
-331
-371
-381
-391
-411
-511
-611
-711
-811
-911
353
-352
-354
-358
-359
-163
-253
-343
-363
-323
-333
-373
-383
-393
-453
-553
-653
-753
-853
-953
379
-372
-374
-375
-376
-378
-179
-189
-199
-279
-289
-389
-399
-329
-339
-349
-369
-479
-579
-679
-779
-879
-979
385
-382
-384
-386
-388
-175
-185
-195
-395
-325
-335
-485
-585
-685
-785
-885
-985
396
-392
-394
-398
-276
-286
-326
-336
-496
-596
-696
-796
-896
-996
427
-421
-422
-423
-424
-425
-426
-428
-429
-417
-437
-517
-527
-537
-617
-627
-637
-457
-467
-477
-487
-327
337
-332
-334
-338
-727
-827
-927
-737
-837
-937
433
-431
-432
-434
-435
-436
-438
-439
-413
-513
-523
-533
-613
-623
-633
-443
-463
-473
-483
-493
-133
-233
-733
-833
-933
471
-472
-474
-475
-476
-478
-481
-491
-571
-581
-591
-671
-681
-691
-441
-451
-171
-771
-871
-971
526
-521
-522
-524
-525
-528
-529
-416
-516
-536
-616
-626
-636
-546
-566
-576
-586
-226
-726
-826
-926
534
-531
-532
-535
-538
-539
-414
-514
-614
-624
-634
-544
-554
-564
-574
-584
-594
-134
-234
-734
-834
-934
572
-573
-575
-577
-578
-482
-492
-582
-592
-672
-682
-692
-512
-542
-552
-562
-172
-272
-772
-872
-972
587
-583
-588
-589
-677
-687
-557
-567
-787
-887
-987
638
-631
-632
-635
-639
621
-622
-625
-628
-629
-418
-518
-618
-641
-651
-648
-658
-668
-678
-688
-698
-721
-821
-921
-138
-238
-738
-838
-938
676
-673
-674
-675
-486
-686
-646
-666
-776
-876
-976
684
-683
-689
-484
-494
-694
-644
-654
-664
-184
-284
-784
-884
-984
695
-693
-699
593
-595
-598
-599
-495
-543
-563
-615
-655
-665
-193
-793
-893
-993
-795
-895
-995
717
-712
-713
-714
-715
-716
-718
-719
-817
-917
-757
-767
-777
723
-722
-724
-725
-728
-729
-813
-823
-913
-923
-743
-763
-773
-783
-123
-223
735
-731
-732
-736
-739
-815
-825
-835
-915
-925
-935
-755
-765
-775
125
-122
-124
-128
-129
-115
-135
758
-751
-752
-754
-759
-748
-768
-848
-858
-868
-948
-958
-968
-778
774
-794
-874
-894
-974
-994
-744
-764
-788
-798
-258
-458
-558
-174
-274
194
-191
-192
-198
181
-182
-183
-188
282
-283
-288
-114
-164
-212
-222
-232
-252
-781
-881
-981
-782
-882
-982
792
-791
-799
-892
-992
741
-742
-746
-749
-841
-851
-941
-951
-762
-541
551
-555
-559
818
-812
-814
-816
-819
-828
-918
-928
-878
-888
-898
-118
-218
844
-842
-843
-846
-849
-854
-864
-944
-954
-964
-824
-344
-444
862
-863
-865
-866
-867
-869
-852
-942
-952
-962
-822
829
-839
-919
-929
-939
-832
-859
-889
-899
891
-991
-831
836
931
-932
-936
-916
-886
883
-873
-973
-983
216
-213
-214
-219
113
-112
-119
-236
239
-139
132
-322
-229
-162
-173
178
273
-278
-168
169
-259
254
-364
-224
228
324
-328
914
-912
922
-924
-454
464
-462
-465
-466
-468
-469
446
-442
-448
-449
-946
-362
368
342
-348
-642
548
-549
-568
-662
-569
565
-455
415
-412
-419
612
-619
-515
519
452
-459
-652
-965
-669
-769
766
-966
-786
789
986
-988
-989
-999
998
-978
-969
488
-489
-498
499
955
-957
-959
-855
857
-967
963
-943
949
875
-877
-975
977
643
-649
-663
667
-657
659
