133
-131
-132
-134
-135
-136
-137
-138
-139
-113
-123
-213
-223
-233
-313
-323
-333
-143
-153
-163
-173
-183
-193
-433
-533
-633
-733
-833
-933
162
-161
-164
-165
-166
-167
-168
-169
-142
-152
-242
-252
-262
-342
-352
-362
-112
-122
-172
-182
-192
-462
-562
-662
-762
-862
-962
184
-181
-185
-186
-187
-188
-189
-174
-194
-274
-284
-294
-374
-384
-394
-114
-124
-144
-154
-484
-584
-684
-784
-884
-984
212
-211
-214
-215
-216
-217
-218
-219
-222
-232
-312
-322
-332
-272
-282
-292
-412
-512
-612
-712
-812
-912
227
-221
-224
-225
-226
-228
-229
-117
-127
-237
-317
-327
-337
-247
-257
-267
-277
-287
-297
-427
-527
-627
-727
-827
-927
264
-261
-263
-265
-266
-268
-269
-244
-254
-344
-354
-364
-234
-464
-564
-664
-764
-864
-964
295
-291
-293
-296
-298
-299
-175
-195
-275
-285
-375
-385
-395
-235
-245
-255
-495
-595
-695
-795
-895
-995
311
-314
-315
-316
-318
-319
-111
-121
-231
-321
-331
-341
-351
-361
-371
-381
-391
-411
-511
-611
-711
-811
-911
353
-355
-356
-357
-358
-359
-243
-253
-343
-363
-373
-383
-393
-453
-553
-653
-753
-853
-953
379
-372
-376
-377
-378
-179
-199
-279
-289
-389
-399
-329
-339
-349
-369
-479
-579
-679
-779
-879
-979
438
-431
-432
-434
-435
-436
-437
-439
-418
-428
-518
-528
-538
-618
-628
-638
-448
-458
-468
-478
-488
-498
-238
-338
-738
-838
-938
487
-481
-482
-483
-485
-486
-489
-477
-497
-577
-587
-597
-677
-687
-697
-417
-447
-457
-467
-387
-787
-887
-987
499
-491
-492
-493
-494
-496
-589
-599
-689
-699
-419
-429
-449
-459
-469
-799
-899
-999
539
-531
-532
-534
-535
-536
-537
-519
-529
-619
-629
-639
-549
-559
-569
-239
236
-116
-126
-326
-336
-246
-256
-276
-286
-636
-736
-836
-936
-739
-839
-939
558
-551
-552
-554
-555
-556
-557
-548
-568
-648
-658
-668
-578
-588
-598
-158
-258
-758
-858
-958
573
-571
-572
-574
-575
-576
-473
-583
-593
-673
-683
-693
-513
-523
-543
-563
-273
283
-281
-288
-773
-873
-973
-783
-883
-983
617
-613
-614
-615
-616
-517
-637
-647
-657
-667
-717
-817
-917
621
-622
-623
-624
-625
-626
-421
-521
-631
-641
-651
-661
-671
-681
-691
-721
-821
-921
676
-672
-674
-675
-678
-476
-586
-596
-686
-696
-646
-656
-666
-176
-776
-876
-976
735
-731
-732
-734
-737
-715
-725
-815
-825
-835
-915
-925
-935
-745
-755
-765
-775
-785
-335
334
-324
-634
-834
-934
-635
632
-422
-522
-642
-652
-682
-692
-832
-932
752
-751
-754
-756
-757
-759
-742
-842
-852
-942
-952
-722
-772
-782
-792
-452
797
-791
-793
-794
-796
-798
-777
-877
-897
-977
-997
-747
-767
177
-171
-178
-197
-397
-147
-157
819
-813
-814
-816
-818
-719
-729
-829
-919
-929
-849
-859
-869
-889
-119
129
-125
-128
-149
-159
844
-841
-843
-845
-846
-847
-848
-744
-854
-944
-954
-824
-874
-894
-444
-544
-644
888
-881
-882
-885
-886
-778
-788
-878
-898
-978
-988
-998
-828
-868
278
-271
191
-196
-198
-388
-398
-141
-151
-248
-688
685
-475
-585
698
-694
654
-655
-659
-454
-645
-665
-985
-591
-891
-991
892
-893
-896
-872
-972
-982
-992
993
-994
-996
-822
922
-923
-924
-926
-928
-913
-943
-963
472
-471
-474
581
-582
-592
594
-442
542
-541
-545
-546
-547
567
-561
-565
-566
-514
-524
-367
347
-345
-346
-348
-947
-867
-967
-781
-981
382
-386
-392
396
-366
949
-941
-945
-946
-948
-749
-769
-959
-969
789
-786
986
-989
-916
-956
-966
-249
241
-251
259
-441
-741
-649
643
-443
-463
-663
669
-743
975
-971
-974
774
-771
871
-875
761
-763
-766
-768
-851
-861
-951
-961
863
-865
-866
-714
-724
914
-918
-831
837
931
-937
-823
826
-716
-726
746
-748
-856
968
-965
855
-857
-955
957
-414
424
-423
-425
-426
413
-415
-416
-713
718
723
-728
516
-515
525
-526
115
-118
-325
328
-145
-155
156
365
-368
-146
148
445
-446
-455
-465
451
-456
-461
466
