148
-141
-142
-143
-144
-145
-146
-147
-149
-158
-168
-248
-258
-268
-348
-358
-368
-118
-128
-138
-178
-188
-198
-448
-548
-648
-748
-848
-948
167
-161
-162
-163
-164
-165
-166
-169
-157
-247
-257
-267
-347
-357
-367
-117
-127
-137
-177
-187
-197
-467
-567
-667
-767
-867
-967
242
-241
-243
-244
-245
-246
-249
-152
-252
-262
-342
-352
-362
-212
-222
-232
-272
-282
-292
-442
-542
-642
-742
-842
-942
254
-251
-253
-255
-256
-259
-154
-264
-344
-354
-364
-214
-224
-234
-274
-284
-294
-454
-554
-654
-754
-854
-954
266
-261
-263
-265
-269
-156
-346
-356
-366
-216
-226
-236
-276
-286
-296
-466
-566
-666
-766
-866
-966
327
-321
-322
-323
-324
-325
-326
-328
-329
-217
-227
-237
-317
-337
-377
-387
-397
-427
-527
-627
-727
-827
-927
335
-331
-332
-333
-334
-336
-338
-339
-115
-125
-135
-215
-225
-235
-315
-345
-355
-365
155
-151
-153
-159
-175
-185
-195
-375
-385
-395
-435
-535
-635
-735
-835
-935
-455
-555
-655
-755
-855
-955
372
-371
-373
-374
-376
-378
-379
-172
-182
-192
-382
-392
-312
-472
-572
-672
-772
-872
-972
413
-411
-412
-414
-415
-416
-417
-418
-419
-423
-433
-513
-523
-533
-613
-623
-633
-443
-453
-463
-473
-483
-493
-113
-213
-313
-713
-813
-913
439
-431
-432
-434
-436
-437
-438
-429
-519
-529
-539
-619
-629
-639
-449
-459
-469
-479
-489
-499
-139
-239
-739
-839
-939
484
-481
-482
-485
-486
-487
-488
-474
-494
-574
-584
-594
-674
-684
-694
-424
-444
-464
-184
-384
-784
-884
-984
492
-491
-495
-496
-497
-498
-582
-592
-682
-692
-422
-452
-462
-792
-892
-992
537
-531
-532
-534
-536
-538
-517
-617
-637
-547
-557
-577
-587
-597
-737
-837
-937
575
-571
-573
-576
-578
-579
-475
-585
-595
-675
-685
-695
-515
-525
-545
-565
-275
-775
-875
-975
616
-611
-612
-614
-615
-618
-426
-516
-526
-626
-636
-646
-656
-676
-686
-696
-116
-316
-716
-816
-916
624
-621
-622
-625
-628
-514
-524
-634
425
-421
-428
-445
-465
-644
-664
-124
-724
-824
-924
-725
-825
-925
677
-671
-673
-678
-679
-477
-687
-697
-647
-657
-277
-777
-877
-977
691
-693
-698
-699
-471
-581
-591
-681
-631
-641
-651
-661
-191
-291
-391
-791
-891
-991
733
-731
-732
-734
-736
-738
-723
-823
-833
-923
-933
-743
-753
-763
-773
-783
-793
-133
-233
778
-771
-774
-776
-779
-788
-798
-878
-888
-898
-978
-988
-998
-718
-728
-758
-768
-278
-478
476
-586
-596
-446
-456
-176
-876
-976
785
-781
-782
-786
-787
-789
-795
-885
-895
-985
-995
-715
-745
-765
-285
295
-293
-297
-298
-299
287
-281
-283
-288
-289
-887
-987
849
-841
-843
-844
-845
-846
-847
-749
-759
-769
-859
-869
-949
-959
-969
-819
-829
-879
-889
-899
-349
-549
-649
858
-851
-852
-853
-856
-857
-868
-958
-968
-818
-828
-838
-458
468
-461
-558
-568
-658
-668
864
-861
-862
-863
-865
-744
-764
-944
-964
-814
-834
-874
-894
815
-811
-812
-817
-915
897
-893
-896
-797
-997
544
-541
-543
-546
-564
556
-551
-552
-553
-559
-756
-956
941
-943
-945
-946
-947
-741
-751
-761
762
-951
-961
-752
757
-952
-962
965
-963
953
-957
746
-747
-712
-722
-726
-796
-717
917
-911
-912
-914
-918
-919
-921
-931
-971
-981
-973
-983
-993
-341
343
-353
-363
-383
-393
-441
447
-457
451
-561
-643
645
-665
-351
359
361
-369
-311
-381
-319
-389
-399
652
-653
-659
-562
-662
-632
638
-518
-528
-688
-238
231
-111
-121
-131
-211
-221
-271
-831
-938
928
-922
-926
-929
-228
218
-219
-318
314
-114
-134
-394
-714
934
-932
-936
794
-799
-974
979
-994
-989
-999
996
-886
-986
982
-882
174
-171
-173
-179
181
-183
-186
-189
-194
871
-873
-881
883
-821
273
-279
-193
199
-196
123
-122
-126
-129
-223
229
136
-132
112
-119
-512
511
-521
522
-711
719
721
-729
-822
826
832
-836
-583
-683
689
593
-598
-599
588
-589
-563
569
663
-669
386
-388
-396
398
