147
-141
-142
-143
-144
-145
-146
-148
-149
-157
-167
-247
-257
-267
-347
-357
-367
-117
-127
-137
-177
-187
-197
-447
-547
-647
-747
-847
-947
173
-171
-172
-174
-175
-176
-178
-179
-183
-193
-273
-283
-293
-373
-383
-393
-113
-123
-133
-153
-163
-473
-573
-673
-773
-873
-973
262
-261
-263
-264
-265
-266
-268
-269
-152
-162
-242
-252
-342
-352
-362
-212
-222
-232
-272
-282
-292
-462
-562
-662
-762
-862
-962
299
-291
-294
-295
-296
-297
-298
-189
-199
-279
-289
-379
-389
-399
-219
-229
-239
-249
-259
-499
-599
-699
-799
-899
-999
312
-311
-313
-314
-315
-316
-317
-318
-319
-112
-122
-132
-322
-332
-372
-382
-392
-412
-512
-612
-712
-812
-912
323
-321
-324
-325
-326
-327
-328
-329
-213
-223
-233
-333
-343
-353
-363
-423
-523
-623
-723
-823
-923
368
-361
-364
-365
-366
-369
-158
-168
-248
-258
-348
-358
-338
-378
-388
-398
-468
-568
-668
-768
-868
-968
436
-431
-432
-433
-434
-435
-437
-438
-439
-416
-426
-516
-526
-536
-616
-626
-636
-446
-456
-466
-476
-486
-496
-136
-236
-336
-736
-836
-936
443
-441
-442
-444
-445
-448
-449
-453
-463
-543
-553
-563
-643
-653
-663
-413
-483
-493
-243
253
-251
-254
-255
-256
-743
-843
-943
-753
-853
-953
477
-471
-472
-474
-475
-478
-479
-487
-497
-577
-587
-597
-677
-687
-697
-417
-427
-457
-467
-277
-377
-777
-877
-977
518
-511
-513
-514
-515
-517
-519
-418
-428
-528
-538
-618
-628
-638
-548
-558
-578
-588
-598
-118
-218
-718
-818
-918
529
-521
-522
-524
-525
-527
-419
-429
-539
-619
-629
-639
-549
-559
-569
-579
-589
-129
-729
-829
-929
551
-552
-554
-555
-556
-557
-451
-461
-541
-561
-641
-651
-661
-531
-571
-581
-591
-151
-351
-751
-851
-951
595
-592
-593
-594
-596
-485
-495
-575
-585
-675
-685
-695
-535
-545
-565
-195
-395
-795
-895
-995
657
-652
-654
-655
-656
-658
-659
-567
-667
537
-532
-533
-534
-617
-627
-637
583
-582
-584
-586
-683
-693
-237
-337
-737
-837
-937
-757
-857
-957
-783
-883
-983
672
-671
-674
-676
-678
-679
-482
-492
-572
-682
-692
542
-544
-546
-452
-642
422
-421
-424
-425
-622
-632
-722
-822
-922
-742
-842
-942
-772
-872
-972
752
-754
-755
-756
-758
-759
-852
-952
-732
-782
-792
764
-761
-763
-765
-766
-767
-769
-744
-844
-854
-864
-944
-954
-964
-714
-724
-734
-774
-784
-794
-164
-464
-564
566
-646
-666
574
-576
-484
-494
-684
-694
-664
-166
-866
-966
-274
-374
-874
-974
791
-793
-796
-797
-798
-771
-781
-871
-881
-891
-971
-981
-991
-711
-721
-731
-741
-191
-391
-491
498
-488
-688
-698
-458
648
-644
-645
-649
454
-455
-459
-414
-748
-848
-948
-154
-354
-691
696
-686
-196
-396
-896
-996
-198
-898
-998
814
-811
-813
-815
-816
-817
-819
-824
-834
-914
-924
-934
-884
-894
-114
-214
-614
878
-875
-876
-879
-778
-788
-888
-978
-988
-828
-838
-858
958
-955
-956
-959
-928
-938
-278
886
-882
-885
-887
-889
-776
-786
-976
-986
-826
-846
-856
-186
-286
-386
915
-911
-913
-916
-917
-919
-715
-725
-735
-825
-835
-925
-935
-945
-965
-975
979
-779
775
-785
-985
-789
787
-897
-987
-997
-989
-745
-717
-727
-939
-949
-969
-115
-215
-415
411
-611
-621
-631
-481
489
681
-689
465
-469
-665
669
-111
-211
-615
613
-633
-713
733
-738
-739
-833
-933
728
-726
217
-216
-227
-287
-128
-228
-165
-865
-169
161
-241
-341
-121
-131
-181
-861
-961
-869
-275
-375
-281
-381
-387
397
-394
941
-946
-841
746
-749
-716
719
926
-921
-927
827
-821
-839
831
-832
-931
932
892
-893
-982
984
-992
993
-994
863
-867
-963
967
116
-119
-126
-226
-156
221
-224
-225
-231
-331
-271
276
371
-376
-246
-346
356
-355
-359
182
-184
-185
-188
-192
194
-284
-384
385
-285
288
-124
125
-135
-235
-335
-134
-155
159
-349
138
-139
-238
234
-334
339
-244
245
344
-345
624
-625
-634
635
-845
849
855
-859
