122
-121
-123
-124
-125
-126
-127
-128
-129
-112
-132
-212
-222
-232
-312
-322
-332
-142
-152
-162
-172
-182
-192
-422
-522
-622
-722
-822
-922
144
-141
-143
-145
-146
-147
-148
-149
-154
-164
-244
-254
-264
-344
-354
-364
-114
-134
-174
-184
-194
-444
-544
-644
-744
-844
-944
197
-191
-193
-195
-196
-198
-199
-177
-187
-277
-287
-297
-377
-387
-397
-117
-137
-157
-167
-497
-597
-697
-797
-897
-997
236
-231
-233
-234
-235
-237
-238
-239
-116
-136
-216
-226
-316
-326
-336
-246
-256
-266
-276
-286
-296
-436
-536
-636
-736
-836
-936
241
-242
-243
-245
-247
-248
-249
-151
-161
-251
-261
-341
-351
-361
-211
-221
-271
-281
-291
-441
-541
-641
-741
-841
-941
292
-293
-294
-295
-298
-299
-272
-282
-372
-382
-392
-252
-262
-492
-592
-692
-792
-892
-992
324
-321
-323
-325
-327
-328
-329
-214
-224
-314
-334
-374
-384
-394
-424
-524
-624
-724
-824
-924
356
-352
-353
-355
-357
-358
-359
-156
-166
-346
-366
-376
-386
-396
-456
-556
-656
-756
-856
-956
368
-362
-363
-365
-367
-369
342
-343
-345
-347
-348
-349
-158
-168
-258
-268
-318
-338
-378
-388
-398
-442
-542
-642
-742
-842
-942
-468
-568
-668
-768
-868
-968
379
-371
-373
-375
-179
-189
-279
-289
-389
-399
-319
-339
-479
-579
-679
-779
-879
-979
434
-431
-432
-433
-435
-437
-438
-439
-414
-514
-534
-614
-634
-454
-464
-474
-484
-494
-734
-834
-934
445
-443
-446
-447
-448
-449
-455
-465
-545
-555
-565
-645
-655
-665
-415
-425
-475
-485
-495
-745
-845
-945
517
-511
-512
-513
-515
-516
-518
-519
-417
-427
-527
-537
-617
-627
-637
-547
-557
-567
-577
-587
-217
-317
337
-331
-333
-335
-227
-717
-817
-917
-737
-837
-937
593
-591
-594
-595
-596
-598
-599
-473
-483
-493
-573
-583
-673
-683
-693
-523
-533
-543
-553
-563
-393
-793
-893
-993
662
-661
-663
-664
-666
-667
-669
-452
-462
-552
-562
-652
-612
-632
-672
-682
-762
-862
-962
671
-674
-675
-676
-677
-678
-471
-481
-491
-571
-581
-681
-691
-611
-621
-631
-651
-171
-771
-871
-971
732
-731
-733
-735
-738
-739
-712
-812
-832
-912
-932
-752
-772
-782
412
-411
-413
-416
-418
-419
-532
-472
-482
749
-743
-746
-747
-748
-759
-769
-849
-859
-869
-949
-959
-969
-719
-729
-789
-799
-549
-649
755
-751
-753
-754
-757
-758
-765
-855
-865
-955
-965
-715
-725
-775
-785
-795
-155
-255
786
-781
-783
-784
-787
-788
-776
-796
-876
-886
-896
-976
-986
-996
-716
-726
-766
-186
176
-173
-175
-178
-476
-576
-486
-586
-686
819
-811
-813
-814
-815
-816
-818
-829
-839
-919
-929
-939
-889
-899
-119
-219
-619
866
-861
-863
-864
-867
-846
-946
-966
-826
-466
-566
872
-873
-874
-875
-877
-878
-882
-972
-982
-852
952
-951
-953
-954
-957
-958
-572
582
-584
-585
-588
-589
916
-911
-913
-914
-915
-918
714
-711
-713
-718
-926
-764
-774
-794
-616
964
-961
-963
-967
-854
-974
-984
-994
-564
983
-981
-985
-987
-988
-989
-773
-883
-973
999
-991
-995
-998
-923
-933
-943
273
-274
-275
-278
-183
-283
-383
284
-285
-288
188
-181
-185
-118
-138
-213
-223
-253
-263
313
-311
-315
-113
-133
111
-115
-131
-613
574
-575
-578
-684
-694
-554
654
-653
-657
-658
-659
975
-977
-978
-885
-895
-925
-935
-884
894
-891
-898
-488
-688
-888
-499
-699
-135
139
-229
165
-163
-169
153
-159
-265
-539
-639
-453
-853
215
-218
-225
228
-615
618
-428
-528
-538
-628
-638
-648
-698
-728
-828
-928
-257
259
267
-269
-459
-559
-467
-767
-381
385
391
-395
881
-887
-791
798
777
-778
-727
-821
-831
-851
761
-763
843
-847
-848
-721
723
-823
-833
-423
463
-461
-469
-643
569
-561
-529
-623
633
-635
-477
478
-498
496
-696
695
-685
-426
-458
-625
-421
429
-629
626
-526
451
-457
-551
558
647
-646
546
-548
487
-489
-687
689
-947
948
857
-858
-827
825
-835
838
927
-921
931
-938
521
-525
-531
535
