138
-131
-132
-133
-134
-135
-136
-137
-139
-118
-128
-218
-228
-238
-318
-328
-338
-148
-158
-168
-178
-188
-198
-438
-538
-638
-738
-838
-938
142
-141
-143
-144
-145
-146
-147
-149
-152
-162
-242
-252
-262
-342
-352
-362
-112
-122
-172
-182
-192
-442
-542
-642
-742
-842
-942
211
-212
-213
-214
-215
-216
-217
-219
-111
-121
-221
-231
-311
-321
-331
-241
-251
-261
-271
-281
-291
-411
-511
-611
-711
-811
-911
276
-272
-273
-274
-275
-277
-278
-279
-176
-186
-196
-286
-296
-376
-386
-396
-226
-236
-246
-256
-266
-476
-576
-676
-776
-876
-976
344
-341
-343
-345
-346
-347
-348
-349
-154
-164
-244
-254
-264
-354
-364
-314
-324
-334
-374
-384
-394
-444
-544
-644
-744
-844
-944
387
-381
-382
-383
-385
-388
-389
-177
-187
-197
-287
-297
-377
-397
-317
-327
-337
-357
-367
-487
-587
-687
-787
-887
-987
424
-421
-422
-423
-425
-426
-427
-428
-429
-414
-434
-514
-524
-534
-614
-624
-634
-454
-464
-474
-484
-494
-124
-224
-724
-824
-924
482
-481
-483
-485
-486
-488
-489
-472
-492
-572
-582
-592
-672
-682
-692
-412
-432
-452
-462
-282
-782
-882
-982
513
-512
-515
-516
-517
-518
-519
-413
-433
-523
-533
-613
-623
-633
-543
-553
-563
-573
-583
-593
-113
-313
-713
-813
-913
569
-561
-562
-564
-565
-566
-567
-568
-449
-459
-469
-549
-559
-649
-659
-669
-529
-539
-579
-589
-599
-169
-269
-369
-769
-869
-969
651
-652
-653
-654
-655
-656
-657
-658
-441
-451
-461
-541
-551
-641
-661
-621
-631
-671
-681
-691
-151
-351
-751
-851
-951
735
-731
-732
-733
-734
-736
-737
-739
-715
-725
-815
-825
-835
-915
-925
-935
-745
-755
-765
-775
-785
-795
-235
-335
-435
-535
-635
771
-772
-773
-774
-777
-778
-779
-781
-791
-871
-881
-891
-971
-981
-991
-721
-741
-761
-171
-371
-471
-571
799
-792
-793
-794
-796
-797
-798
-789
-879
-889
-899
-979
-989
-999
-719
-729
-749
-759
-199
-299
-399
-499
-699
822
-821
-823
-826
-827
-828
-829
-712
-722
-812
-832
-912
-922
-932
-852
-862
-872
-892
-222
-322
-522
-622
845
-841
-843
-846
-847
-848
-849
-855
-865
-945
-955
-965
-875
-885
-895
941
-943
-946
-947
-948
-949
-861
-961
831
-833
-834
-836
-837
-839
-921
-931
521
-525
-526
-527
-528
-431
-531
491
-493
-495
-496
-497
-498
-581
-591
-245
-445
-545
-645
249
-243
-247
-248
-159
-259
-359
-229
-239
-289
181
-183
-184
-185
-189
-191
-391
-161
361
-363
-365
-366
-368
689
-683
-684
-685
-686
-688
-479
-679
-619
-629
-639
973
-972
-974
-975
-977
-978
992
-993
-994
-995
-996
-997
-998
-783
-873
-883
-893
-983
985
-984
-986
-988
-952
-962
-923
-933
723
-726
-727
-728
-743
-753
-763
-953
-963
-123
-223
-323
372
-373
-375
-378
-379
-292
-392
179
-173
-174
-175
-119
-129
232
-233
-234
-237
-312
-332
333
-336
-339
114
-115
-116
-117
-194
-353
-393
612
-615
-616
-617
-618
-532
-632
552
-554
-555
-556
-557
-558
-662
664
-663
-665
-666
-667
-668
-674
-694
-714
-814
-914
934
-936
-937
-939
-954
-964
439
-436
-437
-419
-752
762
-764
-766
-767
-768
-864
-473
-673
693
-695
-696
-697
-698
-643
443
-446
-447
-448
-453
-463
283
-284
-285
-288
-193
195
-293
294
-295
-298
-395
398
-125
-155
-165
-253
-263
-358
-585
-594
-894
-595
575
-574
-577
-578
584
-586
-588
-475
-675
596
-597
-598
-536
537
-417
-627
-637
636
-416
-626
-546
-547
548
-458
-468
-648
625
-628
-415
418
-478
477
-677
678
-457
-467
647
-646
315
-316
-319
-225
227
-325
-127
126
-326
329
-156
-166
356
-355
-257
-267
-718
-818
-918
928
-926
-927
-929
-958
-968
746
-747
-748
-756
-856
-866
-956
-966
967
-757
-857
-867
-957
959
-859
-716
717
-817
-917
-786
819
-816
916
-919
-456
455
-465
466
-255
258
265
-268
157
-153
163
-167
853
-854
-858
-863
868
754
-758
-784
788
-878
-888
-898
874
-877
-884
886
-896
897
