149
-141
-142
-143
-144
-145
-146
-147
-148
-159
-169
-249
-259
-269
-349
-359
-369
-119
-129
-139
-179
-189
-199
-449
-549
-649
-749
-849
-949
154
-151
-152
-153
-155
-156
-157
-158
-164
-244
-254
-264
-344
-354
-364
-114
-124
-134
-174
-184
-194
-454
-554
-654
-754
-854
-954
177
-171
-172
-173
-175
-176
-178
-187
-197
-277
-287
-297
-377
-387
-397
-117
-127
-137
-167
-477
-577
-677
-777
-877
-977
182
-181
-183
-185
-186
-188
-192
-272
-282
-292
-372
-382
-392
-112
-122
-132
-162
-482
-582
-682
-782
-882
-982
191
-193
-195
-196
-198
-271
-281
-291
-371
-381
-391
-111
-121
-131
-161
-491
-591
-691
-791
-891
-991
211
-212
-213
-214
-215
-216
-217
-218
-219
-221
-231
-311
-321
-331
-241
-251
-261
-411
-511
-611
-711
-811
-911
232
-233
-234
-235
-236
-237
-238
-239
-222
-312
-322
-332
-242
-252
-262
-432
-532
-632
-732
-832
-932
288
-283
-284
-285
-286
-289
-278
-298
-378
-388
-398
-228
-248
-258
-268
-488
-588
-688
-788
-888
-988
341
-342
-343
-345
-346
-347
-348
-351
-361
-441
-541
-641
-741
-841
-941
352
-353
-355
-356
-357
-358
-362
-452
-552
-652
-752
-852
-952
438
-431
-433
-434
-435
-436
-437
-439
-418
-428
-518
-528
-538
-618
-628
-638
-448
-458
-468
-478
-498
-138
-338
-738
-838
-938
451
-453
-455
-456
-457
-459
-461
-551
-561
-651
-661
-421
-471
-481
-751
-851
-951
462
-463
-464
-465
-466
-467
-469
-442
-542
-562
-642
-662
-412
-422
-472
-492
-762
-862
-962
529
-521
-522
-523
-524
-525
-526
-527
-419
-429
-519
-539
-619
-629
-639
-559
-569
-579
-589
-599
-229
-329
-729
-829
-929
531
-533
-534
-535
-536
-537
-621
-631
-571
-581
-731
-831
-931
573
-572
-574
-575
-576
-578
-473
-483
-493
-583
-593
-673
-683
-693
-513
-543
-553
-563
-273
-373
-773
-873
-973
592
-594
-595
-596
-597
-598
-672
-692
-512
-792
-892
-992
622
-623
-624
-625
-626
-627
-612
-722
-822
-922
671
-674
-675
-676
-678
-679
-681
698
-694
-695
-696
-697
-699
-648
-658
-668
-771
-871
-971
-798
-898
-998
716
-712
-713
-714
-715
-717
-718
-719
-726
-736
-816
-826
-836
-916
-926
-936
-746
-756
-766
-776
-786
-796
-116
-316
-416
-516
-616
742
-743
-744
-745
-747
-748
-842
-942
-772
781
-783
-784
-785
-787
-789
-881
-981
-721
-761
814
-812
-813
-815
-817
-818
-819
912
-913
-914
-915
-917
-918
-919
-724
-734
-824
-834
-924
-934
872
-874
-875
-876
-878
-879
-972
-844
-864
-884
-894
-314
-414
-514
-614
319
-313
-315
-317
-318
-339
-379
-389
-399
118
-113
-115
-128
-328
-168
368
-363
-365
-366
-367
-568
-768
-868
-968
821
-823
-825
-827
-828
-921
-861
961
-963
-964
-965
-966
-967
-969
843
-845
-846
-847
-848
-753
-763
-853
-863
-943
-953
-833
-883
-893
858
-855
-856
-857
-859
-758
-948
-958
-243
-443
-643
548
-544
-545
-546
-547
-558
923
-925
-927
-928
-723
-733
-933
728
-725
-727
793
-794
-795
-797
-799
-983
-993
-778
978
-974
-975
-976
-979
-123
-223
-323
-423
413
-415
-417
-613
-633
383
-384
-385
-386
-293
-393
-333
133
-135
-136
-163
945
-944
-946
-947
764
-765
-767
-769
-755
-865
-955
-774
-935
-985
-995
-245
-445
-645
-564
584
-585
-586
-587
-474
-484
-494
-684
-664
-984
994
-996
-997
-999
-294
-394
-125
126
-226
-326
-336
165
-166
-255
-265
-426
636
-634
-635
-637
424
-425
-427
-444
644
-646
-647
-656
-666
-686
-224
274
-275
-276
-279
-374
299
-295
-296
225
-227
-325
-335
-324
327
334
-337
-565
-665
-499
-899
246
-247
-256
-266
-446
447
-557
-567
566
-556
555
-655
-657
-667
-487
-497
687
-685
-689
-515
517
615
-617
956
-957
-959
-866
-986
-887
-987
989
897
-895
-896
886
-885
-889
775
-779
-735
835
-837
-839
-867
869
757
-759
-737
739
937
-939
-257
253
-263
267
-653
659
663
-669
-375
376
395
-396
-475
-476
479
-489
485
-486
-495
496
