134
-131
-132
-133
-135
-136
-137
-138
-139
-114
-124
-214
-224
-234
-314
-324
-334
-144
-154
-164
-174
-184
-194
-434
-534
-634
-734
-834
-934
142
-141
-143
-145
-146
-147
-148
-149
-152
-162
-242
-252
-262
-342
-352
-362
-112
-122
-172
-182
-192
-442
-542
-642
-742
-842
-942
171
-173
-175
-176
-177
-178
-179
-181
-191
-271
-281
-291
-371
-381
-391
-111
-121
-151
-161
-471
-571
-671
-771
-871
-971
217
-211
-212
-213
-215
-216
-218
-219
-117
-127
-227
-237
-317
-327
-337
-247
-257
-267
-277
-287
-297
-417
-517
-617
-717
-817
-917
261
-263
-264
-265
-266
-268
-269
-241
-251
-341
-351
-361
-221
-231
-461
-561
-661
-761
-861
-961
276
-272
-273
-274
-275
-278
-279
-186
-196
-286
-296
-376
-386
-396
-226
-236
-246
-256
-476
-576
-676
-776
-876
-976
285
-282
-283
-284
-288
-289
-185
-195
-295
-375
-385
-395
-225
-235
-245
-255
-485
-585
-685
-785
-885
-985
298
-292
-293
-294
-299
-188
-198
-378
-388
-398
-228
-238
-248
-258
-498
-598
-698
-798
-898
-998
325
-321
-322
-323
-326
-328
-329
-115
-125
-315
-335
-345
-355
-365
-425
-525
-625
-725
-825
-925
357
-353
-354
-356
-358
-359
-157
-167
-347
-367
-377
-387
-397
-457
-557
-657
-757
-857
-957
419
-411
-412
-413
-414
-415
-416
-418
-429
-439
-519
-529
-539
-619
-629
-639
-449
-459
-469
-479
-489
-499
-119
-319
-719
-819
-919
478
-472
-473
-474
-475
-477
-488
-578
-588
-678
-688
-428
-438
-448
-458
-468
-778
-878
-978
528
-521
-522
-523
-524
-526
-527
-518
-538
-618
-628
-638
-548
-558
-568
-128
-728
-828
-928
541
-543
-544
-545
-546
-547
-549
-441
-451
-551
-641
-651
-511
-531
-581
-591
-741
-841
-941
566
-562
-563
-564
-565
-567
-569
-446
-456
-466
-556
-646
-656
-666
-516
-536
-586
-596
-166
-366
-766
-866
-966
583
-582
-584
-587
-589
-483
-493
-573
-593
-673
-683
-693
-513
-533
-553
-183
-383
-783
-883
-983
637
-631
-632
-633
-635
-636
-427
-437
-537
-627
-647
-667
-677
-687
-697
-737
-837
-937
696
-691
-692
-694
-695
-699
-486
-496
-686
-616
-626
-796
-896
-996
751
-752
-753
-754
-755
-756
-758
-759
-851
-951
-711
-721
-731
-781
-791
815
-811
-812
-813
-814
-816
-818
-715
-735
-835
-915
-935
-845
-855
-865
-875
-895
-515
-615
823
-821
-822
-824
-826
-827
-829
-713
-723
-733
-833
-913
-923
-933
-843
-853
-863
-873
-893
-123
-223
-423
-623
839
-831
-832
-836
-838
-729
-739
-929
-939
-849
-859
-869
-879
-889
-899
-239
-339
848
-844
-846
-847
-748
-768
-858
-868
-948
-958
-968
-888
-348
-648
897
-891
-892
-894
-777
-787
-797
-877
-887
-977
-987
-997
881
-882
-884
-886
-981
-991
856
-852
-854
-746
-946
-956
-867
346
-343
-344
-349
-156
-316
-336
577
-572
-574
-575
-579
-487
-497
-597
-481
-681
491
-492
-494
-495
-421
-431
187
-189
-197
938
-931
-932
-936
-718
-738
-918
788
-782
-784
-786
-789
986
-982
-984
-988
-989
-916
-926
331
-332
-333
-338
-311
969
-962
-963
-964
-965
-967
-749
-769
-949
-959
-979
-999
-169
-369
-669
972
-973
-974
-975
-772
-792
-872
874
-992
-774
-794
-994
862
-864
-762
-952
-912
-922
-462
-662
-372
-672
-374
-674
-113
116
-118
-126
129
318
-312
-313
233
-232
222
-229
-159
-199
193
-373
379
-393
-389
-399
-153
-163
-243
-253
363
-364
-368
613
-611
-612
-614
621
-622
-624
-433
-643
-653
-663
911
-914
-921
-716
-422
-722
-463
-763
773
-775
-779
-793
-993
995
-795
799
-743
-945
-955
675
-679
-595
-645
-655
-665
689
-682
-684
-599
559
-552
-554
-555
-649
644
-444
-454
-464
-654
-664
668
-658
-659
652
-452
535
-532
-435
-244
249
254
-259
-744
-944
-954
953
-943
947
764
-765
-767
745
-747
-714
712
-732
736
-726
-724
727
924
-927
-512
514
432
-436
-424
426
-482
484
592
-594
443
-445
-447
-453
455
-465
467
-155
158
165
-168
382
-384
-392
394
