122
-121
-123
-124
-125
-126
-127
-128
-129
-112
-132
-212
-222
-232
-312
-322
-332
-142
-152
-162
-172
-182
-192
-422
-522
-622
-722
-822
-922
157
-151
-153
-154
-155
-156
-158
-159
-147
-167
-247
-257
-267
-347
-357
-367
-117
-137
-177
-187
-197
-457
-557
-657
-757
-857
-957
174
-171
-173
-175
-176
-178
-179
-184
-194
-274
-284
-294
-374
-384
-394
-114
-134
-144
-164
-474
-574
-674
-774
-874
-974
183
-181
-185
-186
-188
-189
-193
-273
-283
-293
-373
-383
-393
-113
-133
-143
-163
-483
-583
-683
-783
-883
-983
214
-211
-213
-215
-216
-217
-218
-219
-224
-234
-314
-324
-334
-244
-254
-264
-414
-514
-614
-714
-814
-914
229
-221
-223
-225
-226
-227
-228
-119
-139
-239
-319
-329
-339
-249
-259
-269
-279
-289
-299
-429
-529
-629
-729
-829
-929
243
-241
-242
-245
-246
-248
-253
-263
-343
-353
-363
-233
-443
-543
-643
-743
-843
-943
291
-292
-295
-296
-297
-298
-191
-271
-281
-371
-381
-391
-231
-251
-261
-491
-591
-691
-791
-891
-991
361
-362
-364
-365
-366
-368
-369
-141
-161
-341
-351
-311
-321
-331
-461
-561
-661
-761
-861
-961
375
-372
-376
-377
-378
-379
-195
-275
-285
-385
-395
-315
-325
-335
-345
-355
-475
-575
-675
-775
-875
-975
392
-396
-397
-398
-399
-272
-282
-382
-342
-352
-492
-592
-692
-792
-892
-992
411
-412
-413
-415
-416
-417
-418
-419
-421
-431
-511
-521
-531
-611
-621
-631
-441
-451
-471
-481
-111
131
-135
-136
-138
-711
-811
-911
-731
-831
-931
438
-432
-433
-434
-435
-436
-437
-439
-428
-518
-528
-538
-618
-628
-638
-448
-458
-468
-478
-488
-498
-238
-338
-738
-838
-938
526
-523
-524
-525
-527
-426
-516
-536
-616
-626
-636
-546
-556
-566
-576
-586
-596
-326
-726
-826
-926
588
-581
-582
-584
-585
-587
-589
-578
-598
-678
-688
-698
-548
-558
-568
-288
-388
-788
-888
-988
679
-671
-672
-673
-676
-677
-479
-489
-499
-579
-599
-689
-699
-619
-639
-649
-659
-669
-779
-879
-979
697
-693
-694
-695
-696
-477
-487
-497
-577
-597
-687
-617
-627
-637
-647
-667
-797
-897
-997
712
-713
-715
-716
-717
-718
-719
-732
-812
-832
-912
-932
-742
-752
-762
-772
-782
-512
-612
733
-734
-735
-736
-737
-739
-723
-813
-823
-833
-913
-923
-933
-753
-763
-773
-793
-333
-533
-633
745
-741
-744
-746
-747
-748
-749
-755
-765
-845
-855
-865
-945
-955
-965
-725
-785
-795
-145
-445
-545
-645
819
-815
-816
-817
-818
-839
-919
-939
-849
-859
-869
-889
-899
-519
539
-532
-534
-535
-537
632
-634
-635
-549
-559
-569
-642
-652
-662
-682
868
-862
-863
-864
-866
-867
-758
-768
-848
-858
-948
-958
-968
-828
-878
-898
-168
-268
-668
885
-881
-882
-884
-886
-887
-895
-985
-995
-825
-835
-485
-685
893
-894
-896
-873
-973
-993
-853
-493
-593
925
-921
-924
-927
-928
-915
-935
-425
-625
235
-236
-237
-115
165
-166
-169
-255
-265
-465
-565
-665
934
-936
-937
-724
-824
-834
-944
-954
-964
-984
-994
952
-951
-953
-956
-959
-842
-852
-942
-962
963
-966
-967
-969
872
-871
-876
-877
-972
-982
-252
262
-266
-452
-552
-462
-562
-463
-563
-663
-472
-572
482
-484
-486
-442
542
-541
-544
-547
981
-986
-987
-989
-771
-781
-971
-941
571
-573
-681
473
-476
-423
-453
-551
116
-118
-316
-336
337
-317
-327
-146
-196
-387
-916
836
-837
-846
-856
-148
149
-349
-359
198
-199
-278
389
-386
258
-256
-348
-358
648
-641
-644
-646
651
-653
-654
-655
-656
-658
553
-554
-555
455
-454
-456
-459
-495
595
-594
-513
564
-567
-444
-464
-664
666
-446
-466
496
-494
684
-686
424
-427
-624
623
-613
615
-515
517
313
-318
-323
328
-917
918
-728
-978
-998
841
-844
-847
-751
-851
854
-754
-764
721
-727
-821
827
344
-346
-354
356
946
-947
-949
-756
759
-766
767
-769
-777
-787
977
-976
-789
-799
999
-996
447
-449
-467
469
-277
276
-286
287
-776
778
-798
-784
786
794
-796
