136
-131
-132
-133
-134
-135
-137
-138
-139
-116
-126
-216
-226
-236
-316
-326
-336
-146
-156
-166
-176
-186
-196
-436
-536
-636
-736
-836
-936
161
-162
-163
-164
-165
-167
-168
-169
-141
-151
-241
-251
-261
-341
-351
-361
-111
-121
-171
-181
-191
-461
-561
-661
-761
-861
-961
173
-172
-174
-175
-177
-178
-179
-183
-193
-273
-283
-293
-373
-383
-393
-113
-123
-143
-153
-473
-573
-673
-773
-873
-973
197
-192
-194
-195
-198
-199
-187
-277
-287
-297
-377
-387
-397
-117
-127
-147
-157
-497
-597
-697
-797
-897
-997
249
-242
-243
-244
-245
-246
-247
-248
-149
-159
-259
-269
-349
-359
-369
-219
-229
-239
-279
-289
-299
-449
-549
-649
-749
-849
-949
257
-252
-253
-254
-255
-256
-258
-267
-347
-357
-367
-217
-227
-237
-457
-557
-657
-757
-857
-957
342
-343
-344
-345
-346
-348
-142
-152
-262
-352
-362
-312
-322
-332
-372
-382
-392
-442
-542
-642
-742
-842
-942
363
-364
-365
-366
-368
-263
-353
-313
-323
-333
-463
-563
-663
-763
-863
-963
384
-381
-385
-386
-388
-389
-184
-274
-284
-294
-374
-394
-314
-324
-334
-354
-484
-584
-684
-784
-884
-984
429
-421
-422
-423
-424
-425
-426
-427
-428
-419
-439
-519
-529
-539
-619
-629
-639
-459
-469
-479
-489
-499
-129
-329
-729
-829
-929
471
-472
-474
-475
-476
-477
-478
-481
-491
-571
-581
-591
-671
-681
-691
-411
-431
-441
-451
-271
-371
-771
-871
-971
486
-482
-483
-485
-487
-488
-496
-576
-586
-596
-676
-686
-696
-416
-446
-456
-466
-286
-786
-886
-986
498
-492
-493
-494
-495
-578
-588
-598
-678
-688
-698
-418
-438
-448
-458
-468
-298
-398
-798
-898
-998
516
-511
-512
-513
-514
-515
-517
-518
-526
-616
-626
-546
-556
-566
-716
-816
-916
527
-521
-522
-523
-524
-525
-528
-417
-437
-537
-617
-627
-637
-547
-567
-577
-587
-327
-727
-827
-927
574
-572
-575
-579
-594
-674
-694
-534
-544
-554
-564
-774
-874
-974
589
-582
-583
-585
-599
-679
-689
-699
-559
-569
-189
119
-112
-114
-115
-118
-319
-339
-719
-819
-919
-789
-889
-989
592
-593
-595
-672
-682
-692
-532
-552
-562
-292
-792
-892
-992
614
-611
-612
-613
-615
-618
-414
-434
-624
-634
-644
-654
-664
-214
-714
-814
-914
628
-621
-622
-623
-625
-538
-638
-648
-658
-668
-128
-228
-328
-728
-828
-928
631
-632
-633
-635
-531
-641
-651
-231
-331
-731
-831
-931
687
-683
-685
693
-695
675
-677
-643
-653
-645
-655
-665
-647
646
-656
-666
-667
-746
-846
-946
-275
-375
-775
-875
-975
-787
-887
-987
-793
-893
-993
726
-721
-722
-723
-724
-725
-826
-926
-756
-766
-776
-796
745
-741
-743
-744
-747
-748
-755
-765
-845
-855
-865
-945
-955
-965
-715
-735
-785
-795
-145
-445
-545
769
-762
-764
-767
-768
-759
-859
-869
-959
-969
-739
-779
-799
659
-652
-669
662
-452
-462
-862
-962
853
-851
-852
-854
-856
-858
-753
-843
-943
-953
-813
-823
-833
-883
-453
-553
864
-866
-867
-868
-754
-844
-944
-954
-964
-824
-834
-894
-264
-464
913
-911
-912
-915
-917
-918
-713
-733
-923
-933
783
-781
-782
-788
-983
-213
-413
223
-221
-222
-224
-225
-233
234
-232
-235
-238
-124
924
-921
-922
-925
-734
-934
794
-791
-994
935
-932
-937
-938
-939
-815
-825
-835
839
-832
-837
-838
-879
-899
-985
-995
-335
-435
-535
533
-433
432
-412
415
443
-444
-447
-543
454
-455
467
-465
-215
-315
-732
144
-148
-154
-967
947
-941
-948
-847
-977
979
-972
-976
-978
-999
-379
399
-391
-395
-396
122
-125
-212
325
-321
-182
311
-317
-318
-211
218
337
-338
-268
-278
-288
-355
-711
751
-752
-758
-841
848
-951
952
-956
-958
966
-968
-818
-878
-888
-982
-996
991
-881
-891
-981
988
-778
-811
821
-822
-718
738
-737
541
-548
-551
356
-358
-266
265
-155
158
185
-188
-285
-295
378
-376
555
-558
-565
568
281
-282
-291
296
272
-276
-772
777
-877
712
-717
-812
817
-872
876
882
-885
895
-896
