134
-131
-132
-133
-135
-136
-137
-138
-139
-114
-124
-214
-224
-234
-314
-324
-334
-144
-154
-164
-174
-184
-194
-434
-534
-634
-734
-834
-934
153
-151
-152
-155
-156
-157
-158
-159
-143
-163
-243
-253
-263
-343
-353
-363
-113
-123
-173
-183
-193
-453
-553
-653
-753
-853
-953
197
-191
-192
-195
-196
-198
-199
-177
-187
-277
-287
-297
-377
-387
-397
-117
-127
-147
-167
-497
-597
-697
-797
-897
-997
229
-221
-222
-223
-225
-226
-227
-228
-119
-129
-219
-239
-319
-329
-339
-249
-259
-269
-279
-289
-299
-429
-529
-629
-729
-829
-929
267
-261
-262
-264
-265
-266
-268
-247
-257
-347
-357
-367
-217
-237
-467
-567
-667
-767
-867
-967
348
-341
-342
-344
-345
-346
-349
-148
-168
-248
-258
-358
-368
-318
-328
-338
-378
-388
-398
-448
-548
-648
-748
-848
-948
354
-351
-352
-355
-356
-359
-244
-254
-364
-374
-384
-394
-454
-554
-654
-754
-854
-954
365
-361
-362
-366
-369
-145
-165
-245
-255
-315
-325
-335
-375
-385
-395
-465
-565
-665
-765
-865
-965
412
-411
-413
-414
-415
-416
-417
-418
-419
-422
-432
-512
-522
-532
-612
-622
-632
-442
-452
-462
-472
-482
-492
-112
-212
-312
-712
-812
-912
424
-421
-423
-425
-426
-427
-428
-514
-524
-614
-624
-444
-464
-474
-484
-494
-724
-824
-924
443
-441
-445
-446
-447
-449
-463
-543
-563
-643
-663
-433
-473
-483
-493
-743
-843
-943
475
-471
-476
-477
-478
-479
-485
-495
-575
-585
-595
-675
-685
-695
-435
-455
-175
-275
-775
-875
-975
517
-511
-513
-515
-516
-518
-519
-437
-527
-537
-617
-627
-637
-547
-557
-577
-587
-317
-717
-817
-917
531
-533
-535
-536
-538
-539
-431
-521
-611
-621
-631
-541
-551
-561
-571
-581
-591
-231
-331
-731
-831
-931
564
-562
-566
-568
-569
-544
-644
-664
-574
-584
-594
-764
-864
-964
576
-572
-573
-578
-579
-486
-496
-586
-596
-676
-686
-696
-526
-546
-556
-176
-276
-376
-776
-876
-976
598
-592
-593
-599
-488
-498
-588
-678
-688
-698
-528
-558
-298
-798
-898
-998
638
-633
-635
-636
-639
-438
-618
-628
-658
-668
-238
-738
-838
-938
661
-662
-666
-669
-451
-461
-641
-651
-671
-681
-691
-161
-761
-861
-961
682
-683
-684
-687
-689
-582
-672
-692
-642
-652
-182
-282
-382
-782
-882
-982
694
-693
-699
-674
-294
-794
-894
-994
741
-742
-744
-745
-746
-747
-749
-751
-841
-851
-941
-951
-711
-721
-771
-781
-791
-141
-241
251
-252
-256
-211
-271
-281
-291
758
-752
-755
-756
-757
-759
-768
-858
-868
-958
-968
-718
-728
-778
-788
-458
468
-466
-469
769
-762
-763
-766
-849
-859
-869
-949
-959
-969
-719
-739
-779
-789
-799
-169
149
-142
-146
-179
-189
-549
-649
847
-842
-844
-845
-846
944
-942
-945
-946
-947
-857
-957
-827
-837
-877
-887
-914
-974
-984
-647
888
-881
-883
-884
-885
-886
-889
-878
-978
-988
-818
-828
-188
-288
915
-911
-913
-916
-918
-919
-715
-725
-735
-815
-825
-835
-925
-935
928
-921
-922
-923
-926
-927
-955
855
-852
-856
-895
-985
-995
-115
-215
-615
-128
235
-232
-233
-236
-125
185
-181
-186
-285
-295
-555
-655
-785
795
-792
-793
-796
956
-952
-866
-966
-936
-986
-996
552
-559
-542
545
-645
646
-456
-656
436
-439
-616
-626
619
-613
-525
523
-623
625
-583
589
673
-677
-679
487
-481
-489
491
-499
-457
459
657
-659
-819
-323
-723
-823
-336
-736
-836
242
-246
-162
166
-116
-126
-272
-292
-273
-373
-773
-873
-973
-787
-987
-389
-989
-391
-891
-991
972
-971
-977
-979
-772
-872
-892
-992
777
-774
-727
-737
937
-932
-933
-939
839
-832
-833
-879
-899
999
-993
981
-983
-871
874
-784
714
-713
-716
-814
-962
963
862
-863
-822
327
-321
-322
-326
-337
-172
122
-121
-332
333
-213
-313
-383
-393
813
-811
-816
821
-826
-733
732
-722
726
783
-786
-893
896
-372
392
-396
-399
379
-371
171
-178
-381
386
-286
-296
293
-283
284
-274
278
-111
118
311
-316
216
-218
