122
-121
-123
-124
-125
-126
-127
-128
-129
-112
-132
-212
-222
-232
-312
-322
-332
-142
-152
-162
-172
-182
-192
-422
-522
-622
-722
-822
-922
134
-131
-133
-135
-136
-137
-138
-139
-114
-214
-224
-234
-314
-324
-334
-144
-154
-164
-174
-184
-194
-434
-534
-634
-734
-834
-934
146
-141
-143
-145
-147
-148
-149
-156
-166
-246
-256
-266
-346
-356
-366
-116
-176
-186
-196
-446
-546
-646
-746
-846
-946
171
-173
-175
-177
-178
-179
-181
-191
-271
-281
-291
-371
-381
-391
-111
-151
-161
-471
-571
-671
-771
-871
-971
217
-211
-213
-215
-216
-218
-219
-117
-227
-237
-317
-327
-337
-247
-257
-267
-277
-287
-297
-417
-517
-617
-717
-817
-917
223
-221
-225
-226
-228
-229
-113
-233
-313
-323
-333
-243
-253
-263
-273
-283
-293
-423
-523
-623
-723
-823
-923
248
-241
-242
-244
-245
-249
-158
-168
-258
-268
-348
-358
-368
-238
-278
-288
-298
-448
-548
-648
-748
-848
-948
284
-282
-285
-286
-289
-274
-294
-374
-384
-394
-254
-264
-484
-584
-684
-784
-884
-984
319
-311
-315
-316
-318
-119
-239
-329
-339
-349
-359
-369
-379
-389
-399
-419
-519
-619
-719
-819
-919
354
-351
-352
-353
-355
-357
-344
-364
-454
-554
-654
-754
-854
-954
412
-411
-413
-414
-415
-416
-418
-432
-512
-532
-612
-632
-442
-452
-462
-472
-482
-492
-712
-812
-912
479
-473
-474
-475
-476
-477
-478
-489
-499
-579
-589
-599
-679
-689
-699
-429
-439
-449
-459
-469
-279
-779
-879
-979
559
-551
-552
-553
-555
-556
-557
-558
-549
-569
-649
-659
-669
-529
-539
-159
-259
-759
-859
-959
635
-631
-633
-636
-637
-638
-639
-425
-435
-515
-525
-535
-615
-625
629
-621
-624
-626
-627
-628
-645
-655
-665
-675
-685
-695
-729
-829
-929
-235
-335
-735
-835
-935
698
-691
-692
-693
-694
-696
-697
-488
-498
-578
-588
-598
-678
-688
-618
-658
-668
-198
-398
-798
-898
-998
713
-711
-714
-715
-716
-718
-733
-813
-833
-913
-933
-743
-753
-763
-773
-783
-793
-513
-613
756
-751
-752
-755
-757
-758
-766
-856
-866
-956
-966
-726
-736
-776
-786
-796
-456
-656
797
-791
-792
-794
-795
-799
-777
-787
-877
-887
-897
-977
-987
-997
-727
-737
-747
-767
-197
-397
-497
-597
826
-821
-824
-825
-827
-828
-816
-836
-916
-926
-936
-876
-886
-896
-326
-426
-526
865
-861
-862
-863
-864
-867
-868
-869
-745
-765
-845
-855
-945
-955
-965
-815
-875
-885
-895
-165
-265
-365
-465
-565
883
-881
-882
-888
-889
-873
-893
-973
-983
-993
-843
-853
-183
-383
-483
-583
-683
899
-891
-892
-894
-789
-989
-999
-839
-849
189
-185
-187
-188
-199
-299
118
-115
325
-321
-328
-338
-169
269
-261
-262
-345
-375
-385
-395
915
-911
-914
-918
-725
-925
-975
-985
-995
-518
-818
-769
-969
939
-931
-932
-937
-938
-739
749
-741
-742
-744
-949
967
-961
-962
-963
-964
-968
-847
-857
-947
-957
837
-831
-832
-838
732
-731
-738
-927
-762
-772
-782
-437
-537
-167
163
-153
-343
-363
-193
195
-275
-295
-155
157
255
-251
-252
-347
-367
231
-236
-331
336
-376
-386
-396
-431
-531
-436
-536
-455
-457
-657
-463
-563
-663
-467
-567
-667
-495
-595
976
-972
-974
-978
-986
-996
-276
272
-292
296
-372
-382
-392
393
-373
-572
-672
-872
-576
-676
-493
-593
-496
-596
988
-981
-982
992
-991
-994
781
-785
-788
775
-774
-778
874
-878
-721
-761
-814
811
-921
-841
-851
-844
842
-852
858
-942
-952
-768
764
-944
-958
-724
728
924
-928
-511
-611
-424
-524
-428
-528
-342
341
-361
362
-441
-541
-641
-941
943
951
-953
-542
-642
-443
-543
-643
-451
-651
652
-653
-562
-662
453
-458
-433
438
533
-538
-468
568
-561
-564
-566
-573
673
-674
-677
-682
-464
-664
-574
-575
577
-487
-587
-687
-527
521
-421
427
-447
-581
-591
-547
647
-644
614
-616
-514
516
-586
-377
378
387
-388
-481
-681
686
491
-494
594
-592
582
-585
485
-486
-461
466
661
-666
444
-445
-544
545
