122
-121
-123
-124
-125
-126
-127
-128
-129
-112
-132
-212
-222
-232
-312
-322
-332
-142
-152
-162
-172
-182
-192
-422
-522
-622
-722
-822
-922
149
-141
-143
-144
-145
-146
-147
-148
-159
-169
-249
-259
-269
-349
-359
-369
-119
-139
-179
-189
-199
-449
-549
-649
-749
-849
-949
158
-151
-153
-154
-155
-156
-157
-168
-248
-258
-268
-348
-358
-368
-118
-138
-178
-188
-198
-458
-558
-658
-758
-858
-958
185
-181
-183
-184
-186
-187
-175
-195
-275
-285
-295
-375
-385
-395
-115
-135
-165
-485
-585
-685
-785
-885
-985
276
-271
-272
-273
-274
-277
-278
-279
-176
-196
-286
-296
-376
-386
-396
-216
-226
-236
-246
-256
-266
-476
-576
-676
-776
-876
-976
282
-281
-283
-284
-287
-288
-289
-292
-372
-382
-392
-242
-252
-262
-482
-582
-682
-782
-882
-982
314
-311
-313
-315
-316
-317
-318
-319
-114
-134
-214
-224
-234
-324
-334
-344
-354
-364
-374
-384
-394
-414
-514
-614
-714
-814
-914
337
-331
-333
-335
-336
-338
-339
-117
-137
-217
-227
-237
-327
-347
-357
-367
-377
-387
-397
-437
-537
-637
-737
-837
-937
399
-391
-393
-398
-299
-379
-389
-329
-499
-599
-699
-799
-899
-999
467
-461
-462
-463
-464
-465
-466
-468
-469
-447
-457
-547
-557
-567
-647
-657
-667
-417
-427
-477
-487
-497
-167
-267
-767
-867
-967
475
-471
-472
-473
-474
-478
-479
-495
-575
-595
-675
-695
-415
-425
-435
-445
-455
-775
-875
-975
494
-491
-492
-493
-496
-498
-484
-574
-584
-594
-674
-684
-694
-424
-434
-444
-454
-194
-294
174
-171
-173
-177
-164
197
-191
-193
-297
-774
-874
-974
-794
-894
-994
-597
-697
-797
-897
-997
541
-542
-543
-544
-545
-546
-548
-441
-451
-551
-561
-641
-651
-661
-511
-521
-531
-571
-581
-591
-241
-341
-741
-841
-941
553
-552
-554
-555
-556
-559
-443
-453
-563
-643
-653
-663
-513
-523
-533
-573
-583
-593
-253
-353
-753
-853
-953
562
-564
-565
-566
-568
-569
-442
-452
-642
-652
-662
-512
-532
-572
-592
-362
-762
-862
-962
618
-611
-612
-613
-615
-616
-617
-619
-418
-428
-438
-518
-528
-538
-628
-638
-648
-668
448
-446
-488
-678
-688
-698
-218
-718
-818
-918
-748
-848
-948
633
-631
-632
-634
-635
-636
-639
-413
-423
-433
-623
483
-481
-486
-489
-673
-683
-693
-133
-233
-733
-833
-933
-383
-783
-883
-983
644
-645
-646
-654
-664
-624
-244
-744
-844
-944
719
-711
-712
-713
-715
-716
-717
-729
-739
-819
-829
-839
-919
-929
-939
-759
-769
-779
-789
-219
-419
-519
772
-771
-773
-777
-778
-792
-872
-892
-972
-992
-732
-742
-752
-672
692
-691
-696
795
-791
-793
-796
-798
-895
-995
-725
-735
-745
-755
-765
821
-823
-824
-825
-826
-827
-828
-721
-731
-811
-831
-911
-921
-931
-851
-861
-871
-881
-891
-221
-321
-421
-621
838
-832
-834
-835
-836
-728
-738
-928
-938
-868
-878
-888
-898
-238
927
-923
-924
-925
-926
-727
-817
-917
-947
-957
-977
-987
517
-515
-516
-527
-627
-577
-587
952
-951
-954
-955
-956
-959
-842
-852
-942
812
-813
-815
-816
-912
-932
-412
432
-431
-436
-439
411
-416
-111
-211
342
-343
-345
-346
-352
969
-961
-963
-964
-965
-966
-968
768
-761
-763
-764
-766
751
-754
-756
-757
-859
-869
-781
-788
-979
-989
-251
-351
-669
986
-981
-984
-988
-786
-886
-896
893
-873
-973
-993
-996
-843
-863
934
-935
-936
-724
-734
736
915
-913
-916
723
-726
-743
943
-945
-946
784
-787
-884
-746
747
-847
-857
-215
213
-113
116
-223
-323
-136
131
-231
-326
-161
163
-166
-243
-263
-363
-293
373
-371
-378
524
-525
-526
-529
-534
535
-536
-539
-625
-235
239
-229
846
-845
-856
-866
245
-247
-255
-265
-355
356
-365
-366
361
-261
264
-254
257
291
-298
-381
388
-225
228
325
-328
854
-855
-864
865
655
-656
-659
-665
666
-456
459
426
-429
-626
629
-686
-679
-689
681
-687
-671
677
971
-978
-991
998
-877
879
887
-889
578
-579
-588
-598
596
-586
589
