136
-131
-132
-133
-134
-135
-137
-138
-139
-116
-126
-216
-226
-236
-316
-326
-336
-146
-156
-166
-176
-186
-196
-436
-536
-636
-736
-836
-936
142
-141
-143
-144
-145
-147
-148
-149
-152
-162
-242
-252
-262
-342
-352
-362
-112
-122
-172
-182
-192
-442
-542
-642
-742
-842
-942
188
-181
-183
-184
-185
-187
-189
-178
-198
-278
-288
-298
-378
-388
-398
-118
-128
-158
-168
-488
-588
-688
-788
-888
-988
194
-191
-193
-195
-197
-199
-174
-274
-284
-294
-374
-384
-394
-114
-124
-154
-164
-494
-594
-694
-794
-894
-994
221
-222
-223
-224
-225
-227
-228
-229
-111
-121
-211
-231
-311
-321
-331
-241
-251
-261
-271
-281
-291
-421
-521
-621
-721
-821
-921
244
-243
-245
-246
-247
-248
-249
-254
-264
-344
-354
-364
-214
-234
-444
-544
-644
-744
-844
-944
275
-272
-273
-276
-277
-279
-175
-285
-295
-375
-385
-395
-215
-235
-255
-265
-475
-575
-675
-775
-875
-975
286
-282
-283
-287
-289
-296
-376
-386
-396
-256
-266
-486
-586
-686
-786
-886
-986
328
-322
-323
-324
-325
-327
-329
-218
-238
-318
-338
-348
-358
-368
-428
-528
-628
-728
-828
-928
355
-351
-353
-356
-357
-359
-155
-165
-345
-365
-315
-335
-455
-555
-655
-755
-855
-955
418
-411
-412
-413
-414
-415
-416
-417
-419
-438
-518
-538
-618
-638
-448
-458
-468
-478
-498
-718
-818
-918
487
-481
-482
-483
-484
-485
-489
-477
-497
-577
-587
-597
-677
-687
-697
-427
-437
-447
-457
-467
-387
-787
-887
-987
496
-491
-492
-493
-495
-499
-476
-576
-596
-676
-696
-426
-446
-456
-466
-796
-896
-996
517
-511
-512
-513
-514
-515
-516
-519
-527
-537
-617
-627
-637
-547
-557
-567
-117
-217
-317
-717
-817
-917
526
-522
-523
-524
-525
-529
-616
-626
-546
-556
-566
-726
-826
-926
533
-531
-532
-534
-535
-539
-423
-433
-613
-623
-633
-543
-553
-563
-573
-583
-593
-233
-333
-733
-833
-933
549
-541
-545
-548
-449
-459
-469
-559
-569
-649
-659
-669
-579
-589
-599
-349
-749
-849
-949
571
-572
-574
-578
-471
-581
-591
-671
-681
-691
-551
-561
-171
-371
-771
-871
-971
711
-712
-713
-714
-715
-716
-719
-731
-811
-831
-911
-931
-741
-751
-761
-781
-791
-611
732
-734
-735
-737
-738
-739
-722
-812
-822
-832
-912
-922
-932
-752
-762
-772
-782
-792
-232
-332
-432
-632
746
-743
-745
-747
-748
-756
-766
-846
-856
-866
-946
-956
-966
-776
-346
366
-361
-363
-367
-369
-646
656
-651
-652
-653
-654
-657
-658
-666
778
-773
-774
-777
-779
-798
-878
-898
-978
-998
-758
-768
-678
785
-783
-784
-789
-795
-885
-895
-985
-995
-725
-765
-585
-685
824
-823
-825
-827
-829
-724
-814
-834
-914
-924
-934
-854
-864
-874
-884
-424
-624
848
-841
-843
-845
-847
-858
-868
-948
-958
-968
-838
938
-935
-937
-939
-648
851
-852
-853
-857
-859
-861
-941
-951
-961
-881
-891
-151
161
-163
-167
-169
-341
-451
-461
-661
879
-872
-873
-876
-877
976
-972
-973
-974
-977
-979
984
-981
-982
-983
-989
991
-992
-993
-997
-999
-799
-889
-899
816
-813
-815
-819
-916
-839
-869
-954
-964
-179
-379
-479
-679
381
-382
-383
-389
-391
-584
582
-472
-592
-672
-682
-692
-552
-562
372
-373
-377
-292
-392
212
-213
-219
-312
-612
177
-173
-297
-397
-127
-157
-882
883
892
-893
-897
-793
797
-727
-757
-767
-862
-863
927
-923
-925
-929
-837
835
-915
-865
867
-947
-957
-967
-435
-635
257
-253
-258
-259
-267
-347
343
-153
159
-263
268
-269
-119
-129
293
-299
-393
399
-237
239
337
-334
-339
314
-313
-319
-614
-439
429
-422
-425
622
-625
-629
615
-619
-639
-662
-645
-665
-695
595
-598
698
-693
-699
689
-683
-684
-565
-668
-115
113
-123
125
-913
919
723
-729
-753
-763
-959
-969
-443
-643
-943
945
-965
-445
441
-641
647
465
-462
-463
-464
452
-453
-454
663
-664
-667
-431
434
631
-634
473
-474
-673
674
-952
953
962
-963
558
-554
564
-568
754
-759
-764
769
