121
-122
-123
-124
-125
-126
-127
-128
-129
-111
-131
-211
-221
-231
-311
-321
-331
-141
-151
-161
-171
-181
-191
-421
-521
-621
-721
-821
-921
146
-142
-143
-144
-145
-147
-148
-149
-156
-166
-246
-256
-266
-346
-356
-366
-116
-136
-176
-186
-196
-446
-546
-646
-746
-846
-946
223
-222
-224
-225
-226
-227
-228
-229
-113
-133
-213
-233
-313
-323
-333
-243
-253
-263
-273
-283
-293
-423
-523
-623
-723
-823
-923
289
-281
-282
-284
-285
-286
-287
-288
-179
-189
-199
-279
-299
-379
-389
-399
-219
-239
-249
-259
-269
-489
-589
-689
-789
-889
-989
358
-351
-352
-353
-354
-355
-357
-359
-158
-168
-248
-258
-268
-348
-368
-318
-328
-338
-378
-388
-398
-458
-558
-658
-758
-858
-958
384
-381
-382
-383
-385
-386
-387
-174
-184
-194
-274
-294
-374
-394
-314
-324
-334
-344
-364
-484
-584
-684
-784
-884
-984
418
-411
-412
-413
-414
-415
-416
-417
-419
-428
-438
-518
-528
-538
-618
-628
-638
-448
-468
-478
-488
-498
-118
-218
-718
-818
-918
455
-451
-452
-453
-454
-456
-457
-459
-445
-465
-545
-555
-565
-645
-655
-665
-425
-435
-475
-485
-495
-155
-255
-755
-855
-955
591
-592
-593
-594
-595
-596
-597
-598
-599
-471
-481
-491
-571
-581
-671
-681
-691
-511
-531
-541
-551
-561
-291
-391
-791
-891
-991
677
-672
-673
-674
-675
-676
-678
-679
-477
-487
-497
-577
-587
-687
-697
-617
-627
-637
-647
-657
-667
-177
-277
-377
-777
-877
-977
741
-742
-743
-744
-745
-747
-748
-749
-751
-761
-841
-851
-861
-941
-951
-961
-711
-731
-771
-781
-241
-341
-441
-641
767
-762
-763
-764
-765
-766
-768
-769
-757
-847
-857
-867
-947
-957
-967
-717
-727
-737
-787
-797
-167
-267
-367
-467
-567
772
-773
-774
-775
-776
-778
-779
-782
-792
-872
-882
-892
-972
-982
-992
-712
-722
-732
-752
-172
-272
-372
-472
-572
843
-842
-844
-845
-848
-849
-753
-853
-863
-943
-953
-963
-813
-833
-873
-883
-893
-343
-443
-543
-643
876
-871
-874
-875
-878
-879
-786
-796
-886
-896
-976
-986
-996
-816
-826
-836
-856
-866
-276
-376
-476
-576
914
-911
-912
-913
-915
-916
-917
-919
-714
-724
-734
-814
-824
-834
-924
-934
-944
-954
-964
-974
-994
-114
-214
-514
-614
985
-981
-983
-987
-988
-785
-795
-885
-895
-975
-995
-925
-935
-945
-965
865
-862
-864
-868
-869
-815
-825
-835
-165
-265
-365
881
-887
-888
-971
-811
-831
931
-932
-933
-936
-937
-938
-939
611
-612
-613
-615
-616
-619
-431
-631
461
-462
-463
-464
-466
-469
-651
-661
251
-252
-254
-257
-261
-361
-271
371
-373
-375
-185
-585
-685
187
-182
-183
-188
-197
-297
-397
-117
-137
-157
557
-552
-553
-554
-556
-559
-447
-547
-517
-527
-537
-112
115
-119
-135
-215
-235
-315
-325
-335
-175
-195
-515
-715
-132
134
-138
-139
-234
238
-232
-236
-237
-154
-164
-278
275
-295
-395
-245
345
-342
-347
-349
247
-242
-244
264
-262
-217
-298
-434
-534
-634
-738
-838
-564
-664
-575
695
-692
-693
-694
-696
-698
-699
-625
-635
152
-153
-159
-162
-362
-192
169
-163
363
-369
-393
-652
-852
-952
653
-654
-656
-659
-563
-663
-633
-683
-569
-669
-969
173
-178
-193
198
-473
-573
-973
993
-997
-998
-999
-783
788
-793
897
-894
-898
-899
794
-798
-799
-978
979
-754
854
-859
-728
-817
-827
-837
927
-922
-926
-928
-929
828
-822
-829
-949
-959
956
-756
759
-966
-719
-729
-739
317
-312
-316
-319
-327
-337
-427
437
-432
-433
-436
-439
578
-574
-579
-588
-688
-548
-568
474
-479
-494
499
-492
-493
-496
483
-482
-486
-583
-424
-444
426
-422
-429
-516
-526
-536
-626
-636
442
-449
-542
-562
566
-642
-662
-666
668
-648
-586
582
-682
686
-512
-522
-532
-326
-726
725
-735
-525
535
-533
-539
513
-519
-713
716
733
-736
-216
212
-322
329
-332
336
-339
-292
296
392
-396
-812
819
832
-839
622
-624
-629
-632
639
524
-529
-544
549
644
-649
-942
948
962
-968
