123
-121
-122
-124
-125
-126
-127
-128
-129
-113
-133
-213
-223
-233
-313
-323
-333
-143
-153
-163
-173
-183
-193
-423
-523
-623
-723
-823
-923
141
-142
-144
-145
-146
-147
-148
-149
-151
-161
-241
-251
-261
-341
-351
-361
-111
-131
-171
-181
-191
-441
-541
-641
-741
-841
-941
158
-152
-154
-155
-156
-157
-159
-168
-248
-258
-268
-348
-358
-368
-118
-138
-178
-188
-198
-458
-558
-658
-758
-858
-958
175
-172
-174
-176
-177
-179
-185
-195
-275
-285
-295
-375
-385
-395
-115
-135
-165
-475
-575
-675
-775
-875
-975
187
-182
-184
-186
-189
-197
-277
-287
-297
-377
-387
-397
-117
-137
-167
-487
-587
-687
-787
-887
-987
211
-212
-214
-215
-216
-217
-218
-219
-221
-231
-311
-321
-331
-271
-281
-291
-411
-511
-611
-711
-811
-911
272
-273
-274
-276
-278
-279
-192
-282
-292
-372
-382
-392
-222
-232
-242
-252
-262
-472
-572
-672
-772
-872
-972
325
-322
-324
-326
-327
-328
-329
-225
-235
-315
-335
-345
-355
-365
-425
-525
-625
-725
-825
-925
364
-362
-363
-366
-367
-369
-164
-244
-254
-264
-344
-354
-314
-334
-374
-384
-394
-464
-564
-664
-764
-864
-964
383
-381
-386
-388
-389
-283
-293
-373
-393
-343
-353
-483
-583
-683
-783
-883
-983
444
-442
-443
-445
-446
-447
-448
-449
-454
-544
-554
-644
-654
-414
-424
-434
-474
-484
-494
-744
-844
-944
486
-481
-482
-485
-488
-489
-476
-496
-576
-586
-596
-676
-686
-696
-416
-426
-436
-456
-466
-286
-786
-886
-986
491
-492
-493
-495
-497
-498
-499
-471
-571
-581
-591
-671
-681
-691
-421
-431
-451
-461
-391
371
-376
-378
-379
-771
-871
-971
-791
-891
-991
559
-551
-552
-553
-555
-556
-557
-459
-469
-549
-569
-649
-659
-669
-519
-529
-539
-579
-589
-599
-259
-359
-759
-859
-959
565
-561
-562
-563
-566
-567
-568
-455
-465
-545
-645
-655
-665
-515
-535
-585
-595
-265
-765
-865
-965
617
-612
-613
-614
-615
-616
-618
-619
-417
-427
-437
-517
-527
-537
-627
-637
-647
-657
-667
-677
-697
-317
-717
-817
-917
626
-621
-622
-624
-628
-629
-516
-526
-536
-636
546
-542
-543
-547
-548
-646
-656
-666
-226
-726
-826
-926
-246
-346
-746
-846
-946
661
-662
-663
-668
-651
-631
-761
-861
-961
721
-722
-724
-727
-728
-729
-731
-821
-831
-921
-931
-751
-781
-521
531
-532
-533
-534
-538
749
-742
-743
-745
-747
-748
-769
-849
-869
-949
-969
-719
-739
-779
-789
-799
-249
-349
784
-782
-785
-788
-774
-794
-874
-884
-894
-974
-984
-994
-714
-734
-754
-284
-584
-684
839
-832
-833
-834
-835
-836
-837
-838
-819
-829
-919
-929
-939
-879
-889
-899
-139
-239
-339
-439
-639
897
-892
-893
-895
-896
-898
-777
-797
-877
-977
-997
-827
-847
-857
-867
-597
577
-573
-574
-578
-477
674
-673
-678
-679
-594
-694
-634
927
-922
-924
-928
-737
-937
-947
-957
-967
-227
936
-932
-933
-934
-935
-938
-716
-736
-816
-916
-956
-966
-976
-996
-136
-236
-336
954
-951
-952
-953
-955
851
-852
-853
-854
-855
-856
-881
981
-982
-985
-988
-989
-914
962
-963
-968
-752
-762
-842
-862
-942
-912
-992
-162
-462
-112
132
-134
-312
-332
-432
-632
-732
234
-237
-238
-114
-224
337
-338
194
-196
-199
-294
-347
342
-352
-357
356
-166
169
-256
-266
-269
116
-119
-316
296
-298
-299
-396
-642
247
-243
-245
255
-253
-257
263
-267
-755
-756
-463
-763
-863
-796
-228
229
318
-319
288
-289
-398
399
-418
-518
-718
-818
-918
419
-412
-413
-415
-429
435
-433
-438
-635
-479
-735
979
-973
-978
-999
-588
582
-592
-682
-692
-512
-522
422
-428
-452
652
-653
-822
-882
792
-793
-795
-798
-712
812
-813
-814
-815
824
-828
738
-733
715
-713
913
-915
-768
-778
-943
-993
-513
514
633
-638
-524
528
593
-598
-473
478
-693
-688
-698
453
-457
-643
648
467
-468
843
-845
-848
-753
757
945
-948
-767
766
-866
868
773
-776
-873
876
-878
885
-888
-995
998
-685
689
695
-699
