121
-122
-123
-124
-125
-126
-127
-128
-129
-111
-131
-211
-221
-231
-311
-321
-331
-141
-151
-161
-171
-181
-191
-421
-521
-621
-721
-821
-921
178
-172
-173
-174
-175
-176
-177
-179
-188
-198
-278
-288
-298
-378
-388
-398
-118
-138
-148
-158
-168
-478
-578
-678
-778
-878
-978
227
-222
-223
-224
-225
-226
-228
-229
-117
-137
-217
-237
-317
-327
-337
-247
-257
-267
-277
-287
-297
-427
-527
-627
-727
-827
-927
269
-261
-262
-263
-264
-265
-266
-268
-149
-159
-169
-249
-259
-349
-359
-369
-219
-239
-279
-289
-299
-469
-569
-669
-769
-869
-969
281
-282
-283
-284
-285
-286
-271
-291
-371
-381
-391
-241
-251
-481
-581
-681
-781
-881
-981
365
-361
-362
-363
-364
-366
-367
-368
-145
-155
-165
-245
-255
-345
-355
-315
-325
-335
-375
-385
-395
-465
-565
-665
-765
-865
-965
373
-372
-374
-376
-377
-379
-183
-193
-273
-293
-383
-393
-313
-323
-333
-343
-353
-473
-573
-673
-773
-873
-973
489
-482
-483
-484
-485
-486
-487
-488
-479
-499
-579
-589
-599
-679
-689
-699
-419
-429
-439
-449
-459
-189
-389
-789
-889
-989
524
-522
-523
-525
-526
-528
-529
-414
-424
-434
-514
-534
-614
-624
-634
-544
-554
-564
-574
-584
-594
-324
-724
-824
-924
547
-541
-542
-543
-545
-546
-548
-549
-447
-457
-467
-557
-567
-647
-657
-667
-517
-537
-577
-587
-597
-147
-347
-747
-847
-947
582
-583
-585
-586
-588
-472
-492
-572
-592
-672
-682
-692
-512
-532
-552
-562
-182
-382
-782
-882
-982
591
-593
-595
-596
-598
-471
-491
-571
-671
-691
-511
-531
-551
-561
-791
-891
-991
642
-641
-643
-644
-645
-646
-648
-649
-442
-452
-462
-652
-662
-612
-622
-632
-142
-242
-342
-742
-842
-942
666
-661
-663
-664
-668
-446
-456
-466
-556
-566
-656
-616
-626
-636
-676
-686
-696
-166
-766
-866
-966
719
-711
-712
-713
-714
-715
-716
-717
-718
-729
-739
-819
-829
-839
-919
-929
-939
-749
-759
-779
-799
-119
-319
-519
-619
776
-771
-772
-774
-775
-777
-786
-796
-876
-886
-896
-976
-986
-996
-726
-736
-746
-756
-276
-476
-576
575
-475
-495
-675
-685
-695
496
-493
-494
-497
-498
-416
-426
-436
-515
-535
-555
-275
-875
-975
-196
-296
-396
793
-792
-794
-795
-797
-798
-783
-883
-893
-983
-993
-723
-733
-743
-753
-763
683
-684
-687
-688
-693
698
-694
-697
-613
-623
-633
-653
-618
-628
-638
-658
-898
-998
818
-811
-812
-813
-814
-815
-816
-817
-728
-738
-828
-838
-918
-928
-938
-848
-858
-868
-888
-218
-318
-418
-518
855
-851
-852
-853
-854
-856
-857
-859
-745
-755
-845
-945
-955
-825
-835
-885
-895
445
-441
-443
-444
-448
-455
-655
-415
-425
-435
861
-862
-863
-864
-867
-741
-751
-761
-841
-941
-951
-961
731
-732
-734
-735
-737
-831
-911
-931
-871
971
-972
-974
-977
-979
-431
-631
341
-344
-346
-348
-351
-461
879
-872
-874
-877
-899
-999
-849
949
-943
-944
-946
-948
-959
272
-274
-192
-292
-392
-212
-232
-252
932
-933
-934
-935
-936
-937
-722
725
-822
-832
-912
-922
-915
-925
-785
892
-894
-897
-992
-952
-962
-625
629
-539
-639
559
-553
-558
-659
-329
-132
-332
-432
954
-953
-956
-957
-958
-744
748
-754
-764
-844
-964
846
-843
963
-967
-968
-758
-768
784
-787
-788
-884
887
-984
-994
-987
-997
995
-985
988
834
-833
-836
-837
-914
917
-913
-916
823
-826
-923
926
-417
-617
-423
-326
-134
-234
-334
-146
-246
-248
-154
-254
-354
-454
-654
651
-451
464
-463
-468
411
-412
-413
-611
615
422
-428
-635
637
-437
-474
477
674
-677
-115
-215
-322
328
-238
-338
258
-253
-256
-358
-458
453
-563
568
-433
438
-538
-153
-163
-164
-184
-384
185
-186
-187
-195
-295
294
-194
-394
386
-387
-135
235
-233
-236
-214
-244
243
-143
144
-114
314
-312
-316
112
-113
-116
-152
-162
167
352
-356
-357
156
-157
133
-136
-139
-213
216
-336
339
-197
199
397
-399
513
-516
-533
536
-752
757
762
-767
