123
-121
-122
-124
-125
-126
-127
-128
-129
-113
-133
-213
-223
-233
-313
-323
-333
-143
-153
-163
-173
-183
-193
-423
-523
-623
-723
-823
-923
155
-151
-152
-154
-156
-157
-158
-159
-145
-165
-245
-255
-265
-345
-355
-365
-115
-135
-175
-185
-195
-455
-555
-655
-755
-855
-955
174
-171
-172
-176
-177
-178
-179
-184
-194
-274
-284
-294
-374
-384
-394
-114
-134
-144
-164
-474
-574
-674
-774
-874
-974
216
-211
-212
-214
-215
-217
-218
-219
-116
-136
-226
-236
-316
-326
-336
-246
-256
-266
-276
-286
-296
-416
-516
-616
-716
-816
-916
237
-231
-232
-234
-235
-238
-239
-117
-137
-227
-317
-327
-337
-247
-257
-267
-277
-287
-297
-437
-537
-637
-737
-837
-937
269
-261
-262
-263
-264
-268
-149
-169
-249
-259
-349
-359
-369
-229
-279
-289
-299
-469
-569
-669
-769
-869
-969
319
-311
-312
-314
-315
-318
-119
-139
-329
-339
-379
-389
-399
-419
-519
-619
-719
-819
-919
382
-381
-383
-385
-386
-387
-388
-182
-192
-272
-282
-292
-372
-392
-322
-332
-342
-352
-362
-482
-582
-682
-782
-882
-982
428
-421
-422
-424
-425
-426
-427
-429
-418
-438
-518
-528
-538
-618
-628
-638
-448
-458
-468
-478
-488
-498
-228
-328
-728
-828
-928
432
-431
-433
-434
-435
-436
-439
-412
-512
-522
-532
-612
-622
-632
-442
-452
-462
-472
-492
-132
-732
-832
-932
453
-451
-454
-456
-457
-459
-443
-463
-543
-553
-563
-643
-653
-663
-413
-473
-483
-493
-253
-353
-753
-853
-953
466
-461
-464
-465
-467
-446
-546
-556
-566
-646
-656
-666
-476
-486
-496
-166
-366
-766
-866
-966
534
-531
-533
-535
-536
-539
-414
-514
-524
-614
-624
-634
-544
-554
-564
-584
-594
-334
-734
-834
-934
577
-571
-572
-573
-575
-576
-578
-579
-477
-487
-497
-587
-597
-677
-687
-697
-517
-527
-547
-557
-567
-377
-777
-877
-977
647
-641
-642
-644
-645
-648
-649
-447
-657
-667
417
-411
-415
-617
-627
-717
-817
-917
-147
-347
-747
-847
-947
652
-651
-654
-658
-659
-542
-552
-562
-662
592
-591
-593
-595
-596
-598
-599
-672
-692
-252
-752
-852
-952
-792
-892
-992
676
-671
-673
-675
-678
-679
-586
-686
-696
526
-521
-525
-529
-626
-636
-726
-826
-926
-376
-776
-876
-976
685
-681
-683
-684
-688
-689
-475
-485
-495
-585
-695
445
-441
-444
-449
664
-661
-665
-668
-545
-565
515
-511
-513
-615
-625
-635
583
-581
-588
-589
-693
698
-691
-694
-699
-715
-815
-915
-745
-845
-945
-364
-764
-864
-964
-283
-783
-883
-983
-285
-785
-885
-985
-198
-298
-398
-798
-898
-998
727
-721
-722
-724
-725
-729
-827
-927
-757
-767
-787
-797
799
-791
-793
-794
-795
-796
-779
-789
-879
-889
-899
-979
-989
-999
-739
-749
-759
479
-471
-489
-499
189
-181
-186
-187
-188
-199
848
-841
-842
-843
-844
-846
-849
-748
-758
-768
-858
-868
-948
-958
-968
-818
-838
-878
-888
-148
-248
-348
-548
875
-871
-872
-873
-775
-895
-975
-995
-825
-835
-865
-275
-375
891
-893
-894
-896
-897
-771
-781
-881
-971
-981
-991
-811
-821
-831
-851
-861
-191
-291
-391
-491
494
481
-484
-281
288
-278
-378
-258
-788
-988
-994
931
-933
-935
-936
-938
-939
-711
-731
-911
-921
-941
-951
-961
-131
138
-118
-338
-168
-331
335
-225
-325
295
-293
-395
925
-922
-924
-929
-735
765
-761
-762
-763
-965
-631
-738
956
-954
-957
-959
-746
-756
-856
-946
-986
-996
949
-942
-943
-944
-859
-549
541
-551
-561
568
-558
559
-141
-241
-341
-741
751
-754
-251
254
-244
-344
-354
-224
324
-321
-824
744
-742
-743
-854
857
-867
-967
-714
-784
786
-886
-736
733
-713
-813
-833
-913
836
-839
829
-822
-773
863
-862
962
-963
812
-814
-712
718
-912
914
-918
772
-778
-972
978
-973
993
-997
884
-887
-984
987
-112
111
-221
222
-161
271
-273
-371
373
-393
-242
243
-343
346
-363
-146
142
-162
167
-356
-357
-367
196
-197
-396
397
-611
613
621
-629
-633
639
-351
358
361
-368
