138
-131
-132
-133
-134
-135
-136
-137
-139
-118
-128
-218
-228
-238
-318
-328
-338
-148
-158
-168
-178
-188
-198
-438
-538
-638
-738
-838
-938
142
-141
-143
-144
-145
-146
-147
-149
-152
-162
-242
-252
-262
-342
-352
-362
-112
-122
-172
-182
-192
-442
-542
-642
-742
-842
-942
254
-251
-253
-255
-256
-257
-258
-259
-154
-164
-244
-264
-344
-354
-364
-214
-224
-234
-274
-284
-294
-454
-554
-654
-754
-854
-954
278
-271
-272
-273
-275
-276
-277
-279
-288
-298
-378
-388
-398
-248
-268
-478
-578
-678
-778
-878
-978
289
-281
-282
-283
-285
-286
-287
-179
-189
-199
-299
-379
-389
-399
-219
-229
-239
-249
-269
-489
-589
-689
-789
-889
-989
339
-331
-332
-333
-334
-335
-336
-337
-119
-129
-319
-329
-349
-359
-369
-439
-539
-639
-739
-839
-939
358
-351
-353
-355
-356
-357
-348
-368
-458
-558
-658
-758
-858
-958
365
-361
-363
-366
-367
-155
-165
-245
-265
-345
-315
-325
-375
-385
-395
-465
-565
-665
-765
-865
-965
373
-371
-372
-374
-376
-377
-173
-183
-193
-293
-383
-393
-313
-323
-343
-473
-573
-673
-773
-873
-973
428
-421
-422
-423
-424
-425
-426
-427
-429
-418
-518
-528
-618
-628
-448
-468
-488
-498
-728
-828
-928
446
-441
-443
-444
-445
-447
-449
-456
-466
-546
-556
-566
-646
-656
-666
-416
-436
-476
-486
-496
-246
-346
-746
-846
-946
499
-491
-492
-493
-494
-495
-497
-479
-579
-599
-679
-699
-419
-459
-469
-799
-899
-999
512
-511
-513
-514
-515
-516
-517
-519
-412
-432
-522
-532
-612
-622
-632
-552
-562
-572
-582
-592
-212
-312
-712
-812
-912
525
-521
-523
-524
-526
-527
-529
-415
-435
-535
-615
-625
-635
-545
-555
-575
-585
-595
-125
-225
-725
-825
-925
581
-583
-584
-586
-587
-588
-471
-481
-571
-591
-671
-681
-691
-531
-541
-551
-561
-181
-381
-781
-881
-981
598
-593
-594
-596
-597
-688
-698
-548
-568
-798
-898
-998
617
-611
-613
-614
-616
-619
-417
-437
-537
-627
-637
629
-621
-623
-624
-626
-647
-657
-667
-677
-687
-697
-649
-659
-669
-117
-217
-317
-717
-817
-917
-729
-829
-929
664
-661
-662
-663
-668
-464
-544
-564
-644
648
-641
-643
-645
-634
-674
-684
-694
-748
-848
-948
-764
-864
-964
683
-682
-685
-686
-483
-693
-633
-653
-783
-883
-983
733
-731
-732
-734
-735
-736
-737
-713
-723
-813
-823
-833
-913
-923
-933
-743
-753
-763
-793
-233
-433
-533
413
-411
-414
-453
-463
-113
-213
745
-741
-744
-747
-749
-755
-845
-855
-945
-955
-715
-775
-785
-795
756
-751
-752
-757
-759
-766
-856
-866
-956
-966
-716
-726
-776
-786
-796
-156
779
-771
-772
-774
-777
-879
-979
-719
-769
826
-821
-822
-824
-827
-816
-836
-916
-926
-936
-876
-886
-896
-126
-226
-326
832
-831
-834
-835
-837
-722
-922
-932
-852
-862
-872
-882
-892
-232
857
-851
-853
-859
-767
-847
-867
-947
-957
-967
-877
-887
-897
-157
-457
-557
963
-961
-962
-968
-969
-843
-863
-943
-953
893
-891
-894
-895
-993
-163
-263
-563
975
-971
-972
-974
-976
-977
-875
-885
-985
-995
815
-811
-814
-818
-819
-915
-935
919
-911
-914
-918
718
-711
-714
-768
868
-861
-869
-788
-888
884
-784
-794
-874
871
-791
-991
-984
-994
988
-982
-986
-987
996
-992
-997
724
-721
-727
-924
-934
761
-762
-841
-941
-951
952
-959
-844
849
944
-949
-115
-215
235
-231
-236
-237
-295
-124
-324
937
-931
921
-927
-121
-221
-321
-549
-452
-652
462
-461
-467
-472
-482
-161
-261
-171
672
-675
-676
-692
-175
-475
-184
-384
-484
-196
-296
-396
-696
695
-485
487
576
-574
-577
474
-477
-434
431
-631
636
534
-536
-451
455
651
-655
-151
-174
-176
177
-187
-197
-297
-387
-397
-127
123
-223
-153
159
243
-241
-247
341
-347
-169
-167
166
-266
267
-116
-186
185
-195
386
-382
216
-211
-316
291
-292
-191
194
-391
392
-394
111
-114
-311
314
222
-227
-322
327
-543
547
553
-559
-567
569
782
-787
-792
797
