175
-171
-172
-173
-174
-176
-177
-178
-179
-185
-195
-275
-285
-295
-375
-385
-395
-115
-125
-135
-145
-155
-165
-475
-575
-675
-775
-875
-975
259
-251
-252
-253
-254
-255
-256
-257
-258
-149
-159
-169
-249
-269
-349
-359
-369
-219
-229
-239
-279
-289
-299
-459
-559
-659
-759
-859
-959
286
-281
-282
-283
-284
-287
-288
-186
-196
-276
-296
-376
-386
-396
-216
-226
-236
-246
-266
-486
-586
-686
-786
-886
-986
294
-291
-292
-293
-297
-298
-184
-194
-274
-374
-384
-394
-214
-224
-234
-244
-264
-494
-594
-694
-794
-894
-994
311
-312
-313
-314
-315
-316
-317
-318
-319
-111
-121
-131
-211
-221
-231
-321
-331
-341
-351
-361
-371
-381
-391
-411
-511
-611
-711
-811
-911
339
-332
-333
-334
-335
-336
-337
-338
-119
-129
-139
-329
-379
-389
-399
-439
-539
-639
-739
-839
-939
364
-362
-363
-365
-366
-367
-368
-144
-154
-164
-344
-354
-324
-464
-564
-664
-764
-864
-964
377
-372
-373
-378
-187
-197
-277
-387
-397
-327
-347
-357
-477
-577
-677
-777
-877
-977
393
-392
-398
-183
-193
-273
-383
-323
-343
-353
-493
-593
-693
-793
-893
-993
467
-461
-462
-463
-465
-466
-468
-469
-447
-457
-547
-557
-567
-647
-657
-667
-417
-427
-437
-487
-497
-167
-267
-767
-867
-967
585
-581
-582
-583
-584
-587
-588
-589
-485
-495
-595
-685
-695
-515
-525
-535
-545
-555
-565
-785
-885
-985
626
-621
-622
-623
-624
-625
-627
-628
-629
-416
-426
-436
-516
-526
-536
-616
-636
-646
-656
-666
-676
-696
-126
-326
-726
-826
-926
631
-632
-633
-634
-635
-637
-638
-421
-431
-521
-531
-641
-651
-661
-671
-681
-691
-731
-831
-931
645
-642
-643
-644
-648
-649
-445
-455
-655
-665
-615
-245
-345
-745
-845
-945
668
-662
-663
-669
-448
-458
-548
-558
-568
-658
-618
-678
-688
-698
-168
-268
-768
-868
-968
687
-682
-683
-684
-689
-597
-697
-617
-787
-887
-987
737
-732
-733
-734
-735
-736
-738
-717
-727
-817
-827
-837
-917
-927
-937
-747
-757
-797
-137
-237
-537
744
-741
-742
-743
-746
-748
-749
-754
-844
-854
-944
-954
-714
-724
-774
-784
-444
-544
899
-891
-892
-895
-896
-897
-898
997
-991
-992
-995
-996
-998
-999
795
-791
-792
-796
-798
-799
-779
-789
-879
-889
-979
-989
-715
-725
-755
-765
-819
-829
-849
-869
-947
-957
-199
189
-181
-182
-188
-489
-499
-599
-699
692
-472
-482
-492
-572
-592
-672
-612
-652
-192
928
-921
-922
-923
-924
-925
-929
-718
-728
-818
-828
-838
-918
-938
-948
-958
-978
-988
-128
-228
-328
-428
-528
946
-941
-942
-943
-949
-756
-766
-846
-856
-866
-956
-966
-916
-936
-976
-146
-346
356
-352
-355
-358
265
-261
-262
-263
-156
-166
-215
-225
-235
325
-322
-425
-825
-446
-546
-456
-556
566
-561
-562
-563
-569
-576
-596
-865
-965
496
-491
-498
-476
973
-971
-972
-974
-773
-783
-873
-883
-983
-913
-933
-953
-963
-473
-573
-673
483
-481
-484
-488
-413
-423
-433
-443
-453
982
-981
-984
-772
-782
-872
-882
-912
-932
-952
-962
272
-271
-278
191
-198
-382
388
-141
-151
-161
241
-242
-243
-247
-248
-212
-222
-232
342
-348
-142
-152
-162
163
-143
-153
-113
-123
-133
-441
-541
-841
-442
449
-549
-419
-429
-479
-542
543
-553
-653
654
-454
-554
-513
-523
-533
613
-614
-619
-674
679
-579
-213
-713
-813
-842
-843
-763
-863
884
-881
-888
-874
-814
-824
-834
781
-788
-771
-871
-721
821
-822
-823
-751
-761
-851
-861
862
-752
-762
769
-852
-969
961
-951
955
-855
-719
-729
919
-914
-915
934
-935
-812
-832
-519
529
-522
-524
-527
517
-512
-514
-518
-117
-217
218
-118
-138
-238
233
-223
227
-127
-418
723
-722
712
-716
-833
-753
758
853
-857
-858
847
-848
776
-778
-876
878
-112
-412
-134
-434
-534
574
-571
-578
-474
-147
148
157
-158
471
-478
-591
598
-451
452
551
-552
-422
424
-414
415
-435
-432
438
532
-538
114
-116
-124
122
-132
136
-815
816
835
-836
