131
-132
-133
-134
-135
-136
-137
-138
-139
-111
-121
-211
-221
-231
-311
-321
-331
-141
-151
-161
-171
-181
-191
-431
-531
-631
-731
-831
-931
173
-172
-174
-175
-176
-177
-178
-179
-183
-193
-273
-283
-293
-373
-383
-393
-113
-123
-143
-153
-163
-473
-573
-673
-773
-873
-973
196
-192
-194
-195
-197
-198
-199
-186
-276
-286
-296
-376
-386
-396
-116
-126
-146
-156
-166
-496
-596
-696
-796
-896
-996
218
-212
-213
-214
-215
-216
-217
-219
-118
-128
-228
-238
-318
-328
-338
-248
-258
-268
-278
-288
-298
-418
-518
-618
-718
-818
-918
241
-242
-243
-244
-245
-246
-247
-249
-251
-261
-341
-351
-361
-271
-281
-291
-441
-541
-641
-741
-841
-941
313
-312
-314
-315
-316
-317
-319
-223
-233
-323
-333
-343
-353
-363
-413
-513
-613
-713
-813
-913
358
-352
-354
-355
-356
-357
-359
-148
-158
-168
-348
-368
188
-182
-184
-185
-187
-189
-378
-388
-398
-458
-558
-658
-758
-858
-958
-488
-588
-688
-788
-888
-988
364
-362
-365
-366
-367
-369
-144
-154
-164
-254
-264
-344
-324
-334
-374
-384
-394
-464
-564
-664
-764
-864
-964
429
-421
-422
-423
-424
-425
-426
-427
-428
-419
-439
-519
-529
-539
-619
-629
-639
-449
-459
-469
-479
-489
-499
-129
-229
-329
-729
-829
-929
455
-451
-452
-453
-454
-456
-457
-445
-465
-545
-555
-565
-645
-655
-665
-415
-435
-475
-485
-495
-155
-255
-755
-855
-955
466
-461
-462
-463
-467
-468
-446
-546
-556
-566
-646
-656
-666
-416
-436
-476
-486
-266
-766
-866
-966
525
-521
-522
-523
-524
-526
-527
-528
-515
-535
-615
-625
-635
-575
-585
-595
-125
-225
-325
-725
-825
-925
548
-542
-543
-544
-547
-549
-448
-568
-648
-668
-538
-578
-598
-748
-848
-948
567
-561
-562
-563
-569
-447
-557
-647
-657
-667
-517
-537
-577
-587
-597
-167
-267
-767
-867
-967
589
-581
-582
-583
-584
-586
-579
-599
-679
-689
-699
-559
-289
-389
-789
-889
-989
644
-642
-643
-649
-444
-554
-654
-614
-624
-634
-674
-684
-694
-744
-844
-944
653
-651
-652
-659
-443
442
-552
-662
-553
551
-661
-663
669
-412
-432
-472
-482
-492
-511
-571
-591
-623
-633
-683
-693
-142
-342
-742
-842
-942
-751
-851
-951
-253
263
-262
-265
-269
-753
-853
-953
-763
-863
-963
-169
-769
-869
-969
687
-681
-682
-685
-686
-477
-487
-497
-677
-697
-617
-627
-637
-287
-387
-787
-887
-987
746
-743
-745
-747
-749
-756
-846
-856
-946
-956
-716
-726
-736
-776
-786
-346
256
-252
-257
-259
-226
-236
759
-752
-754
-757
-849
-859
-949
-959
-719
-739
-779
-799
-159
795
-791
-792
-793
-794
-797
-798
-775
-785
-875
-885
-895
-975
-985
-995
-715
-735
-765
-295
-395
-695
675
-671
-672
-676
-678
576
-572
-574
-516
-536
-275
-375
-876
-976
861
-862
-865
-868
-761
-961
-811
-821
-871
-881
-891
899
-892
-893
-894
-897
-898
-879
-979
-999
-819
-839
-299
-399
919
-911
-912
-914
-915
-916
-917
-939
-119
149
-145
-147
-349
938
-932
-933
-934
-935
-936
-937
-728
-738
-828
-838
-928
878
-872
-874
-877
-778
-978
-998
768
-762
-968
628
-621
-622
-626
-438
-638
-698
-478
498
-491
-493
-494
971
-972
-974
-977
-771
-781
-981
-991
-921
721
-722
-723
-724
-727
-711
-371
-471
474
-484
-594
-414
-434
-274
-774
-112
-114
124
-122
-127
-224
-234
-824
-924
115
-117
-235
-335
-165
162
-152
157
345
-347
285
-282
-284
294
-292
-297
-385
-815
835
-832
-833
-834
-836
-837
-845
-945
965
-962
-857
-957
-994
-222
227
-237
-327
-337
-277
-827
-927
232
-239
-322
326
-332
-336
339
-272
279
-379
-826
-926
816
-812
-814
-817
-886
986
-982
-983
-984
847
-843
943
-947
-923
922
-712
-732
-822
823
-733
783
-782
-784
-883
-993
884
-882
772
-777
-992
997
852
-854
-952
954
-616
636
-632
-532
-372
377
-397
382
-381
391
-392
481
-483
-691
692
-592
593
-411
417
611
-612
512
-514
534
-533
433
-437
714
-717
-734
737
