147
-141
-142
-143
-144
-145
-146
-148
-149
-157
-167
-247
-257
-267
-347
-357
-367
-117
-127
-137
-177
-187
-197
-447
-547
-647
-747
-847
-947
171
-172
-173
-174
-175
-176
-178
-179
-181
-191
-271
-281
-291
-371
-381
-391
-111
-121
-131
-151
-161
-471
-571
-671
-771
-871
-971
229
-221
-222
-223
-224
-225
-226
-227
-228
-119
-129
-139
-219
-239
-319
-329
-339
-249
-259
-269
-279
-289
-299
-429
-529
-629
-729
-829
-929
243
-241
-242
-244
-245
-246
-248
-153
-163
-253
-263
-343
-353
-363
-213
-233
-273
-283
-293
-443
-543
-643
-743
-843
-943
296
-292
-294
-295
-297
-298
-186
-196
-276
-286
-376
-386
-396
-216
-236
-256
-266
-496
-596
-696
-796
-896
-996
317
-311
-312
-313
-314
-315
-316
-318
-217
-237
-327
-337
-377
-387
-397
-417
-517
-617
-717
-817
-917
338
-331
-332
-333
-334
-335
-336
-118
-128
-138
-218
-238
-328
-348
-358
-368
-378
-388
-398
-438
-538
-638
-738
-838
-938
354
-351
-352
-355
-356
-359
-154
-164
-254
-264
-344
-364
-324
-374
-384
-394
-454
-554
-654
-754
-854
-954
366
-361
-362
-365
-369
-156
-166
-346
-326
-466
-566
-666
-766
-866
-966
411
-412
-413
-414
-415
-416
-418
-419
-421
-431
-511
-521
-531
-611
-621
-631
-441
-451
-461
-481
-491
-211
-711
-811
-911
442
-444
-445
-446
-448
-449
-452
-462
-542
-552
-562
-642
-652
-662
-422
-432
-472
-482
-492
-342
-742
-842
-942
526
-522
-523
-524
-525
-527
-528
-426
-436
-516
-536
-616
-626
-636
-546
-556
-576
-586
-126
-726
-826
-926
533
-532
-534
-535
-537
-539
-423
-433
-513
-613
-623
-633
-553
-563
-573
-583
-593
-133
-733
-833
-933
578
-572
-574
-575
-577
-579
-478
-488
-498
-588
-598
-678
-688
-698
-518
-548
-558
-568
-278
-778
-878
-978
589
-581
-582
-584
-585
-587
-479
-489
-499
-599
-679
-689
-699
-519
-549
-559
-569
-189
-389
-789
-889
-989
637
-632
-634
-635
-639
-427
-437
-627
-657
-667
-677
-687
-697
-737
-837
-937
665
-661
-663
-664
-668
-669
-455
-465
-545
-555
-565
-645
-655
-615
-625
-675
-685
-695
-165
-265
-765
-865
-965
691
-692
-693
-694
-591
-681
-641
-651
-791
-891
-991
744
-741
-745
-746
-748
-749
-764
-844
-864
-944
-964
-714
-724
-734
-774
-784
-794
-544
541
-551
557
-561
-457
-467
-567
564
-464
-644
-514
-594
-597
-341
321
-322
-323
-325
-231
-721
-821
-921
-841
-941
-757
-857
-957
756
-751
-752
-753
-755
-758
-759
-846
-856
-946
-956
-716
-736
-776
-786
646
-648
-649
-456
-656
-676
-686
779
-772
-773
-775
-777
-799
-879
-899
-979
-999
-719
-739
-769
-379
795
-792
-793
-797
-798
-785
-875
-885
-895
-975
-985
-995
-715
-725
-735
-195
-395
-495
-595
592
-672
-682
-512
515
-425
-435
-115
-215
-815
-915
-192
-392
-892
-992
819
-812
-813
-814
-816
-818
-839
-919
-939
-849
-859
-869
-619
439
-434
-459
-469
659
-653
-658
-159
-959
861
-862
-863
-867
-868
-761
-851
-951
-961
-831
-881
251
-252
-255
-258
-261
887
-882
-883
-884
-886
-888
-787
-877
-897
-977
-987
-997
-827
-287
277
-272
-274
-275
-477
-487
497
-493
-494
935
-931
-932
-934
-936
731
-732
-825
-835
-925
-781
981
-982
-983
-984
-986
-988
-945
-955
125
-122
-123
-124
113
-112
-114
-116
-135
-235
136
-132
-134
-183
-193
-155
345
-349
169
-162
-168
-185
-199
399
-393
285
-282
-284
-288
-375
-385
268
-262
152
-158
-182
-713
-913
916
-912
-914
-918
-836
876
-872
-873
-874
-976
-845
848
855
-852
-853
-858
-768
-948
949
-958
-968
-969
-828
-898
-952
953
-763
-963
-923
-973
-993
-453
458
463
-468
-473
-483
-428
424
-614
-624
-474
-484
214
-212
232
-234
-824
-924
834
-832
822
-823
-712
718
-722
-922
723
-727
-728
927
-928
-783
893
-894
767
-762
962
-967
782
-788
-972
974
-994
998
612
-618
-622
628
372
-373
-382
383
673
-674
-683
684
475
-476
-485
486
-184
188
194
-198
