121
-122
-123
-124
-125
-126
-127
-128
-129
-111
-131
-211
-221
-231
-311
-321
-331
-141
-151
-161
-171
-181
-191
-421
-521
-621
-721
-821
-921
133
-132
-134
-135
-136
-137
-138
-139
-113
-213
-223
-233
-313
-323
-333
-143
-153
-163
-173
-183
-193
-433
-533
-633
-733
-833
-933
172
-174
-175
-176
-177
-178
-179
-182
-192
-272
-282
-292
-372
-382
-392
-112
-142
-152
-162
-472
-572
-672
-772
-872
-972
196
-194
-195
-197
-198
-199
-186
-276
-286
-296
-376
-386
-396
-116
-146
-156
-166
-496
-596
-696
-796
-896
-996
267
-261
-262
-263
-264
-265
-266
-268
-269
-147
-157
-167
-247
-257
-347
-357
-367
-217
-227
-237
-277
-287
-297
-467
-567
-667
-767
-867
-967
314
-312
-315
-316
-317
-318
-319
-114
-214
-224
-234
-324
-334
-344
-354
-364
-374
-384
-394
-414
-514
-614
-714
-814
-914
328
-322
-325
-326
-327
-329
-118
-218
-228
-238
-338
-348
-358
-368
-378
-388
-398
-428
-528
-628
-728
-828
-928
355
-351
-352
-353
-356
-359
-145
-155
-165
-245
-255
-345
-365
-335
-375
-385
-395
-455
-555
-655
-755
-855
-955
459
-451
-452
-453
-454
-456
-457
-458
-449
-469
-549
-559
-569
-649
-659
-669
-419
-429
-439
-479
-489
-499
-159
-259
-759
-859
-959
478
-471
-473
-474
-475
-476
-477
-488
-498
-578
-588
-598
-678
-688
-698
-418
-438
-448
-468
-278
-778
-878
-978
492
-491
-493
-494
-495
-497
-482
-582
-592
-682
-692
-412
-422
-432
-442
-462
-792
-892
-992
539
-531
-532
-534
-535
-536
-537
-538
-519
-529
-619
-629
-639
-579
-589
-599
-239
-339
-739
-839
-939
577
-571
-573
-574
-575
-576
-487
-587
-597
-677
-687
-697
-517
-527
-547
-557
-377
-777
-877
-977
618
-611
-612
-613
-615
-616
-617
-518
-638
-648
-658
-668
-718
-818
-918
631
-632
-634
-635
-636
-637
-411
-431
-511
-641
-651
-661
-671
-681
-691
-731
-831
-931
654
-652
-653
-656
-657
-444
-464
-544
-554
-564
-644
-664
-624
-674
-684
-694
-154
158
-148
-168
-248
-258
-188
-254
-754
-854
-954
-558
-758
-858
-958
752
-751
-753
-756
-757
-742
-762
-842
-852
-862
-942
-952
-962
-712
-722
-732
-782
-252
-552
786
-781
-783
-784
-785
-787
-788
-789
-776
-876
-886
-976
-986
-716
-726
-736
-746
-766
676
-673
-675
-679
-486
-586
-686
-626
-646
-666
795
-791
-793
-794
-797
-798
-799
-775
-875
-885
-895
-975
-985
-995
-715
-725
-735
-745
-765
275
-271
-273
-274
-279
-185
-285
-295
115
-117
-119
-215
-225
-235
337
-332
-336
187
-184
-189
-387
-397
-415
-515
-815
-915
-437
-737
-837
-937
-887
-987
-595
-695
841
-843
-844
-845
-846
-847
-848
-849
-741
-761
-851
-861
-941
-951
-961
-811
-871
-881
-891
-241
-341
-441
-541
919
-911
-912
-913
-916
-917
711
-713
-717
-719
-729
-819
-829
-929
-771
-949
-969
-979
-989
-999
-219
229
-222
-226
-249
-289
-299
938
-932
-934
-935
-936
-738
734
-724
-824
-834
-924
-838
-744
-764
-774
-948
-968
-988
-998
-434
971
-973
-974
-981
-991
-371
874
-873
-879
-884
-894
-984
-994
-864
983
-982
882
-883
-888
-889
-773
779
-893
-993
997
-897
898
-899
-749
-769
869
-863
-865
-866
-868
-812
-822
-832
922
-923
-925
-926
-927
-943
-953
-963
-947
-957
956
-856
-946
-966
-522
-622
512
-513
-516
-542
-562
-212
216
232
-236
-242
-246
-256
-416
-816
-556
857
-853
-747
727
-723
-817
813
-823
-827
-413
417
-427
-627
-447
647
-642
-643
-645
662
-663
-665
342
-343
-346
-349
-362
366
-361
-363
-369
251
-253
243
-244
-281
-291
-283
-293
-443
-543
-743
748
763
-768
-548
568
-561
-563
-565
-566
149
-144
164
-169
944
-945
-964
965
-551
553
461
-463
-465
-466
-481
-523
-583
-593
373
-379
-383
-393
-483
423
-424
-425
-426
-623
625
524
-525
-526
-435
436
484
-485
-584
-594
591
-581
585
-685
445
-446
-545
546
-825
826
835
-836
381
-389
-391
399
-683
689
693
-699
-284
288
294
-298
