139
-131
-132
-133
-134
-135
-136
-137
-138
-119
-129
-219
-229
-239
-319
-329
-339
-149
-159
-169
-179
-189
-199
-439
-539
-639
-739
-839
-939
143
-141
-142
-144
-145
-146
-147
-148
-153
-163
-243
-253
-263
-343
-353
-363
-113
-123
-173
-183
-193
-443
-543
-643
-743
-843
-943
185
-181
-182
-184
-186
-187
-188
-175
-195
-275
-285
-295
-375
-385
-395
-115
-125
-155
-165
-485
-585
-685
-785
-885
-985
223
-221
-222
-224
-225
-226
-227
-228
-213
-233
-313
-323
-333
-273
-283
-293
-423
-523
-623
-723
-823
-923
231
-232
-234
-235
-236
-237
-238
-111
-121
-211
-311
-321
-331
-241
-251
-261
-271
-281
-291
-431
-531
-631
-731
-831
-931
286
-282
-284
-287
-288
-289
-176
-196
-276
-296
-376
-386
-396
-216
-246
-256
-266
-486
-586
-686
-786
-886
-986
298
-292
-294
-297
-299
-178
-198
-278
-378
-388
-398
-218
-248
-258
-268
-498
-598
-698
-798
-898
-998
325
-322
-324
-326
-327
-328
-215
-315
-335
-345
-355
-365
-425
-525
-625
-725
-825
-925
372
-371
-373
-374
-377
-379
-172
-192
-272
-382
-392
-312
-332
-342
-352
-362
-472
-572
-672
-772
-872
-972
456
-451
-452
-453
-454
-455
-457
-458
-459
-446
-466
-546
-556
-566
-646
-656
-666
-416
-426
-436
-476
-496
-156
-356
-756
-856
-956
464
-461
-462
-463
-465
-467
-468
-469
-444
-544
-554
-564
-644
-654
-664
-414
-424
-434
-474
-484
-494
-164
-264
-364
-764
-864
-964
497
-491
-492
-493
-495
-499
-477
-487
-577
-587
-597
-677
-687
-697
-417
-427
-437
-447
-197
-397
-797
-897
-997
541
-542
-545
-547
-548
-549
-441
-551
-561
-641
-651
-661
-511
-521
-571
-581
-591
-341
-741
-841
-941
555
-552
-553
-557
-558
-559
-445
-565
-645
-655
-665
-515
-535
-575
-595
-255
-755
-855
-955
563
-562
-567
-568
-569
-653
-663
-513
-533
-573
-583
-593
-763
-863
-963
618
-611
-612
-613
-614
-615
-616
-617
-619
-418
-428
-438
-518
-528
-538
-628
-638
-648
-658
-668
448
-442
-449
-478
-488
-678
-688
-118
-318
-718
-818
-918
-348
-748
-848
-948
649
-642
-647
-659
-669
-629
-679
-689
-699
-249
-349
-749
-849
-949
657
-652
662
-667
-622
-632
-682
-692
-627
-637
-157
-257
-357
-757
-857
-957
-162
-262
-762
-862
-962
735
-732
-733
-734
-736
-737
-738
-715
-815
-835
-915
-935
-745
-765
-775
-795
415
-411
-412
-413
-419
-435
-635
-475
787
-781
-782
-783
-784
-788
-789
-777
-877
-887
-977
-987
-717
-727
-747
-767
-387
816
-811
-812
-813
-814
-817
-819
-716
-726
-826
-836
-916
-926
-936
-846
-866
-876
-896
-116
-316
-516
829
-821
-822
-824
-827
-828
-719
-729
-919
-929
-859
-869
-879
-889
-899
519
-512
-514
-517
-429
-529
-579
-589
-599
875
-871
-873
-874
-878
-895
-975
-995
-845
-865
-675
695
-691
-693
-694
-696
882
-881
-883
-884
-888
-792
-892
-982
-992
-832
-842
-852
-482
-582
592
-594
-596
-522
-532
922
-921
-924
-927
-928
-712
-722
-912
-932
-942
-952
-122
-422
421
-621
432
-433
633
-634
-636
-471
-481
-673
-683
-721
-833
-933
967
-961
-965
-966
-968
-969
945
-944
-946
-947
-847
844
-744
-754
-854
-954
-867
-834
-894
837
-838
-917
-937
-337
-537
527
-524
-526
-127
-244
-344
-245
265
-267
-269
-167
-367
979
-971
-973
-974
-976
-978
-779
-799
-989
-999
996
-991
-993
-994
-776
-796
-959
-279
259
-252
-254
-359
-369
-759
769
-761
-766
-768
746
-742
752
-751
-753
-758
242
-247
-152
347
-346
112
-114
-117
-212
177
-171
-174
-277
274
-194
191
-381
-391
-384
-394
-151
-161
-214
217
-317
314
-124
-334
154
-158
-354
-714
-914
-574
-674
-774
-479
473
-483
489
-773
-389
383
-393
399
-983
-791
-891
893
-793
794
-984
713
-711
911
-913
771
-778
-981
988
-724
728
934
-938
-853
953
-951
-958
624
-626
-534
536
584
-588
-684
681
-671
676
-576
578
126
-128
-336
338
-166
168
366
-361
-368
351
-358
-851
858
861
-868
