133
-131
-132
-134
-135
-136
-137
-138
-139
-113
-123
-213
-223
-233
-313
-323
-333
-143
-153
-163
-173
-183
-193
-433
-533
-633
-733
-833
-933
157
-151
-152
-154
-155
-156
-158
-159
-147
-167
-247
-257
-267
-347
-357
-367
-117
-127
-177
-187
-197
-457
-557
-657
-757
-857
-957
164
-161
-162
-165
-166
-168
-169
-144
-244
-254
-264
-344
-354
-364
-114
-124
-174
-184
-194
-464
-564
-664
-764
-864
-964
218
-211
-212
-214
-215
-216
-217
-219
-118
-128
-228
-238
-318
-328
-338
-248
-258
-268
-278
-288
-298
-418
-518
-618
-718
-818
-918
234
-231
-232
-235
-236
-237
-239
-224
-314
-324
-334
-274
-284
-294
-434
-534
-634
-734
-834
-934
266
-261
-262
-263
-265
-269
-146
-246
-256
-346
-356
-366
-226
-276
-286
-296
-466
-566
-666
-766
-866
-966
317
-311
-312
-315
-316
-319
-227
-327
-337
-377
-387
-397
-417
-517
-617
-717
-817
-917
341
-342
-343
-345
-348
-349
-141
-241
-251
-351
-361
-321
-331
-371
-381
-391
-441
-541
-641
-741
-841
-941
439
-431
-432
-435
-436
-437
-438
-419
-429
-519
-529
-539
-619
-629
-639
-449
-459
-469
-479
-489
-499
-339
-739
-839
-939
444
-442
-443
-445
-446
-447
-448
-454
-544
-554
-644
-654
-414
-424
-474
-484
-494
-744
-844
-944
455
-451
-452
-453
-456
-458
-465
-545
-555
-565
-645
-655
-665
-415
-425
-475
-485
-495
-255
-355
-755
-855
-955
492
-491
-493
-496
-497
-498
-472
-482
-572
-582
-592
-672
-682
-692
-412
-422
-462
-192
-292
-392
-792
-892
-992
535
-531
-532
-536
-537
-538
-515
-525
-615
-625
-635
-575
-585
-595
-335
-735
-835
-935
574
-571
-573
-576
-577
-578
-579
-584
-594
-674
-684
-694
-514
-524
-374
-774
-874
-974
614
-611
-612
-613
-616
-624
-714
-814
-914
651
-652
-653
-656
-658
-659
-461
-551
-561
-661
-621
-631
-671
-681
-691
-751
-851
-951
662
-663
-667
-668
-669
-542
-552
-562
-642
-622
-632
-362
-762
-862
-962
678
-673
-675
-676
-677
-679
-478
-488
-588
-598
-688
-698
-628
-638
-648
-178
-378
-778
-878
-978
761
-763
-765
-767
-768
-769
-861
-961
-711
-721
-731
-771
-781
-791
798
-793
-794
-795
-796
-797
-799
-788
-888
-898
-988
-998
-728
-738
-748
-758
-198
-398
848
-842
-843
-845
-846
-847
-849
-858
-868
-948
-958
-968
-828
-838
938
-931
-932
-936
-937
-928
831
-832
-836
-837
-811
-821
-911
-921
-871
-881
-891
-148
188
-181
-182
-185
-186
-189
-388
-548
879
-872
-873
-875
-876
-877
-779
-789
-889
-899
-979
-989
-999
-819
-829
-859
-869
-179
-279
-379
893
-894
-895
-896
-897
-773
-783
-883
-973
-983
-993
-813
-823
-853
-863
-293
-393
-593
-693
942
-943
-945
-946
-947
-949
-742
-752
-852
-952
-912
-922
-972
-982
-142
-242
953
-954
-956
-959
-743
-753
-963
-913
-923
-253
-353
-553
975
-971
-976
-977
-775
-785
-885
-985
-995
-915
-925
-965
-175
-275
-375
111
-112
-115
-116
-119
-121
-221
-171
-191
-411
-511
-122
172
-176
-272
-282
-372
-382
-772
-125
-126
129
-229
-329
196
-195
-199
-376
373
-273
-283
-383
-386
-396
145
-149
-245
-365
243
-249
-363
-729
-929
-543
-643
-745
865
-867
-815
-825
715
-712
-713
-716
-719
723
-722
-724
-725
-726
-727
919
-916
-969
967
-747
-927
-987
-997
-423
-523
-623
683
-685
-686
-687
-689
-473
-483
-583
695
-696
-697
-699
649
-646
-647
-549
-559
-569
547
-546
556
-558
-467
-567
-516
-526
-586
-596
-527
-587
-597
746
-749
-756
-856
854
-754
759
784
-782
-786
-787
882
-884
-886
-887
-984
-994
777
-776
732
-736
-737
-812
816
-822
-826
-926
924
-824
827
512
-513
-522
413
-416
-463
468
563
-568
-428
528
-521
421
-426
-427
-471
-481
-627
626
-636
637
-326
336
-332
358
-352
-359
252
-259
-368
369
-222
225
322
-325
-285
-295
-389
-399
271
-277
-281
-291
476
-477
-486
487
-384
385
394
-395
986
-981
991
-996
581
-589
-591
599
-287
289
297
-299
