122
-121
-123
-124
-125
-126
-127
-128
-129
-112
-132
-212
-222
-232
-312
-322
-332
-142
-152
-162
-172
-182
-192
-422
-522
-622
-722
-822
-922
141
-143
-144
-145
-146
-147
-148
-149
-151
-161
-241
-251
-261
-341
-351
-361
-111
-131
-171
-181
-191
-441
-541
-641
-741
-841
-941
198
-193
-194
-195
-196
-197
-199
-178
-188
-278
-288
-298
-378
-388
-398
-118
-138
-158
-168
-498
-598
-698
-798
-898
-998
221
-223
-224
-225
-226
-227
-228
-229
-211
-231
-311
-321
-331
-271
-281
-291
-421
-521
-621
-721
-821
-921
239
-233
-234
-235
-236
-237
-238
-119
-139
-219
-319
-329
-339
-249
-259
-269
-279
-289
-299
-439
-539
-639
-739
-839
-939
242
-243
-244
-245
-246
-247
-248
-252
-262
-342
-352
-362
-272
-282
-292
-442
-542
-642
-742
-842
-942
347
-343
-344
-345
-346
-348
-349
-157
-167
-257
-267
-357
-367
-317
-327
-337
-377
-387
-397
-447
-547
-647
-747
-847
-947
376
-371
-372
-373
-374
-375
-379
-176
-186
-276
-286
-296
-386
-396
-316
-326
-336
-356
-366
-476
-576
-676
-776
-876
-976
382
-381
-383
-384
-385
-389
391
-392
-393
-394
-395
-399
-482
-582
-682
-782
-882
-982
-491
-591
-691
-791
-891
-991
412
-411
-413
-414
-415
-416
-417
-418
-419
-432
-512
-532
-612
-632
-452
-462
-472
-492
-712
-812
-912
423
-424
-425
-426
-427
-428
-429
-433
-513
-523
-533
-613
-623
-633
-443
-453
-463
-473
-483
-493
-323
-723
-823
-923
479
-471
-474
-475
-477
-478
-489
-499
-579
-589
-599
-679
-689
-699
-449
-459
-469
-179
189
-183
-184
-185
-187
-159
-169
-779
-879
-979
-789
-889
-989
481
-484
-485
-486
-487
-488
-571
-581
-671
-681
-431
-451
-461
-781
-881
-981
514
-511
-515
-516
-517
-518
-519
-434
-524
-534
-614
-624
-634
-544
-554
-564
-574
-584
-594
-114
-214
-314
-714
-814
-914
546
-543
-545
-548
-549
-446
-456
-466
-556
-566
-646
-656
-666
-526
-536
-586
-596
-746
-846
-946
561
-562
-563
-565
-567
-568
-569
-551
-651
-661
-531
-761
-861
-961
572
-573
-575
-577
-578
-592
-672
-692
-552
-772
-872
-972
611
-615
-616
-617
-618
-619
-631
-711
-811
-911
645
-643
-644
-648
-649
-445
-455
-465
-555
-655
-665
-625
-635
-675
-685
-695
-745
-845
-945
662
-663
-664
-667
-668
-669
-652
-762
-862
-962
716
-713
-715
-717
-718
-719
-726
-736
-816
-826
-836
-916
-926
-936
-756
-766
-786
-796
-116
-216
136
-133
-134
-135
-137
-156
-166
626
-627
-628
-629
-436
-636
529
-525
-527
-528
496
-494
-495
-497
-686
-696
435
-437
-438
-535
-559
659
-653
-654
-657
-658
553
-557
-558
-583
-593
-729
-829
-929
-335
-735
-835
-935
-153
-253
-353
-753
-853
-953
-359
369
-363
-364
-365
-368
-759
-859
-959
-769
-869
-969
-896
-996
731
-732
-733
-734
-737
-738
-831
-931
-751
-771
777
-773
-774
-775
-778
-787
-797
-877
-887
-897
-977
-987
-997
-727
-757
-767
-177
117
-113
-115
-217
-817
-917
-277
-677
792
-793
-794
-795
-799
-892
-992
-752
749
-743
-744
-748
-849
-949
818
-813
-815
-819
-728
-828
-838
-918
-928
-938
919
-913
-915
-848
-858
-868
-878
-888
899
-893
-894
-895
-999
-218
-318
328
-324
-325
334
-333
-338
313
-315
-213
215
-255
-265
-275
-285
-295
175
-173
-174
163
-164
-165
-263
154
-155
-254
-264
-354
355
-358
-834
-934
-454
-754
-854
-954
-755
758
-768
-948
-958
-968
-788
448
-444
464
-467
-468
457
-458
-855
-955
-857
-957
-258
256
-266
268
-856
-956
-763
783
-784
-785
-873
-883
-973
-983
-993
-863
-963
-764
765
-865
-965
724
-725
-824
-924
-864
-964
-875
-975
-283
-683
832
-833
-837
-932
933
-937
-852
851
-951
952
-871
874
971
-974
-978
-884
-984
-994
995
-885
886
-985
-986
988
843
-844
-943
944
825
-827
-925
927
-866
867
966
-967
-274
273
-293
-673
693
-694
-697
-674
678
684
-687
-688
-588
538
-537
637
-638
-284
287
294
-297
585
-587
-595
597
