138
-131
-132
-133
-134
-135
-136
-137
-139
-118
-128
-218
-228
-238
-318
-328
-338
-148
-158
-168
-178
-188
-198
-438
-538
-638
-738
-838
-938
142
-141
-143
-144
-145
-146
-147
-149
-152
-162
-242
-252
-262
-342
-352
-362
-112
-122
-172
-182
-192
-442
-542
-642
-742
-842
-942
186
-181
-183
-184
-185
-187
-189
-176
-196
-276
-286
-296
-376
-386
-396
-116
-126
-156
-166
-486
-586
-686
-786
-886
-986
239
-231
-232
-233
-234
-235
-236
-237
-119
-129
-219
-229
-319
-329
-339
-249
-259
-269
-279
-289
-299
-439
-539
-639
-739
-839
-939
271
-272
-273
-274
-275
-277
-278
-171
-191
-281
-291
-371
-381
-391
-211
-221
-241
-251
-261
-471
-571
-671
-771
-871
-971
295
-292
-293
-294
-297
-298
-175
-195
-285
-375
-385
-395
-215
-225
-245
-255
-265
-495
-595
-695
-795
-895
-995
366
-361
-363
-364
-365
-367
-368
-369
-246
-256
-266
-346
-356
-316
-326
-336
-466
-566
-666
-766
-866
-966
388
-382
-383
-384
-387
-389
-288
-378
-398
-348
-358
-488
-588
-688
-788
-888
-988
397
-392
-393
-394
-399
-177
-197
-287
-377
-317
-327
-337
-347
-357
-497
-597
-697
-797
-897
-997
421
-422
-423
-424
-425
-426
-427
-428
-429
-411
-431
-511
-521
-531
-611
-621
-631
-441
-451
-461
-481
-491
-121
-321
-721
-821
-921
443
-444
-445
-446
-447
-448
-449
-453
-463
-543
-553
-563
-643
-653
-663
-413
-433
-473
-483
-493
-243
-343
-743
-843
-943
464
-462
-465
-467
-468
-469
-454
-544
-554
-564
-644
-654
-664
-414
-434
-474
-484
-494
-164
-264
-764
-864
-964
482
-485
-487
-489
-472
-492
-572
-582
-592
-672
-682
-692
-412
-432
-452
-282
372
-373
-374
-379
-312
-322
-332
-772
-872
-972
-782
-882
-982
593
-591
-594
-596
-598
-599
-573
-583
-673
-683
-693
-513
-523
-533
-193
-793
-893
-993
629
-622
-623
-624
-625
-626
-627
-628
-419
-519
-529
-619
-649
-659
-669
-679
-689
-699
-729
-829
-929
648
-641
-645
-646
-647
-458
-548
-558
-568
-658
-668
-618
-678
-698
-248
-748
-848
-948
667
-661
-662
-665
-457
-547
-557
-567
-657
-617
-637
-677
-687
-167
-267
-767
-867
-967
685
-681
-684
-475
-575
-585
-675
-615
-635
-655
-785
-885
-985
719
-711
-712
-713
-714
-715
-716
-717
-718
-819
-919
-749
-759
-769
-779
-789
-799
726
-722
-723
-724
-725
-727
-728
-736
-816
-826
-836
-916
-926
-936
-746
-756
-776
-796
-226
216
-212
-213
-214
-217
222
-223
-224
-227
-416
-516
-616
-522
-822
-922
-526
744
-741
-745
-747
-754
-844
-854
-944
-954
-734
-774
-784
-794
-244
247
-157
-257
-344
-847
-947
815
-811
-812
-813
-814
-817
-818
-735
-825
-835
-915
-925
-935
-845
-855
-865
-875
-115
-315
-415
-515
832
-831
-833
-834
-837
-732
-912
-932
-852
-862
-892
-532
-632
873
-874
-876
-877
-878
-879
-773
-783
-883
-973
-983
-823
-853
-863
-173
283
-284
-253
-263
268
-258
254
-154
-354
-768
-868
-968
924
-923
-927
-928
-824
-914
-934
-974
-984
-994
-124
-324
-524
962
-961
-963
-965
-969
-752
-762
-952
792
-791
-798
-992
-562
978
-975
-976
-977
-979
775
-777
-778
-898
-998
-755
-765
758
-751
-753
-757
-858
-958
828
-827
-918
-528
-478
-578
498
-496
-499
-418
417
-437
-517
-527
525
-435
436
-535
-536
-636
-537
534
-514
-614
-634
633
-613
612
-512
518
455
-456
-459
-545
-555
-565
-476
-477
479
-579
-589
552
-551
-556
-559
-652
-574
-584
-117
127
-123
-125
-917
323
-325
-113
-313
-333
335
-331
-334
-353
314
-311
111
-114
-151
-161
-345
-355
-911
913
-733
-933
763
-761
-953
945
-941
-946
-949
-955
153
-155
-159
-163
165
-169
577
-576
-587
581
-691
-541
-561
569
651
-656
546
-549
-846
-351
359
341
-349
-841
849
-859
-869
861
-851
-951
-959
-881
-891
-889
-899
676
-674
694
-696
174
-179
-194
199
-781
787
-887
884
-894
896
-996
-987
731
-737
-931
937
-856
857
956
-957
-981
989
991
-999
