135
-131
-132
-133
-134
-136
-137
-138
-139
-115
-125
-215
-225
-235
-315
-325
-335
-145
-155
-165
-175
-185
-195
-435
-535
-635
-735
-835
-935
223
-221
-222
-224
-226
-227
-228
-229
-113
-123
-213
-233
-313
-323
-333
-243
-253
-263
-273
-283
-293
-423
-523
-623
-723
-823
-923
246
-241
-242
-244
-245
-247
-248
-249
-146
-156
-166
-256
-266
-346
-356
-366
-216
-236
-276
-286
-296
-446
-546
-646
-746
-846
-946
269
-261
-262
-264
-265
-267
-268
-149
-159
-169
-259
-349
-359
-369
-219
-239
-279
-289
-299
-469
-569
-669
-769
-869
-969
331
-332
-334
-336
-337
-338
-339
-111
-121
-211
-231
-311
-321
-341
-351
-361
-371
-381
-391
-431
-531
-631
-731
-831
-931
345
-342
-343
-344
-347
-348
-255
-355
-365
-375
-385
-395
-445
-545
-645
-745
-845
-945
374
-372
-373
-376
-377
-378
-379
-174
-184
-194
-274
-284
-294
-384
-394
-314
-324
-354
-364
-474
-574
-674
-774
-874
-974
493
-491
-492
-494
-495
-496
-497
-498
-499
-473
-483
-573
-583
-593
-673
-683
-693
-413
-433
-443
-453
-463
-193
-393
-793
-893
-993
514
-511
-512
-513
-515
-516
-517
-518
-519
-414
-424
-434
-524
-534
-614
-624
-634
-544
-554
-564
-584
-594
-114
-214
-714
-814
-914
528
-521
-522
-525
-526
-527
-529
-418
-428
-438
-538
-618
-628
-638
-548
-558
-568
-578
-588
-598
-128
-328
-728
-828
-928
547
-541
-542
-543
-549
-447
-457
-467
-557
-567
-647
-657
-667
-537
-577
-587
-597
-147
-747
-847
-947
571
-572
-575
-576
-579
-471
-481
-581
-591
-671
-681
-691
-551
-561
-171
-271
-771
-871
-971
656
-651
-652
-653
-654
-655
-658
-659
-456
-466
-556
-566
-666
-616
-626
-636
-676
-686
-696
-756
-856
-956
662
-661
-663
-664
-665
-668
-442
-452
-462
-552
-562
-642
-612
-622
-632
-672
-682
-692
-162
-362
-762
-862
-962
679
-675
-677
-678
-479
-489
-589
-599
-689
-699
-619
-629
-639
-649
-179
-779
-879
-979
688
-684
-685
-687
-478
-488
-698
-648
-188
-288
-388
-788
-888
-988
799
-791
-792
-794
-795
-796
-797
-798
-789
-889
-899
-989
-999
-719
-729
-739
-749
-759
-199
-399
826
-821
-822
-824
-825
-827
-829
-716
-726
-736
-816
-836
-916
-926
-936
-866
-876
-886
-896
-126
-326
-426
861
-863
-864
-865
-867
-868
-741
-751
-761
-841
-851
-941
-951
-961
-811
-881
-891
-161
-461
924
-921
-922
-925
-927
-929
-724
-734
-834
-934
-944
-954
-964
-984
-994
-124
234
-232
-237
-238
-254
959
-952
-953
-955
-957
-958
-849
-859
-949
-919
-939
449
-441
-444
-448
-459
-559
-419
-429
-439
539
-532
-533
-536
436
-432
-437
-416
-476
-486
-839
819
-812
-813
-815
-817
-818
-119
-319
968
-963
-965
-966
-967
766
-763
-764
-765
-767
-768
-748
-758
-848
-858
-948
-776
-786
-918
-938
-978
-998
148
-141
-142
-143
-144
-158
-168
-258
-358
-368
-118
-178
-198
641
-643
-644
-451
-611
-621
694
-695
-697
-484
458
-454
-455
464
-465
-468
-164
154
-151
-152
-153
-157
251
-252
-257
352
-353
-357
-281
-291
-312
-322
-382
-392
-752
-852
-754
-854
565
-563
553
-555
-585
-595
-753
-853
-894
975
-972
-973
-976
-977
-775
-785
-875
-885
-895
-985
-995
855
-857
-755
757
-717
-727
-737
-777
-787
-915
-275
-475
485
-482
-487
477
-472
-415
-425
-417
-427
176
-172
-173
-177
-186
-196
-386
-396
-116
316
-317
-318
218
-212
-217
-278
-298
398
-397
-718
-277
272
-182
-192
-282
-292
-772
-872
-877
-285
287
295
-297
-187
-197
191
-181
-387
-887
-987
-991
-898
986
-981
-982
-983
781
-782
-783
-784
884
-882
-883
-996
-711
-721
911
-912
-913
-917
744
-742
-743
-844
-411
412
421
-422
-112
117
122
-127
-129
-327
329
-167
163
-363
367
-183
189
383
-389
-712
-617
-722
725
-715
713
-733
-833
-933
732
-738
-832
-932
937
-837
838
-773
778
873
-878
-843
842
-942
943
-892
897
992
-997
-613
615
633
-637
-625
627
582
-586
-592
596
