133
-131
-132
-134
-135
-136
-137
-138
-139
-113
-123
-213
-223
-233
-313
-323
-333
-143
-153
-163
-173
-183
-193
-433
-533
-633
-733
-833
-933
174
-171
-172
-175
-176
-177
-178
-179
-184
-194
-274
-284
-294
-374
-384
-394
-114
-124
-144
-154
-164
-474
-574
-674
-774
-874
-974
192
-191
-195
-196
-197
-198
-199
-182
-272
-282
-292
-372
-382
-392
-112
-122
-142
-152
-162
-492
-592
-692
-792
-892
-992
216
-211
-212
-214
-215
-217
-218
-219
-116
-126
-226
-236
-316
-326
-336
-246
-256
-266
-276
-286
-296
-416
-516
-616
-716
-816
-916
251
-252
-253
-254
-255
-257
-258
-259
-141
-151
-161
-241
-261
-341
-351
-361
-221
-231
-271
-281
-291
-451
-551
-651
-751
-851
-951
418
-411
-412
-413
-414
-415
-417
-419
-428
-438
-518
-528
-538
-618
-628
-638
-448
-458
-468
-478
-488
-498
-118
-318
-718
-818
-918
434
-431
-432
-435
-436
-437
-439
-424
-514
-524
-534
-614
-624
-634
-444
-454
-464
-484
-494
-234
-334
-734
-834
-934
447
-441
-442
-443
-445
-446
-449
-457
-467
-547
-557
-567
-647
-657
-667
-427
-477
-487
-497
-147
-247
-347
-747
-847
-947
571
-572
-573
-575
-576
-577
-578
-579
-471
-481
-491
-581
-591
-671
-681
-691
-511
-521
-531
-541
-561
-371
-771
-871
-971
585
-582
-583
-584
-586
-587
-588
-589
-475
-485
-495
-595
-675
-685
-695
-515
-525
-535
-545
-555
-565
-185
-285
-385
-785
-885
-985
742
-741
-743
-744
-745
-746
-748
-749
-752
-762
-842
-852
-862
-942
-952
-962
-712
-722
-732
-772
-782
-242
-342
-542
-642
764
-761
-763
-765
-766
-767
-768
-769
-754
-844
-854
-864
-944
-954
-964
-714
-724
-784
-794
-264
-364
-564
-664
797
-791
-793
-795
-796
-798
-799
-777
-787
-877
-887
-897
-977
-987
-997
-717
-727
-737
-757
-297
-397
-597
-697
811
-812
-813
-814
-815
-817
-819
-711
-721
-731
-821
-831
-911
-921
-931
781
-783
-786
-788
-789
-881
-891
-981
-991
-841
-861
-111
-311
-611
-181
121
-125
-127
-128
-129
-321
-331
-421
461
-462
-463
-465
-466
-469
-641
-661
-621
631
-632
-635
-636
-637
-639
941
-943
-945
-946
-948
-949
-961
-381
391
-393
-395
-396
-398
-399
825
-822
-823
-824
-826
-827
-828
-829
-715
-725
-735
-835
-915
-925
-935
-845
-855
-865
-875
-895
-225
-325
-425
455
-452
-453
-456
-459
-645
-655
-665
-625
615
-612
-613
-617
-619
-115
-315
-155
-355
-755
775
-773
-776
-778
-779
-975
-995
-955
965
-963
-966
-967
-968
-969
-165
145
-146
-148
-149
-245
-265
-345
-365
-275
-375
295
-293
-298
-299
-235
335
-332
-337
-338
-339
889
-882
-883
-884
-886
-888
-879
-899
-979
-989
-999
894
-893
-896
-898
-984
-994
-839
-849
-859
-869
684
-682
-683
-686
-687
-688
-689
-594
-694
677
-672
-673
-676
-678
-679
-644
-654
-627
-277
-377
-189
-289
-389
-489
923
-922
-924
-926
-927
-928
-929
-713
719
-723
-913
914
-912
-917
-919
-729
-739
-939
753
-756
-758
-759
-843
-853
-863
-953
959
-956
-957
-958
873
-872
-876
-878
-973
-983
-993
832
-836
-837
-838
-932
937
-936
-938
513
-512
-517
-519
-423
-523
-623
-543
-553
-563
-593
312
-314
-317
-319
-222
-232
-322
262
-263
-267
-268
-269
-352
-362
117
-119
-227
-237
-327
-157
-167
-187
287
-283
-288
-387
527
-522
-526
-529
-537
-532
-353
-653
-159
169
-166
-168
-249
-349
-359
-369
-559
-659
-562
552
-554
-556
-558
-652
-662
544
-546
-548
-549
622
-626
-629
-422
-244
224
-228
-229
-324
-344
354
-356
-357
-358
367
-363
-366
-368
649
-643
-646
-648
663
-666
-668
-669
-569
-693
-699
857
-856
-858
-867
-273
243
-248
-343
-373
383
-386
-388
-473
-483
493
-496
-499
599
-596
-598
698
-696
-479
429
-426
536
-539
-566
568
656
-658
726
-728
-736
738
328
-329
-238
239
278
-279
-188
186
-376
-378
379
-156
158
346
-348
-846
848
866
-868
-978
-486
482
-472
476
972
-976
-982
-986
988
996
-998
