133
-131
-132
-134
-135
-136
-137
-138
-139
-113
-123
-213
-223
-233
-313
-323
-333
-143
-153
-163
-173
-183
-193
-433
-533
-633
-733
-833
-933
145
-141
-142
-144
-146
-147
-148
-149
-155
-165
-245
-255
-265
-345
-355
-365
-115
-125
-175
-185
-195
-445
-545
-645
-745
-845
-945
211
-212
-214
-215
-216
-217
-218
-219
-111
-121
-221
-231
-311
-321
-331
-241
-251
-261
-271
-281
-291
-411
-511
-611
-711
-811
-911
243
-242
-244
-246
-247
-248
-249
-253
-263
-343
-353
-363
-273
-283
-293
-443
-543
-643
-743
-843
-943
278
-272
-274
-275
-276
-277
-279
-178
-188
-198
-288
-298
-378
-388
-398
-228
-238
-258
-268
-478
-578
-678
-778
-878
-978
295
-292
-294
-296
-297
-299
-285
-375
-385
-395
-225
-235
-495
-595
-695
-795
-895
-995
328
-322
-324
-325
-326
-327
-329
-118
-128
-318
-338
-348
-358
-368
-428
-528
-628
-728
-828
-928
351
-352
-354
-356
-357
-359
-151
-161
-341
-361
-371
-381
-391
-451
-551
-651
-751
-851
-951
364
-362
-366
-367
-369
-154
-164
-254
-264
-344
-314
-334
-374
-384
-394
-464
-564
-664
-764
-864
-964
373
-372
-376
-377
-379
-383
-393
-473
-573
-673
-773
-873
-973
436
-431
-432
-434
-435
-437
-438
-439
-416
-426
-516
-526
-536
-616
-626
-636
-446
-456
-466
-476
-486
-496
-236
-336
-736
-836
-936
442
-441
-444
-447
-448
-449
-452
-462
-542
-552
-562
-642
-652
-662
-412
-422
-472
-482
-492
-342
-742
-842
-942
477
-471
-474
-475
-479
-487
-497
-577
-587
-597
-677
-687
-697
-417
-427
-457
-467
-177
-777
-877
-977
484
-481
-483
-485
-488
-489
-494
-574
-584
-594
-674
-684
-694
-414
-424
-454
-184
-284
-784
-884
-984
515
-512
-513
-514
-517
-518
-519
-415
-425
-525
-535
-615
-625
-635
-555
-565
-575
-585
-315
335
-332
-337
-339
-715
-815
-915
-735
-835
-935
534
-531
-532
-537
-538
-539
-524
-614
-624
-634
-544
-554
-234
224
-222
-226
-227
-229
-114
-124
-724
-824
-924
-734
-834
-934
571
-572
-576
-579
-491
-581
-591
-671
-681
-691
-521
-541
-561
-171
-771
-871
-971
598
-592
-593
-596
-599
-498
-588
-688
-698
-548
-558
-568
-798
-898
-998
621
-622
-623
-627
-629
-421
-631
461
-463
-465
-468
-469
-641
-661
455
-453
-458
-459
-655
-665
418
-413
-419
-618
-638
-718
-818
-918
-721
-821
-921
-755
-855
-955
-761
-861
-961
632
-637
-639
-522
-612
582
-583
-586
-589
-672
-682
-692
-232
-732
-832
-932
-182
-282
-382
-782
-882
-982
668
-663
-666
-667
-669
-648
-658
-168
158
-152
-156
-157
-159
-758
-858
-958
-768
-868
-968
676
-675
-679
685
-683
-686
-689
-696
-646
-656
-176
-776
-876
-976
-785
-885
-985
731
-737
-738
-739
-831
-931
-741
-781
-791
747
-744
-746
-748
-749
-757
-767
-847
-857
-867
-947
-957
-967
-717
-727
-787
-797
788
-783
-786
-789
-888
-988
-347
-547
-647
753
-752
-754
-756
-759
-763
-853
-863
-953
-963
-713
-723
-793
-553
-653
563
-566
-567
-569
-523
813
-812
-814
-816
-817
-819
-823
-913
-923
-883
-893
-613
423
-429
-493
499
693
-699
983
-981
-986
-987
-989
-993
-199
-399
-799
-899
-999
838
-837
-839
-938
-848
948
-941
-944
-946
-949
841
-844
-846
-849
-881
-891
991
-992
-994
-996
-997
644
-649
-654
181
-186
-187
-189
-191
865
-862
-866
-869
-765
-965
-825
-875
897
-892
-894
-896
-887
-827
-197
-397
969
-962
-966
-769
-859
-959
-919
-929
-939
937
-917
-927
-979
-237
239
-119
-129
-319
-259
-269
-289
-169
349
-346
179
-172
-174
194
-192
-196
392
-396
-389
-312
546
-549
-556
-779
-879
889
-886
796
-792
-794
-716
-726
-766
762
-852
-952
-712
-722
-772
-829
252
-256
-257
-162
-262
975
-972
-974
872
-874
774
-775
-714
719
914
-912
-916
-729
725
-925
-822
826
922
-926
854
-856
-954
956
112
-116
-117
-122
316
-317
-126
127
166
-167
-266
267
286
-287
-386
387
617
-619
-527
529
557
-559
-657
659
