148
-141
-142
-143
-144
-145
-146
-147
-149
-158
-168
-248
-258
-268
-348
-358
-368
-118
-128
-138
-178
-188
-198
-448
-548
-648
-748
-848
-948
197
-191
-192
-193
-194
-195
-196
-199
-177
-187
-277
-287
-297
-377
-387
-397
-117
-127
-137
-157
-167
-497
-597
-697
-797
-897
-997
243
-241
-242
-244
-245
-246
-247
-249
-153
-163
-253
-263
-343
-353
-363
-213
-223
-233
-273
-283
-293
-443
-543
-643
-743
-843
-943
299
-291
-292
-294
-295
-296
-298
-179
-189
-279
-289
-379
-389
-399
-219
-229
-239
-259
-269
-499
-599
-699
-799
-899
-999
315
-311
-312
-313
-314
-316
-317
-318
-319
-115
-125
-135
-215
-225
-235
-325
-335
-345
-355
-365
-375
-385
-395
-415
-515
-615
-715
-815
-915
329
-321
-322
-323
-324
-326
-327
-328
-119
-129
-139
-339
-349
-359
-369
-429
-529
-629
-729
-829
-929
352
-351
-354
-356
-357
-152
-162
-252
-262
-342
-362
-332
-372
-382
-392
-452
-552
-652
-752
-852
-952
433
-431
-432
-434
-435
-436
-437
-438
-439
-413
-423
-513
-523
-533
-613
-623
-633
-453
-463
-473
-483
-493
-133
-333
-733
-833
-933
465
-461
-462
-464
-466
-467
-468
-469
-445
-455
-545
-555
-565
-645
-655
-665
-425
-475
-485
-495
-165
-265
-765
-865
-965
474
-471
-472
-476
-477
-478
-479
-484
-494
-574
-584
-594
-674
-684
-694
-414
-424
-444
-454
-174
-274
-374
-774
-874
-974
487
-481
-482
-486
-488
-489
-577
-587
-677
-687
-417
-427
-447
-457
-787
-887
-987
566
-561
-562
-563
-564
-567
-568
-569
-446
-456
-546
-556
-646
-656
-666
-516
-526
-536
-576
-586
-596
-166
-266
-366
-766
-866
-966
573
-571
-572
-575
-578
-579
-583
-593
-673
-683
-693
-553
-173
-373
-773
-873
-973
616
-611
-612
-614
-617
-618
-619
-416
-426
-626
-636
496
-491
-492
-498
-676
-686
-696
-116
-216
-716
-816
-916
-396
-796
-896
-996
654
-651
-653
-657
-658
-659
663
-661
-662
-664
-667
-668
-669
-544
-554
-644
-624
-634
-154
-254
-754
-854
-954
-763
-863
-963
685
-681
-682
-688
-689
-585
-595
-675
-695
-625
-635
-185
-285
-785
-885
-985
717
-711
-712
-713
-714
-718
-719
-727
-737
-817
-827
-837
-917
-927
-937
-747
-757
-767
-777
-217
-517
735
-731
-732
-734
-736
-738
-739
-725
-825
-835
-925
-935
-745
-755
-775
-795
525
-521
-522
-524
-527
-528
-535
768
-761
-762
-764
-769
-758
-858
-868
-958
-968
-728
-778
-788
-798
819
-811
-812
-813
-814
-818
-839
-919
-939
-849
-859
-869
-879
-889
-419
-519
856
-851
-853
-855
-857
-746
-756
-846
-946
-956
-826
-836
-876
-886
346
-341
-344
-347
-156
-256
-336
-376
-386
882
-881
-883
-884
-888
-772
-782
-792
-872
-892
-972
-982
-992
-822
-832
-842
-862
962
-961
-964
-967
-969
-742
-942
722
-721
-723
-724
-726
-912
-922
-932
-122
-222
-422
-622
169
-161
-164
-159
-182
-282
-582
893
-891
-894
-895
-898
-783
-793
-983
-993
753
-751
-759
-953
-823
-393
383
-381
-384
-388
-183
995
-991
-994
-998
-875
-975
845
-841
-844
-847
-945
-955
949
-941
-944
-947
-749
-959
-979
-989
744
-741
-864
-784
-794
791
-771
-781
-871
-971
-981
984
-986
-988
-914
-924
-934
-449
459
-451
-458
558
-551
-557
-559
-549
-649
-518
-538
-588
-598
-184
-284
394
-391
-398
-334
-364
264
-261
-267
-214
-224
-234
288
-281
-286
-278
-378
371
-171
-181
186
-271
-176
-276
-126
-136
-218
-228
-238
338
-331
-337
-361
367
-257
-638
-838
-938
957
-951
861
-867
-821
-831
834
-824
828
-918
-928
877
-878
-977
978
-976
418
-411
-412
-428
421
-511
-531
-621
-631
-628
627
-537
-637
-441
442
-542
-642
547
-541
641
-647
-671
-691
-121
-221
-921
124
-123
113
-111
-112
-114
-134
-913
911
-931
936
923
-926
-211
212
-132
131
-231
-232
-151
155
251
-255
172
-175
-272
275
-512
514
-534
226
-227
-236
237
-672
776
-779
-786
789
-678
679
698
-692
592
-591
581
-589
-532
539
632
-639
