122
-121
-123
-124
-125
-126
-127
-128
-129
-112
-132
-212
-222
-232
-312
-322
-332
-142
-152
-162
-172
-182
-192
-422
-522
-622
-722
-822
-922
173
-171
-174
-175
-176
-177
-178
-179
-183
-193
-273
-283
-293
-373
-383
-393
-113
-133
-143
-153
-163
-473
-573
-673
-773
-873
-973
229
-221
-223
-224
-225
-226
-227
-228
-119
-139
-219
-239
-319
-329
-339
-249
-259
-269
-279
-289
-299
-429
-529
-629
-729
-829
-929
245
-241
-242
-243
-244
-246
-247
-248
-145
-155
-165
-255
-265
-345
-355
-365
-215
-235
-275
-285
-295
-445
-545
-645
-745
-845
-945
266
-261
-262
-263
-264
-267
-268
-146
-156
-166
-256
-346
-356
-366
-216
-236
-276
-286
-296
-466
-566
-666
-766
-866
-966
277
-271
-272
-274
-278
-187
-197
-287
-297
-377
-387
-397
-217
-237
-257
-477
-577
-677
-777
-877
-977
311
-313
-314
-315
-316
-317
-318
-111
-131
-211
-231
-321
-331
-341
-351
-361
-371
-381
-391
-411
-511
-611
-711
-811
-911
337
-333
-334
-335
-336
-338
-117
-137
-327
-347
-357
-367
-437
-537
-637
-737
-837
-937
343
-342
-344
-348
-349
-253
-353
-363
-323
-443
-543
-643
-743
-843
-943
432
-431
-433
-434
-435
-436
-438
-439
-412
-512
-532
-612
-632
-442
-452
-462
-472
-482
-492
-732
-832
-932
456
-451
-453
-454
-455
-457
-458
-459
-446
-546
-556
-646
-656
-416
-426
-476
-486
-496
-756
-856
-956
517
-513
-514
-515
-516
-518
-519
-417
-427
-527
-617
-627
-547
-557
-567
-587
-597
-717
-817
-917
524
-521
-523
-525
-526
-528
-414
-424
-534
-614
-624
-634
-544
-554
-564
-574
-584
-594
-324
-724
-824
-924
585
-581
-582
-583
-586
-588
-589
-475
-485
-495
-575
-595
-675
-685
-695
-535
-555
-565
-185
-385
-785
-885
-985
599
-591
-592
-593
-596
-598
-479
-489
-499
-579
-679
-689
-699
-539
-549
-559
-569
-199
-399
-799
-899
-999
655
-651
-652
-653
-654
-657
-658
-659
-465
-665
-615
-625
-635
-755
-855
-955
674
-671
-672
-676
-678
-474
-484
-494
-684
-694
-644
-664
-374
-774
-874
-974
769
-761
-762
-763
-764
-765
-767
-768
-749
-759
-849
-859
-869
-949
-959
-969
-719
-739
-779
-789
-169
-369
-469
-669
775
-771
-772
-776
-778
-795
-875
-895
-975
-995
-715
-725
-735
-375
793
-791
-792
-794
-796
-797
-798
-783
-883
-893
-983
-993
-713
-723
-733
-753
-493
-693
836
-831
-833
-834
-835
-838
-839
-716
-726
-736
-816
-826
-916
-926
-936
-846
-876
-886
-896
-136
-536
576
-571
-572
-578
-686
-696
-636
-376
-976
841
-842
-844
-847
-848
-741
-751
-851
-861
-941
-951
-961
-821
-871
-881
-891
-141
-441
-541
-641
858
-852
-853
-854
-857
-748
-758
-868
-948
-958
-968
-818
-828
-878
-888
-898
-158
-258
-358
-558
863
-862
-864
-865
-867
-953
-963
965
-962
-964
-967
-813
-823
-915
-925
-935
135
-134
-138
-115
-325
-195
395
-392
-394
-396
-398
553
-551
-552
-463
-563
-663
-533
889
-882
-884
-887
-879
872
-782
-892
-972
-982
-992
-979
-989
-812
-819
-372
379
-378
-189
-389
-359
159
-151
-154
-157
-149
251
-252
-254
-161
-281
-291
934
-931
-933
-938
-939
-714
-734
-814
815
-914
-825
827
-727
-927
919
-912
-913
-918
712
-718
923
-921
-928
-742
-752
894
-897
-784
-984
-994
-944
-954
-415
425
-421
-423
-428
-419
449
-444
-447
-448
464
-461
-467
-468
-649
-619
639
-631
-633
-638
-623
233
-234
-238
-213
-164
-364
-194
-294
986
-981
-987
-988
-786
-996
746
-744
-747
754
-757
-946
787
-781
-788
-997
144
-147
-148
-354
352
-362
368
167
-168
-114
214
-218
-184
-284
384
-382
-386
-388
326
-328
-116
118
-188
-198
616
-613
-618
413
-418
-626
-483
683
-681
-682
-687
-688
692
-691
-697
-698
-642
-662
-952
957
942
-947
-542
548
562
-561
-568
661
-667
-668
647
-648
531
-538
-621
628
721
-728
-731
738
282
-288
-292
298
-186
181
-191
196
-481
-487
488
497
-491
-498
471
-478
-971
978
991
-998
