123
-121
-122
-124
-125
-126
-127
-128
-129
-113
-133
-213
-223
-233
-313
-323
-333
-143
-153
-163
-173
-183
-193
-423
-523
-623
-723
-823
-923
158
-151
-152
-154
-155
-156
-157
-159
-148
-168
-248
-258
-268
-348
-358
-368
-118
-138
-178
-188
-198
-458
-558
-658
-758
-858
-958
171
-172
-174
-175
-176
-177
-179
-181
-191
-271
-281
-291
-371
-381
-391
-111
-131
-141
-161
-471
-571
-671
-771
-871
-971
225
-221
-222
-224
-226
-227
-228
-229
-115
-135
-215
-235
-315
-325
-335
-245
-255
-265
-275
-285
-295
-425
-525
-625
-725
-825
-925
239
-231
-232
-234
-236
-237
-238
-119
-139
-219
-319
-329
-339
-249
-259
-269
-279
-289
-299
-439
-539
-639
-739
-839
-939
241
-242
-243
-244
-246
-247
-251
-261
-341
-351
-361
-211
-441
-541
-641
-741
-841
-941
273
-272
-274
-276
-277
-278
-283
-293
-373
-383
-393
-253
-263
-473
-573
-673
-773
-873
-973
353
-352
-354
-355
-356
-357
-359
-343
-363
-453
-553
-653
-753
-853
-953
374
-372
-375
-376
-377
-378
-379
-184
-194
-284
-294
-384
-394
-314
-324
-334
-344
-364
-474
-574
-674
-774
-874
-974
477
-472
-475
-476
-478
-479
-487
-497
-577
-587
-597
-677
-687
-697
-417
-427
-437
-447
-457
-467
-777
-877
-977
481
-482
-483
-484
-485
-486
-488
-489
-491
-581
-591
-681
-691
-411
-421
-431
-451
-461
-781
-881
-981
495
-492
-493
-494
-496
-498
-499
-575
-585
-595
-675
-685
-695
-415
-435
-445
-455
-465
-195
-395
-795
-895
-995
517
-511
-512
-513
-514
-515
-516
-518
-519
-527
-537
-617
-627
-637
-547
-557
-567
-117
-217
-317
-717
-817
-917
593
-592
-594
-596
-598
-599
-583
-683
-693
-533
-543
-563
-793
-893
-993
611
-612
-613
-614
-615
-616
-618
-619
-521
-531
-621
-631
-651
-661
-311
-711
-811
-911
628
-622
-624
-626
-629
-418
-428
-438
-528
-538
-638
-648
-668
-678
-688
-698
-328
-728
-828
-928
632
-633
-634
-635
-636
-412
-422
-432
-522
-532
535
-534
-536
-545
-555
-565
-642
-652
-662
-672
-682
-692
-132
-332
-732
-832
-932
-735
-835
-935
736
-731
-733
-734
-737
-738
-716
-726
-816
-826
-836
-916
-926
-936
-746
-756
-766
-776
-786
-796
-136
-336
-436
752
-751
-754
-755
-757
-759
-742
-762
-842
-852
-862
-942
-952
-962
-712
-722
-772
-782
-792
-252
-452
-552
833
-831
-834
-837
-838
-713
-813
-913
-933
-843
-863
-883
413
-414
-416
-419
-433
434
-424
-524
-443
-463
-444
-454
-464
-134
137
-327
-337
-147
-167
-187
-197
-934
-937
849
-844
-845
-846
-847
-848
-749
-769
-859
-869
-949
-959
-969
-819
-829
-879
-889
-899
-149
-349
-449
-549
-649
864
-861
-865
-866
-867
-868
-744
-764
-854
-944
-954
-964
-814
-824
-884
-894
-164
-264
-564
-664
872
-875
-876
-878
-882
-892
-972
-982
-992
-812
-822
-572
582
-584
-586
-588
-589
578
-576
-579
-542
-562
-548
-568
-778
-978
-182
-282
-382
888
-885
-886
-887
-788
-798
-898
-988
-998
-818
815
-715
-915
-855
-288
-388
938
-931
-718
-918
-948
-968
331
-338
-321
951
-955
-956
-957
-761
-851
-961
-921
-991
-551
561
-566
-569
655
-654
-656
-657
-659
-645
-665
984
-983
-985
-986
-987
-989
783
-784
-785
-787
-789
-794
-994
-743
-763
-914
-924
724
-721
-727
-729
821
-827
-714
719
927
-922
-929
912
-919
791
-797
-799
-891
-779
775
-975
-745
-765
-947
-967
-997
897
-896
856
-857
-946
-966
-112
-212
-312
322
-326
-342
-362
-392
-256
-456
459
-469
-559
-669
-429
426
-526
529
-446
-466
-556
554
-544
546
-644
-646
-666
144
-142
-145
-146
-254
257
-267
-347
-367
-114
116
214
-216
-218
-316
318
-166
-186
-196
-287
286
-296
-386
-396
-266
262
-162
192
-199
-292
-297
298
-398
442
-448
-462
468
-346
345
-165
169
-365
366
-369
185
-189
-385
-945
943
-963
965
-643
647
663
-667
-747
748
767
-768
-684
694
-696
-699
-686
689
676
-679
-976
979
996
-999
387
-389
-397
399
