123
-121
-122
-124
-125
-126
-127
-128
-129
-113
-133
-213
-223
-233
-313
-323
-333
-143
-153
-163
-173
-183
-193
-423
-523
-623
-723
-823
-923
132
-131
-134
-135
-136
-137
-138
-139
-112
-212
-222
-232
-312
-322
-332
-142
-152
-162
-172
-182
-192
-432
-532
-632
-732
-832
-932
177
-171
-174
-175
-176
-178
-179
-187
-197
-277
-287
-297
-377
-387
-397
-117
-147
-157
-167
-477
-577
-677
-777
-877
-977
246
-241
-242
-243
-244
-245
-247
-248
-249
-146
-156
-166
-256
-266
-346
-356
-366
-216
-226
-236
-276
-286
-296
-446
-546
-646
-746
-846
-946
268
-261
-262
-263
-264
-265
-267
-269
-148
-158
-168
-258
-348
-358
-368
-218
-228
-238
-278
-288
-298
-468
-568
-668
-768
-868
-968
418
-411
-412
-413
-414
-415
-416
-417
-419
-428
-438
-518
-528
-538
-618
-628
-638
-448
-458
-478
-488
-498
-118
-318
-718
-818
-918
445
-441
-442
-443
-444
-447
-449
-455
-465
-545
-555
-565
-645
-655
-665
-425
-435
-475
-485
-495
-145
-345
-745
-845
-945
486
-481
-482
-483
-484
-487
-489
-476
-496
-576
-586
-596
-676
-686
-696
-426
-436
-456
-466
-186
-386
-786
-886
-986
591
-592
-593
-594
-595
-597
-598
-599
-471
-491
-571
-581
-671
-681
-691
-511
-521
-531
-541
-551
-561
-191
-291
-391
-791
-891
-991
652
-651
-653
-654
-656
-657
-658
-659
-452
-462
-542
-552
-562
-642
-662
-612
-622
-672
-682
-692
-252
-352
-752
-852
-952
714
-711
-712
-713
-715
-716
-717
-719
-724
-734
-814
-824
-834
-914
-924
-934
-744
-754
-764
-774
-784
-794
-114
-214
-314
-514
-614
725
-721
-722
-726
-727
-728
-729
-735
-815
-825
-835
-915
-925
-935
-755
-765
-775
-785
-795
-225
-325
-525
-625
787
-781
-782
-783
-788
-789
-797
-887
-897
-987
-997
-737
-747
-757
-767
-587
-687
853
-851
-854
-855
-856
-857
-858
-859
-743
-753
-763
-843
-863
-943
-953
-963
-813
-833
-873
-883
-893
-253
-353
-453
-553
872
-871
-874
-875
-876
-878
-879
-772
-792
-882
-892
-972
-982
-992
-812
-822
-842
-862
-272
-372
-472
-572
916
-911
-912
-913
-917
-919
922
-921
-926
-927
-928
-929
-736
-816
-826
-836
-936
-942
-962
-956
-966
-976
-996
512
-513
-515
-516
-517
-519
-422
-522
492
-493
-494
-497
-499
-582
697
-693
-694
-695
-698
-699
-617
-627
-637
-647
-667
613
-611
-615
-616
-619
-433
-533
-633
-643
-663
-673
-683
-116
196
-194
-195
-198
-199
-376
-396
188
-181
-184
-185
-189
-378
-388
-398
-316
776
-771
-773
-778
-779
-796
-896
-756
-766
866
-861
-864
-865
-867
-869
556
-554
-557
-558
-559
-566
-666
-526
-536
-588
-688
-888
-988
-292
282
-281
-283
-284
-285
-289
-382
-392
941
-944
-947
-948
-949
-741
-751
-761
-841
-951
-961
731
-733
-738
-739
-811
-821
-831
-931
933
-937
-938
-939
793
-798
-799
-973
-983
-993
881
-884
-885
-889
-971
-981
895
-894
-898
-899
-975
-985
-995
844
-847
-848
-849
-954
-964
-231
-331
-431
-631
-141
-341
-641
-144
149
-159
-169
-259
-349
-359
-369
-119
-344
-544
-644
-549
-649
648
-548
578
-573
-574
-575
-579
-678
-748
758
-759
-958
-749
742
-762
769
-959
-969
-342
362
-361
-363
-364
-365
-367
343
-347
-373
-383
-393
-543
547
-457
-467
-567
-527
-537
459
-451
-454
-469
-569
-669
-429
-439
-479
967
-965
955
-957
-155
-255
-355
165
-161
-164
154
-151
-254
-354
111
-115
-211
-221
-311
-321
-978
998
-994
-999
-381
583
-584
-585
-589
-473
474
-674
-684
463
-461
-464
661
-664
-563
564
421
-424
-427
-621
437
-434
-524
529
-539
-629
-639
-534
535
-635
-229
-329
-829
-235
-335
-237
-337
-837
273
-271
-274
-275
-279
371
-374
-375
-379
-293
251
-257
-351
357
-317
-327
-974
979
984
-989
675
-679
-685
689
-384
385
-389
-295
-395
215
-217
-219
-315
319
227
-224
-239
234
-324
-334
-339
-294
299
394
-399
817
-819
-827
828
-838
839
624
-626
-634
636
326
-328
-336
338
