147
-141
-142
-143
-144
-145
-146
-148
-149
-157
-167
-247
-257
-267
-347
-357
-367
-117
-127
-137
-177
-187
-197
-447
-547
-647
-747
-847
-947
189
-181
-182
-183
-184
-185
-186
-188
-179
-199
-279
-289
-299
-379
-389
-399
-119
-129
-139
-159
-169
-489
-589
-689
-789
-889
-989
239
-231
-232
-233
-234
-235
-236
-237
-238
-219
-229
-319
-329
-339
-249
-259
-269
-439
-539
-639
-739
-839
-939
245
-241
-242
-243
-244
-246
-248
-155
-165
-255
-265
-345
-355
-365
-215
-225
-275
-285
-295
-445
-545
-645
-745
-845
-945
258
-251
-252
-253
-254
-256
-158
-168
-268
-348
-358
-368
-218
-228
-278
-288
-298
-458
-558
-658
-758
-858
-958
273
-271
-272
-274
-276
-277
-173
-193
-283
-293
-373
-383
-393
-213
-223
-263
-473
-573
-673
-773
-873
-973
284
-281
-282
-286
-287
-174
-194
-294
-374
-384
-394
-214
-224
-264
-484
-584
-684
-784
-884
-984
324
-321
-322
-323
-325
-326
-327
-328
-114
-124
-134
-314
-334
-344
-354
-364
-424
-524
-624
-724
-824
-924
333
-331
-332
-335
-336
-337
-338
-113
-123
-133
-313
-343
-353
-363
-433
-533
-633
-733
-833
-933
351
-352
-356
-359
-151
-161
-261
-341
-361
-311
-371
-381
-391
-451
-551
-651
-751
-851
-951
375
-372
-376
-377
-378
-175
-195
-385
-395
-315
-475
-575
-675
-775
-875
-975
413
-411
-412
-414
-415
-416
-417
-418
-419
-423
-513
-523
-613
-623
-443
-453
-463
-483
-493
-713
-813
-913
459
-452
-454
-455
-456
-457
-449
-469
-549
-559
-569
-649
-659
-669
-429
-479
-499
-759
-859
-959
482
-481
-485
-486
-487
-488
-472
-492
-572
-582
-592
-672
-682
-692
-422
-432
-442
-462
-382
-782
-882
-982
494
-491
-495
-496
-497
-498
-474
-574
-594
-674
-694
-434
-444
-464
-794
-894
-994
611
-612
-614
-615
-616
-617
-618
-619
-421
-431
-511
-521
-531
-621
-631
-641
-661
-671
-681
-691
-111
-211
-711
-811
-911
626
-622
-625
-627
-628
-629
-426
-436
-516
-526
-536
-636
-646
-656
-666
-676
-686
-696
-126
-226
-726
-826
-926
653
-652
-654
-655
-657
-543
-553
-563
-643
-663
-683
-693
-153
163
-162
-164
-166
154
-152
-156
-753
-853
-953
-554
-754
-854
-954
-763
-863
-963
697
-695
-698
-699
-477
-577
-587
-597
-677
-687
-637
-667
679
-678
-579
-599
-779
-879
-979
-297
-397
387
-386
-388
-317
-787
-887
-987
-797
-897
-997
736
-731
-732
-734
-735
-737
-738
-716
-816
-836
-916
-936
-746
-756
-766
-776
-786
-796
-136
757
-752
-755
-767
-857
-867
-957
-967
-717
-727
-777
-557
774
-771
-772
-778
-874
-974
-714
-744
-764
781
-783
-785
-788
-791
-871
-881
-891
-971
-981
-991
-721
-741
-761
-581
829
-821
-822
-823
-825
-827
-828
-719
-729
-819
-919
-929
-849
-869
-899
519
-512
-514
-515
-517
-518
-529
831
-832
-834
-835
-837
-838
-921
-931
-841
-861
-131
855
-852
-856
-765
-865
-955
-965
-815
-885
-895
-555
872
-876
-877
-878
-792
-892
-972
-992
977
-976
-978
-812
-842
-862
817
-814
-818
-917
-927
-937
914
-912
-915
-918
-934
-944
-964
-217
227
-221
-222
121
-122
-125
-128
-171
-191
291
-292
-296
-427
-527
-172
-591
928
-922
-923
-925
723
-722
-725
-728
-718
-938
-743
-793
-948
-968
-988
-998
522
-525
-528
-532
-632
-542
-552
556
-446
-466
-546
-566
476
-471
-478
571
-576
-578
-586
-596
-541
-561
-562
425
-428
-435
-535
-635
-465
952
-956
-742
-762
-942
-962
712
-715
-932
935
795
-798
-799
-985
-995
999
-993
-996
-949
-969
-112
-212
216
-116
-316
262
-266
-342
-362
-312
318
132
-135
-138
115
-118
-192
392
-396
-398
642
-644
-648
-662
-176
178
196
-198
-595
-896
966
-961
941
-943
-946
843
-844
-846
-848
864
-866
-868
-883
-893
898
983
-986
886
-888
-441
448
461
-467
-468
567
-564
-565
-568
665
-664
-668
544
-548
437
-438
-537
-534
538
634
-638
585
-583
-588
593
-598
-685
688
346
-349
-366
369
-748
749
768
-769
