121
-122
-123
-124
-125
-126
-127
-128
-129
-111
-131
-211
-221
-231
-311
-321
-331
-141
-151
-161
-171
-181
-191
-421
-521
-621
-721
-821
-921
146
-142
-143
-144
-145
-147
-148
-149
-156
-166
-246
-256
-266
-346
-356
-366
-116
-136
-176
-186
-196
-446
-546
-646
-746
-846
-946
264
-261
-262
-263
-265
-267
-268
-269
-154
-164
-244
-254
-344
-354
-364
-214
-224
-234
-274
-284
-294
-464
-564
-664
-764
-864
-964
279
-271
-272
-273
-275
-276
-277
-278
-179
-189
-199
-289
-299
-379
-389
-399
-219
-229
-239
-249
-259
-479
-579
-679
-779
-879
-979
373
-371
-372
-374
-375
-376
-377
-378
-173
-183
-193
-283
-293
-383
-393
-313
-323
-333
-343
-353
-363
-473
-573
-673
-773
-873
-973
412
-411
-413
-414
-415
-416
-417
-418
-419
-422
-432
-512
-522
-532
-612
-622
-632
-442
-452
-462
-472
-482
-492
-112
-212
-312
-712
-812
-912
463
-461
-465
-466
-467
-468
-469
-443
-453
-543
-553
-563
-643
-653
-663
-423
-433
-483
-493
-163
-763
-863
-963
528
-523
-524
-525
-526
-527
-529
-428
-438
-518
-538
-618
-628
-638
-548
-558
-568
-578
-588
-598
-228
-328
-728
-828
-928
586
-581
-582
-583
-584
-585
-587
-589
-476
-486
-496
-576
-596
-676
-686
-696
-516
-536
-556
-566
-286
-386
-786
-886
-986
657
-651
-652
-654
-655
-656
-658
-659
-447
-457
-547
-557
-567
-647
-667
-617
-627
-637
-677
-687
-697
-157
-257
-357
-757
-857
-957
681
-682
-683
-684
-685
-688
-689
-471
-481
-491
-571
-591
-671
-691
-611
-631
-641
-661
-281
-381
-781
-881
-981
714
-711
-713
-715
-716
-717
-718
-719
-724
-734
-814
-824
-834
-914
-924
-934
-744
-754
-774
-784
-794
-114
-314
-514
-614
745
-741
-742
-743
-747
-748
-749
-755
-765
-845
-855
-865
-945
-955
-965
-725
-735
-775
-785
-795
-245
-345
-445
-545
-645
777
-771
-772
-776
-778
-787
-797
-877
-887
-897
-977
-987
-997
-727
-737
-767
-177
-477
-577
841
-842
-843
-844
-847
-848
-849
-751
-761
-851
-861
-941
-951
-961
-811
-831
-871
-891
-241
-341
-441
-541
971
-972
-974
-975
-976
-978
-791
-991
731
-732
-733
-736
-738
-739
-911
-931
511
-513
-515
-517
-519
-431
-531
451
-454
-455
-456
-458
-459
-551
-561
666
-662
-665
-668
-669
-616
-626
-636
-251
291
-292
-295
-296
-297
-298
-391
396
-392
-394
-395
-397
-398
-316
-326
-336
-351
361
-362
-365
-367
-368
-369
-766
-866
-966
876
-872
-874
-875
-878
-796
-896
-996
-816
-826
-836
-856
858
-852
-853
-854
-859
-758
-768
-868
-948
-958
-968
-818
-838
-888
-898
-158
-258
-358
168
-162
-165
-167
-169
-248
-348
-118
-138
-178
-188
-198
565
-562
-569
-555
-535
-575
-595
913
-915
-916
-917
-918
-919
-723
-813
-823
-833
-923
-933
938
-932
-935
-936
-937
-939
-943
-953
753
-752
-756
-759
956
-952
-954
-959
944
-942
-947
-949
-783
-793
726
-722
-729
-926
-983
-993
-984
-994
-988
-998
-113
-213
-613
216
-215
-217
-218
-226
-236
318
-315
-317
-319
-238
-338
288
-282
-285
-287
-388
-426
436
-434
-435
-437
-439
243
-242
-247
-153
-253
347
-342
-349
133
-132
-134
-135
-137
-139
-223
-233
-327
-337
-387
623
-624
-625
-629
-533
-633
593
-592
-594
-597
-599
-693
537
-534
-539
-427
-237
227
-222
-225
-117
817
-815
-819
-827
-837
-927
-867
967
-962
-969
-444
-544
-644
554
-552
-559
-574
572
-672
-692
-542
549
642
-648
-649
448
-449
-478
-488
-498
-172
678
-674
-675
-698
883
-882
-884
-885
-889
-893
894
-892
-895
-899
-788
798
-792
-799
-194
-494
-694
634
-635
-639
-424
324
-322
-325
-329
-334
-384
-115
119
-339
-159
359
-352
-355
615
-619
-425
429
-489
-499
699
-695
-829
-929
839
-832
-835
825
-822
922
-925
862
-869
-762
769
782
-789
-982
-992
-182
-382
385
192
-195
-197
-175
174
-184
-185
187
-152
155
252
-255
-232
235
332
-335
-474
475
484
-485
-487
-495
497
-985
989
995
-999
