147
-141
-142
-143
-144
-145
-146
-148
-149
-157
-167
-247
-257
-267
-347
-357
-367
-117
-127
-137
-177
-187
-197
-447
-547
-647
-747
-847
-947
173
-171
-172
-174
-175
-176
-178
-179
-183
-193
-273
-283
-293
-373
-383
-393
-113
-123
-133
-153
-163
-473
-573
-673
-773
-873
-973
198
-191
-192
-194
-195
-196
-199
-188
-278
-288
-298
-378
-388
-398
-118
-128
-138
-158
-168
-498
-598
-698
-798
-898
-998
228
-221
-222
-223
-224
-225
-226
-227
-229
-218
-238
-318
-328
-338
-248
-258
-268
-428
-528
-628
-728
-828
-928
261
-262
-263
-264
-265
-266
-269
-151
-161
-241
-251
-341
-351
-361
-211
-231
-271
-281
-291
-461
-561
-661
-761
-861
-961
286
-282
-284
-285
-287
-289
-186
-276
-296
-376
-386
-396
-216
-236
-246
-256
-486
-586
-686
-786
-886
-986
314
-311
-312
-313
-315
-316
-317
-319
-114
-124
-134
-214
-234
-324
-334
-344
-354
-364
-374
-384
-394
-414
-514
-614
-714
-814
-914
327
-321
-322
-323
-325
-326
-329
-217
-237
-337
-377
-387
-397
-427
-527
-627
-727
-827
-927
369
-362
-363
-365
-366
-368
-159
-169
-249
-259
-349
-359
-339
-379
-389
-399
-469
-569
-669
-769
-869
-969
392
-391
-395
-182
-272
-292
-372
-382
-332
-342
-352
-492
-592
-692
-792
-892
-992
411
-412
-413
-415
-416
-417
-418
-419
-421
-431
-511
-521
-531
-611
-621
-631
-441
-451
-471
-481
-491
-111
-711
-811
-911
488
-482
-483
-484
-485
-487
-489
-478
-578
-588
-678
-688
-438
-448
-458
-468
-788
-888
-988
539
-532
-533
-534
-535
-536
-537
-538
-429
-439
-519
-529
-619
-629
-639
-549
-559
-579
-589
-599
-139
-239
-739
-839
-939
576
-571
-572
-574
-575
-577
-476
-496
-596
-676
-696
-516
-526
-546
-556
-566
-776
-876
-976
626
-622
-623
-624
-625
-426
-436
-616
-636
-646
-656
-666
-126
-726
-826
-926
693
-691
-694
-695
-697
-699
-493
-583
-593
-683
-613
-633
-643
-653
-663
-793
-893
-993
713
-712
-715
-716
-717
-718
-719
-723
-733
-813
-823
-833
-913
-923
-933
-743
-753
-763
-783
-213
-513
746
-741
-742
-744
-745
-748
-749
-756
-766
-846
-856
-866
-946
-956
-966
-736
-796
-346
-446
784
-781
-782
-785
-787
-789
-774
-794
-874
-884
-894
-974
-984
-994
-724
-734
-754
-764
-184
-584
-684
797
-791
-795
-799
-777
-877
-887
-897
-977
-987
-997
-737
-757
-767
-297
277
-274
-275
-279
294
-295
-299
189
-181
-185
-119
-129
219
-212
-215
-244
-254
-819
-919
-477
-677
-689
-889
-989
-494
-594
-497
-597
825
-821
-822
-824
-829
-725
-735
-815
-835
-915
-925
-935
-845
-855
-865
-875
-885
-895
-125
-425
-525
848
-841
-842
-843
-844
-849
-758
-768
-858
-868
-948
-958
-968
-818
-838
-878
-348
358
-353
-355
-356
336
-331
-333
-335
233
-232
-235
-116
-136
-243
-253
343
-345
-433
-836
-936
-443
-543
-943
-548
-648
-558
-658
883
-881
-882
-983
-853
-863
916
-912
-917
-918
-816
896
-891
-899
-996
937
-931
-932
-934
-938
-817
812
-722
-732
-832
-922
-837
738
-731
-778
978
-971
-972
-975
-979
-852
-862
-872
-957
-967
-112
115
-135
-155
-165
-512
-612
-515
-615
-437
-637
-638
965
-962
-963
-964
953
-951
-952
-954
-955
-959
-755
-765
762
-752
-942
-945
-772
982
-981
-985
775
-771
-779
-995
-453
-553
-162
-462
-562
-662
-465
-565
-665
-375
371
-381
385
-671
-871
879
991
-999
-859
-921
-941
-475
-675
-479
-679
499
-495
-449
-459
-582
-682
-585
-685
595
-591
-545
-555
-121
122
131
-132
-152
721
-729
-831
834
-924
929
-751
759
851
-854
-857
867
-864
944
-949
-422
-522
-434
-634
-444
-544
-644
649
-641
-642
-645
-659
541
-542
-551
-651
-581
587
681
-687
552
-554
-557
-442
445
-452
-652
-455
-655
-435
432
-632
635
-472
474
672
-674
-424
423
-523
524
-463
563
-564
-567
-568
668
-664
-667
-454
-464
654
-657
-517
518
617
-618
242
-245
-252
255
-154
156
164
-166
-456
457
466
-467
