136
-131
-132
-133
-134
-135
-137
-138
-139
-116
-126
-216
-226
-236
-316
-326
-336
-146
-156
-166
-176
-186
-196
-436
-536
-636
-736
-836
-936
147
-141
-142
-143
-144
-145
-148
-149
-157
-167
-247
-257
-267
-347
-357
-367
-117
-127
-177
-187
-197
-447
-547
-647
-747
-847
-947
173
-171
-172
-174
-175
-178
-179
-183
-193
-273
-283
-293
-373
-383
-393
-113
-123
-153
-163
-473
-573
-673
-773
-873
-973
211
-212
-213
-214
-215
-217
-218
-219
-111
-121
-221
-231
-311
-321
-331
-241
-251
-261
-271
-281
-291
-411
-511
-611
-711
-811
-911
223
-222
-224
-225
-227
-228
-229
-233
-313
-323
-333
-243
-253
-263
-423
-523
-623
-723
-823
-923
255
-252
-254
-256
-258
-259
-155
-165
-245
-265
-345
-355
-365
-235
-275
-285
-295
-455
-555
-655
-755
-855
-955
299
-292
-294
-296
-297
-298
-189
-199
-279
-289
-379
-389
-399
-239
-249
-269
-499
-599
-699
-799
-899
-999
317
-312
-314
-315
-318
-319
-237
-327
-337
-377
-387
-397
-417
-517
-617
-717
-817
-917
328
-322
-324
-325
-329
-118
-128
-238
-338
-348
-358
-368
-378
-388
-398
-428
-528
-628
-728
-828
-928
346
-341
-342
-343
-344
-349
-246
-266
-356
-366
-376
-386
-396
-446
-546
-646
-746
-846
-946
353
-351
-352
-354
-359
-363
-453
-553
-653
-753
-853
-953
381
-382
-384
-385
-181
-191
-371
-391
-361
-481
-581
-681
-781
-881
-981
418
-412
-413
-414
-415
-416
-419
-438
-518
-538
-618
-638
-448
-458
-468
-478
-488
-498
-718
-818
-918
467
-461
-462
-463
-464
-465
-466
-469
-457
-557
-567
-657
-667
-427
-437
-477
-487
-497
-767
-867
-967
514
-512
-513
-515
-516
-519
-424
-434
-524
-534
-614
-624
-634
-544
-554
-564
-574
-584
-594
-114
-714
-814
-914
552
-551
-556
-558
-559
-442
-452
-542
-562
-642
-652
-662
-522
-532
-572
-582
-592
-152
-752
-852
-952
597
-591
-593
-595
-596
-598
-577
-587
-677
-687
-697
-527
-537
-797
-897
-997
641
-643
-644
-645
-648
-649
-441
-451
-541
-561
-651
-661
-621
-631
-671
-691
-741
-841
-941
696
-692
-693
-694
-695
-698
-476
-486
-496
-576
-586
-676
-686
-616
-626
-656
-666
-796
-896
-996
727
-721
-722
-724
-725
-726
-729
-737
-827
-837
-927
-937
-757
-777
-787
-627
637
-632
-633
-635
-639
751
-754
-756
-758
-759
-761
-851
-861
-951
-961
-731
-771
-791
-151
161
-162
-164
-168
-169
764
-762
-763
-765
-766
-768
-769
-744
-844
-854
-864
-944
-954
-964
-734
-774
-784
-794
-264
-364
-664
788
-782
-783
-785
-786
-789
-778
-798
-878
-888
-898
-978
-988
-998
-738
-748
-188
-288
-588
-688
198
-192
-194
-195
-278
-158
793
-792
-795
-883
-893
-983
-993
-713
-733
-743
-493
813
-812
-815
-816
-819
-833
-913
-933
-843
-863
-613
857
-856
-858
-859
-957
-877
-887
886
-882
-884
-885
-889
-776
-876
-976
-986
716
-712
-715
-719
-826
-916
-926
-866
276
-272
-274
-277
-286
287
-282
-284
977
-971
-972
-974
-975
-979
-987
894
-891
-892
-895
-874
-984
-994
-824
-834
-394
-494
932
-931
-934
-935
-938
-939
-732
-822
-832
-912
-922
924
-921
-925
-929
838
-831
-835
-839
821
-825
-829
-871
991
-992
-995
-848
-868
-942
-962
-982
-421
-521
-124
-232
234
-334
-244
154
-159
369
-362
-184
374
-372
-375
-339
-332
335
-115
-125
185
-182
392
-395
-432
-435
-535
-735
739
915
-919
-749
-779
-945
-965
-985
989
-879
-949
-959
-969
-615
-439
-539
444
-443
-445
-449
-454
-654
-474
-484
-569
-669
-869
849
-842
-845
-549
-674
684
-682
-683
-685
-689
663
-665
-668
-543
-563
943
-948
-963
482
-483
-485
-489
-472
-492
-672
583
-585
-589
-422
433
-431
531
-533
-571
471
-475
-479
-491
495
-575
-675
-425
625
-622
-629
612
-619
-525
-112
119
122
-129
968
-966
956
-958
-456
459
566
-565
-568
545
-548
658
-659
426
-429
-526
529
578
-579
-678
679
-745
742
-862
865
-772
775
872
-875
-242
248
262
-268
