122
-121
-123
-124
-125
-126
-127
-128
-129
-112
-132
-212
-222
-232
-312
-322
-332
-142
-152
-162
-172
-182
-192
-422
-522
-622
-722
-822
-922
155
-151
-153
-154
-156
-157
-158
-159
-145
-165
-245
-255
-265
-345
-355
-365
-115
-135
-175
-185
-195
-455
-555
-655
-755
-855
-955
173
-171
-174
-176
-177
-178
-179
-183
-193
-273
-283
-293
-373
-383
-393
-113
-133
-143
-163
-473
-573
-673
-773
-873
-973
258
-251
-252
-253
-254
-256
-257
-259
-148
-168
-248
-268
-348
-358
-368
-218
-228
-238
-278
-288
-298
-458
-558
-658
-758
-858
-958
361
-362
-363
-364
-366
-367
-369
-141
-161
-241
-261
-341
-351
-311
-321
-331
-371
-381
-391
-461
-561
-661
-761
-861
-961
446
-441
-442
-443
-444
-445
-447
-448
-449
-456
-466
-546
-556
-566
-646
-656
-666
-416
-426
-436
-476
-486
-496
-146
-246
-346
-746
-846
-946
452
-451
-453
-454
-457
-459
-462
-542
-552
-562
-642
-652
-662
-412
-432
-472
-482
-492
-352
-752
-852
-952
475
-471
-474
-477
-478
-479
-485
-495
-575
-585
-595
-675
-685
-695
-415
-425
-435
-465
-275
-375
-775
-875
-975
511
-512
-513
-514
-515
-516
-517
-518
-519
-411
-421
-431
-521
-531
-611
-621
-631
-541
-551
-571
-581
-591
-111
-211
-711
-811
-911
538
-532
-533
-534
-535
-536
-537
-539
-418
-428
-438
-528
-618
-628
-638
-548
-568
-578
-588
-598
-138
-338
-738
-838
-938
574
-572
-576
-577
-579
-484
-494
-584
-594
-674
-684
-694
-524
-544
-554
-564
-274
-374
-774
-874
-974
617
-612
-613
-614
-615
-616
-619
632
-633
-634
-635
-636
-637
-639
-417
-427
-437
-527
-627
-672
-682
-692
-647
-657
-667
-677
-687
-697
-117
-217
-317
-717
-817
-917
-732
-832
-932
742
-741
-743
-744
-745
-747
-748
-749
-762
-842
-862
-942
-962
-712
-772
-782
-792
-242
-342
262
-263
-264
-266
-267
-269
-272
-282
-292
787
-781
-783
-784
-785
-786
-788
-789
-777
-797
-877
-887
-897
-977
-987
-997
-727
-737
-757
-767
-187
-287
-387
-487
-587
814
-812
-813
-815
-816
-818
-819
912
-913
-914
-915
-916
-918
-919
-714
-724
-734
-824
-834
-924
-934
-844
-854
-864
-884
-894
-972
-982
-992
-114
-214
-314
-414
843
-841
-845
-847
-848
-849
-753
-763
-853
-863
-943
-953
-963
-823
-833
-883
-893
-243
-343
353
-354
-356
-357
-359
166
-164
-167
-169
-116
-136
-186
-196
-313
-323
-333
-543
-643
-553
-653
-766
-866
-966
981
-983
-984
-985
-986
-988
-989
-771
-791
-871
-881
-891
-971
-991
-921
-931
-941
-951
641
-644
-645
-648
-649
-651
-671
-681
-691
948
-944
-945
-947
-949
-768
-868
-968
-928
-978
-998
545
-547
-549
-565
-665
-525
625
-623
-624
-626
-629
526
-523
-529
-586
-596
-225
-325
-725
-825
-925
-226
-326
-726
-826
-926
271
-276
-277
-279
-181
-191
-281
-291
131
-134
-137
-139
-221
-231
-731
-831
377
-372
-376
-378
-379
-197
-297
-397
147
-144
-149
-247
-347
-327
-337
872
-876
-878
-879
-882
-892
-481
491
-493
-497
-498
-499
597
-592
-593
-599
582
-583
-589
467
-463
-464
-468
-469
-557
559
-567
668
-663
-664
-669
563
-569
654
-659
488
-483
-489
-678
-688
-698
-754
-954
-759
-859
-959
-867
-967
778
-776
-779
-798
-888
-898
-718
-728
828
-821
-827
-829
721
-723
-729
-751
756
851
-856
-857
-956
957
-716
-736
-796
837
-835
-836
-839
936
-933
-935
-937
-939
-927
-976
979
-799
-889
-899
-999
869
-865
-769
-969
-996
-929
923
-713
-733
793
-794
-795
-993
994
-995
764
-765
-964
965
-223
-423
227
-224
-229
-237
-328
-236
-336
676
-679
-686
-696
-382
392
-394
-395
-396
-398
-399
683
-689
-693
699
-188
-388
198
-194
-199
184
-189
-284
-294
-384
-118
119
318
-315
-316
-319
216
-213
-215
-219
233
-234
-235
-239
335
-334
-339
324
-329
244
-249
-344
349
-286
-296
386
-385
-389
413
-419
-433
715
-719
-735
739
-424
429
434
-439
-886
885
-895
896
-285
289
295
-299
