135
-131
-132
-133
-134
-136
-137
-138
-139
-115
-125
-215
-225
-235
-315
-325
-335
-145
-155
-165
-175
-185
-195
-435
-535
-635
-735
-835
-935
157
-151
-152
-153
-154
-156
-158
-159
-147
-167
-247
-257
-267
-347
-357
-367
-117
-127
-177
-187
-197
-457
-557
-657
-757
-857
-957
246
-241
-242
-243
-244
-245
-248
-249
-146
-166
-256
-266
-346
-356
-366
-216
-226
-236
-276
-286
-296
-446
-546
-646
-746
-846
-946
269
-261
-262
-263
-264
-265
-268
-149
-169
-259
-349
-359
-369
-219
-229
-239
-279
-289
-299
-469
-569
-669
-769
-869
-969
272
-271
-273
-274
-275
-277
-278
-172
-182
-192
-282
-292
-372
-382
-392
-212
-222
-232
-252
-472
-572
-672
-772
-872
-972
337
-331
-332
-333
-334
-336
-338
-339
-217
-227
-237
-317
-327
-377
-387
-397
-437
-537
-637
-737
-837
-937
344
-341
-342
-343
-345
-348
-144
-164
-254
-354
-364
-314
-324
-374
-384
-394
-444
-544
-644
-744
-844
-944
393
-391
-395
-396
-398
-399
-173
-183
-193
-283
-293
-373
-383
-313
-323
-353
-363
-493
-593
-693
-793
-893
-993
431
-432
-433
-434
-436
-438
-439
-411
-421
-511
-521
-531
-611
-621
-631
-441
-451
-461
-471
-481
-491
-231
-731
-831
-931
454
-452
-453
-455
-456
-458
-459
-464
-554
-564
-654
-664
-414
-424
-474
-484
-494
-754
-854
-954
462
-463
-465
-466
-467
-468
-442
-542
-552
-562
-642
-652
-662
-412
-422
-482
-492
-162
-362
-762
-862
-962
527
-522
-523
-524
-525
-526
-528
-529
-417
-427
-517
-617
-627
-547
-567
-577
-587
-597
-727
-827
-927
532
-533
-534
-536
-538
-539
-512
-612
-622
-632
-582
-592
-732
-832
-932
574
-571
-573
-575
-576
-578
-579
-584
-594
-674
-684
-694
-514
-174
-774
-874
-974
585
-581
-583
-586
-588
-589
-475
-485
-495
-595
-675
-685
-695
-515
-545
-555
-565
-285
-385
-785
-885
-985
641
-643
-645
-647
-648
-649
-541
-551
-561
-651
-661
591
-596
-598
-599
-671
-681
-691
-141
-741
-841
-941
-191
-291
-791
-891
-991
659
-653
-655
-656
-658
-449
-549
-559
519
-513
-516
-518
-419
-429
-619
-629
-639
-679
-689
-699
-119
-319
-719
-819
-919
-759
-859
-959
673
-676
-677
-678
-473
-483
-683
-613
-623
-633
-663
-773
-873
-973
715
-711
-712
-713
-714
-716
-717
-718
-725
-815
-825
-915
-925
-745
-755
-765
-775
-795
-415
-615
726
-721
-722
-723
-724
-728
-729
-736
-816
-826
-836
-916
-926
-936
-756
-766
-776
-786
-796
-126
-326
-426
-626
636
-634
-638
-416
-616
-666
-686
-696
764
-761
-763
-767
-768
-864
-964
-734
-784
-794
777
-771
-778
-779
-787
-797
-877
-887
-897
-977
-987
-997
-747
-477
834
-833
-838
-839
-814
-824
-914
-924
-934
-884
-894
-234
848
-842
-843
-845
-847
-849
-748
-758
-858
-868
-948
-958
-968
-818
-828
-878
-888
-898
-148
-448
-548
543
-443
-553
-563
-143
142
-352
-112
-122
-742
-942
-743
749
-949
-739
-789
-799
939
-933
-938
-829
-929
-979
-989
-999
-943
861
-863
-865
-866
-867
-751
-851
-951
-961
781
-782
-783
-788
-871
-881
-971
-981
-811
-821
817
-812
-813
-917
-161
-361
-181
-281
-381
956
-952
-953
-955
-856
-966
-976
-986
-996
-556
558
566
-568
-668
-258
-358
975
-978
-875
-895
-995
855
-852
-853
752
-753
963
-965
-967
-945
947
-792
798
-988
-998
733
-738
-823
822
-912
-922
-913
-923
-882
-892
883
-886
-889
-983
312
-311
-316
-318
-322
116
-111
-113
-114
-118
-176
-186
-196
-233
238
-128
-218
-228
-328
-288
-298
445
-447
-665
667
-425
625
-624
-628
614
-618
-687
-697
-214
253
-251
-255
351
-355
-163
168
365
-368
123
-121
-124
-129
-213
211
-221
-321
329
-223
224
171
-178
-179
-371
-188
-198
-284
287
-297
-294
295
-375
-379
-389
-911
918
921
-928
413
-418
-423
428
-478
-488
-498
378
-376
386
-388
-486
-487
489
497
-496
-499
476
-479
-876
879
896
-899
688
-682
692
-698
982
-984
-992
994
184
-189
-194
199
