122
-121
-123
-124
-125
-126
-127
-128
-129
-112
-132
-212
-222
-232
-312
-322
-332
-142
-152
-162
-172
-182
-192
-422
-522
-622
-722
-822
-922
145
-141
-143
-144
-146
-147
-148
-149
-155
-165
-245
-255
-265
-345
-355
-365
-115
-135
-175
-185
-195
-445
-545
-645
-745
-845
-945
281
-282
-283
-284
-285
-286
-287
-288
-289
-171
-181
-191
-271
-291
-371
-381
-391
-211
-221
-231
-241
-251
-261
-481
-581
-681
-781
-881
-981
293
-292
-294
-295
-296
-297
-298
-299
-173
-183
-193
-273
-373
-383
-393
-213
-223
-233
-243
-253
-263
-493
-593
-693
-793
-893
-993
396
-392
-394
-395
-397
-398
-399
-176
-186
-196
-276
-376
-386
-316
-326
-336
-346
-356
-366
-496
-596
-696
-796
-896
-996
411
-412
-413
-414
-415
-416
-417
-418
-419
-421
-431
-511
-521
-531
-611
-621
-631
-441
-451
-461
-471
-491
-111
-311
-711
-811
-911
453
-452
-454
-455
-456
-457
-458
-459
-443
-463
-543
-553
-563
-643
-653
-663
-423
-433
-473
-483
-153
-353
-753
-853
-953
484
-482
-485
-486
-487
-488
-489
-474
-494
-574
-584
-594
-674
-684
-694
-424
-434
-444
-464
-184
-384
-784
-884
-984
528
-523
-524
-525
-526
-527
-529
-428
-438
-518
-538
-618
-628
-638
-548
-558
-568
-578
-588
-598
-228
-328
-728
-828
-928
547
-541
-542
-544
-546
-549
-447
-467
-557
-567
-647
-657
-667
-517
-537
-577
-587
-597
-247
-347
-747
-847
-947
575
-571
-572
-573
-576
-579
-475
-495
-585
-595
-675
-685
-695
-515
-535
-555
-565
-275
-375
385
-382
-387
-388
-389
-315
-325
-335
-775
-875
-975
-785
-885
-985
742
-741
-743
-744
-746
-748
-749
-752
-762
-842
-852
-862
-942
-952
-962
-712
-732
-772
-782
-792
-242
-342
-442
-642
765
-761
-763
-764
-766
-767
-768
-769
-755
-855
-865
-955
-965
-715
-725
-735
-795
655
-651
-652
-654
-656
-658
-659
-465
-665
-615
-625
-635
777
-771
-773
-774
-776
-778
-779
-787
-797
-877
-887
-897
-977
-987
-997
-717
-727
-737
-757
-177
-277
-377
-477
-677
816
-812
-813
-814
-815
-817
-818
-819
-716
-726
-736
-826
-836
-916
-926
-936
-846
-856
-866
-876
-886
-116
-216
-516
-616
833
-831
-832
-834
-835
-837
-838
-839
-713
-723
-733
-823
-913
-923
-933
783
-786
-788
-789
-873
-883
-973
-983
756
-751
-754
-758
-759
-946
-956
-966
-843
-863
-133
-333
-533
-633
-156
-256
-556
673
-671
-672
-676
-678
-679
-583
-683
513
-512
-514
-519
-613
-623
-113
163
-161
-164
-166
-167
-168
-169
-343
-363
136
-131
-134
-137
-138
-139
-226
-236
151
-154
-157
-158
-159
-341
-351
-361
-313
323
-321
-324
-327
-329
331
-334
-337
-338
-339
-731
-931
-436
-536
-636
943
-941
-944
-948
-949
-963
-551
-851
-951
918
-912
-914
-915
-917
-919
932
-934
-935
-937
-938
-939
-718
-738
798
-791
-794
-799
-878
-888
-898
-978
-988
-998
721
-724
-729
-821
-921
-972
-982
-992
-958
-968
612
-614
-617
-619
-432
-532
-632
-662
-682
-692
215
-214
-217
-218
-219
-225
-235
-118
-318
238
-234
-237
-239
-248
-258
-268
-278
435
-437
-439
-425
637
-634
-639
-427
-627
497
-492
-498
-499
-687
-697
187
-188
-189
-197
-117
317
-314
-319
-227
-357
-367
688
-686
-689
-478
-698
-648
-668
-198
178
-174
-179
-378
-114
119
224
-229
194
-199
-274
-374
-244
-254
-264
714
-719
-734
739
-824
-924
-829
-929
-624
534
-539
-554
-564
-894
-994
246
-249
-266
-446
-646
252
-257
-259
-262
-352
-362
267
-269
-272
279
372
-379
-552
559
-449
448
-468
-469
-569
-649
-669
-589
-599
-348
-848
-359
-859
-959
-867
-967
-472
462
-466
-562
-872
-479
476
-586
582
-592
591
-691
699
-426
429
626
-629
-561
566
-666
-976
986
-989
-879
-979
-882
889
892
-891
-895
-899
995
-991
-999
825
-827
-925
927
857
-854
-858
-957
954
-844
-864
-964
868
-861
-869
874
-871
971
-974
841
-849
-961
969
-641
644
661
-664
-344
349
-369
-354
358
364
-368
