123
-121
-122
-124
-125
-126
-127
-128
-129
-113
-133
-213
-223
-233
-313
-323
-333
-143
-153
-163
-173
-183
-193
-423
-523
-623
-723
-823
-923
138
-131
-132
-134
-135
-136
-137
-139
-118
-218
-228
-238
-318
-328
-338
-148
-158
-168
-178
-188
-198
-438
-538
-638
-738
-838
-938
171
-172
-174
-175
-176
-177
-179
-181
-191
-271
-281
-291
-371
-381
-391
-111
-141
-151
-161
-471
-571
-671
-771
-871
-971
254
-251
-252
-253
-255
-256
-257
-258
-259
-144
-154
-164
-244
-264
-344
-354
-364
-214
-224
-234
-274
-284
-294
-454
-554
-654
-754
-854
-954
262
-261
-263
-265
-266
-267
-268
-269
-142
-152
-162
-242
-342
-352
-362
-212
-222
-232
-272
-282
-292
-462
-562
-662
-762
-862
-962
443
-441
-442
-444
-445
-446
-447
-448
-449
-453
-463
-543
-553
-563
-643
-653
-663
-413
-433
-473
-483
-493
-243
-343
-743
-843
-943
466
-461
-464
-465
-467
-468
-469
-456
-546
-556
-566
-646
-656
-666
-416
-426
-436
-476
-486
-496
-166
-366
-766
-866
-966
512
-511
-513
-514
-515
-516
-517
-518
-519
-412
-422
-432
-522
-532
-612
-622
-632
-542
-552
-572
-582
-592
-112
-312
-712
-812
-912
584
-581
-583
-585
-586
-587
-588
-589
-474
-484
-494
-574
-594
-674
-684
-694
-524
-534
-544
-564
-184
-384
-784
-884
-984
616
-611
-613
-614
-615
-617
-618
-619
-526
-536
-626
-636
-676
-686
-696
-116
-216
-316
-716
-816
-916
685
-681
-682
-683
-687
-688
-689
-475
-485
-495
-575
-595
-675
-695
-625
-635
-645
-655
-665
-185
-285
-385
-785
-885
-985
741
-742
-744
-745
-746
-747
-748
-749
-751
-761
-841
-851
-861
-941
-951
-961
-711
-721
-731
-781
-791
-241
-341
-541
-641
773
-772
-774
-775
-776
-777
-778
-779
-783
-793
-873
-883
-893
-973
-983
-993
-713
-733
-753
-763
-273
-373
-573
-673
814
-811
-813
-815
-817
-818
-819
-714
-724
-734
-824
-834
-914
-924
-934
-844
-864
-874
-894
913
-911
-915
-917
-918
-919
-833
-933
-953
-963
-114
194
-192
-195
-196
-197
-199
-374
-394
182
-186
-187
-189
-372
-382
-392
-314
-414
974
-972
-975
-976
-977
-978
-979
-794
-994
764
-765
-767
-768
-769
-944
-964
644
-642
-647
-648
-649
-664
-624
-634
-482
-782
-882
-982
855
-852
-853
-856
-857
-858
-859
863
-865
-867
-868
-869
-755
-845
-945
-955
-965
-825
-835
-875
-895
353
-351
-355
-356
-357
-358
-359
361
-363
-365
-367
-368
-369
-311
-321
-331
-383
-393
-155
-455
-555
-561
-661
283
-286
-287
-288
-289
-293
927
-921
-922
-925
-926
-928
-929
-717
-727
-737
-827
-837
-937
-947
-957
-967
-987
-997
-227
-327
-427
-527
-627
998
-991
-992
-995
-996
-999
795
-792
-796
-797
-798
-799
-788
-878
-888
-898
-988
-715
-725
-735
935
-931
-932
-936
-939
981
-986
-989
-881
-891
-948
-958
-968
969
-759
-849
-949
-959
-235
-335
-435
-535
-169
-569
-669
-481
-295
-395
-298
-398
-498
-598
-698
115
-117
-119
-215
-225
-315
-325
-145
-165
167
-147
-157
-247
-347
-415
425
-421
-424
-428
-429
434
-431
-437
-439
-525
324
-322
-326
-329
332
-334
-336
-337
-339
-732
-832
565
-567
-568
-545
-667
668
-458
-548
-558
-658
-628
-678
758
-752
-756
-757
847
-842
-846
-848
722
-726
-728
-729
-822
787
-786
-789
-877
-887
-897
736
-739
-826
-836
-718
719
828
-821
-829
831
-839
418
-411
-417
-419
-528
-478
-488
578
-576
-577
-579
596
-591
-593
-597
-599
693
-691
-692
-697
-699
491
-492
-497
-499
-451
533
-531
-537
-539
-633
637
-631
-639
-657
-677
211
-217
-219
-221
-231
317
-319
-237
-377
-387
-397
226
-229
-236
239
-246
-276
-296
-249
-279
-299
297
-277
942
-946
-952
956
-547
549
-459
-559
-659
557
-551
651
-652
452
-457
-472
672
-679
521
-529
-621
629
-149
146
-156
159
-346
-349
-872
892
-896
-899
477
-479
-487
489
-278
275
-375
-245
248
345
-348
-378
388
-386
-389
886
-889
-876
879
376
-379
-396
399
