131
-132
-133
-134
-135
-136
-137
-138
-139
-111
-121
-211
-221
-231
-311
-321
-331
-141
-151
-161
-171
-181
-191
-431
-531
-631
-731
-831
-931
144
-142
-143
-145
-146
-147
-148
-149
-154
-164
-244
-254
-264
-344
-354
-364
-114
-124
-174
-184
-194
-444
-544
-644
-744
-844
-944
169
-162
-163
-165
-166
-167
-168
-159
-249
-259
-269
-349
-359
-369
-119
-129
-179
-189
-199
-469
-569
-669
-769
-869
-969
187
-182
-183
-185
-186
-188
-177
-197
-277
-287
-297
-377
-387
-397
-117
-127
-157
-487
-587
-687
-787
-887
-987
229
-222
-223
-224
-225
-226
-227
-228
-219
-239
-319
-329
-339
-279
-289
-299
-429
-529
-629
-729
-829
-929
267
-261
-262
-263
-265
-266
-268
-247
-257
-347
-357
-367
-217
-237
-467
-567
-667
-767
-867
-967
285
-281
-282
-283
-284
-286
-288
-175
-195
-275
-295
-375
-385
-395
-215
-235
-245
-255
-485
-585
-685
-785
-885
-985
296
-291
-292
-293
-294
-298
-176
-196
-276
-376
-386
-396
-216
-236
-246
-256
-496
-596
-696
-796
-896
-996
341
-342
-343
-345
-346
-348
-241
-251
-351
-361
271
-272
-273
-274
-278
-371
-381
-391
-441
-541
-641
-741
-841
-941
-471
-571
-671
-771
-871
-971
477
-472
-473
-474
-475
-476
-478
-479
-497
-577
-597
-677
-697
-417
-427
-437
-447
-457
-777
-877
-977
483
-481
-482
-484
-486
-488
-489
-493
-573
-583
-593
-673
-683
-693
-413
-423
-433
-443
-453
-463
-383
-783
-883
-983
528
-521
-522
-523
-524
-525
-526
-527
-418
-428
-438
-518
-538
-618
-628
-638
-548
-558
-568
-578
-588
-598
-128
-328
-728
-828
-928
539
-532
-533
-534
-535
-536
-537
-419
-439
-519
-619
-639
-549
-559
-579
-589
-599
-739
-839
-939
543
-542
-545
-546
-547
-553
-563
-643
-653
-663
-513
-243
-743
-843
-943
564
-561
-562
-565
-566
-454
-464
-554
-654
-664
-514
-574
-584
-594
-764
-864
-964
572
-575
-576
-492
-582
-592
-672
-682
-692
-512
-552
-172
-372
-772
-872
-972
581
-586
-491
-591
595
-681
-691
-495
-675
-695
-511
-551
-515
-555
-781
-881
-981
-795
-895
-995
623
-621
-622
-624
-625
-626
-627
-613
-633
-123
-323
-723
-823
-923
632
-634
-635
-636
-637
-412
-422
-432
-612
-642
-652
-662
-232
-332
-732
-832
-932
762
-761
-763
-765
-766
-768
-742
-752
-842
-852
-862
-942
-952
-962
-712
-722
-782
-792
-362
-462
818
-811
-812
-813
-814
-815
-816
-817
-819
-718
-738
-838
-918
-938
-848
-858
-868
-878
-888
-898
-118
-218
-318
827
-821
-822
-824
-825
-826
-717
-727
-737
-837
-917
-927
-937
-847
-857
-897
-327
337
-333
-334
-335
-336
-338
-317
238
-233
-234
214
-212
-213
-314
-324
253
-252
-258
-153
-353
-363
242
-248
-152
-352
-414
-614
-714
-914
-442
452
-451
-455
-456
-458
-459
-753
-853
-953
846
-845
-849
-746
-756
-856
-866
-946
-956
-966
-836
-876
-886
-446
-646
884
-882
-889
-774
-784
-794
-874
-894
-974
-984
-994
892
-891
-893
-899
-982
-992
-834
-854
382
-384
-388
-389
-192
-392
-312
-322
-684
924
-921
-922
-925
-926
912
-911
-913
-915
-916
-919
-724
-734
-934
719
-711
-713
-715
-716
721
-725
-726
-751
-791
991
-993
-997
-998
-999
797
-793
-798
-799
754
-755
-757
-758
-759
-954
-747
-749
-779
-789
-951
-961
-112
122
-125
-126
-421
-424
434
-435
-436
-494
948
-945
-947
-949
957
-955
-958
-959
-748
745
-855
-865
-965
-968
963
-863
861
-851
859
-735
-775
-879
-933
-973
-978
-988
-445
-645
647
-648
-649
-557
556
-466
-656
-666
-657
-516
517
-617
-448
449
-659
-499
498
-678
-688
-698
-468
651
-655
-658
-461
465
-661
-665
668
411
-415
-416
-611
-425
426
615
-616
-115
155
-156
-158
-355
-365
116
-113
313
-315
-316
325
-326
-373
-393
-356
358
366
-368
-378
-398
788
-786
-778
178
-173
193
-198
979
-975
-976
875
-873
773
-776
986
-989
-733
736
833
-835
935
-936
676
-674
-679
694
-699
-686
689
374
-379
-394
399
