139
-131
-132
-133
-134
-135
-136
-137
-138
-119
-129
-219
-229
-239
-319
-329
-339
-149
-159
-169
-179
-189
-199
-439
-539
-639
-739
-839
-939
166
-161
-162
-163
-164
-165
-167
-168
-146
-156
-246
-256
-266
-346
-356
-366
-116
-126
-176
-186
-196
-466
-566
-666
-766
-866
-966
232
-231
-233
-234
-235
-236
-237
-238
-112
-122
-212
-222
-312
-322
-332
-242
-252
-262
-272
-282
-292
-432
-532
-632
-732
-832
-932
278
-271
-273
-274
-275
-276
-277
-279
-178
-188
-198
-288
-298
-378
-388
-398
-218
-228
-248
-258
-268
-478
-578
-678
-778
-878
-978
297
-291
-293
-294
-295
-296
-299
-177
-187
-197
-287
-377
-387
-397
-217
-227
-247
-257
-267
-497
-597
-697
-797
-897
-997
315
-311
-313
-314
-316
-317
-318
-115
-125
-215
-225
-325
-335
-345
-355
-365
-375
-385
-395
-415
-515
-615
-715
-815
-915
321
-323
-324
-326
-327
-328
-111
-121
-211
-221
-331
-341
-351
-361
-371
-381
-391
-421
-521
-621
-721
-821
-921
357
-352
-353
-354
-358
-359
-147
-157
-347
-367
-337
-457
-557
-657
-757
-857
-957
384
-382
-383
-386
-389
-174
-184
-194
-284
-374
-394
-334
-344
-364
-484
-584
-684
-784
-884
-984
392
-393
-396
-399
-172
-182
-192
-372
-342
-362
-492
-592
-692
-792
-892
-992
468
-461
-462
-463
-464
-465
-467
-469
-448
-458
-548
-558
-568
-648
-658
-668
-418
-428
-438
-488
-498
-368
-768
-868
-968
482
-481
-483
-485
-486
-487
-489
-472
-572
-582
-672
-682
-412
-422
-442
-452
-782
-882
-982
512
-511
-513
-514
-516
-517
-518
-519
-522
-612
-622
-542
-552
-562
-712
-812
-912
536
-531
-533
-534
-535
-537
-538
-416
-426
-436
-526
-616
-626
-636
-546
-556
-576
-586
-596
-336
376
-373
-379
-286
289
-281
-283
-285
-249
-259
-269
-736
-836
-936
-476
-676
-776
-876
-976
-589
-689
-789
-889
-989
573
-571
-574
-575
-577
-579
-473
-493
-583
-593
-673
-683
-693
-523
-543
-553
-563
-173
-773
-873
-973
591
-594
-595
-598
-599
-471
-491
-581
-671
-681
-691
-541
-551
-561
-191
-791
-891
-991
623
-624
-625
-627
-628
-629
-413
-423
-433
-613
-633
-643
-653
-663
-123
-223
-723
-823
-923
642
-641
-644
-645
-646
-647
-649
-652
-662
-142
152
-151
-153
-154
-155
-158
-742
-842
-942
-752
-852
-952
717
-711
-713
-714
-716
-718
-719
-727
-737
-817
-827
-837
-917
-927
-937
-747
-767
-777
-787
-117
127
-124
-128
-417
-617
-427
-527
725
-722
-724
-726
-728
-729
-735
-825
-835
-925
-935
-745
-755
-765
-775
-785
-795
-425
-525
758
-751
-753
-754
-756
-759
-748
-848
-858
-948
-958
-738
-788
-798
781
-783
-786
-771
-871
-881
-971
-981
-731
-741
-761
171
-175
-181
-141
793
-794
-796
-799
-883
-893
-983
-993
-733
734
-814
-824
-834
-914
-924
-934
-743
-763
-744
-764
-774
746
-749
-846
-856
-946
-956
-434
-634
-446
183
-185
-193
195
-113
-143
-145
-495
-695
-895
-995
818
-811
-813
-816
-819
-828
-838
-918
-928
-938
-888
-898
-118
114
-214
-224
226
-216
213
-333
338
-144
148
-348
-243
-253
-263
-913
-414
-614
916
-911
-919
-826
-926
-986
-996
-618
528
-524
-529
424
-429
-638
-444
-454
-474
-494
-588
831
-833
-931
933
-841
-851
-861
-943
-953
-963
-431
-631
872
-874
-875
-877
-879
-772
779
-972
-899
-979
-999
762
-769
-862
-962
-822
829
922
-929
-849
-859
-869
-479
-679
945
-941
-944
-947
-949
-845
-855
-865
-955
-965
885
-886
-887
-975
-985
896
-894
-245
-445
-545
-585
587
-477
475
-675
-685
-677
674
-694
-687
-435
437
635
-637
-455
-447
-547
-567
667
-661
-664
-665
-669
-654
-655
847
-843
-844
-867
-967
-974
977
994
-998
-987
988
-954
-964
686
-688
-496
499
-696
698
-699
456
-451
-453
-459
443
-441
-449
651
-656
-659
411
-419
-611
619
241
-244
-251
-261
-343
349
363
-369
544
-549
-554
-564
-951
959
961
-969
853
-854
-863
864
254
-255
-264
265
555
-559
-565
569
