123
-121
-122
-124
-125
-126
-127
-128
-129
-113
-133
-213
-223
-233
-313
-323
-333
-143
-153
-163
-173
-183
-193
-423
-523
-623
-723
-823
-923
147
-141
-142
-144
-145
-146
-148
-149
-157
-167
-247
-257
-267
-347
-357
-367
-117
-137
-177
-187
-197
-447
-547
-647
-747
-847
-947
258
-251
-252
-253
-254
-255
-256
-259
-158
-168
-248
-268
-348
-358
-368
-218
-228
-238
-278
-288
-298
-458
-558
-658
-758
-858
-958
282
-281
-283
-284
-285
-286
-287
-289
-172
-182
-192
-272
-292
-372
-382
-392
-212
-222
-232
-242
-262
-482
-582
-682
-782
-882
-982
321
-322
-324
-325
-326
-327
-328
-329
-111
-131
-211
-221
-231
-311
-331
-341
-351
-361
-371
-381
-391
-421
-521
-621
-721
-821
-921
414
-411
-412
-413
-415
-416
-417
-418
-419
-424
-434
-514
-524
-534
-614
-624
-634
-444
-454
-464
-474
-484
-494
-114
-214
-314
-714
-814
-914
489
-481
-483
-485
-486
-487
-488
-479
-499
-579
-589
-599
-679
-689
-699
-429
-439
-449
-459
-469
-189
-389
-789
-889
-989
541
-542
-543
-544
-545
-546
-548
-549
-441
-451
-461
-551
-561
-641
-651
-661
-511
-531
-571
-581
-591
-241
-741
-841
-941
575
-572
-573
-574
-576
-577
-578
-475
-495
-585
-595
-675
-685
-695
-515
-525
-535
-555
-565
-175
-275
-375
-775
-875
-975
612
-611
-613
-615
-616
-617
-618
-619
-422
-432
-512
-522
-532
-622
-632
-642
-652
-662
-672
-692
-112
-312
-712
-812
-912
764
-761
-762
-763
-765
-766
-767
-768
-769
-744
-754
-844
-854
-864
-944
-954
-964
-724
-734
-774
-784
-794
-164
-264
-364
-564
-664
771
-772
-773
-776
-777
-778
-779
-781
-791
-871
-881
-891
-971
-981
-991
-711
-731
-751
-171
-271
-471
-671
793
-792
-795
-796
-797
-798
-799
-783
-873
-883
-893
-973
-983
-993
-713
-733
-743
-753
-293
-393
-493
-593
-693
818
-811
-813
-815
-816
-817
-819
-718
-728
-738
-828
-838
-918
-928
-938
-848
-868
-878
-888
-898
911
-913
-915
-916
-917
-919
-831
-931
-951
-961
513
-516
-517
-518
-519
-433
-533
-633
-553
-563
-583
-118
-318
852
-851
-853
-855
-856
-857
-859
861
-862
-863
-865
-866
-867
-869
-742
-752
-842
-942
-952
-962
-822
-832
-872
-892
151
-152
-154
-155
-156
-159
-161
-261
-181
-191
291
-294
-295
-296
-297
-299
-352
-452
-552
681
-683
-684
-686
-687
-688
-491
-691
431
-435
-436
-437
-438
-631
383
-384
-385
-386
-387
-388
-273
-373
-343
-353
-363
946
-943
-945
-948
-949
-746
-756
-846
-956
-966
-926
-936
-976
-986
-996
-246
-346
-446
-646
977
-972
-974
-978
-979
992
-994
-995
-997
-998
-999
-787
-877
-887
-897
-987
-922
-932
-927
-937
-957
-967
757
-755
-759
-717
-727
-737
722
-725
-726
-729
-732
-457
-557
-657
472
-473
-476
-477
-478
-492
-592
673
-674
-676
-677
-678
-442
-462
562
-566
-567
-568
-569
-643
-653
-663
342
-344
-345
-349
-162
-362
132
-134
-135
-136
-138
-139
-332
338
-334
-335
-336
-337
-339
-378
-398
-538
-638
-277
-377
397
-394
-395
-396
-399
-317
217
-215
-216
-219
-227
-237
178
-174
-176
-179
-188
-198
587
-584
-586
-588
-497
-597
-697
-527
-537
-115
-116
119
-229
-239
-319
-169
-199
-719
899
-894
-895
-896
-879
-829
-839
-849
195
-194
-196
-185
184
-186
-274
-374
-165
166
-266
-356
-366
354
-355
-359
-244
644
-645
-648
-649
-554
-654
594
-596
-598
-694
528
-526
-529
-428
-628
-466
-666
874
-876
-884
-984
-824
-834
-224
234
-235
-236
924
-925
-929
-934
629
-625
-626
-627
-539
536
-426
-636
-639
-556
559
-659
-669
-736
-836
-959
225
-226
-315
316
-245
-265
365
-369
276
-279
-376
379
715
-716
-735
739
-825
-835
-935
826
-827
837
-833
933
-939
-745
-785
786
-788
-886
885
-985
988
748
-749
-968
969
-963
-965
843
-845
-953
955
-425
427
635
-637
-467
667
-665
-668
-655
656
-456
496
-498
-696
698
-243
249
263
-269
-443
445
-448
-455
453
-463
-465
468
