122
-121
-123
-124
-125
-126
-127
-128
-129
-112
-132
-212
-222
-232
-312
-322
-332
-142
-152
-162
-172
-182
-192
-422
-522
-622
-722
-822
-922
174
-171
-173
-175
-176
-177
-178
-179
-184
-194
-274
-284
-294
-374
-384
-394
-114
-134
-144
-154
-164
-474
-574
-674
-774
-874
-974
241
-242
-243
-244
-245
-246
-247
-248
-249
-141
-151
-161
-251
-261
-341
-351
-361
-211
-221
-231
-271
-281
-291
-441
-541
-641
-741
-841
-941
266
-262
-263
-264
-265
-267
-268
-269
-146
-156
-166
-256
-346
-356
-366
-216
-226
-236
-276
-286
-296
-466
-566
-666
-766
-866
-966
347
-342
-343
-344
-345
-348
-349
-147
-157
-167
-257
-357
-367
-317
-327
-337
-377
-387
-397
-447
-547
-647
-747
-847
-947
411
-412
-413
-414
-415
-416
-417
-418
-419
-421
-431
-511
-521
-531
-611
-621
-631
-451
-461
-471
-481
-491
-111
-311
-711
-811
-911
444
-442
-443
-445
-446
-448
-449
-454
-464
-544
-554
-564
-644
-654
-664
-424
-434
-484
-494
-744
-844
-944
533
-532
-534
-535
-536
-537
-538
-539
-423
-433
-513
-523
-613
-623
-633
-543
-553
-563
-573
-583
-593
-133
-233
-333
-733
-833
-933
575
-571
-572
-576
-577
-578
-579
-475
-485
-495
-585
-595
-675
-685
-695
-515
-525
-545
-555
-565
-275
-375
-775
-875
-975
658
-651
-652
-653
-655
-656
-657
-659
-458
-468
-548
-558
-568
-648
-668
-618
-628
-638
-678
-688
-698
-158
-258
-358
-758
-858
-958
672
-671
-673
-676
-677
-679
-472
-482
-492
-582
-592
-682
-692
-612
-632
-642
-662
-272
-372
-772
-872
-972
725
-721
-723
-724
-726
-727
-728
-729
-715
-735
-815
-825
-835
-915
-925
-935
-745
-755
-765
-785
-795
-225
-325
-425
-625
752
-751
-753
-754
-756
-757
-759
-742
-762
-842
-852
-862
-942
-952
-962
-712
-732
-782
-792
542
-546
-549
-452
-462
-552
-562
432
-435
-436
-437
-438
-439
-512
-832
-932
-252
-352
362
-363
-364
-365
-368
-369
-382
-392
793
-791
-794
-796
-797
-798
-799
-773
-783
-873
-883
-893
-973
-983
-993
-713
-743
-763
-193
-293
-393
-493
-693
817
-812
-813
-814
-816
-818
-819
912
-913
-914
-916
-917
-918
-919
-717
-737
-827
-837
-927
-937
-857
-867
-877
-887
-897
-982
-992
-117
-217
-517
-617
886
-881
-882
-884
-885
-888
-889
892
-891
-894
-895
-896
-898
-899
-776
-786
-876
-976
-986
-996
-826
-836
-846
-856
282
-283
-285
-287
-288
-289
-292
-186
-386
-486
-586
-686
981
-984
-985
-987
-988
-989
-771
-781
-871
-971
-991
995
-994
-997
-998
-999
784
-787
-788
-789
-714
-734
-764
-921
-931
-951
-961
-945
-955
-965
371
-373
-376
-378
-379
-181
-191
-381
-391
131
-135
-136
-137
-138
-139
-321
-331
821
-823
-824
-828
-829
-731
-831
923
-924
-926
-928
-929
761
-767
-768
-769
-851
-861
777
-778
-779
-977
-943
-953
-963
-223
-323
551
-556
-557
-559
-561
-661
-581
-591
476
-473
-477
-478
-479
-496
-596
-696
-426
-456
646
-643
-645
-649
-616
-626
-636
-746
-946
956
-954
-957
-959
967
-964
-968
-969
934
-936
-938
-939
-834
-234
-334
-634
457
-453
-455
-459
-467
-567
569
-667
-469
-669
465
-463
663
-665
483
-487
-488
-489
-683
-427
-497
-519
-529
-589
-599
-163
-863
864
-865
-868
-869
-854
-165
168
-169
-148
-118
-188
-198
273
-277
-278
-279
-183
-383
-213
-253
-681
691
-694
-697
-699
-584
-684
594
-597
-598
-514
-524
-195
-295
-395
-113
313
-314
-315
-316
-318
-319
-353
-115
116
-119
-326
-336
-196
396
-398
-399
-516
518
526
-527
-528
-428
429
-619
-629
-639
498
-499
-588
587
-687
689
-716
736
-738
-739
-218
-718
719
838
-839
748
-749
-848
-948
949
-849
-859
-878
879
978
-979
-219
-229
-329
-238
-338
-149
-187
197
-199
-297
388
-385
-389
185
-189
-298
299
-145
143
-153
-155
159
-259
-359
228
-224
-227
237
-235
-239
-328
324
-214
215
-335
339
254
-255
-354
355
614
-615
-624
627
635
-637
-843
845
853
-855
