132
-131
-133
-134
-135
-136
-137
-138
-139
-112
-122
-212
-222
-232
-312
-322
-332
-142
-152
-162
-172
-182
-192
-432
-532
-632
-732
-832
-932
177
-171
-173
-174
-175
-176
-178
-179
-187
-197
-277
-287
-297
-377
-387
-397
-117
-127
-147
-157
-167
-477
-577
-677
-777
-877
-977
189
-181
-183
-184
-185
-186
-188
-199
-279
-289
-299
-379
-389
-399
-119
-129
-149
-159
-169
-489
-589
-689
-789
-889
-989
196
-191
-193
-194
-195
-198
-276
-286
-296
-376
-386
-396
-116
-126
-146
-156
-166
-496
-596
-696
-796
-896
-996
223
-221
-224
-225
-226
-227
-228
-229
-113
-123
-213
-233
-313
-323
-333
-243
-253
-263
-273
-283
-293
-423
-523
-623
-723
-823
-923
268
-261
-262
-264
-265
-266
-267
-269
-148
-158
-168
-248
-258
-348
-358
-368
-218
-238
-278
-288
-298
-468
-568
-668
-768
-868
-968
314
-311
-315
-316
-317
-318
-319
-114
-124
-214
-234
-324
-334
-344
-354
-364
-374
-384
-394
-414
-514
-614
-714
-814
-914
369
-361
-362
-363
-365
-366
-367
-249
-259
-349
-359
-329
-339
-469
-569
-669
-769
-869
-969
425
-421
-422
-424
-426
-427
-428
-429
-415
-435
-515
-525
-535
-615
-625
-635
-445
-455
-465
-475
-485
-495
-125
-325
-725
-825
-925
453
-451
-452
-454
-456
-457
-458
-459
-443
-463
-543
-553
-563
-643
-653
-663
-413
-433
-473
-483
-493
-153
-353
-753
-853
-953
479
-471
-472
-474
-476
-478
-499
-579
-599
-679
-699
-419
-439
-449
-779
-879
-979
516
-511
-512
-513
-517
-518
-519
-416
-436
-526
-536
-616
-626
-636
-546
-556
-566
-576
-586
-216
-716
-816
-916
547
-541
-542
-544
-545
-548
-549
-447
-467
-557
-567
-647
-657
-667
-527
-537
-587
-597
-247
-347
-747
-847
-947
565
-561
-562
-564
-555
-645
-655
-665
-575
-585
-595
-165
-765
-865
-965
592
-591
-593
-594
-598
-482
-492
-572
-582
-672
-682
-692
-522
-552
-292
-392
-792
-892
-992
633
-631
-634
-637
-638
-639
-533
-613
-673
-683
-693
-733
-833
-933
651
-652
-654
-656
-658
-659
-441
-461
-551
-641
-661
-611
-621
-671
-681
-691
-151
-251
-351
-751
-851
-951
685
-684
-686
-687
-688
-675
-695
-285
-385
-785
-885
-985
746
-741
-742
-743
-744
-745
-748
-749
-756
-766
-846
-856
-866
-946
-956
-966
-726
-736
-776
-786
-246
-346
-446
-646
752
-754
-755
-757
-758
-759
-762
-842
-852
-862
-942
-952
-962
-712
-722
-772
-782
-252
-352
791
-793
-794
-795
-797
-798
-799
-771
-781
-871
-881
-891
-971
-981
-991
-711
-721
-731
-761
-291
-391
-491
848
-841
-843
-844
-845
-849
-858
-948
-958
-818
-828
-838
-878
-888
-898
-448
-648
558
-554
-559
649
-642
-644
-528
-538
-578
-588
-619
-629
-949
887
-882
-883
-884
-886
-787
-897
-987
-997
-817
-827
-837
-857
-867
-487
918
-911
-912
-913
-915
-917
-919
-718
-728
-738
-928
-938
-978
-988
-998
-118
128
-121
-328
-338
-418
-618
-628
438
-431
-434
-437
-488
-498
921
-922
-924
-926
-927
-929
-811
-821
-831
-931
861
-863
-864
-941
-961
-321
-521
-161
936
-934
-935
-937
-939
-826
-836
876
-872
-873
-874
-875
-976
-986
326
-327
-236
-336
256
-254
-255
-257
-356
357
-355
-337
-957
967
-963
-964
-767
-676
486
-481
-484
411
-412
-417
-531
-466
666
-662
-664
497
-494
-697
-111
115
-215
-235
-335
331
-211
-231
141
-143
-144
-145
-241
-341
163
-164
-343
154
-155
-244
-371
-381
-715
-815
943
-944
-945
-763
764
-854
-954
-724
-734
-774
-784
-973
-983
-993
444
-442
462
-464
974
-972
-975
982
-984
-894
-994
-274
-574
-674
678
-698
694
-584
-624
-378
-778
788
-783
-282
-382
284
-281
271
-272
-275
372
-373
-375
-294
295
-395
242
-245
-342
345
-571
573
581
-583
-773
775
893
-895
-899
-995
999
713
-717
-719
-813
-735
835
-834
-839
824
-822
-829
812
-819
-855
859
955
-959
-612
617
622
-627
-217
219
237
-239
-524
529
534
-539
727
-729
-737
739
383
-388
-393
398
