138
-131
-132
-133
-134
-135
-136
-137
-139
-118
-128
-218
-228
-238
-318
-328
-338
-148
-158
-168
-178
-188
-198
-438
-538
-638
-738
-838
-938
213
-211
-212
-214
-215
-216
-217
-219
-113
-123
-223
-233
-313
-323
-333
-243
-253
-263
-273
-283
-293
-413
-513
-613
-713
-813
-913
224
-221
-222
-225
-226
-227
-229
-114
-124
-234
-314
-324
-334
-244
-254
-264
-274
-284
-294
-424
-524
-624
-724
-824
-924
261
-262
-265
-266
-267
-268
-269
-141
-151
-161
-241
-251
-341
-351
-361
-231
-271
-281
-291
-461
-561
-661
-761
-861
-961
282
-285
-286
-287
-288
-289
-172
-182
-192
-272
-292
-372
-382
-392
-232
-242
-252
-482
-582
-682
-782
-882
-982
321
-322
-325
-326
-327
-329
-111
-121
-311
-331
-371
-381
-391
-421
-521
-621
-721
-821
-921
348
-342
-343
-344
-345
-346
-347
-349
-248
-258
-358
-368
-378
-388
-398
-448
-548
-648
-748
-848
-948
354
-352
-353
-355
-356
-357
-359
-144
-154
-164
-364
-374
-384
-394
-454
-554
-654
-754
-854
-954
386
-383
-385
-387
-389
-176
-186
-196
-276
-296
-376
-396
-316
-336
-366
-486
-586
-686
-786
-886
-986
422
-423
-425
-426
-427
-428
-429
-412
-432
-512
-522
-532
-612
-622
-632
-442
-452
-462
-472
-492
-122
-722
-822
-922
497
-491
-493
-494
-495
-496
-498
-499
-477
-487
-577
-587
-597
-677
-687
-697
-417
-437
-447
-457
-467
-197
-297
-397
-797
-897
-997
527
-523
-525
-526
-528
-529
-517
-537
-617
-627
-637
-547
-557
-567
-127
-727
-827
-927
539
-531
-533
-534
-535
-536
-419
-439
-519
-619
-629
-639
-549
-559
-569
-579
-589
-599
-239
-339
-739
-839
-939
546
-541
-542
-543
-544
-545
-446
-456
-466
-556
-566
-646
-656
-666
-516
-576
-596
-146
-246
-746
-846
-946
563
-562
-564
-565
-568
-443
-453
-463
-553
-643
-653
-663
-573
-583
-593
-163
-363
-763
-863
-963
571
-572
-574
-575
-578
-471
-481
-581
-591
-671
-681
-691
-511
-551
-171
-771
-871
-971
588
-584
-585
-478
-488
-598
-678
-688
-698
-518
-558
-788
-888
-988
616
-611
-614
-615
-618
-416
-436
-626
-636
476
-473
-474
-475
-479
-676
-696
-116
-716
-816
-916
-776
-876
-976
685
-683
-684
-689
-485
-595
-675
-695
-625
-635
-645
-655
-665
-185
-785
-885
-985
723
-725
-726
-728
-729
-733
-823
-833
-923
-933
-743
-753
-773
-783
-793
-623
628
-418
-658
-668
-828
-928
758
-751
-752
-755
-756
-757
-759
-768
-858
-868
-958
-968
-718
-778
-798
-458
468
-464
-465
-469
766
-762
-764
-765
-767
-769
-856
-866
-956
-966
-736
-796
-166
787
-781
-784
-789
-777
-877
-887
-977
-987
-717
-737
-747
-187
829
-825
-826
-719
-819
-919
-929
-849
-859
-869
-879
-889
-899
-129
844
-841
-842
-843
-845
-847
-744
-864
-944
-964
-814
-834
-874
-884
-894
-444
-644
664
-662
-667
-669
-634
-674
-694
883
-881
-873
-893
-973
-983
-993
-853
-183
-483
433
-431
-434
-435
-633
631
-411
-641
-651
-731
-831
-931
898
-891
-892
-895
-896
996
-991
-992
-994
-995
-998
-999
-878
-978
836
-832
-835
-837
-926
925
-715
-735
-815
-915
-935
-936
-818
918
-911
-912
-914
-917
-945
-955
-965
-975
-125
126
-236
-156
256
-255
-257
-259
278
-275
-277
-279
-298
972
-974
-979
-772
-792
-872
875
-775
-795
745
-741
-742
-749
-855
-865
-932
-942
-952
-962
-145
-245
-445
-672
-175
-375
-112
-115
-117
119
-319
-149
-159
-169
-179
-189
-199
142
-143
-147
-152
-162
-362
153
-155
-157
-173
-193
-642
943
-941
-947
-949
-953
441
-449
-451
862
-867
-852
-812
165
-167
-365
-195
177
-174
-377
774
-779
-794
-984
-714
-734
732
-712
711
-811
817
934
-937
-791
799
981
-989
851
-857
-951
312
-315
-317
-332
-181
184
191
-194
-484
489
594
-592
692
-693
-699
673
-679
414
-415
-514
515
455
-459
-555
552
-652
-373
379
393
-395
-399
295
-299
-235
237
335
-337
-247
249
367
-369
647
-649
-657
659
957
-959
-967
969
