173
-171
-172
-174
-175
-176
-177
-178
-179
-183
-193
-273
-283
-293
-373
-383
-393
-113
-123
-133
-143
-153
-163
-473
-573
-673
-773
-873
-973
199
-191
-192
-194
-195
-196
-197
-198
-189
-279
-289
-299
-379
-389
-399
-119
-129
-139
-149
-159
-169
-499
-599
-699
-799
-899
-999
234
-231
-232
-233
-235
-236
-237
-238
-239
-114
-124
-134
-214
-224
-314
-324
-334
-244
-254
-264
-274
-284
-294
-434
-534
-634
-734
-834
-934
269
-261
-262
-263
-265
-266
-267
-268
-249
-259
-349
-359
-369
-219
-229
-469
-569
-669
-769
-869
-969
275
-271
-272
-276
-277
-278
-185
-285
-295
-375
-385
-395
-215
-225
-245
-255
-475
-575
-675
-775
-875
-975
281
-282
-286
-287
-288
-181
-291
-371
-381
-391
-211
-221
-241
-251
-481
-581
-681
-781
-881
-981
332
-331
-333
-335
-336
-337
-338
-339
-112
-122
-132
-212
-222
-312
-322
-342
-352
-362
-372
-382
-392
-432
-532
-632
-732
-832
-932
357
-351
-353
-354
-355
-356
-358
-147
-157
-167
-247
-257
-347
-367
-317
-327
-377
-387
-397
-457
-557
-657
-757
-857
-957
361
-363
-364
-365
-366
-368
-141
-151
-161
-341
-311
-321
-461
-561
-661
-761
-861
-961
413
-411
-412
-414
-415
-416
-417
-418
-419
-423
-433
-513
-523
-533
-613
-623
-633
-443
-453
-463
-483
-493
-213
-313
-713
-813
-913
428
-421
-422
-424
-425
-426
-427
-429
-438
-518
-528
-538
-618
-628
-638
-448
-458
-468
-478
-488
-498
-128
-228
-328
-728
-828
-928
439
-431
-435
-436
-437
-519
-529
-539
-619
-629
-639
-449
-459
-479
-489
-739
-839
-939
452
-451
-454
-455
-456
-442
-462
-542
-552
-562
-642
-652
-662
-472
-482
-492
-152
-252
-752
-852
-952
614
-611
-612
-615
-616
-617
-514
-524
-624
-644
-654
-664
-674
-684
-694
-714
-814
-914
656
-651
-653
-655
-658
-659
-446
-466
-546
-556
-566
-646
-666
-626
-636
-676
-686
-696
-156
-256
-756
-856
-956
679
-671
-672
-677
-678
-579
-589
-689
-649
-779
-879
-979
682
-683
-685
-687
-688
-572
-582
-592
-692
-622
-182
292
-296
-297
-298
187
-184
-186
-188
-117
-127
-137
-242
-782
-882
-982
-487
-587
-787
-887
-987
-792
-892
-992
695
-691
-693
-697
-698
-485
-495
-585
-595
-625
-635
-645
-665
-795
-895
-995
741
-742
-743
-744
-745
-746
-747
-748
-749
-751
-841
-851
-941
-951
-711
-721
-731
-771
-791
-441
-541
-641
551
-553
-554
-555
-558
-559
549
-543
-544
-545
-547
-548
-511
-521
-531
-571
-591
-849
-949
755
-753
-754
-758
-759
-765
-845
-855
-865
-945
-955
-965
-715
-725
-735
-785
-155
774
-772
-776
-777
-778
-784
-794
-874
-884
-894
-974
-984
-994
-724
-764
-374
-474
-574
822
-821
-823
-824
-825
-826
-827
-829
-712
-722
-812
-912
-922
924
-921
-923
-925
-926
-927
-929
762
-763
-766
-767
-768
-842
-862
-942
-962
-872
972
-971
-976
-977
-978
-944
-954
-964
512
-515
-516
-517
-522
142
-144
-145
-146
-148
-162
835
-831
-833
-836
-837
-838
-815
-915
-935
-885
985
-983
-986
-988
-989
-135
-535
525
-526
-527
536
-537
-565
-576
-586
-596
-125
-325
-136
-736
-936
848
-843
-844
-846
-847
-858
-868
-948
-958
-968
-818
-878
-888
-898
-248
-348
-648
668
-663
-667
-568
643
-647
-563
-243
246
-166
-346
-216
-226
-343
253
-258
-223
227
323
-326
-329
-217
218
-118
-138
131
-111
-121
126
-116
115
-315
-316
-318
319
-165
345
-344
-718
-918
-719
-819
-919
729
-723
-726
-727
-789
889
-883
-886
-859
959
-953
621
-627
-631
637
-931
-737
-937
-943
444
-445
-447
-464
-564
567
465
-467
-484
486
-476
-496
-494
-577
578
-588
-598
-597
-946
947
-867
-967
-917
-997
-853
854
-864
-154
158
164
-168
-378
376
-386
-396
-876
-786
877
-871
-797
-897
717
-716
-817
796
-793
-798
-896
-996
471
-477
-491
497
911
-916
-811
816
891
-893
-991
863
-866
-963
966
933
-938
-733
738
783
-788
-993
998
-583
584
593
-594
-384
388
394
-398
