149
-141
-142
-143
-144
-145
-146
-147
-148
-159
-169
-249
-259
-269
-349
-359
-369
-119
-129
-139
-179
-189
-199
-449
-549
-649
-749
-849
-949
173
-171
-172
-174
-175
-176
-177
-178
-183
-193
-273
-283
-293
-373
-383
-393
-113
-123
-133
-153
-163
-473
-573
-673
-773
-873
-973
188
-181
-182
-184
-185
-186
-187
-198
-278
-288
-298
-378
-388
-398
-118
-128
-138
-158
-168
-488
-588
-688
-788
-888
-988
192
-191
-194
-195
-196
-197
-272
-282
-292
-372
-382
-392
-112
-122
-132
-152
-162
-492
-592
-692
-792
-892
-992
247
-241
-242
-243
-244
-245
-246
-248
-157
-167
-257
-267
-347
-357
-367
-217
-227
-237
-277
-287
-297
-447
-547
-647
-747
-847
-947
296
-291
-294
-295
-299
-276
-286
-376
-386
-396
-216
-226
-236
-256
-266
-496
-596
-696
-796
-896
-996
352
-351
-353
-354
-355
-356
-358
-252
-262
-342
-362
-312
-322
-332
-452
-552
-652
-752
-852
-952
379
-371
-374
-375
-377
-279
-289
-389
-399
-319
-329
-339
-479
-579
-679
-779
-879
-979
384
-381
-385
-387
-274
-284
-394
397
-391
-395
-314
-324
-334
-344
-364
-317
-327
-337
-484
-584
-684
-784
-884
-984
-497
-597
-697
-797
-897
-997
418
-411
-412
-413
-414
-415
-416
-417
-419
-428
-438
-518
-528
-538
-618
-628
-638
-448
-458
-468
-478
-498
-218
-318
-718
-818
-918
462
-461
-463
-464
-465
-466
-467
-469
-442
-542
-562
-642
-662
-422
-432
-472
-482
-762
-862
-962
486
-481
-483
-485
-487
-489
-476
-576
-586
-676
-686
-426
-436
-446
-456
-786
-886
-986
527
-521
-522
-523
-524
-525
-526
-529
-427
-437
-517
-537
-617
-627
-637
-557
-567
-577
-587
-127
-727
-827
-927
574
-571
-572
-575
-578
-474
-494
-594
-674
-694
-514
-534
-544
-554
-564
-774
-874
-974
582
-581
-583
-585
-589
-672
-682
-512
-532
-782
-882
-982
626
-621
-622
-623
-624
-625
-629
-516
-536
-616
-636
-646
-656
-666
-126
-326
-726
-826
-926
648
-641
-643
-644
-645
-548
-558
-568
-658
-668
598
-591
-593
-595
-599
-678
-698
-348
-748
-848
-948
-798
-898
-998
691
-693
-695
-699
-471
-491
-671
-681
-611
-631
-651
-661
-791
-891
-991
728
-721
-722
-723
-724
-725
-729
-738
-828
-838
-928
-938
-758
-768
-778
-228
-328
736
-731
-732
-733
-734
-735
-737
-739
-716
-816
-836
-916
-936
-746
-756
-766
-776
-136
-336
759
-751
-753
-754
-755
-757
-769
-859
-869
-959
-969
-719
-789
-799
-459
-559
-659
812
-811
-813
-814
-815
-817
-819
-712
-822
-832
-912
-922
-932
-842
-872
-212
-612
632
-633
-634
-635
-639
222
-221
-223
-224
-225
-229
-232
863
-861
-864
-865
-866
-867
-868
-743
-763
-843
-853
-943
-953
-963
-823
-833
-883
-893
-263
-363
-563
-663
911
-913
-914
-915
-917
-919
-711
-821
-831
-921
-931
-941
-951
-961
-971
-981
-111
-211
-311
-511
925
-923
-924
-929
-715
-825
-835
-935
-945
-955
-965
-975
-985
-995
-125
-325
-425
933
-934
-937
-939
-713
-983
-993
-233
-333
-433
-533
968
-964
-966
-967
-858
-958
878
-871
-875
-876
-877
976
-972
-977
-978
772
-771
-775
-777
-742
942
-944
-946
-956
258
-251
-253
-254
-255
343
-341
-345
-346
-268
-368
213
-214
-215
-219
-313
-323
321
-121
124
-131
-231
-331
-114
-134
-234
239
-235
-238
338
-335
-154
-164
264
-261
-265
-361
-513
-613
423
-421
-424
-429
-443
-453
-493
683
-685
-687
-689
499
-495
-439
-653
-824
829
-839
-889
-899
-539
-543
553
-551
-555
-556
-664
-764
271
-275
-281
285
-783
793
-794
-795
-785
-885
895
-894
994
-999
989
-987
-845
-855
-954
957
-767
-857
-457
477
-475
675
-677
-615
-655
-665
-657
654
-444
-454
667
-669
569
-561
-565
-566
546
-541
-545
434
-431
-435
531
-535
-614
619
515
-519
714
-717
-834
837
-744
787
-781
881
-887
-841
-851
-115
-315
316
135
-137
-116
117
-155
-165
365
-366
844
-846
-854
856
455
-451
441
-445
-741
745
761
-765
151
-156
-161
166
