132
-131
-133
-134
-135
-136
-137
-138
-139
-112
-122
-212
-222
-232
-312
-322
-332
-142
-152
-162
-172
-182
-192
-432
-532
-632
-732
-832
-932
164
-161
-163
-165
-166
-167
-168
-169
-144
-154
-244
-254
-264
-344
-354
-364
-114
-124
-174
-184
-194
-464
-564
-664
-764
-864
-964
186
-181
-183
-185
-187
-188
-189
-176
-196
-276
-286
-296
-376
-386
-396
-116
-126
-146
-156
-486
-586
-686
-786
-886
-986
235
-231
-233
-234
-236
-237
-238
-239
-115
-125
-215
-225
-315
-325
-335
-245
-255
-265
-275
-285
-295
-435
-535
-635
-735
-835
-935
268
-261
-262
-263
-266
-267
-269
-148
-158
-248
-258
-348
-358
-368
-218
-228
-278
-288
-298
-468
-568
-668
-768
-868
-968
271
-272
-273
-274
-277
-279
-171
-191
-281
-291
-371
-381
-391
-211
-221
-241
-251
-471
-571
-671
-771
-871
-971
337
-331
-333
-334
-336
-338
-339
-117
-127
-217
-227
-317
-327
-347
-357
-367
-377
-387
-397
-437
-537
-637
-737
-837
-937
399
-392
-393
-394
-395
-398
-179
-199
-289
-299
-379
-389
-319
-329
-349
-359
-369
-499
-599
-699
-799
-899
-999
418
-411
-412
-413
-414
-415
-416
-417
-419
-428
-438
-518
-528
-538
-618
-628
-638
-448
-458
-478
-488
-498
-118
-318
-718
-818
-918
496
-491
-492
-493
-494
-495
-497
-476
-576
-596
-676
-696
-426
-436
-446
-456
-466
-796
-896
-996
546
-541
-542
-543
-544
-545
-547
-548
-549
-556
-566
-646
-656
-666
-516
-526
-536
-246
-346
-746
-846
-946
551
-552
-553
-554
-555
-557
-558
-559
-441
-451
-461
-561
-641
-651
-661
-511
-521
-531
-581
-591
-151
-351
-751
-851
-951
584
-582
-583
-585
-587
-588
-589
-474
-484
-574
-594
-674
-684
-694
-514
-524
-534
-284
-384
-784
-884
-984
598
-592
-593
-595
-597
-578
-678
-688
-698
-198
-798
-898
-998
655
-652
-653
-654
-657
-658
-659
-445
-455
-465
-565
-645
-665
648
-642
-643
-644
-647
-649
-615
-625
-675
-685
-695
-748
-848
-948
-155
-355
-755
-855
-955
727
-721
-722
-723
-724
-725
-726
-728
-729
-717
-817
-827
-917
-927
-747
-757
-767
-777
-787
-797
-427
-527
-627
752
-753
-754
-756
-758
-759
-742
-762
-842
-852
-862
-942
-952
-962
-712
-772
-782
-792
-252
-352
-452
813
-811
-812
-814
-815
-816
-819
-713
-733
-823
-833
-913
-923
-933
-843
-853
-863
-873
-883
-893
-113
-213
-313
-513
-613
836
-831
-834
-838
-839
-716
-736
-826
-916
-926
-936
-856
-866
-876
-636
847
-841
-844
-845
-849
-857
-867
-947
-957
-967
-877
-887
-897
-147
-247
-447
874
-872
-875
-878
-879
-774
-794
-894
-974
-994
-824
-854
-374
294
-292
-293
-297
-214
-224
982
-981
-983
-985
-987
-988
-989
-882
-892
-972
-992
822
-821
-825
-828
-829
-912
-922
-422
-522
-622
-282
242
-243
-249
-342
-362
-442
-382
372
-373
-375
-378
-472
-572
-672
-482
462
-463
-467
-469
-562
-662
512
-515
-517
-519
-612
617
-611
-614
-616
-619
626
-621
-623
-624
-629
634
-631
-633
-639
-424
-434
-667
-677
-687
-697
-226
-326
-734
-934
567
-563
-569
-457
-577
-682
692
-691
-693
681
-683
-689
-481
-781
-881
993
-991
-995
-997
-773
-783
-793
-973
977
-975
-976
-978
-979
776
-775
-778
-779
-766
-943
-953
-963
-177
-477
487
-483
-485
-489
178
-173
-175
-388
-128
328
-321
-323
-324
314
-311
-316
216
-219
-256
-714
744
-741
-743
-745
-749
763
-761
-765
-769
-944
-954
-914
924
-921
-925
-928
-929
-444
454
-453
-459
-363
-663
669
443
-449
-423
-433
-473
673
-679
-573
533
-539
-523
-143
-343
-869
-969
-287
283
-193
-383
385
-195
197
145
-141
-149
-345
341
-361
-365
366
-356
353
-153
-253
123
-121
-129
111
-119
-223
229
-157
159
257
-259
-711
-911
421
-425
-429
-431
439
525
-529
475
-479
-575
579
-739
-939
-941
-945
949
-859
858
-958
-959
956
-966
-888
788
-785
-789
889
-885
-738
731
-931
938
-791
795
891
-895
-715
719
915
-919
-861
865
961
-965
