131
-132
-133
-134
-135
-136
-137
-138
-139
-111
-121
-211
-221
-231
-311
-321
-331
-141
-151
-161
-171
-181
-191
-431
-531
-631
-731
-831
-931
186
-182
-183
-184
-185
-187
-188
-189
-176
-196
-276
-286
-296
-376
-386
-396
-116
-126
-146
-156
-166
-486
-586
-686
-786
-886
-986
255
-251
-252
-253
-254
-256
-257
-258
-259
-145
-155
-165
-245
-265
-345
-355
-365
-215
-225
-235
-275
-285
-295
-455
-555
-655
-755
-855
-955
277
-271
-272
-273
-274
-278
-279
-177
-197
-287
-297
-377
-387
-397
-217
-227
-237
-247
-267
-477
-577
-677
-777
-877
-977
349
-341
-342
-343
-344
-346
-347
-348
-149
-159
-169
-249
-269
-359
-369
-319
-329
-339
-379
-389
-399
-449
-549
-649
-749
-849
-949
426
-421
-422
-423
-424
-425
-427
-428
-429
-416
-436
-516
-526
-536
-616
-626
-636
-446
-456
-466
-476
-496
-226
-326
-726
-826
-926
481
-482
-483
-484
-485
-487
-488
-489
-471
-491
-571
-581
-591
-671
-681
-691
-411
-441
-451
-461
-281
-381
-781
-881
-981
498
-492
-493
-494
-495
-497
-499
-478
-578
-588
-598
-678
-688
-698
-418
-438
-448
-458
-468
-198
-298
-398
-798
-898
-998
514
-511
-512
-513
-515
-517
-518
-519
-414
-434
-524
-534
-614
-624
-634
-544
-554
-564
-574
-584
-594
-114
-214
-314
-714
-814
-914
553
-551
-552
-556
-557
-558
-559
-443
-453
-463
-543
-563
-643
-653
-663
-523
-533
-573
-583
-593
-153
-353
-753
-853
-953
682
-683
-684
-685
-687
-689
-472
-572
-582
-592
-672
-692
-612
-622
-632
-642
-652
-662
-282
-382
-782
-882
-982
717
-711
-712
-713
-715
-716
-718
-719
-727
-737
-817
-827
-837
-917
-927
-937
-747
-757
-767
-787
-797
-117
-317
-417
-617
725
-721
-722
-723
-724
-728
-729
-735
-815
-825
-835
-915
-925
-935
-745
-765
-775
-785
-795
-125
-325
-525
-625
773
-771
-772
-774
-776
-778
-779
-783
-793
-873
-883
-893
-973
-983
-993
-733
-743
-763
-173
-373
-473
-673
693
-694
-695
-696
-697
-699
-613
-623
-633
-193
-293
-393
841
-842
-843
-844
-845
-846
-847
-848
-741
-751
-761
-851
-861
-941
-951
-961
791
-792
-794
-796
-799
-871
-891
-971
-991
-811
-821
-241
-541
-641
371
-372
-374
-375
-378
-291
-391
261
-262
-263
-264
-266
-268
-351
-361
651
-654
-656
-657
-658
-659
-561
-661
521
-522
-527
-528
-529
-611
-621
911
-912
-913
-916
-918
-919
-921
875
-872
-874
-876
-878
-879
-885
-895
-975
-985
-995
-865
-175
-475
-575
-675
942
-943
-944
-945
-946
-947
-948
-742
-752
-762
-852
-862
-952
-962
965
-963
-964
-966
-967
-968
-969
863
-864
-866
-867
-868
-869
732
-734
-736
-738
-739
-812
-822
-832
-922
-932
892
-894
-896
-897
-899
-972
-992
-813
-823
-833
-232
-332
-432
-532
412
-413
-415
-419
433
-435
-437
-439
-442
-452
-462
-112
-212
-312
-233
-333
-933
923
-924
-928
-929
-123
-223
-323
-142
-242
-542
562
-565
-566
-567
-568
-569
-162
-362
-163
-363
-465
445
-444
-447
-545
-645
-665
172
-174
-178
-179
-192
-292
-392
-122
-152
352
-354
-356
-357
-358
222
-224
-228
-229
-322
978
-974
-976
-979
996
-994
-997
-999
-788
-888
-988
-936
-956
-938
-958
-596
597
-595
-599
585
-587
-589
-535
-537
-547
-385
113
-115
-118
-119
-213
-313
-143
243
-244
-246
-248
366
-364
-367
-368
195
-194
-199
-395
394
-284
-294
299
-384
-289
129
-124
-127
-128
-219
-239
-283
288
383
-388
234
-236
-238
-324
-334
216
-218
-316
-336
-816
836
-834
-838
-839
-856
824
-828
-829
-934
939
818
-819
-854
-884
-858
-959
-989
-318
315
-335
-615
635
-637
-638
-639
627
-628
-629
-647
-667
-618
619
538
-539
-548
546
-646
-666
-576
579
676
-674
-679
474
-479
-454
-464
-669
-327
328
337
-338
-746
147
-144
-148
-157
-167
756
-754
-758
-759
-766
158
-154
164
-168
954
-957
-744
748
-764
857
-859
-768
769
784
-789
-984
987
-887
889
644
-648
-664
668
-457
459
467
-469
