123
-121
-122
-124
-125
-126
-127
-128
-129
-113
-133
-213
-223
-233
-313
-323
-333
-143
-153
-163
-173
-183
-193
-423
-523
-623
-723
-823
-923
131
-132
-134
-135
-136
-137
-138
-139
-111
-211
-221
-231
-311
-321
-331
-141
-151
-161
-171
-181
-191
-431
-531
-631
-731
-831
-931
146
-142
-144
-145
-147
-148
-149
-156
-166
-246
-256
-266
-346
-356
-366
-116
-176
-186
-196
-446
-546
-646
-746
-846
-946
177
-172
-174
-175
-178
-179
-187
-197
-277
-287
-297
-377
-387
-397
-117
-157
-167
-477
-577
-677
-777
-877
-977
252
-251
-253
-254
-255
-257
-258
-259
-152
-162
-242
-262
-342
-352
-362
-212
-222
-232
-272
-282
-292
-452
-552
-652
-752
-852
-952
436
-432
-433
-434
-435
-437
-438
-439
-416
-426
-516
-526
-536
-616
-626
-636
-456
-466
-476
-486
-496
-236
-336
-736
-836
-936
441
-442
-443
-444
-445
-447
-448
-449
-451
-461
-541
-551
-561
-641
-651
-661
-411
-421
-471
-481
-491
-241
-341
-741
-841
-941
463
-462
-464
-465
-467
-468
-469
-453
-543
-553
-563
-643
-653
-663
-413
-473
-483
-493
-263
-363
-763
-863
-963
514
-511
-512
-513
-515
-517
-518
-519
-414
-424
-524
-534
-614
-624
-634
-544
-554
-564
-574
-584
-594
-114
-214
-314
-714
-814
-914
582
-581
-583
-585
-586
-587
-588
-589
-472
-482
-492
-572
-592
-672
-682
-692
-522
-532
-542
-562
-182
-382
-782
-882
-982
647
-642
-644
-645
-648
-649
662
-664
-665
-666
-667
-668
-669
-457
-547
-557
-567
-657
-612
-622
-632
-617
-627
-637
-687
-697
-247
-347
-747
-847
-947
-762
-862
-962
685
-681
-683
-684
-686
-688
-689
-475
-485
-495
-575
-595
-675
-695
-615
-625
-635
-655
-185
-285
-385
-785
-885
-985
712
-711
-713
-715
-716
-717
-718
-719
-722
-732
-812
-822
-832
-912
-922
-932
-742
-772
-792
-112
192
-194
-195
-198
-199
-372
-392
-312
-412
422
-425
-427
-428
-429
-322
332
-334
-335
-337
-338
-339
-892
-992
724
-721
-725
-726
-727
-728
-729
-734
-824
-834
-924
-934
-744
-754
-764
-774
-784
-794
-224
-324
234
-235
-237
-238
-239
-244
-264
-274
-284
-294
758
-751
-753
-755
-756
-757
-759
-748
-768
-848
-858
-868
-948
-958
-968
-738
-778
-788
-798
-158
-358
-458
-558
-658
871
-872
-873
-874
-875
-876
-878
-879
-771
-781
-791
-881
-891
-971
-981
-991
972
-973
-974
-975
-976
-978
-979
761
-765
-766
-767
-769
-851
-861
-951
-961
-811
-821
842
-843
-844
-845
-849
-942
351
-353
-354
-355
-357
-359
-261
-361
-371
-381
-391
-271
-571
-671
281
-283
-286
-288
-289
-291
915
-911
-913
-916
-917
-918
-919
921
-925
-926
-927
-928
-929
-735
-815
-825
-835
-935
-945
-955
-965
-995
611
-613
-618
-619
-521
-621
591
-593
-596
-597
-598
-599
-691
813
-816
-817
-818
-819
-733
-833
-933
826
-827
-828
-829
-853
-883
-893
-856
-866
-886
-896
-115
-215
-315
-415
455
-454
-459
654
-656
-659
-545
-555
-565
-674
-694
-226
-326
535
-533
-537
-538
-539
633
-638
-639
-525
573
-576
-578
-579
-673
-693
527
-528
-529
-417
-227
-327
953
-954
-956
-957
-959
-743
-943
966
-964
-967
-969
-983
-993
-986
-996
-154
-854
-155
159
-169
-249
-269
-349
-369
165
-164
-168
-245
-265
-345
-365
184
-188
-189
-374
-384
-394
118
-119
-218
-228
-318
-328
-418
419
628
-629
-479
-489
-499
-678
-698
-219
-319
745
-749
-855
-865
-775
-795
895
-894
-897
-898
-899
556
-559
-566
857
-859
-867
-837
-887
-273
-373
-773
474
-478
-484
-494
-884
864
-869
-944
949
-939
-989
-999
344
-343
-348
243
-248
-364
-293
548
-549
-568
569
-984
994
-997
-998
-295
-395
216
-217
-316
317
-276
-296
267
-268
-367
368
-378
-388
-398
278
-275
-279
375
-376
-379
-298
299
-389
-399
225
-229
-325
329
498
-497
487
-488
-787
-987
988
797
-793
-796
-799
783
-786
-789
776
-779
-888
889
-737
739
937
-938
838
-839
-676
679
696
-699
-383
386
393
-396
