148
-141
-142
-143
-144
-145
-146
-147
-149
-158
-168
-248
-258
-268
-348
-358
-368
-118
-128
-138
-178
-188
-198
-448
-548
-648
-748
-848
-948
183
-181
-182
-184
-185
-186
-187
-189
-173
-193
-273
-283
-293
-373
-383
-393
-113
-123
-133
-153
-163
-483
-583
-683
-783
-883
-983
214
-211
-212
-213
-215
-216
-217
-218
-219
-114
-124
-134
-224
-234
-314
-324
-334
-244
-254
-264
-274
-284
-294
-414
-514
-614
-714
-814
-914
276
-271
-272
-275
-277
-278
-279
-176
-196
-286
-296
-376
-386
-396
-226
-236
-246
-256
-266
-476
-576
-676
-776
-876
-976
342
-341
-343
-344
-345
-346
-347
-349
-152
-162
-242
-252
-262
-352
-362
-312
-322
-332
-372
-382
-392
-442
-542
-642
-742
-842
-942
456
-451
-452
-453
-454
-455
-457
-458
-459
-446
-466
-546
-556
-566
-646
-656
-666
-416
-426
-436
-486
-496
-156
-356
-756
-856
-956
474
-471
-472
-473
-475
-477
-478
-479
-484
-494
-574
-584
-594
-674
-684
-694
-424
-434
-444
-464
-174
-374
-774
-874
-974
491
-492
-493
-495
-497
-498
-499
-481
-571
-581
-591
-671
-681
-691
-411
-421
-431
-441
-461
-191
-291
-391
-791
-891
-991
528
-521
-522
-523
-524
-525
-526
-527
-529
-418
-428
-438
-518
-538
-618
-628
-638
-558
-568
-578
-588
-598
-228
-328
-728
-828
-928
543
-541
-544
-545
-547
-549
-443
-463
-553
-563
-643
-653
-663
-513
-533
-573
-593
-243
-743
-843
-943
632
-631
-633
-634
-635
-636
-637
-639
-412
-422
-432
-512
-532
-612
-622
-652
-662
-672
-682
-692
-132
-232
-732
-832
-932
727
-721
-722
-723
-724
-725
-726
-729
-717
-737
-817
-827
-837
-917
-927
-937
-747
-757
-767
-777
-787
-797
-127
-227
-327
-427
-627
733
-731
-734
-735
-736
-738
-739
-713
-813
-823
-833
-913
-923
-933
-753
-763
-773
-793
-233
-333
-433
788
-781
-782
-784
-785
-786
-789
-778
-798
-878
-888
-898
-978
-988
-998
-718
-758
-768
-288
-388
-488
468
-462
-465
-467
-469
-658
-668
482
-485
-487
-489
-572
-582
-592
-868
-968
-282
-882
-982
-688
815
-811
-812
-816
-818
-819
-715
-825
-835
-915
-925
-935
-845
-855
-865
-875
-885
-895
-115
-315
-415
-515
-615
854
-851
-852
-853
-857
-858
-859
-744
-754
-764
-844
-864
-944
-954
-964
958
-951
-952
-953
-955
-957
-959
794
-792
-795
-796
-799
-884
-894
-984
-994
-824
-834
838
-831
-836
-839
-918
-938
318
-311
-313
-316
-317
-319
-238
-338
298
-292
-295
-297
-299
-378
-398
222
-221
-223
-225
-229
-112
-122
323
-321
-325
-326
-329
-353
-363
-822
-922
-423
413
-417
-419
-613
-623
644
-641
-645
-647
-649
-554
-564
-654
-664
534
-531
-535
-536
-537
-539
-624
924
-921
-926
-929
-934
253
-251
-255
-257
-259
-263
-154
-354
678
-673
-675
-677
-679
693
-695
-696
-697
-698
-699
384
-381
-385
-387
-389
-194
-394
164
-161
-165
-166
-167
-169
-364
366
-361
-365
-367
-369
-336
-766
-866
-966
-893
-993
861
-862
-863
-867
-869
-741
-751
-761
-841
-941
-961
963
-962
-965
-967
-969
-821
-871
-881
873
-872
-877
-879
-973
892
-896
-897
-899
-772
-972
-992
912
-911
-916
-919
-712
241
-245
-247
-249
-151
-261
-351
-231
-281
-561
-661
172
-171
-175
-177
-179
371
-375
-377
-379
-192
-331
-771
711
-716
-719
-931
746
-745
-749
-846
-946
-111
-511
551
-552
-555
-557
-559
-651
562
-565
-567
-569
-611
621
-625
-626
-629
-121
131
-135
-136
-137
-139
936
-939
-826
829
886
-887
-889
-986
-996
847
-849
-947
126
-125
-129
-116
425
-429
-435
-445
945
-949
-755
-765
775
-779
-975
-985
-995
-447
449
-659
-669
437
-439
-517
-617
117
-119
-237
-337
-157
-197
752
-759
-762
769
-269
-971
981
-987
-989
-575
-586
-686
596
-595
-597
-599
585
-587
-589
-685
-516
519
616
-619
577
-579
-687
689
-977
979
997
-999
-285
287
-289
-397
-267
265
-155
159
-355
357
-359
195
-199
-395
399
-235
239
335
-339
655
-657
-665
667
