145
-141
-142
-143
-144
-146
-147
-148
-149
-155
-165
-245
-255
-265
-345
-355
-365
-115
-125
-135
-175
-185
-195
-445
-545
-645
-745
-845
-945
183
-181
-182
-184
-186
-187
-188
-189
-173
-193
-273
-283
-293
-373
-383
-393
-113
-123
-133
-153
-163
-483
-583
-683
-783
-883
-983
226
-221
-222
-223
-224
-225
-227
-228
-229
-116
-126
-136
-216
-236
-316
-326
-336
-246
-256
-266
-276
-286
-296
-426
-526
-626
-726
-826
-926
247
-241
-242
-243
-244
-248
-249
-157
-167
-257
-267
-347
-357
-367
-217
-237
-277
-287
-297
-447
-547
-647
-747
-847
-947
322
-321
-323
-324
-325
-327
-328
-329
-112
-122
-132
-212
-232
-312
-332
-342
-352
-362
-372
-382
-392
-422
-522
-622
-722
-822
-922
374
-371
-375
-376
-377
-378
-379
-174
-194
-274
-284
-294
-384
-394
-314
-334
-344
-354
-364
-474
-574
-674
-774
-874
-974
419
-411
-412
-413
-414
-415
-416
-417
-418
-429
-439
-519
-529
-539
-619
-629
-639
-449
-459
-469
-479
-489
-499
-119
-219
-319
-719
-819
-919
431
-432
-433
-434
-435
-436
-437
-438
-421
-511
-521
-531
-611
-621
-631
-441
-451
-461
-471
-481
-491
-131
-231
-331
-731
-831
-931
487
-482
-484
-485
-486
-488
-477
-497
-577
-587
-597
-677
-687
-697
-427
-457
-467
-387
-787
-887
-987
552
-551
-553
-554
-555
-556
-557
-558
-559
-442
-452
-462
-542
-562
-642
-652
-662
-512
-532
-572
-582
-592
-152
-252
-752
-852
-952
596
-591
-593
-594
-595
-598
-599
-476
-496
-576
-586
-676
-686
-696
-516
-536
-546
-566
-196
-396
-796
-896
-996
654
-651
-653
-655
-656
-657
-658
-659
-444
-454
-464
-544
-564
-644
-664
-614
-624
-634
-684
-694
-154
-254
-754
-854
-954
758
-751
-753
-755
-756
-757
-759
-748
-768
-848
-858
-868
-948
-958
-968
-718
-728
-738
-778
-788
-798
-158
-258
-358
-458
772
-771
-773
-775
-776
-777
-779
-782
-792
-872
-882
-892
-972
-982
-992
-712
-732
-742
-762
-172
-272
-472
492
-493
-494
-495
-498
-672
-682
-692
584
-581
-585
-588
-589
424
-423
-425
-428
-514
-524
-534
-124
-724
-824
-924
282
-281
-285
-288
-289
-192
-292
162
-161
-164
-166
-168
-169
-262
264
-261
-263
-268
-269
-214
-234
-862
-962
-764
-864
-964
-784
-884
-984
817
-811
-812
-813
-814
-815
-816
-818
-717
-727
-737
-827
-837
-917
-927
-937
-857
-867
-877
-897
-117
-317
-517
-617
957
-951
-953
-955
-956
-959
-767
-967
797
-791
-793
-794
-795
-799
-977
-997
177
-171
-176
-178
-179
386
-381
-385
-388
-389
-197
-397
156
-151
-159
-346
-356
-366
-127
-137
337
-333
-335
-338
-339
-537
-637
-456
-856
-786
-886
-986
849
-841
-842
-843
-844
-846
942
-941
-943
-944
-946
-949
744
-741
-743
-746
-749
-769
-859
-869
-969
-714
-734
832
-833
-834
-835
-836
-838
-839
-912
-932
894
-891
-893
-895
-898
-899
-994
-829
-879
-889
612
-613
-615
-616
-618
-632
636
-633
-635
-638
-646
-666
-736
-936
446
-443
-448
-466
-349
-549
-649
913
-911
-914
-915
-916
-918
-713
-723
-733
-823
-923
-933
934
-935
-938
-939
716
-711
-715
763
-761
-765
-766
-853
-863
-963
873
-871
-875
-876
-878
-973
-993
976
-971
-975
-978
-979
866
-861
-865
-966
-213
-313
233
-235
-238
-239
-253
-513
114
-111
-118
-134
-533
-363
-463
-563
-663
-473
453
-455
-543
-643
343
-341
-348
-353
368
-361
-369
-318
-398
855
-851
961
-965
-825
-885
-921
-981
-991
-561
-661
-468
465
-565
-665
-475
478
-578
-678
-688
-698
-568
-668
-573
523
-525
-527
-528
-623
627
-625
-628
567
-569
-667
669
579
-571
-575
-679
-689
-699
541
-548
-641
648
-673
693
-691
-695
-278
-279
-121
191
-198
-199
-271
275
-291
-391
-295
-395
399
298
-299
-215
315
-311
211
-218
-251
259
351
-359
-515
518
535
-538
-735
739
-729
-929
-789
129
-128
138
-139
671
-675
-681
685
-785
781
-881
888
-988
-998
-721
725
821
-828
-925
928
-985
989
995
-999
