136
-131
-132
-133
-134
-135
-137
-138
-139
-116
-126
-216
-226
-236
-316
-326
-336
-146
-156
-166
-176
-186
-196
-436
-536
-636
-736
-836
-936
161
-162
-163
-164
-165
-167
-168
-169
-141
-151
-241
-251
-261
-341
-351
-361
-111
-121
-171
-181
-191
-461
-561
-661
-761
-861
-961
229
-221
-222
-223
-224
-225
-227
-228
-119
-129
-219
-239
-319
-329
-339
-249
-259
-269
-279
-289
-299
-429
-529
-629
-729
-829
-929
233
-231
-232
-234
-235
-237
-238
-113
-123
-213
-313
-323
-333
-243
-253
-263
-273
-283
-293
-433
-533
-633
-733
-833
-933
297
-291
-292
-294
-295
-296
-298
-177
-187
-197
-277
-287
-377
-387
-397
-217
-247
-257
-267
-497
-597
-697
-797
-897
-997
344
-342
-343
-345
-346
-347
-348
-349
-144
-154
-244
-254
-264
-354
-364
-314
-324
-334
-374
-384
-394
-444
-544
-644
-744
-844
-944
382
-381
-383
-385
-386
-388
-389
-172
-182
-192
-272
-282
-372
-392
-312
-322
-332
-352
-362
-482
-582
-682
-782
-882
-982
396
-391
-393
-395
-398
-399
-276
-286
-376
-356
-366
-496
-596
-696
-796
-896
-996
449
-441
-442
-443
-445
-446
-447
-448
-459
-469
-549
-559
-569
-649
-659
-669
-419
-439
-479
-489
-499
-149
-749
-849
-949
476
-471
-472
-473
-474
-475
-477
-478
-486
-576
-586
-676
-686
-416
-426
-456
-466
-776
-876
-976
498
-491
-492
-493
-494
-495
-488
-578
-588
-598
-678
-688
-698
-418
-428
-438
-458
-468
-198
-798
-898
-998
535
-531
-532
-534
-537
-538
-539
-415
-425
-435
-515
-525
-615
-625
-635
-545
-555
-565
-575
-585
-595
-335
-735
-835
-935
547
-541
-542
-543
-546
-548
-457
-467
-557
-567
-647
-657
-667
-517
-527
-577
-587
-147
-747
-847
-947
562
-563
-564
-566
-568
-452
-462
-552
-642
-652
-662
-512
-522
-572
-592
-262
-762
-862
-962
573
-571
-574
-579
-483
-583
-593
-673
-683
-693
-513
-523
-553
-173
-373
-773
-873
-973
618
-611
-612
-613
-614
-616
-617
-619
-518
-528
-628
-638
558
-551
-554
-556
-648
-658
-668
-118
-218
-318
-718
-818
-918
-158
-258
-358
-758
-858
-958
639
-631
-632
-634
-637
-519
-679
-689
-699
-739
-839
-939
665
-663
-664
-666
-455
-465
-645
-655
485
-481
-484
-487
-675
-685
-695
-265
-365
-765
-865
-965
-185
-285
-785
-885
-985
719
-711
-712
-713
-714
-715
-716
-717
-819
-919
-759
-769
-779
-789
-799
726
-721
-722
-723
-724
-725
-727
-728
-816
-826
-916
-926
-746
-756
-766
-786
516
-511
-514
-526
-626
763
-764
-767
-768
-743
-753
-843
-853
-863
-943
-953
-963
-783
-793
-363
353
-355
-357
-359
-143
-153
643
-641
-646
-453
-463
464
-653
-454
451
-651
-654
656
-411
-421
-431
-414
-424
-434
-623
-751
-851
-951
-256
-856
-956
-864
-964
815
-811
-812
-813
-814
-817
-825
-915
-925
-845
-855
-875
-895
-115
-215
-315
874
-871
-872
-877
-878
-879
-774
-784
-794
-884
-894
-974
-984
-994
-824
-834
-854
-174
-274
-674
886
-881
-883
-887
-888
-889
-986
-846
-866
942
-941
-945
-946
-948
-742
-752
-842
-852
-952
966
-967
-968
-969
-912
-922
-932
-972
-992
-142
-242
246
-245
-248
-266
268
-148
145
-155
-255
252
-152
-368
-125
325
-321
-327
-328
-175
-195
-212
275
-271
-278
-375
-288
-745
-868
-775
-975
977
-971
-978
-979
-777
-787
-987
-917
-927
-937
-957
-677
687
-681
-684
-627
112
-114
-117
-122
-412
-124
214
-211
281
-284
-371
-914
-581
-781
788
-778
-988
-738
-748
741
-841
848
-731
-771
772
-792
-892
-791
795
-995
-732
-755
955
-954
-959
754
-757
-734
737
-827
-837
-828
-838
934
-931
-938
-924
928
-921
-923
-128
127
-317
311
-331
-337
338
-157
159
367
-369
-179
178
-188
-378
379
-189
-199
-911
913
-823
893
-891
-899
-983
-993
-413
417
423
-422
-427
-437
432
-622
822
-821
831
-832
857
-859
-867
869
671
-672
-591
-691
692
-694
521
-524
-621
624
-981
989
991
-999
183
-184
-193
194
584
-589
-594
599
