148
-141
-142
-143
-144
-145
-146
-147
-149
-158
-168
-248
-258
-268
-348
-358
-368
-118
-128
-138
-178
-188
-198
-448
-548
-648
-748
-848
-948
161
-162
-163
-164
-165
-166
-167
-169
-151
-241
-251
-261
-341
-351
-361
-111
-121
-131
-171
-181
-191
-461
-561
-661
-761
-861
-961
196
-192
-193
-194
-195
-197
-199
-176
-186
-276
-286
-296
-376
-386
-396
-116
-126
-136
-156
-496
-596
-696
-796
-896
-996
236
-231
-232
-233
-234
-235
-237
-238
-239
-216
-226
-316
-326
-336
-246
-256
-266
-436
-536
-636
-736
-836
-936
249
-242
-243
-244
-245
-247
-159
-259
-269
-349
-359
-369
-219
-229
-279
-289
-299
-449
-549
-649
-749
-849
-949
252
-253
-254
-255
-257
-152
-262
-342
-352
-362
-212
-222
-272
-282
-292
-452
-552
-652
-752
-852
-952
325
-321
-322
-323
-324
-327
-328
-329
-115
-125
-135
-215
-225
-315
-335
-345
-355
-365
-375
-385
-395
-425
-525
-625
-725
-825
-925
373
-371
-372
-374
-377
-378
-379
-173
-183
-273
-283
-293
-383
-393
-313
-333
-343
-353
-363
-473
-573
-673
-773
-873
-973
418
-411
-412
-413
-414
-415
-416
-417
-419
-428
-438
-518
-528
-538
-618
-628
-638
-458
-468
-478
-488
-498
-218
-318
-718
-818
-918
446
-441
-442
-443
-444
-445
-447
-456
-466
-546
-556
-566
-646
-656
-666
-426
-476
-486
-346
-746
-846
-946
481
-482
-483
-484
-485
-487
-489
-471
-491
-571
-581
-591
-671
-681
-691
-421
-431
-451
-281
-381
-781
-881
-981
493
-492
-494
-495
-497
-499
-583
-593
-683
-693
-423
-433
-453
-463
-793
-893
-993
516
-511
-512
-513
-514
-515
-517
-519
-526
-616
-626
-576
-586
-716
-816
-916
565
-562
-563
-564
-567
-568
-569
-455
-465
-545
-555
-645
-655
-665
-535
-575
-585
-595
-265
155
-153
-154
-157
263
-264
-267
-175
-185
-213
-223
-755
-855
-955
-663
-763
-863
-963
-765
-865
-965
594
-592
-597
-598
-599
-474
-574
-584
-674
-684
-694
-524
-534
-544
-554
-294
-394
-794
-894
-994
613
-611
-612
-614
-615
-617
-619
-523
-533
-623
-633
-643
-653
-113
-713
-813
-913
629
-621
-622
-624
-627
-429
-439
-529
-539
-639
-659
-669
-679
-689
-699
-129
-729
-829
-929
667
-662
-664
-668
-457
-467
-547
-557
-647
-657
-637
-677
-687
-697
-367
-767
-867
-967
698
-692
-695
-578
-588
-678
-688
558
-551
-553
-559
543
-541
-542
-658
-743
-843
-943
-758
-858
-958
-298
-398
-798
-898
-998
734
-731
-732
-733
-735
-737
-738
-739
-714
-724
-814
-824
-834
-914
-924
-934
-744
-754
-764
-774
-784
-134
-334
-434
-634
424
-422
-427
-454
459
-469
-464
462
-642
-432
-472
-479
-124
-224
-759
-859
-959
-762
-862
-962
786
-782
-783
-785
-787
-788
-789
-776
-876
-886
-976
-986
-726
-756
-766
676
-672
-675
-686
853
-851
-854
-856
-857
-753
-953
723
-721
-722
-727
-728
-823
-833
-923
-933
-883
983
-982
-984
-985
-987
-988
-989
-123
133
-132
-137
-139
864
-866
-868
-869
-844
-944
-954
-964
-874
-884
974
-971
-972
-975
-977
-978
-979
826
-821
-822
-827
-828
-926
-364
366
-356
956
-951
-957
-966
-174
-274
872
-871
-875
-877
-878
-879
-772
-792
-882
-892
-992
-812
-832
-842
-172
-572
392
-391
-397
-399
-182
-382
-312
-332
911
-912
-915
-917
-919
-711
-811
-831
-921
-931
-941
-991
-211
-311
331
-337
-338
-339
-221
228
-227
-278
-288
388
-384
-387
-389
319
-314
-317
-119
-719
-819
521
-522
-527
-531
-631
-928
778
-771
-775
-777
-779
-888
-768
769
968
-969
-799
838
-835
-837
-839
-938
939
-932
-935
-937
-999
271
-275
-277
-291
475
-477
-685
682
-582
-435
437
635
-632
532
-537
899
-891
-895
-897
791
-795
-797
-889
-741
-751
757
841
-845
-847
-747
-947
-717
-641
644
651
-654
-344
347
354
-357
942
-945
-742
745
712
-715
-922
927
815
-817
-885
887
995
-997
-112
122
-127
285
-284
-287
184
-187
-189
-295
297
-177
179
-114
117
214
-217
577
-579
-587
589
