131
-132
-133
-134
-135
-136
-137
-138
-139
-111
-121
-211
-221
-231
-311
-321
-331
-141
-151
-161
-171
-181
-191
-431
-531
-631
-731
-831
-931
144
-142
-143
-145
-146
-147
-148
-149
-154
-164
-244
-254
-264
-344
-354
-364
-114
-124
-174
-184
-194
-444
-544
-644
-744
-844
-944
168
-162
-163
-165
-166
-167
-169
-158
-248
-258
-268
-348
-358
-368
-118
-128
-178
-188
-198
-468
-568
-668
-768
-868
-968
235
-232
-233
-234
-236
-237
-238
-239
-115
-125
-215
-225
-315
-325
-335
-245
-255
-265
-275
-285
-295
-435
-535
-635
-735
-835
-935
286
-281
-282
-283
-284
-287
-288
-289
-176
-186
-196
-276
-296
-376
-386
-396
-216
-226
-246
-256
-266
-486
-586
-686
-786
-886
-986
434
-432
-433
-436
-437
-438
-439
-414
-424
-514
-524
-534
-614
-624
-634
-454
-464
-474
-484
-494
-334
-734
-834
-934
458
-451
-452
-453
-455
-456
-457
-459
-448
-548
-558
-648
-658
-418
-428
-478
-488
-498
-758
-858
-958
465
-461
-462
-463
-466
-467
-469
-445
-545
-555
-565
-645
-655
-665
-415
-425
-475
-485
-495
-365
-765
-865
-965
542
-541
-543
-546
-547
-549
-442
-552
-562
-642
-652
-662
-512
-522
-532
-572
-582
-592
-242
-342
-742
-842
-942
599
-591
-593
-594
-595
-596
-597
-598
-479
-489
-499
-579
-589
-679
-689
-699
-519
-529
-539
-559
-569
-199
-299
-399
-799
-899
-999
626
-621
-622
-623
-625
-627
-628
-629
-416
-426
-516
-526
-536
-616
-636
-646
-656
-666
-676
-696
-126
-326
-726
-826
-926
664
-661
-663
-667
-669
-554
-564
-654
-674
-684
-694
-764
-864
-964
688
-681
-682
-683
-685
-687
-578
-588
-678
-698
-618
-638
-388
-788
-888
-988
693
-691
-692
-695
-697
-473
-483
-493
-573
-583
-673
-613
-633
-643
-653
-193
-293
-393
-793
-893
-993
713
-711
-712
-714
-715
-716
-717
-718
-719
-723
-733
-813
-823
-833
-913
-923
-933
-743
-753
-763
-773
-783
-113
-213
-313
-413
-513
722
-721
-724
-725
-727
-728
-729
-732
-812
-822
-832
-912
-922
-932
-752
-762
-772
-782
-792
-122
-222
-322
-422
794
-791
-795
-796
-797
-798
-774
-784
-874
-884
-894
-974
-984
-994
-754
-294
-394
829
-821
-824
-825
-827
-828
-739
-819
-839
-919
-929
-939
-849
-859
-869
-879
-889
-129
-229
-329
-429
877
-871
-872
-873
-875
-876
-878
-777
-787
-887
-897
-977
-987
-997
-817
-837
-847
-857
-867
-177
-277
-377
-477
-577
-677
936
-937
-938
-736
-816
-836
838
-916
-738
737
-917
-927
-818
-918
-928
-747
-757
-767
-848
-898
-946
-956
-966
-976
-996
-336
-337
-537
-637
-338
-538
533
-423
-523
443
-441
-446
-447
-449
-553
-563
419
-411
-412
-417
-619
-639
632
-612
-672
-119
-219
-319
339
-332
-333
-349
-359
-369
-379
-389
-243
-343
-843
-943
952
-951
-953
-954
-955
-957
-959
-852
-862
-962
854
-851
-853
-855
-856
-814
-972
-982
-992
-152
-252
-352
979
-971
-973
-975
-978
-779
-789
-989
-949
-969
-179
-279
189
-182
-183
-185
-187
-159
995
-991
-998
-775
-785
781
-771
-881
-891
-981
-885
-895
-985
983
-883
882
-892
896
-776
778
-741
-751
-761
-748
948
-941
-945
-947
967
-961
-963
863
-861
-866
841
-845
-846
-811
815
-915
-925
-515
-615
525
-521
-527
-528
518
-511
-517
-575
-585
675
-671
-218
-318
-241
-341
-641
-263
-363
-267
-367
-567
-175
-375
-278
-378
-381
-481
-581
-382
-482
487
-497
-587
584
-574
-427
421
-611
617
-471
-491
571
-576
-551
-561
566
651
-657
-659
-556
557
-647
649
911
-914
-921
924
-117
-217
-317
-224
-324
-249
247
-157
-257
-347
-357
-227
-297
-749
-251
-351
-366
-766
769
-759
259
-253
-269
-271
-371
476
-472
492
-496
-383
-384
385
-387
-195
-395
155
-153
-156
353
-355
-356
-345
346
116
-112
-316
-323
-373
745
-746
-755
756
-192
197
-397
172
-173
-272
-292
-372
374
-392
273
-274
123
-127
-223
228
327
-328
214
-212
312
-314
262
-261
361
-362
291
-298
-391
398
