124
-121
-122
-123
-125
-126
-127
-128
-129
-114
-134
-214
-224
-234
-314
-324
-334
-144
-154
-164
-174
-184
-194
-424
-524
-624
-724
-824
-924
157
-151
-152
-153
-155
-156
-158
-159
-147
-167
-247
-257
-267
-347
-357
-367
-117
-137
-177
-187
-197
-457
-557
-657
-757
-857
-957
185
-181
-182
-183
-186
-188
-189
-175
-195
-275
-285
-295
-375
-385
-395
-115
-135
-145
-165
-485
-585
-685
-785
-885
-985
211
-212
-213
-215
-216
-217
-218
-219
-111
-131
-221
-231
-311
-321
-331
-241
-251
-261
-271
-281
-291
-411
-511
-611
-711
-811
-911
266
-262
-263
-264
-265
-268
-269
-146
-166
-246
-256
-346
-356
-366
-226
-236
-276
-286
-296
-466
-566
-666
-766
-866
-966
293
-292
-294
-297
-298
-299
-173
-193
-273
-283
-373
-383
-393
-223
-233
-243
-253
-493
-593
-693
-793
-893
-993
336
-332
-333
-335
-337
-338
-339
-116
-136
-316
-326
-376
-386
-396
-436
-536
-636
-736
-836
-936
369
-361
-362
-363
-364
-365
-368
-149
-169
-249
-259
-349
-359
-319
-329
-379
-389
-399
-469
-569
-669
-769
-869
-969
392
-391
-394
-397
-398
-172
-192
-272
-282
-372
-382
-312
-322
-342
-352
-492
-592
-692
-792
-892
-992
446
-441
-442
-443
-444
-445
-447
-448
-449
-456
-546
-556
-646
-656
-416
-426
-476
-486
-496
-746
-846
-946
475
-471
-472
-473
-474
-477
-478
-479
-495
-575
-595
-675
-695
-415
-425
-435
-455
-465
-775
-875
-975
512
-513
-514
-515
-516
-517
-518
-519
-412
-422
-432
-522
-532
-612
-622
-632
-542
-552
-562
-572
-582
-112
-712
-812
-912
523
-521
-525
-526
-527
-528
-529
-413
-423
-433
-533
-613
-623
-633
-543
-553
-563
-573
-583
-323
-723
-823
-923
589
-581
-584
-586
-587
-588
-489
-499
-579
-599
-679
-689
-699
-539
-549
-559
-289
-789
-889
-989
596
-591
-594
-597
-598
-576
-676
-686
-696
-196
176
-171
-178
-179
-776
-876
-976
-796
-896
-996
637
-631
-634
-635
-638
-639
-417
-427
-437
-537
-617
-627
-647
-667
-677
-687
-697
-237
-737
-837
-937
665
-661
-662
-663
-664
-668
-545
-555
-565
-645
-655
535
-531
-534
-538
-615
-625
-235
-735
-835
-935
-765
-865
-965
713
-714
-715
-716
-717
-718
-719
-733
-813
-833
-913
-933
-743
-753
-763
-773
-783
-113
-313
133
-132
-138
-139
-143
-163
748
-741
-742
-744
-745
-747
-749
-758
-768
-848
-858
-868
-948
-958
-968
-728
-738
-778
-788
-798
-148
-248
-348
-548
-648
777
-771
-772
-774
-779
-787
-797
-877
-887
-897
-977
-987
-997
-727
-767
-277
-377
-577
497
-491
-494
-498
-487
-467
817
-814
-815
-816
-818
-819
-827
-917
-927
-847
-867
-317
843
-841
-842
-844
-845
-849
-853
-863
-943
-953
-963
-873
-883
-343
353
-351
-354
-355
-358
-643
-453
-653
463
-461
-462
-464
-468
-483
899
-891
-894
-895
-898
-799
-879
-979
-999
-829
-839
-859
279
-274
-278
-199
119
-118
-229
-239
-419
-619
-919
921
-922
-925
-926
-928
-929
-721
-731
-821
-831
-931
-941
-951
-961
-971
-981
-991
-421
-621
431
-434
-438
-439
-451
-481
959
-952
-954
-955
-956
-759
-949
-939
739
-732
-734
-729
649
-641
-642
-644
-459
-659
429
-428
-629
988
-982
-983
-984
-986
973
-972
-974
-978
-878
-888
-998
916
-914
-915
-918
-726
-826
-938
315
-318
-225
-325
-345
-616
626
-628
-673
683
-681
-682
-684
-688
-288
-388
-488
141
-142
-161
-341
344
-244
-254
-191
198
-378
162
-168
-242
245
-252
-255
258
284
-287
-374
371
-381
-384
387
227
-222
-228
232
-238
-327
328
-828
838
-832
-834
934
-932
-944
-964
-994
995
-795
-945
-541
942
-947
-752
-762
-852
-862
-962
967
-544
547
-567
-458
418
-414
614
-618
-654
-674
-694
-558
-658
568
-561
-564
-578
-571
574
-484
482
-672
-452
454
652
-651
551
-554
-751
-851
-754
-854
-671
678
691
-698
-871
872
-874
-782
-882
722
-725
-822
825
755
-756
-855
856
786
-781
-784
-886
881
-884
-791
794
761
-764
-861
864
