124
-121
-122
-123
-125
-126
-127
-128
-129
-114
-134
-214
-224
-234
-314
-324
-334
-144
-154
-164
-174
-184
-194
-424
-524
-624
-724
-824
-924
158
-151
-152
-153
-155
-156
-157
-159
-148
-168
-248
-258
-268
-348
-358
-368
-118
-138
-178
-188
-198
-458
-558
-658
-758
-858
-958
239
-231
-232
-233
-235
-236
-237
-238
-119
-139
-219
-229
-319
-329
-339
-249
-259
-269
-279
-289
-299
-439
-539
-639
-739
-839
-939
318
-311
-312
-313
-315
-316
-317
-218
-228
-328
-338
-378
-388
-398
-418
-518
-618
-718
-818
-918
342
-341
-343
-344
-345
-346
-347
-349
-142
-162
-242
-252
-262
-352
-362
-322
-332
-372
-382
-392
-442
-542
-642
-742
-842
-942
353
-351
-354
-355
-356
-357
-359
-143
-163
-243
-253
-263
-363
-323
-333
-373
-383
-393
-453
-553
-653
-753
-853
-953
367
-361
-364
-365
-366
-369
-147
-167
-247
-257
-267
-327
-337
-377
-387
-397
-467
-567
-667
-767
-867
-967
381
-384
-385
-386
-389
-171
-181
-191
-271
-281
-291
-371
-391
-321
-331
-481
-581
-681
-781
-881
-981
429
-421
-422
-423
-425
-426
-427
-428
-419
-519
-529
-619
-629
-449
-459
-469
-479
-489
-499
-729
-829
-929
438
-431
-432
-433
-434
-435
-436
-437
-528
-538
-628
-638
-448
-468
-478
-488
-498
-738
-838
-938
464
-461
-462
-463
-465
-466
-444
-454
-544
-554
-564
-644
-654
-664
-414
-474
-484
-494
-264
-764
-864
-964
486
-482
-483
-485
-487
-476
-496
-576
-586
-596
-676
-686
-696
-416
-446
-456
-186
-286
-786
-886
-986
495
-491
-492
-493
-497
-475
-575
-585
-595
-675
-685
-695
-415
-445
-455
-195
-295
-395
-795
-895
-995
532
-531
-533
-534
-535
-536
-537
-412
-512
-522
-612
-622
-632
-552
-562
-572
-582
-592
-132
-732
-832
-932
555
-551
-556
-557
-559
-545
-565
-645
-655
-665
-515
-525
-255
-755
-855
-955
574
-571
-573
-577
-578
-579
-584
-594
-674
-684
-694
-514
-274
-374
394
-396
-399
-284
-294
379
-375
-376
-179
-189
-199
-774
-874
-974
-679
-779
-879
-979
-794
-894
-994
614
-611
-613
-615
-616
-617
-634
-714
-814
-914
626
-621
-623
-625
-627
635
-631
-633
-636
-637
-516
-526
-646
-656
-666
-226
-326
325
-115
-135
-215
-225
-335
336
-116
-136
-216
-725
-825
-925
-726
-826
-926
-735
-835
-935
-736
-836
-936
648
-641
-643
-647
-649
-548
-568
-668
-678
-688
-698
-748
-848
-948
677
-671
-672
-673
-477
-587
-597
-687
-697
-657
-177
-277
-777
-877
-977
683
-682
-689
-473
-583
-593
-693
-663
-183
-283
-783
-883
-983
723
-721
-722
-727
-728
-713
-733
-813
-823
-833
-913
-923
-933
-743
-763
-773
-793
-223
-523
133
-131
-137
-113
-213
-173
-193
747
-741
-744
-745
-746
-749
-757
-847
-857
-947
-957
-717
-737
-787
-797
-447
-547
457
-451
-452
472
-471
-692
-417
-172
-272
-772
-872
-972
751
-752
-754
-756
-759
-761
-841
-851
-861
-941
-951
-961
-711
-731
734
-834
-934
-771
-791
-784
-251
-651
768
-762
-765
-766
-769
-868
-968
-778
-788
-798
796
-792
-799
-776
775
-785
-875
-885
-975
-985
-876
-896
-976
-996
-715
-716
-175
176
-196
-276
-296
-146
-166
-275
959
-952
-954
-956
-849
-859
-869
-949
-969
-919
-989
-999
-659
652
-662
-852
988
-982
-984
-987
884
-882
-887
-888
-889
-878
-898
-978
-998
-844
-854
856
944
-943
-945
-946
-846
-866
-966
-816
916
-911
-912
-915
-917
815
-811
-812
-817
-819
719
-712
782
-789
-892
-992
899
-891
-893
-897
997
-991
-993
-845
843
-863
-963
-873
871
-971
973
-821
-831
837
-827
-927
-937
931
-921
-865
862
-962
965
-822
828
922
-928
-222
-443
441
-541
-561
-661
669
-549
-569
-411
413
-513
691
-699
-591
-141
-241
-543
546
563
-566
-244
254
-256
-246
245
-145
149
-165
-265
266
-261
161
-169
-111
185
-182
-187
-285
-273
278
293
-292
-297
-298
-288
-282
287
192
-197
-112
117
212
-211
-217
221
-227
511
-517
-521
527
-588
589
598
-599
