122
-121
-123
-124
-125
-126
-127
-128
-129
-112
-132
-212
-222
-232
-312
-322
-332
-142
-152
-162
-172
-182
-192
-422
-522
-622
-722
-822
-922
135
-131
-133
-134
-136
-137
-138
-139
-115
-215
-225
-235
-315
-325
-335
-145
-155
-165
-175
-185
-195
-435
-535
-635
-735
-835
-935
168
-161
-163
-164
-166
-167
-169
-148
-158
-248
-258
-268
-348
-358
-368
-118
-178
-188
-198
-468
-568
-668
-768
-868
-968
189
-181
-183
-184
-186
-187
-179
-199
-279
-289
-299
-379
-389
-399
-119
-149
-159
-489
-589
-689
-789
-889
-989
245
-241
-242
-243
-244
-246
-247
-249
-255
-265
-345
-355
-365
-275
-285
-295
-445
-545
-645
-745
-845
-945
251
-252
-253
-254
-256
-257
-259
-141
-151
-261
-341
-351
-361
-211
-221
-231
-271
-281
-291
-451
-551
-651
-751
-851
-951
274
-272
-273
-276
-277
-278
-174
-194
-284
-294
-374
-384
-394
-214
-224
-234
-264
-474
-574
-674
-774
-874
-974
371
-372
-373
-375
-376
-377
-378
-171
-191
-381
-391
111
-113
-114
-116
-117
-311
-321
-331
-411
-511
-611
-711
-811
-911
-471
-571
-671
-771
-871
-971
417
-412
-413
-414
-415
-416
-418
-419
-427
-437
-517
-527
-537
-617
-627
-637
-447
-457
-467
-477
-487
-497
-217
-317
-717
-817
-917
426
-421
-423
-424
-425
-428
-429
-436
-516
-526
-536
-616
-626
-636
-446
-456
-466
-476
-486
-496
-226
-326
-726
-826
-926
464
-461
-462
-463
-465
-469
-444
-454
-544
-554
-564
-644
-654
-664
-434
-484
-494
-364
-764
-864
-964
482
-481
-483
-485
-488
-472
-492
-572
-582
-592
-672
-682
-692
-432
-442
-452
-282
-382
-782
-882
-982
524
-521
-523
-525
-528
-529
-514
-534
-614
-624
-634
-584
-594
-324
-724
-824
-924
538
-531
-532
-533
-539
-438
-518
-618
-628
-638
-548
-558
-578
-588
-598
-238
-338
-738
-838
-938
542
-541
-543
-546
-547
-549
-552
-562
-642
-652
-662
-512
-342
-742
-842
-942
613
-612
-615
-619
632
-631
-633
-639
-433
-513
-623
-643
-653
-663
-673
-683
-693
-213
-313
-713
-813
-913
-732
-832
-932
649
-641
-646
-647
-648
-449
-459
-559
-569
-659
-669
-629
-679
-699
-349
-749
-849
-949
737
-731
-733
-734
-736
-739
-727
-827
-837
-927
-937
-747
-757
-767
-777
-787
-797
-237
-337
741
-743
-744
-746
-748
-761
-841
-861
-941
-961
-721
-781
-791
-441
763
-762
-765
-766
-769
-753
-843
-853
-863
-943
-953
-963
-723
-773
-783
-793
-263
-363
-563
799
-792
-794
-795
-796
-798
-779
-879
-899
-979
-999
-719
-729
-759
-499
-599
818
-812
-814
-815
-816
-819
-718
-728
725
-715
-825
-915
-925
-828
-918
-928
-755
-775
-785
-848
-858
-878
-888
-898
515
-519
-625
621
-431
439
491
-493
-495
-498
-581
-591
-681
-691
-479
579
-573
-575
-576
-577
561
-565
-566
-567
-661
-555
-585
-595
-218
-318
-821
-921
-239
-339
-839
-939
-891
-991
857
-852
-854
-855
-856
-859
-847
-867
-947
-957
-967
-877
-887
-897
-157
-357
-557
-657
667
-665
-666
-677
-687
-697
-267
-367
865
-862
-866
-869
-955
-965
-875
-885
-895
829
-823
-919
-929
923
-833
-933
-973
-983
-993
-223
-323
-229
-329
976
-972
-975
-977
-978
-776
-786
-876
-886
-896
-986
-996
-916
-936
-946
-956
-966
-176
-676
177
-173
-197
-287
-297
-387
-397
-147
347
-343
-344
-346
227
-228
-327
328
-388
-398
143
-144
-146
-153
-353
-193
196
-286
-296
-386
-396
154
-156
-354
-443
448
-458
-658
-478
846
-844
-756
716
-712
-714
912
-914
-836
-952
-962
969
752
-754
-758
-959
-772
778
-788
784
-884
-894
-984
-994
-988
-998
834
-831
931
-934
881
-883
-981
-992
314
-316
-319
-334
219
-216
-269
944
-948
-954
958
-352
359
-356
-369
872
-873
-892
893
473
-475
-583
-593
-453
455
553
-556
-655
656
-686
-696
675
-678
-685
-695
-684
688
694
-698
586
-587
-596
597
987
-985
995
-997
385
-383
-395
283
-288
-293
-393
392
-292
298
262
-266
-362
366
-233
236
333
-336
