146
-141
-142
-143
-144
-145
-147
-148
-149
-156
-166
-246
-256
-266
-346
-356
-366
-116
-126
-136
-176
-186
-196
-446
-546
-646
-746
-846
-946
195
-191
-192
-193
-194
-197
-198
-199
-175
-185
-275
-285
-295
-375
-385
-395
-115
-125
-135
-155
-165
-495
-595
-695
-795
-895
-995
232
-231
-233
-234
-235
-236
-237
-238
-239
-112
-122
-132
-212
-222
-312
-322
-332
-242
-252
-262
-272
-282
-292
-432
-532
-632
-732
-832
-932
244
-241
-243
-245
-247
-248
-249
-154
-164
-254
-264
-344
-354
-364
-214
-224
-274
-284
-294
-444
-544
-644
-744
-844
-944
259
-251
-253
-255
-257
-258
-159
-169
-269
-349
-359
-369
-219
-229
-279
-289
-299
-459
-559
-659
-759
-859
-959
281
-283
-286
-287
-288
-171
-181
-271
-291
-371
-381
-391
-211
-221
-261
-481
-581
-681
-781
-881
-981
315
-311
-313
-314
-316
-317
-318
-319
-215
-225
-325
-335
265
-263
-267
-268
-345
-355
-365
-415
-515
-615
-715
-815
-915
-465
-565
-665
-765
-865
-965
333
-331
-334
-336
-337
-338
-339
-113
-123
-133
-213
-223
-323
-343
-353
-363
-373
-383
-393
-433
-533
-633
-733
-833
-933
348
-341
-342
-347
-158
-168
-358
-368
-328
-378
-388
-398
-448
-548
-648
-748
-848
-948
362
-361
-367
-152
-162
-352
-372
-382
-392
-462
-562
-662
-762
-862
-962
384
-386
-387
-389
-174
-184
-374
-394
-324
-484
-584
-684
-784
-884
-984
423
-421
-422
-424
-425
-426
-427
-428
-429
-413
-513
-523
-613
-623
-443
-453
-463
-473
-483
-493
-723
-823
-923
466
-461
-464
-467
-468
-469
-456
-556
-566
-656
-666
-416
-436
-476
-486
-496
-766
-866
-966
649
-641
-642
-643
-645
-647
-449
-549
-569
-669
-619
-629
-639
-679
-689
-699
-749
-849
-949
685
-682
-683
-686
-687
-688
-475
-485
-575
-585
-675
-625
-635
-655
-785
-885
-985
729
-721
-722
-724
-725
-726
-727
-728
-719
-739
-819
-829
-839
-919
-929
-939
-769
-779
-789
-799
-129
-329
-529
741
-742
-743
-745
-747
-751
-761
-841
-851
-861
-941
-951
-961
-711
-731
-771
-791
-441
-541
768
-763
-764
-767
-758
-858
-868
-958
-968
-718
-738
-778
-788
-798
-568
-668
774
-772
-773
-775
-776
-777
-794
-874
-894
-974
-994
-714
-734
-754
-474
-574
-674
792
-793
-796
-797
-782
-872
-882
-892
-972
-982
-992
-712
-752
-492
-592
-692
827
-821
-822
-824
-825
-826
-828
-717
-737
-817
-837
-917
-927
-937
-847
-857
-867
-877
-887
-897
-127
-227
-327
-527
-627
853
-852
-854
-855
-856
-753
-843
-863
-943
-953
-963
-813
-873
-883
-893
543
-542
-545
-547
-553
-563
-653
-663
-573
-583
-593
-153
163
-161
-167
-173
-183
878
-871
-875
-876
-879
975
-971
-973
-976
-977
-978
-979
-888
-898
-988
-998
-818
-838
-925
-935
-945
-955
525
-521
-522
-524
-526
-528
-435
-535
-555
-178
-278
-478
-578
-678
911
-912
-913
-914
-916
-918
-811
-831
-921
-931
713
-716
-783
891
-896
-899
-991
-111
-411
-511
-611
983
-986
-987
-989
-993
-491
-591
-691
969
-964
-967
-869
864
-954
-814
-834
889
-886
-999
-564
-664
-189
-489
-589
-114
-117
118
-119
-128
-138
-218
-228
226
-216
217
-326
321
-121
124
-131
-134
-137
139
151
-157
-351
357
-188
298
-293
-296
-297
273
-276
-277
-179
-377
-397
-417
-517
-617
-418
-518
-618
-621
-624
-924
934
-936
-938
928
-922
-926
812
-816
-842
845
-755
735
-736
-835
836
-412
-512
-612
622
-626
-628
-652
-672
-434
-534
-634
-536
-636
-439
-539
-445
455
-451
-452
-454
-457
-458
-551
-651
-557
-657
-757
756
-956
-786
787
996
-997
-957
952
-942
947
442
-447
-552
-472
-482
-673
693
-694
-696
-697
-698
586
-582
-587
-588
572
-571
-576
-577
-579
-596
-676
-516
616
-614
654
-658
-554
558
-538
-598
638
-631
-637
-438
-172
177
182
-187
376
-379
-396
399
-477
-677
671
-471
479
-499
-599
431
-437
-531
537
-419
414
-514
519
-494
594
-597
561
-567
-661
667
-487
488
497
-498
