121
-122
-123
-124
-125
-126
-127
-128
-129
-111
-131
-211
-221
-231
-311
-321
-331
-141
-151
-161
-171
-181
-191
-421
-521
-621
-721
-821
-921
196
-192
-193
-194
-195
-197
-198
-199
-176
-186
-276
-286
-296
-376
-386
-396
-116
-136
-146
-156
-166
-496
-596
-696
-796
-896
-996
255
-251
-252
-253
-254
-256
-257
-258
-259
-145
-155
-165
-245
-265
-345
-355
-365
-215
-225
-235
-275
-285
-295
-455
-555
-655
-755
-855
-955
282
-281
-283
-284
-287
-288
-289
-172
-182
-272
-292
-372
-382
-392
-212
-222
-232
-242
-262
-482
-582
-682
-782
-882
-982
354
-351
-352
-353
-356
-357
-358
-359
-144
-154
-164
-244
-264
-344
-364
-314
-324
-334
-374
-384
-394
-454
-554
-654
-754
-854
-954
414
-411
-412
-413
-415
-416
-417
-418
-419
-424
-434
-514
-524
-534
-614
-624
-634
-444
-464
-474
-484
-494
-114
-214
-714
-814
-914
435
-431
-432
-433
-436
-437
-438
-439
-425
-515
-525
-535
-615
-625
-635
-445
-465
-475
-485
-495
-135
-335
-735
-835
-935
473
-471
-472
-476
-477
-478
-479
-483
-493
-573
-583
-593
-673
-683
-693
-423
-443
-453
-463
-173
-273
-373
-773
-873
-973
547
-541
-542
-543
-544
-545
-546
-548
-549
-447
-457
-467
-557
-567
-647
-657
-667
-517
-527
-537
-577
-587
-597
-147
-247
-347
-747
-847
-947
591
-592
-594
-595
-598
-599
-481
-491
-571
-581
-671
-681
-691
-511
-531
-551
-561
-291
-391
-791
-891
-991
612
-611
-613
-616
-617
-618
-619
631
-632
-633
-636
-637
-638
-639
-422
-512
-522
-532
-622
-641
-651
-661
-642
-652
-662
-672
-692
-112
-312
-712
-812
-912
-731
-831
-931
741
-742
-743
-744
-745
-746
-748
-749
-751
-761
-841
-851
-861
-941
-951
-961
-711
-771
-781
-241
-341
-441
451
-452
-456
-458
-459
-461
757
-752
-753
-756
-758
-759
-767
-857
-867
-957
-967
-717
-727
-737
-777
-787
-797
-157
778
-772
-774
-775
-776
-779
-788
-798
-878
-888
-898
-978
-988
-998
-718
-728
-738
-768
-178
-278
-378
-578
-678
819
-811
-813
-815
-816
-817
-818
911
-913
-915
-916
-917
-918
-919
-719
-729
-739
-829
-839
-929
-939
-849
-859
-869
-879
-889
-899
-971
-981
-119
-219
-319
-519
884
-881
-883
-885
-886
-887
871
-872
-874
-875
-876
-877
-784
-794
-894
-974
-984
-994
-824
-834
-844
-864
-271
261
-263
-266
-267
-268
-269
-361
-371
381
-383
-385
-387
-388
-389
-184
-584
-684
946
-942
-943
-944
-945
-948
-949
-766
-846
-856
-866
-956
-966
-926
-936
-976
-986
786
-783
-785
-789
-716
-726
-736
644
-643
-645
-646
-648
-649
-564
-664
574
-572
-575
-576
-579
492
-497
-498
-499
-674
-694
-442
-462
845
-842
-843
-848
-765
-865
-965
-825
-895
-246
-346
366
-362
-363
-367
-368
-369
167
-162
-163
-168
-169
-117
-137
-177
-187
-316
-326
-336
-446
-466
-566
-666
972
-975
-977
-979
-792
-892
-992
-922
-932
-952
-962
-174
134
-132
-133
-138
-139
-224
-234
-734
-934
-274
294
-293
-297
-298
-299
676
-675
-677
-679
-486
-586
-686
426
-427
-428
-429
-516
-526
-536
-626
627
-623
-628
-629
487
-488
-489
-687
-697
556
-552
-553
-558
-559
562
-563
-565
-568
-569
665
-663
-668
-669
653
-656
-658
-659
585
-588
-589
-685
-695
216
-213
-217
-218
-226
-236
317
-313
-315
-318
-227
-237
-327
-337
277
-279
-377
-397
-826
836
-832
-833
-837
-838
-827
897
-893
-987
-997
-927
937
-933
-938
-153
-853
-953
-762
-862
852
-858
-822
-152
142
-143
-148
-149
-342
-185
-985
113
-115
-118
-223
-233
-323
-333
325
-322
-328
-329
332
-338
-339
-183
393
-395
-398
-399
188
-189
175
-179
-375
379
-158
159
-249
-349
243
-248
-343
348
-513
518
-528
-538
-713
715
-725
-925
-795
995
-993
-999
722
-723
-724
-732
733
-823
828
-923
924
-928
-763
-793
799
983
-989
764
-769
-964
863
-868
-963
523
-529
-533
539
-228
229
238
-239
-448
449
468
-469
958
-959
-968
969
-688
689
698
-699
