186
-181
-182
-183
-184
-185
-187
-188
-189
-176
-196
-276
-286
-296
-376
-386
-396
-116
-126
-136
-146
-156
-166
-486
-586
-686
-786
-886
-986
216
-211
-212
-213
-214
-215
-217
-218
-219
-226
-236
-316
-326
-336
-246
-256
-266
-416
-516
-616
-716
-816
-916
257
-251
-252
-253
-254
-255
-258
-259
-147
-157
-167
-247
-267
-347
-357
-367
-227
-237
-277
-287
-297
-457
-557
-657
-757
-857
-957
264
-261
-262
-263
-265
-268
-269
-144
-154
-164
-244
-344
-354
-364
-224
-234
-274
-284
-294
-464
-564
-664
-764
-864
-964
299
-291
-292
-293
-295
-298
-179
-199
-279
-289
-379
-389
-399
-229
-239
-249
-499
-599
-699
-799
-899
-999
322
-321
-323
-324
-325
-327
-328
-329
-112
-122
-132
-222
-232
-312
-332
-342
-352
-362
-372
-382
-392
-422
-522
-622
-722
-822
-922
358
-351
-353
-355
-356
-359
-148
-158
-168
-248
-348
-368
-318
-338
-378
-388
-398
-458
-558
-658
-758
-858
-958
369
-361
-363
-365
-366
346
-341
-343
-345
-349
-149
-159
-169
-319
-339
-446
-546
-646
-746
-846
-946
-469
-569
-669
-769
-869
-969
411
-412
-413
-414
-415
-417
-418
-419
-421
-431
-511
-521
-531
-611
-621
-631
-441
-451
-461
-471
-481
-491
-111
-311
-711
-811
-911
517
-512
-513
-514
-515
-518
-519
-427
-437
-527
-537
-617
-627
-637
-547
-567
-577
-587
-597
-117
-317
-717
-817
-917
524
-523
-525
-526
-528
-529
-424
-434
-534
-614
-624
-634
-544
-554
-574
-584
-594
-124
-724
-824
-924
566
-561
-562
-563
-565
-568
-456
-466
-556
-656
-666
-536
-576
-596
-766
-866
-966
582
-581
-583
-585
-588
-589
-472
-482
-492
-572
-592
-672
-682
-692
-532
-542
-552
-282
-782
-882
-982
643
-641
-642
-644
-645
-647
-648
-649
-443
-453
-463
-543
-553
-653
-663
-613
-623
-633
-673
-683
-693
-143
-243
-743
-843
-943
679
-671
-674
-675
-676
-677
-678
-479
-489
-579
-689
-619
-629
-639
-659
-779
-879
-979
695
-691
-694
-696
-697
-698
-475
-485
-495
-575
-595
-685
-615
-625
-635
-655
-665
-195
-395
-795
-895
-995
719
-712
-713
-714
-715
-718
-729
-739
-819
-829
-839
-919
-929
-939
-749
-759
-789
-119
753
-751
-752
-754
-755
-756
-763
-853
-863
-953
-963
-723
-733
-773
-783
-793
-153
163
-161
-162
-165
-113
-123
-133
-173
-193
784
-781
-785
-787
-788
-774
-794
-874
-884
-894
-974
-984
-994
-734
-744
-384
-484
-684
654
-651
-652
-444
-454
-854
-954
798
-791
-792
-796
-797
-778
-878
-888
-898
-978
-988
-998
-728
-738
-748
-768
-198
-498
-598
827
-821
-823
-825
-826
-828
-727
-737
-837
-927
-937
-847
-867
-877
-887
-897
-127
925
-921
-923
-926
-928
-725
-735
-815
-835
-915
-935
-945
-955
-965
-975
-985
-125
-225
-425
942
-941
-944
-947
-948
-949
-742
-762
-842
-852
-862
-952
-962
844
-841
-845
-848
-849
-814
-834
-912
-932
-972
-992
-142
-242
152
-151
-155
-172
-192
272
-271
-273
-275
-278
-442
-452
-772
732
-731
-736
-812
-832
612
-618
-432
-632
462
-465
-467
-468
-662
-872
892
-891
-893
-896
991
-993
-996
-997
-771
-871
-881
-971
-981
-931
-951
-961
-191
-391
-591
593
-473
-483
-493
-573
-533
-393
496
-494
-497
474
-476
-477
-478
-426
-436
-174
-374
114
-115
-118
-134
-314
-334
-194
197
394
-397
-177
-377
-387
-137
337
-331
-333
-335
-914
934
-933
-936
-938
315
-313
-135
-235
-375
-385
-121
128
-129
-138
-228
-238
139
-131
-178
288
-281
-283
-285
175
-171
141
-145
-241
245
-428
-628
626
-636
638
-438
-538
-668
-688
-726
721
-831
836
-833
-838
-741
-761
776
-775
-777
-876
-976
-856
956
-959
859
-851
-855
861
-865
-868
968
-967
818
-813
913
-918
-889
989
-983
-987
977
-973
-221
223
231
-233
-423
429
433
-435
-439
535
-539
-449
-459
455
-445
-545
-555
-541
-745
747
765
-767
-447
448
667
-661
551
-559
-548
549
487
-488
-687
681
-571
578
371
-373
-381
383
873
-875
-883
885
