136
-131
-132
-133
-134
-135
-137
-138
-139
-116
-126
-216
-226
-236
-316
-326
-336
-146
-156
-166
-176
-186
-196
-436
-536
-636
-736
-836
-936
142
-141
-143
-144
-145
-147
-148
-149
-152
-162
-242
-252
-262
-342
-352
-362
-112
-122
-172
-182
-192
-442
-542
-642
-742
-842
-942
174
-171
-173
-175
-177
-178
-179
-184
-194
-274
-284
-294
-374
-384
-394
-114
-124
-154
-164
-474
-574
-674
-774
-874
-974
181
-183
-185
-187
-188
-189
-191
-271
-281
-291
-371
-381
-391
-111
-121
-151
-161
-481
-581
-681
-781
-881
-981
227
-221
-222
-223
-224
-225
-228
-229
-117
-127
-217
-237
-317
-327
-337
-247
-257
-267
-277
-287
-297
-427
-527
-627
-727
-827
-927
231
-232
-233
-234
-235
-238
-239
-211
-311
-321
-331
-241
-251
-261
-431
-531
-631
-731
-831
-931
243
-244
-245
-246
-248
-249
-153
-163
-253
-263
-343
-353
-363
-213
-273
-283
-293
-443
-543
-643
-743
-843
-943
285
-282
-286
-288
-289
-195
-275
-295
-375
-385
-395
-215
-255
-265
-485
-585
-685
-785
-885
-985
296
-292
-298
-299
-276
-376
-386
-396
-256
-266
-496
-596
-696
-796
-896
-996
461
-462
-463
-464
-465
-466
-467
-468
-469
-441
-451
-541
-551
-561
-641
-651
-661
-411
-421
-471
-491
-361
-761
-861
-961
475
-472
-473
-476
-477
-478
-479
-495
-575
-595
-675
-695
-415
-425
-435
-445
-455
-775
-875
-975
514
-511
-512
-513
-515
-516
-517
-518
-519
-414
-424
-434
-524
-534
-614
-624
-634
-544
-554
-564
-584
-594
-214
-314
-714
-814
-914
522
-521
-523
-525
-526
-528
-529
-412
-422
-432
-532
-612
-622
-632
-552
-562
-572
-582
-592
-322
-722
-822
-922
587
-583
-586
-588
-589
-487
-497
-577
-597
-677
-687
-697
-537
-547
-557
-567
-387
-787
-887
-987
591
-593
-598
-599
-571
-671
-691
-791
-891
-991
637
-633
-635
-638
-639
-417
-437
-617
-647
-657
-667
-737
-837
-937
645
-644
-646
-648
-649
-545
-555
-565
-655
-665
535
-533
-538
-539
-615
-625
-335
-735
-835
-935
-345
-745
-845
-945
689
-682
-683
-684
-686
-688
-489
-499
-579
-679
-699
-619
-629
-659
-669
-389
-789
-889
-989
813
-811
-812
-815
-816
-817
-818
-819
-713
-723
-733
-823
-833
-913
-923
-933
-853
-863
-873
-883
-893
-113
-313
-413
-613
829
-821
-824
-825
-826
-828
-719
-729
-739
-839
-919
-929
-939
-849
-859
-869
-879
-899
-129
-329
-429
867
-862
-864
-865
-866
-868
-747
-757
-767
-847
-857
-947
-957
-967
-877
-897
-167
-367
876
-871
-872
-878
-776
-786
-886
-976
-986
-846
-856
-576
-676
486
-482
-483
-484
-488
-416
-426
-446
-456
882
-884
-888
-772
-782
-792
-892
-972
-982
-992
-832
-852
-382
921
-924
-925
-926
-928
-711
-721
-911
-941
-951
-971
771
-773
-777
-778
-779
-741
-751
611
-616
-618
-621
626
-623
-628
-656
-666
-726
932
-934
-938
-712
-732
-912
-952
-962
-332
969
-963
-964
-965
-966
-968
-749
-759
-769
-949
-959
799
-793
-794
-795
-797
-798
-979
-999
717
-715
-716
-718
916
-915
-917
-918
725
-724
-728
-755
-765
-946
-956
324
-323
-325
-328
-334
-344
-354
-364
-125
-169
-269
-369
-569
-199
-399
978
-973
-977
997
-993
-994
-995
-998
895
-894
-898
-788
-988
-855
955
-953
-954
-958
983
-984
-783
784
-734
738
834
-838
-744
-754
-764
-748
746
-756
-766
-758
-768
-844
-854
944
-948
-338
-438
-444
-346
-546
-155
-355
377
-372
-373
-378
-379
-197
-397
279
-272
-278
392
-393
-398
157
-158
-159
-347
-357
119
-115
-118
315
-312
-318
-319
212
-218
-219
128
-123
333
-339
193
-198
-383
388
165
-168
-365
-259
-348
-358
-368
366
-356
418
-419
-428
423
-433
439
-453
-493
-448
-458
-498
-449
447
-457
-459
556
-553
-558
-559
-566
549
-548
848
-841
851
-858
341
-349
-351
359
672
-673
-678
-492
494
-692
-694
452
-454
-652
-662
-752
753
762
-763
-653
573
-578
-693
698
-563
568
663
-664
-668
654
-658
-254
258
264
-268
