148
-141
-142
-143
-144
-145
-146
-147
-149
-158
-168
-248
-258
-268
-348
-358
-368
-118
-128
-138
-178
-188
-198
-448
-548
-648
-748
-848
-948
173
-171
-172
-174
-175
-176
-177
-179
-183
-193
-273
-283
-293
-373
-383
-393
-113
-123
-133
-153
-163
-473
-573
-673
-773
-873
-973
213
-211
-212
-214
-215
-216
-217
-218
-219
-223
-233
-313
-323
-333
-243
-253
-263
-413
-513
-613
-713
-813
-913
274
-271
-272
-275
-276
-277
-278
-279
-184
-194
-284
-294
-374
-384
-394
-224
-234
-244
-254
-264
-474
-574
-674
-774
-874
-974
335
-331
-332
-334
-336
-337
-338
-339
-115
-125
-135
-225
-235
-315
-325
-345
-355
-365
-375
-385
-395
-435
-535
-635
-735
-835
-935
356
-351
-352
-353
-354
-357
-359
-156
-166
-246
-256
-266
-346
-366
-316
-326
-376
-386
-396
-456
-556
-656
-756
-856
-956
367
-361
-362
-363
-364
-369
343
-341
-342
-344
-347
-349
-157
-167
-247
-257
-267
-317
-327
-377
-387
-397
-443
-543
-643
-743
-843
-943
-467
-567
-667
-767
-867
-967
388
-381
-382
-389
-288
-298
-378
-398
-318
-328
-488
-588
-688
-788
-888
-988
418
-411
-412
-414
-415
-416
-417
-419
-428
-438
-518
-528
-538
-618
-628
-638
-458
-468
-478
-498
-718
-818
-918
432
-431
-433
-434
-436
-437
-439
-422
-512
-522
-532
-612
-622
-632
-442
-452
-462
-472
-482
-492
-132
-232
-732
-832
-932
579
-571
-572
-575
-576
-577
-578
-479
-489
-499
-589
-599
-679
-689
-699
-519
-529
-539
-549
-559
-569
-379
-779
-879
-979
594
-591
-592
-593
-595
-596
-597
-598
-484
-494
-584
-684
-694
-514
-524
-534
-544
-554
-564
-794
-894
-994
611
-614
-615
-616
-617
-619
-421
-511
-521
-531
-621
-631
-641
-651
-661
-671
-681
-691
-111
-311
-711
-811
-911
625
-623
-624
-626
-627
-629
-425
-515
-525
-645
-655
-665
-675
-685
-695
-725
-825
-925
653
-652
-654
-657
-658
-659
-453
-463
-553
-563
-663
-633
-683
-693
-753
-853
-953
733
-731
-734
-736
-737
-738
-739
-723
-823
-833
-923
-933
-763
-783
-793
-533
747
-741
-742
-744
-745
-746
-749
-757
-847
-857
-947
-957
-717
-727
-777
-787
-797
-447
-547
-647
754
-751
-752
-755
-758
-759
-764
-844
-854
-864
-944
-954
-964
-714
-724
-784
-154
164
-161
-162
-165
-169
-114
-124
-134
-454
-464
-664
766
-761
-762
-765
-768
-769
-846
-866
-946
-966
-716
-726
-776
-786
-796
-466
-566
-666
791
-792
-795
-798
-799
-771
-781
-871
-881
-891
-971
-981
-991
-721
-191
-291
-391
-491
815
-812
-814
-816
-817
-819
-715
-915
-845
-855
-865
-875
-885
-895
837
-831
-834
-836
-838
-839
-827
-917
-927
-937
-877
-887
-897
-137
-237
-537
536
-426
-516
517
-526
-636
-427
-527
523
-423
-637
-583
-546
-586
-557
457
-451
-455
-459
-477
-487
-497
-587
-117
-136
-236
-936
862
-861
-863
-868
-869
-842
-852
-942
-952
-962
963
-961
-965
-968
-969
-822
-872
-882
-892
-983
-993
-262
-562
-662
951
-955
-958
-959
-841
849
-851
-941
945
-949
858
-859
821
-824
-826
-828
-829
-921
-931
884
-883
-886
-889
893
-896
-898
-899
-984
876
-878
-976
-986
-996
-975
-985
-995
-121
-221
-321
371
-372
-181
-281
-245
-445
-545
-249
-449
-649
-151
131
-139
-231
-251
-551
-558
568
-561
-565
-668
669
-469
429
-424
634
-639
444
-441
-446
-644
646
-642
-676
-686
-696
-129
-229
-329
-729
-929
-934
-269
-471
-476
475
-485
-495
-585
-465
461
-541
542
-552
555
-481
581
-582
241
-242
-261
265
-155
-255
-285
-295
-775
785
-782
-789
719
-712
-919
-939
938
-728
722
-912
-922
-928
-772
778
-978
-998
-119
-319
239
-238
228
-222
-226
-227
127
-122
-126
116
-112
-186
-196
-187
-197
-259
252
-152
159
-189
-199
-282
-292
-289
-299
399
-392
312
-314
-322
324
914
-916
-924
926
-678
698
-692
-697
483
-486
-493
496
-185
182
-192
195
-682
687
672
-677
-972
977
-987
-997
-982
989
992
-999
286
-287
-296
297
