176
-171
-172
-173
-174
-175
-177
-178
-179
-186
-196
-276
-286
-296
-376
-386
-396
-116
-126
-136
-146
-156
-166
-476
-576
-676
-776
-876
-976
191
-192
-193
-194
-195
-197
-198
-199
-181
-271
-281
-291
-371
-381
-391
-111
-121
-131
-141
-151
-161
-491
-591
-691
-791
-891
-991
218
-211
-212
-213
-214
-215
-216
-217
-219
-118
-128
-138
-228
-238
-318
-328
-338
-248
-258
-268
-278
-288
-298
-418
-518
-618
-718
-818
-918
257
-251
-252
-253
-254
-255
-256
-259
-147
-157
-167
-247
-267
-347
-357
-367
-227
-237
-277
-287
-297
-457
-557
-657
-757
-857
-957
416
-411
-412
-413
-414
-415
-417
-419
-426
-436
-516
-526
-536
-616
-626
-636
-446
-456
-466
-486
-496
-316
-716
-816
-916
424
-421
-422
-423
-425
-427
-428
-429
-434
-514
-524
-534
-614
-624
-634
-444
-454
-464
-474
-484
-494
-124
-224
-324
-724
-824
-924
441
-442
-443
-445
-447
-448
-449
-451
-461
-541
-551
-561
-641
-651
-661
-431
-471
-481
-241
-341
-741
-841
-941
513
-511
-512
-515
-517
-519
-433
-523
-533
-613
-623
-633
-543
-553
-563
-573
-583
-593
-113
-313
-713
-813
-913
577
-571
-572
-574
-575
-578
-579
-477
-487
-497
-587
-597
-677
-687
-697
-527
-537
-547
-567
-377
-777
-877
-977
588
-581
-582
-584
-585
-586
-589
-478
-488
-498
-598
-678
-688
-698
-528
-538
-548
-558
-568
-188
-388
-788
-888
-988
645
-642
-643
-644
-646
-647
-648
-649
-455
-465
-545
-555
-565
-655
-665
-615
-625
-635
-675
-685
-695
-145
-245
-345
-745
-845
-945
753
-751
-752
-754
-755
-756
-758
-759
-743
-763
-843
-853
-863
-943
-953
-963
-723
-733
-773
-783
-793
-153
-353
-453
-653
787
-781
-782
-784
-785
-786
-789
-797
-887
-897
-987
-997
-717
-727
-737
-747
-767
-187
-387
397
-392
-393
-394
-395
-398
-399
378
-372
-373
-374
-375
-379
-317
-327
-337
-348
-358
-368
-778
-878
-978
821
-822
-823
-825
-826
-827
-828
-829
-711
-721
-731
-811
-831
-911
-921
-931
-851
-861
-871
-881
-221
-321
-521
531
-532
-535
-539
-611
-621
-631
311
-312
-314
-315
-319
-231
-331
261
-262
-263
-264
-265
-266
-269
-351
-361
951
-952
-954
-955
-956
-958
-959
-761
-961
771
-772
-774
-775
-779
-971
-981
-671
681
-682
-683
-684
-686
-689
832
-833
-834
-835
-836
-837
-838
-839
-712
-722
-732
-812
-912
-922
-932
-842
-852
-862
-872
-882
-892
-132
-232
-332
-432
-632
925
-923
-926
-927
-928
-929
933
-934
-935
-936
-937
-938
-939
-715
-725
-735
-815
-915
-973
-983
-993
-965
-975
-985
-995
115
-112
-114
-117
-119
-125
-135
-225
-235
-325
-335
-155
-165
-185
612
-617
-619
-522
-622
-652
-662
-672
-692
-525
529
435
-437
-438
-439
-629
-639
-475
-485
-495
595
-592
-594
-596
-599
696
-693
-694
-699
674
-673
-679
467
-462
-463
-468
-469
663
-664
-666
-667
-668
-669
458
-452
-459
-658
-549
-559
-569
659
-654
-656
-129
-229
-329
-729
-133
-233
-333
-158
-858
-159
-359
-859
-163
-363
-867
-967
-274
-874
-974
-295
-795
765
-762
-764
-766
-768
-769
-855
-865
355
-352
-354
-356
-365
-385
-895
-796
-896
-996
946
-942
-944
-947
-948
-949
-746
-846
-856
854
-744
-844
-864
-964
-866
-966
847
-848
-849
-814
-884
-894
886
-883
-885
-889
875
-873
-879
893
-898
-899
-986
-817
819
917
-914
-919
-719
714
-734
-739
-794
868
-869
-748
-968
998
-992
-994
-999
984
-982
-989
-798
-246
-346
366
-362
-364
-369
-326
-336
-546
148
-142
-143
-144
-149
-168
-154
152
-162
-242
-342
-122
-182
-552
-554
556
-566
-275
285
-282
-283
-284
-289
-184
-384
294
-292
-293
-299
-234
-244
-493
-123
127
-137
183
-189
-273
-383
-627
628
637
-638
-728
726
-736
738
-226
236
-239
473
-472
-479
-483
-134
139
334
-339
164
-169
-344
544
-542
562
-564
742
-749
-962
969
-792
799
972
-979
-272
279
382
-389
222
-223
-322
323
243
-249
-343
349
-482
489
492
-499
