123
-121
-122
-124
-125
-126
-127
-128
-129
-113
-133
-213
-223
-233
-313
-323
-333
-143
-153
-163
-173
-183
-193
-423
-523
-623
-723
-823
-923
159
-151
-152
-154
-155
-156
-157
-158
-149
-169
-249
-259
-269
-349
-359
-369
-119
-139
-179
-189
-199
-459
-559
-659
-759
-859
-959
164
-161
-162
-165
-166
-167
-168
-144
-244
-254
-264
-344
-354
-364
-114
-134
-174
-184
-194
-464
-564
-664
-764
-864
-964
248
-241
-242
-243
-245
-246
-247
-148
-258
-268
-348
-358
-368
-218
-228
-238
-278
-288
-298
-448
-548
-648
-748
-848
-948
257
-251
-252
-253
-255
-256
-147
-267
-347
-357
-367
-217
-227
-237
-277
-287
-297
-457
-557
-657
-757
-857
-957
295
-291
-292
-293
-294
-296
-299
-175
-185
-195
-275
-285
-375
-385
-395
-215
-225
-235
-265
-495
-595
-695
-795
-895
-995
376
-371
-372
-373
-374
-377
-378
-379
-176
-186
-196
-276
-286
-386
-396
-316
-326
-336
-346
-356
-366
-476
-576
-676
-776
-876
-976
412
-411
-413
-414
-415
-416
-417
-418
-419
-422
-432
-512
-522
-532
-612
-622
-632
-442
-452
-462
-472
-482
-492
-112
-212
-312
-712
-812
-912
479
-471
-473
-474
-475
-477
-478
-489
-499
-579
-589
-599
-679
-689
-699
-429
-439
-449
-469
-279
-779
-879
-979
491
-493
-494
-496
-497
-498
-481
-571
-581
-591
-671
-681
-691
-421
-431
-441
-451
-461
-191
-391
-791
-891
-991
528
-521
-524
-525
-526
-527
-529
-428
-438
-518
-538
-618
-628
-638
-558
-568
-578
-588
-598
-328
-728
-828
-928
562
-561
-563
-565
-566
-567
-569
-542
-552
-642
-652
-662
-572
-582
-592
-262
-362
-762
-862
-962
614
-611
-613
-615
-616
-617
-619
-424
-434
-514
-534
-624
-634
-644
-654
-674
-684
-694
-214
-314
-714
-814
-914
636
-631
-633
-635
-637
-639
-426
-436
-516
-536
-626
-646
-656
-666
-686
-696
-136
-236
-736
-836
-936
649
-641
-643
-645
-647
-549
-669
-629
-749
-849
-949
675
-672
-673
-677
-678
-485
-575
-585
-685
-625
-655
-665
-775
-875
-975
713
-711
-715
-716
-717
-718
-719
-733
-813
-833
-913
-933
-743
-753
-763
-773
-783
-793
-513
724
-721
-722
-725
-726
-727
-729
-734
-824
-834
-924
-934
-744
-754
-774
-784
-794
-224
-324
747
-741
-742
-745
-746
-767
-847
-867
-947
-967
-737
-777
-787
-797
-447
-547
769
-761
-765
-766
-768
-869
-969
-739
-789
-799
786
-781
-782
-785
-788
-796
-886
-896
-986
-996
-756
-486
-586
596
-593
-594
-597
-546
-556
877
-871
-872
-873
-874
-878
-887
-897
-977
-987
-997
-817
-827
-837
-177
-577
916
-911
-915
-917
-918
-919
-816
-826
-926
-946
-956
-966
-116
146
-141
-142
-145
-266
-216
226
-221
-222
-229
-446
-846
921
-922
-925
-927
-929
-731
-811
-821
-831
-931
937
-932
-935
-938
-939
-941
-951
-961
-971
-981
-321
-621
627
-427
425
-435
-515
-535
-437
433
-533
-517
-537
-443
-453
-463
-483
-445
444
-454
-544
-554
-484
-455
-465
587
-583
-584
574
-573
-487
488
-687
-697
-688
-698
467
-466
-468
456
-458
-667
-325
-825
-327
-137
-337
-844
-944
-856
866
-861
-863
-865
-868
-274
-974
-187
-387
-188
-388
-888
-988
-111
115
-117
-118
-135
-315
-335
317
-311
-318
-319
197
-192
-198
-397
-815
818
-819
-738
-838
-858
-898
-131
132
-138
-232
-322
329
-332
338
-331
-334
-339
234
-231
-239
211
-219
-172
-182
181
-171
178
-271
-281
-381
-398
-261
263
-343
-353
-363
-273
272
-282
-382
-392
-283
-284
289
-389
-399
-511
519
531
-539
-541
-551
822
-829
-732
735
-832
-835
839
-755
-842
-852
-882
-892
-889
-899
-663
-963
771
-772
-778
-881
-751
-972
973
-978
-883
-893
894
-983
-993
-884
885
-984
-994
-985
-854
954
-952
-953
-955
-958
-845
-855
-943
384
-383
393
-394
683
-682
692
-693
-653
982
-989
-792
798
-992
-998
999
752
-758
-942
945
-965
968
342
-341
-345
-352
841
-843
-851
853
543
-545
-553
555
-355
351
-361
365
-651
658
661
-668
