171
-172
-173
-174
-175
-176
-177
-178
-179
-181
-191
-271
-281
-291
-371
-381
-391
-111
-121
-131
-141
-151
-161
-471
-571
-671
-771
-871
-971
196
-192
-193
-194
-195
-197
-198
-199
-186
-276
-286
-296
-376
-386
-396
-116
-126
-136
-146
-156
-166
-496
-596
-696
-796
-896
-996
222
-221
-223
-224
-225
-226
-227
-228
-229
-112
-122
-132
-212
-232
-312
-322
-332
-242
-252
-262
-272
-282
-292
-422
-522
-622
-722
-822
-922
257
-251
-253
-254
-255
-256
-258
-259
-147
-157
-167
-247
-267
-347
-357
-367
-217
-237
-277
-287
-297
-457
-557
-657
-757
-857
-957
319
-311
-313
-314
-315
-316
-317
-318
-119
-129
-139
-219
-239
-329
-339
-349
-359
-369
-379
-389
-399
-419
-519
-619
-719
-819
-919
375
-372
-373
-374
-377
-378
-185
-275
-285
-295
-385
-395
-325
-335
-345
-355
-365
-475
-575
-675
-775
-875
-975
427
-421
-423
-424
-425
-426
-428
-429
-417
-437
-517
-527
-537
-617
-627
-637
-447
-467
-477
-487
-497
-127
-327
-727
-827
-927
438
-431
-432
-433
-434
-435
-436
-439
-418
-518
-528
-538
-618
-628
-638
-448
-458
-468
-478
-488
-498
-138
-238
-338
-738
-838
-938
483
-481
-482
-484
-485
-486
-489
-473
-493
-573
-583
-593
-673
-683
-693
-413
-443
-453
-463
-183
-283
-383
-783
-883
-983
545
-541
-542
-543
-544
-546
-547
-548
-549
-445
-455
-465
-555
-565
-645
-655
-665
-515
-525
-535
-585
-595
-145
-245
-745
-845
-945
584
-581
-582
-586
-587
-588
-589
-474
-494
-574
-594
-674
-684
-694
-514
-524
-534
-554
-564
-184
-284
-384
-784
-884
-984
641
-642
-643
-644
-646
-647
-648
-649
-441
-451
-461
-551
-561
-651
-661
-611
-621
-631
-681
-691
-241
-341
-741
-841
-941
752
-751
-753
-754
-755
-756
-758
-759
-742
-762
-842
-852
-862
-942
-952
-962
-712
-732
-772
-782
-792
-152
-352
-452
-552
-652
777
-773
-774
-776
-778
-779
-787
-797
-877
-887
-897
-977
-987
-997
-717
-737
-747
-767
-577
-677
788
-781
-785
-786
-789
-798
-878
-888
-898
-978
-988
-998
-718
-728
-748
-768
-188
-288
289
-189
-279
-299
-249
-269
-388
-688
-689
-889
-989
811
-812
-813
-814
-815
-816
-817
-818
-711
-721
-731
-821
-831
-911
-921
-931
-851
-861
-881
-891
-211
-411
491
-492
-495
-499
-591
415
-412
-414
-416
-615
-625
-635
-511
-115
-215
-715
-915
981
-982
-985
-986
-791
-991
761
-763
-764
-765
-766
-769
-951
-961
351
-353
-354
-356
-358
-261
-361
231
-233
-234
-235
-236
-321
-331
265
-263
-264
-266
-268
-155
-165
521
-523
-526
-529
-531
-865
-965
846
-843
-844
-847
-848
-849
-746
-856
-866
-946
-956
-966
-826
-836
-876
-886
976
-972
-973
-974
-979
-916
-926
-936
-246
216
-213
-214
-218
-326
-336
-516
-616
-716
-346
366
-362
-363
-364
-368
-446
947
-943
-944
-948
-949
-867
-967
837
-832
-833
-834
-835
-839
-917
-937
117
-113
-114
-118
-137
-337
-187
182
-382
387
-392
-397
-142
-162
342
-343
-344
-348
918
-912
-913
-914
932
-933
-934
-935
-939
-828
-928
-992
-958
-968
-532
-632
-442
-466
-566
-666
-476
456
-454
-459
-556
-656
-576
536
-533
-539
-626
-636
726
-723
-724
-725
-729
-736
-676
686
-682
-685
-687
695
-692
-697
-698
-699
597
-592
-598
-599
-567
667
-662
-663
-664
-668
-669
-882
885
-795
-895
-995
735
-733
-734
-739
-825
-925
-855
955
-953
-954
-959
125
-123
-124
-128
-135
328
-323
-324
-398
639
-633
-634
-629
-659
-679
892
-893
-894
-899
-872
298
-293
-294
-278
-248
148
-143
-144
-149
-158
-168
133
-134
-333
334
-153
-163
243
-244
-273
274
393
-394
-743
873
-874
-879
-793
-993
713
-714
-823
-923
-853
-863
963
-964
-969
-513
512
-612
-562
462
-464
-469
-472
479
-579
444
-449
-654
-572
578
672
-678
-558
-568
658
-653
-613
614
623
-624
-744
749
-859
-869
794
-799
-994
999
829
-824
924
-929
553
-559
-563
569
-858
854
-864
868
-154
159
164
-169
