178
-171
-172
-173
-174
-175
-176
-177
-179
-188
-198
-278
-288
-298
-378
-388
-398
-118
-128
-138
-148
-158
-168
-478
-578
-678
-778
-878
-978
194
-191
-192
-193
-195
-196
-197
-199
-184
-274
-284
-294
-374
-384
-394
-114
-124
-134
-144
-154
-164
-494
-594
-694
-794
-894
-994
239
-231
-232
-233
-234
-235
-236
-237
-238
-119
-129
-139
-219
-229
-319
-329
-339
-249
-259
-269
-279
-289
-299
-439
-539
-639
-739
-839
-939
241
-242
-243
-244
-245
-246
-247
-248
-141
-151
-161
-251
-261
-341
-351
-361
-211
-221
-271
-281
-291
-441
-541
-641
-741
-841
-941
254
-252
-253
-255
-256
-257
-258
-264
-344
-354
-364
-214
-224
-454
-554
-654
-754
-854
-954
287
-282
-283
-285
-286
-187
-277
-297
-377
-387
-397
-217
-227
-267
-487
-587
-687
-787
-887
-987
335
-331
-332
-333
-334
-336
-337
-338
-115
-125
-135
-215
-225
-315
-325
-345
-355
-365
-375
-385
-395
-435
-535
-635
-735
-835
-935
362
-363
-366
-367
-368
-369
-142
-152
-162
-262
-342
-352
-312
-322
-372
-382
-392
-462
-562
-662
-762
-862
-962
389
-381
-383
-386
-189
-379
-399
-349
-359
-489
-589
-689
-789
-889
-989
415
-411
-412
-413
-414
-416
-417
-418
-419
-425
-515
-525
-615
-625
-445
-455
-465
-475
-485
-495
-715
-815
-915
431
-432
-433
-434
-436
-437
-438
-421
-511
-521
-531
-611
-621
-631
-451
-461
-471
-481
-491
-131
-731
-831
-931
469
-463
-464
-466
-467
-468
-449
-459
-549
-559
-569
-649
-659
-669
-429
-479
-499
-169
-769
-869
-969
512
-513
-514
-516
-517
-518
-519
-422
-522
-532
-612
-622
-632
-542
-552
-572
-582
-592
-112
-212
-712
-812
-912
545
-543
-544
-546
-547
-548
-555
-565
-645
-655
-665
-575
-585
-595
-145
-745
-845
-945
567
-561
-563
-564
-566
-568
-447
-457
-557
-647
-657
-667
-527
-537
-577
-597
-167
-767
-867
-967
591
-593
-596
-598
-599
-571
-581
-671
-681
-691
-551
-391
-791
-891
-991
643
-642
-644
-646
-648
-443
-453
-553
-653
-663
-613
-623
-633
-673
-683
-693
-143
-343
-743
-843
-943
676
-672
-674
-675
-677
-679
-476
-486
-496
-576
-586
-686
-696
-616
-626
-636
-656
-666
-276
-376
-776
-876
-976
692
-695
-697
-698
-699
-472
-482
-492
-682
685
-684
-688
579
-573
-574
-529
-652
-779
-879
-979
-185
-785
-885
-985
-292
-792
-892
-992
725
-721
-722
-723
-724
-726
-727
-728
-729
-825
-925
-755
-765
-775
-795
744
-742
-746
-747
-748
-749
-764
-844
-864
-944
-964
-714
-734
-774
-784
-444
664
-661
-668
651
-658
-614
-624
-634
-751
-851
-951
773
-771
-772
-777
-783
-793
-873
-883
-893
-973
-983
-993
-713
-733
-753
-763
-273
-373
371
-181
-311
-321
-871
-971
-473
821
-822
-823
-824
-826
-827
-828
-829
-711
-811
-911
-921
-861
-881
111
-113
-116
-117
-121
853
-852
-855
-856
-857
-858
-859
-863
-953
-963
-813
-833
-153
-353
877
-872
-874
-875
-797
-897
-977
-997
-817
-837
-847
-477
474
-484
-584
497
-493
-498
-424
-427
-974
913
-914
-916
-917
-918
-919
-923
-933
-213
-313
937
-932
-934
-936
-938
-717
-737
-927
757
-752
-756
-758
-759
-947
-957
-137
-637
638
-428
-528
-538
-618
-628
-738
-838
-157
-357
-122
-123
-126
127
-317
-327
-147
347
-346
-348
617
-619
-627
629
-929
-132
222
-223
-226
-228
182
-183
-186
-272
275
-295
-265
-922
972
-975
-782
-882
-982
732
-736
-832
842
-846
-848
-849
-942
-952
-442
452
-456
-458
-133
136
323
-324
-326
-328
314
-316
-318
-216
218
163
-165
-166
-263
155
-156
-159
149
-146
293
-296
-393
396
266
-268
-356
358
-814
-718
-818
928
-924
-926
834
-836
-884
984
-981
-986
-988
781
-786
-788
-761
961
-965
-966
-968
-948
-958
-998
-423
426
-526
-536
483
-488
-583
588
-446
448
556
-558
-523
524
533
-534
946
-949
-766
768
-866
-956
-868
865
-955
959
-798
-895
995
-996
-999
886
-888
-796
799
-896
898
-899
716
-719
-816
819
