136
-131
-132
-133
-134
-135
-137
-138
-139
-116
-126
-216
-226
-236
-316
-326
-336
-146
-156
-166
-176
-186
-196
-436
-536
-636
-736
-836
-936
177
-171
-172
-173
-174
-175
-178
-179
-187
-197
-277
-287
-297
-377
-387
-397
-117
-127
-147
-157
-167
-477
-577
-677
-777
-877
-977
219
-211
-212
-213
-214
-215
-217
-218
-119
-129
-229
-239
-319
-329
-339
-249
-259
-269
-279
-289
-299
-419
-519
-619
-719
-819
-919
253
-251
-252
-254
-255
-256
-257
-258
-143
-153
-163
-243
-263
-343
-353
-363
-223
-233
-273
-283
-293
-453
-553
-653
-753
-853
-953
266
-261
-262
-264
-265
-267
-268
-246
-346
-356
-366
-276
-286
-296
-466
-566
-666
-766
-866
-966
312
-311
-313
-314
-315
-317
-318
-112
-122
-222
-232
-322
-332
-342
-352
-362
-372
-382
-392
-412
-512
-612
-712
-812
-912
323
-321
-324
-325
-327
-328
-113
-123
-333
-373
-383
-393
-423
-523
-623
-723
-823
-923
367
-361
-364
-365
-368
-369
-247
-347
-357
-337
-467
-567
-667
-767
-867
-967
396
-391
-394
-395
-398
-399
-376
-386
-496
-596
-696
-796
-896
-996
443
-441
-442
-444
-445
-446
-447
-448
-449
-463
-543
-563
-643
-663
-413
-433
-473
-483
-493
-743
-843
-943
452
-451
-454
-455
-456
-457
-458
-459
-462
-542
-552
-562
-642
-652
-662
-422
-432
-472
-482
-492
-152
-752
-852
-952
485
-481
-484
-486
-487
-488
-489
-475
-495
-575
-585
-595
-675
-685
-695
-415
-425
-435
-465
-185
-285
-385
-785
-885
-985
514
-511
-513
-515
-516
-517
-518
-414
-424
-434
-524
-534
-614
-624
-634
-544
-554
-564
-574
-584
-594
-114
-714
-814
-914
573
-571
-572
-576
-578
-579
-583
-593
-673
-683
-693
-533
-773
-873
-973
597
-591
-592
-598
-599
-497
-587
-687
-697
-527
-537
-547
-557
-797
-897
-997
625
-621
-622
-626
-627
-628
-629
-525
-535
-615
-635
-645
-655
-665
-125
-225
-725
-825
-925
659
-651
-654
-656
-657
-658
647
-641
-644
-646
-648
-649
-469
-549
-559
-569
-669
-617
-637
-639
-679
-689
-699
-747
-847
-947
-159
-359
-759
-859
-959
668
-661
-664
464
-461
-468
-548
-558
-568
-474
-494
-618
-638
-678
-688
-698
-164
-764
-864
-964
-168
-768
-868
-968
718
-711
-713
-715
-716
-717
-728
-738
-818
-828
-838
-918
-928
-938
-748
-758
-778
-788
-798
-118
-418
742
-741
-744
-745
-746
-749
-762
-842
-862
-942
-962
-722
-732
-772
-782
-792
-142
-242
162
-161
-165
-169
-182
-192
789
-781
-783
-784
-786
-787
-779
-799
-879
-889
-899
-979
-989
-999
-729
-739
-769
-189
-389
-589
795
-791
-793
-794
-775
-875
-895
-975
-995
-735
-755
-765
-195
-295
848
-841
-844
-845
-846
-849
-858
-948
-958
-878
-888
-898
-148
-248
-348
855
-851
-854
-856
-857
-865
-945
-955
-965
-815
-835
-155
-355
-555
565
-561
-545
891
-892
-893
-894
-771
-871
-881
-971
-981
-991
-811
-821
-831
-861
-191
-291
-491
-691
939
-931
-932
-933
-934
-935
-937
915
-911
-913
-916
-917
-829
-839
-929
869
-863
-949
-969
-115
111
-121
-221
-231
-331
-141
-151
-181
145
-144
-149
-245
-345
349
-341
-344
199
-193
-194
-198
183
-184
-188
-379
-411
-611
-439
-539
529
-521
-522
-526
-528
-429
479
-471
-476
-478
-499
498
-588
-428
-438
538
-531
-532
632
-631
-633
613
-616
582
-581
-586
-672
-682
-692
694
-674
-684
-813
-832
-238
-338
-282
-882
-982
-883
833
-834
-837
-733
763
-761
-963
961
-751
-941
-951
-921
-983
993
-992
-994
-998
292
-294
-298
-272
976
-972
-974
-978
872
-874
-876
-776
774
-884
-984
-886
887
-986
-987
988
-724
-734
-754
-822
922
-924
-926
-927
824
-826
-827
816
-817
-726
756
-757
-946
944
-954
-956
957
-416
417
426
-421
-427
431
-437
721
-727
-731
737
-124
128
-228
154
-158
-244
241
-351
-354
358
-271
-281
-378
-388
-224
227
-237
-541
546
551
-556
-274
-374
-676
671
-681
686
-371
375
381
-384
284
-288
-275
278
-234
235
334
-335
