136
-131
-132
-133
-134
-135
-137
-138
-139
-116
-126
-216
-226
-236
-316
-326
-336
-146
-156
-166
-176
-186
-196
-436
-536
-636
-736
-836
-936
187
-181
-182
-183
-184
-185
-188
-189
-177
-197
-277
-287
-297
-377
-387
-397
-117
-127
-147
-157
-167
-487
-587
-687
-787
-887
-987
238
-231
-232
-233
-234
-235
-237
-239
-118
-128
-218
-228
-318
-328
-338
-248
-258
-268
-278
-288
-298
-438
-538
-638
-738
-838
-938
253
-251
-252
-254
-255
-256
-257
-259
-143
-153
-163
-243
-263
-343
-353
-363
-213
-223
-273
-283
-293
-453
-553
-653
-753
-853
-953
264
-261
-262
-265
-266
-267
-269
-144
-154
-164
-244
-344
-354
-364
-214
-224
-274
-284
-294
-464
-564
-664
-764
-864
-964
317
-311
-312
-313
-314
-315
-319
-217
-227
-327
-337
247
-241
-242
-245
-246
-249
-347
-357
-367
-417
-517
-617
-717
-817
-917
-447
-547
-647
-747
-847
-947
342
-341
-345
-346
-348
-349
-142
-152
-162
-352
-362
-322
-332
-372
-382
-392
-442
-542
-642
-742
-842
-942
426
-421
-422
-423
-424
-425
-427
-428
-429
-416
-516
-526
-616
-626
-446
-456
-466
-476
-486
-496
-726
-826
-926
461
-462
-463
-465
-467
-468
-469
-441
-451
-541
-551
-561
-641
-651
-661
-411
-431
-471
-481
-491
-161
-361
-761
-861
-961
488
-482
-483
-484
-485
-489
-478
-498
-578
-588
-598
-678
-688
-698
-418
-448
-458
-388
-788
-888
-988
492
-493
-494
-495
-497
-499
-472
-572
-582
-592
-672
-682
-692
-412
-432
-452
-192
-292
-792
-892
-992
512
-511
-513
-514
-515
-518
-519
-522
-532
-612
-622
-632
-552
-562
-112
-212
-712
-812
-912
543
-544
-545
-546
-548
-549
-443
-563
-643
-663
-523
-533
-573
-583
-593
-743
-843
-943
568
-565
-566
-567
-569
-558
-648
-658
-668
-528
-168
-368
-768
-868
-968
596
-591
-594
-595
-597
-599
-576
-586
-676
-686
-696
-556
-296
-396
-796
-896
-996
615
-611
-613
-614
-618
-619
-415
-435
-525
-535
-625
-635
628
-621
-623
-624
-627
-629
-645
-655
-665
-675
-685
-695
-115
-215
-715
-815
-915
-728
-828
-928
644
-646
-649
-444
-454
-554
-654
-634
-674
-684
-694
-744
-844
-944
683
-681
-689
-473
-673
-693
-633
-383
-783
-883
-983
763
-762
-765
-766
-767
-769
-863
-963
-713
-723
-733
-773
-793
791
-794
-795
-797
-798
-799
-771
-781
-871
-881
-891
-971
-981
-991
-711
-721
-731
-741
-751
-191
-291
-391
-691
841
-845
-846
-848
-849
-851
-941
-951
-811
-821
-831
-141
855
-852
-854
-856
-857
-858
-859
-745
-755
-865
-945
-955
-965
-825
-835
-875
-885
-895
-155
-355
-455
-555
445
-449
-475
-145
877
-872
-873
-874
-876
-878
-879
-777
-897
-977
-997
-827
-837
-867
-477
-577
-677
697
-699
-637
-657
-667
967
-962
-966
-969
-757
-957
-927
-937
923
-921
-922
-924
-925
-929
-813
-823
-833
-913
-933
893
-894
-898
-899
-973
-993
818
-814
-816
-819
-718
-918
-123
-323
-193
-393
979
-972
-974
-975
-976
-978
-779
-789
-889
-989
-999
-919
-939
-949
-959
-179
-279
-379
-479
474
-574
-584
-414
-434
-174
-374
-774
-579
-679
671
-571
575
-581
-585
589
-529
-539
-559
557
-457
459
-659
-669
437
-433
-439
413
-419
-527
-537
639
-631
-113
333
-331
-334
-335
-339
173
-171
-172
-175
-178
-373
122
-121
-124
-125
-129
-222
-722
-822
727
-724
-725
-729
-737
-739
-839
-159
-359
-759
-271
-371
-275
-375
-775
-289
-389
-111
151
-158
-351
114
-119
-324
-194
-714
-914
148
-149
-358
356
-366
-198
-376
378
-398
-386
-748
-948
946
-746
749
-756
-866
-956
-869
862
-752
-952
-719
716
-916
911
-931
829
-824
-776
-786
-832
834
-734
-934
-882
-884
886
-986
-211
219
-229
-329
-299
295
-195
199
-285
-385
-395
-399
394
-384
381
-281
165
-169
-365
369
221
-225
-321
325
-521
524
531
-534
652
-656
-662
666
276
-272
282
-286
772
-778
-782
-982
998
-994
-995
-732
735
932
-935
-785
784
-984
985
-754
758
954
-958
