133
-131
-132
-134
-135
-136
-137
-138
-139
-113
-123
-213
-223
-233
-313
-323
-333
-143
-153
-163
-173
-183
-193
-433
-533
-633
-733
-833
-933
149
-141
-142
-144
-145
-146
-147
-148
-159
-169
-249
-259
-269
-349
-359
-369
-119
-129
-179
-189
-199
-449
-549
-649
-749
-849
-949
176
-171
-172
-174
-175
-177
-178
-186
-196
-276
-286
-296
-376
-386
-396
-116
-126
-156
-166
-476
-576
-676
-776
-876
-976
211
-212
-214
-215
-216
-217
-218
-219
-111
-121
-221
-231
-311
-321
-331
-241
-251
-261
-271
-281
-291
-411
-511
-611
-711
-811
-911
265
-262
-263
-264
-266
-267
-268
-155
-165
-245
-255
-345
-355
-365
-225
-235
-275
-285
-295
-465
-565
-665
-765
-865
-965
292
-293
-294
-297
-298
-299
-182
-192
-272
-282
-372
-382
-392
-222
-232
-242
-252
-492
-592
-692
-792
-892
-992
314
-312
-315
-316
-317
-318
-319
-114
-124
-224
-234
-324
-334
-344
-354
-364
-374
-384
-394
-414
-514
-614
-714
-814
-914
363
-361
-362
-366
-367
-368
-243
-253
-343
-353
-373
-383
-393
-463
-563
-663
-763
-863
-963
399
-391
-395
-397
-398
-279
-289
-379
-389
-329
-339
-499
-599
-699
-799
-899
-999
425
-421
-422
-423
-424
-426
-427
-428
-429
-415
-435
-515
-525
-535
-615
-625
-635
-445
-455
-475
-485
-495
-125
-325
-725
-825
-925
431
-432
-434
-436
-437
-438
-439
-521
-531
-621
-631
-441
-451
-461
-471
-481
-491
-731
-831
-931
452
-453
-454
-456
-457
-458
-459
-442
-462
-542
-552
-562
-642
-652
-662
-412
-472
-482
-152
-352
-752
-852
-952
497
-493
-494
-496
-498
-477
-487
-577
-587
-597
-677
-687
-697
-417
-447
-467
-197
-797
-897
-997
548
-541
-543
-544
-545
-546
-547
-448
-468
-558
-568
-648
-658
-668
-518
-528
-538
-578
-588
-598
-248
-348
-748
-848
-948
567
-561
-564
-566
-569
-557
-647
-657
-667
-517
-527
-537
-167
-767
-867
-967
619
-612
-613
-616
-617
-618
-419
-519
-529
-539
-629
-639
-659
-669
-679
-689
-719
-819
-919
655
-651
-653
-654
-656
-555
-645
-675
-685
-695
-755
-855
-955
672
-671
-673
-674
-678
-572
-582
-682
-622
-632
-772
-872
-972
686
-681
-683
-684
-688
-486
-586
-596
-696
-626
-636
-646
-666
-786
-886
-986
717
-712
-713
-715
-716
-718
-727
-737
-817
-827
-837
-917
-927
-937
-747
-757
-777
-787
-117
745
-741
-742
-743
-744
-746
-845
-945
-735
-775
-785
-795
796
-791
-793
-794
-798
-896
-996
-726
-736
-756
-766
812
-813
-815
-816
-818
-722
-732
-822
-832
-912
-922
-932
-842
-862
-882
-112
-512
843
-841
-844
-846
-847
-753
-853
-943
-953
-823
-873
-883
-893
-443
-643
553
-551
-554
-556
-559
469
-464
-466
446
-444
-416
-479
-489
-513
516
-526
-536
-523
-573
-583
-593
-916
-246
-346
-946
-769
-869
-969
891
-894
-895
-898
-771
-781
-871
-881
-971
-981
-991
-821
-851
-861
-191
-591
-691
939
-934
-935
-936
-938
-729
-739
-829
-839
-929
-959
-979
-989
229
-226
-227
-228
-239
966
-961
-962
-964
-968
-856
-866
-956
-926
974
-973
-975
-977
-978
-774
-784
-874
-884
-984
-994
-924
-944
-954
-274
-474
484
-483
-488
-574
-584
-594
595
-694
-575
-585
-184
-284
194
-195
-198
-154
-164
-995
-115
118
335
-332
-336
-337
-338
-128
-238
-328
185
-181
-187
-188
-375
-385
-158
-168
915
-913
-918
-835
-985
413
-418
-623
-473
478
693
-698
532
-534
-522
524
-624
-634
-724
-824
875
-877
-878
-879
-885
-278
-378
-778
-993
998
-788
-888
-988
-928
-958
122
-127
-322
-162
161
-151
157
-341
-351
342
-347
-247
244
-254
-257
-357
-942
762
-761
-764
-768
-782
982
-983
-987
887
-889
-857
859
-854
-858
-759
923
-921
721
-723
-728
-751
-644
641
-661
664
-941
947
951
-957
754
-758
-864
868
-734
738
834
-836
-838
826
-828
-326
327
236
-237
-256
258
356
-358
-288
388
-381
-387
371
-377
-627
628
637
-638
-571
579
581
-589
277
-273
283
-287
773
-779
-783
789
