149
-141
-142
-143
-144
-145
-146
-147
-148
-159
-169
-249
-259
-269
-349
-359
-369
-119
-129
-139
-179
-189
-199
-449
-549
-649
-749
-849
-949
184
-181
-182
-183
-185
-186
-187
-188
-174
-194
-274
-284
-294
-374
-384
-394
-114
-124
-134
-154
-164
-484
-584
-684
-784
-884
-984
215
-211
-212
-213
-214
-216
-217
-218
-219
-115
-125
-135
-225
-235
-315
-325
-335
-245
-255
-265
-275
-285
-295
-415
-515
-615
-715
-815
-915
278
-271
-272
-273
-276
-277
-279
-178
-198
-288
-298
-378
-388
-398
-228
-238
-248
-258
-268
-478
-578
-678
-778
-878
-978
316
-311
-312
-313
-314
-317
-318
-319
-116
-126
-136
-226
-236
-326
-336
-346
-356
-366
-376
-386
-396
-416
-516
-616
-716
-816
-916
432
-431
-433
-434
-435
-436
-437
-438
-439
-412
-422
-512
-522
-532
-612
-622
-632
-442
-452
-462
-472
-482
-492
-132
-232
-332
-732
-832
-932
455
-451
-453
-454
-456
-457
-458
-459
-445
-465
-545
-555
-565
-645
-655
-665
-425
-475
-485
-495
-155
-355
-755
-855
-955
496
-491
-493
-494
-497
-498
-499
-476
-486
-576
-586
-596
-676
-686
-696
-426
-446
-466
-196
-296
-796
-896
-996
524
-521
-523
-525
-526
-527
-528
-529
-414
-424
-514
-534
-614
-624
-634
-544
-554
-564
-574
-594
-224
-324
-724
-824
-924
583
-581
-582
-585
-587
-588
-589
-473
-483
-573
-593
-673
-683
-693
-513
-533
-543
-553
-563
-283
-383
-783
-883
-983
661
-662
-663
-664
-666
-667
-668
-669
-441
-461
-541
-551
-561
-641
-651
-611
-621
-631
-671
-681
-691
-161
-261
-361
-761
-861
-961
744
-741
-742
-743
-745
-746
-747
-748
-754
-764
-844
-854
-864
-944
-954
-964
-714
-734
-774
-794
-244
-344
-444
-644
756
-751
-752
-753
-757
-758
-759
-766
-846
-856
-866
-946
-956
-966
-726
-736
-776
-786
-156
-256
-556
-656
772
-771
-773
-775
-777
-779
-782
-792
-872
-882
-892
-972
-982
-992
-712
-722
-762
-172
-372
-572
-672
817
-811
-812
-813
-814
-818
-819
-717
-727
-737
-827
-837
-917
-927
-937
-847
-857
-867
-877
-887
-897
914
-911
-912
-913
-918
-919
-834
-934
-974
-994
112
-111
-113
-117
-118
-122
-222
-322
-152
-162
-192
-417
-517
-617
895
-891
-893
-894
-898
-899
874
-871
-873
-875
-876
-879
-785
-795
-885
-975
-985
-995
-825
-835
-845
-865
-474
464
-463
-467
-468
-469
-654
-264
-364
-674
694
-692
-695
-697
-698
-699
-195
-395
-595
943
-941
-942
-945
-947
-948
-763
-843
-853
-863
-953
-963
-923
-933
-973
-993
793
-791
-797
-798
-799
-713
-723
-733
-243
-343
-443
-643
653
-652
-657
-658
-659
-613
-623
-633
413
-411
-418
-419
-423
345
-341
-342
-347
-348
-165
-365
175
-171
-173
-176
-177
-375
-385
286
-281
-282
-287
-289
166
-163
-167
-168
-246
-266
-153
-253
-353
-566
373
-371
-377
-379
-193
-293
-393
-323
-333
-363
263
-262
-267
-223
-233
-575
535
-531
-536
-537
-538
-539
-625
-635
546
-542
-547
-548
-646
-735
-935
-675
685
-682
-687
-688
-689
592
-591
-597
-598
-599
488
-481
-487
-489
-428
-448
447
-557
-567
-647
-427
-477
-552
-562
642
-648
577
-571
-579
471
-479
-677
679
-421
429
511
-518
-519
-619
618
-628
-638
-629
-639
-711
-718
719
-729
-739
-829
-839
-929
-939
-769
-789
-229
-329
-242
-842
-247
241
-151
-251
-351
-221
227
-127
-137
-237
-327
-337
-231
-291
-257
-297
-627
626
-636
637
-826
-926
-841
848
-768
-858
-868
-958
-968
-828
-838
-888
-971
976
-977
-979
-886
-986
836
-831
-833
823
-821
-822
922
-921
-925
-928
725
-721
-728
-936
-765
767
965
-962
-967
-969
-957
-787
-952
-123
133
-131
-138
-367
382
-381
-387
-389
-292
299
-392
-399
252
-254
-352
-362
368
354
-357
-358
157
-158
-197
191
-391
397
-121
128
-328
321
-331
-338
234
-239
-334
339
-852
862
-869
558
-559
-568
569
987
-981
-988
-989
-997
-788
781
-881
889
-991
998
-999
-731
738
931
-938
851
-859
-951
959
