135
-131
-132
-133
-134
-136
-137
-138
-139
-115
-125
-215
-225
-235
-315
-325
-335
-145
-155
-165
-175
-185
-195
-435
-535
-635
-735
-835
-935
196
-191
-192
-193
-194
-197
-198
-199
-176
-186
-276
-286
-296
-376
-386
-396
-116
-126
-146
-156
-166
-496
-596
-696
-796
-896
-996
212
-211
-213
-214
-216
-217
-218
-219
-112
-122
-222
-232
-312
-322
-332
-242
-252
-262
-272
-282
-292
-412
-512
-612
-712
-812
-912
246
-241
-243
-244
-245
-247
-248
-249
-256
-266
-346
-356
-366
-226
-236
-446
-546
-646
-746
-846
-946
255
-251
-253
-254
-257
-258
-259
-265
-345
-355
-365
-275
-285
-295
-455
-555
-655
-755
-855
-955
269
-261
-263
-264
-267
-268
-149
-159
-169
-349
-359
-369
-229
-239
-279
-289
-299
-469
-569
-669
-769
-869
-969
297
-291
-293
-294
-298
-177
-187
-277
-287
-377
-387
-397
-227
-237
-497
-597
-697
-797
-897
-997
362
-361
-363
-364
-367
-368
-142
-152
-162
-342
-352
-372
-382
-392
-462
-562
-662
-762
-862
-962
421
-422
-423
-424
-425
-426
-427
-428
-429
-411
-431
-511
-521
-531
-611
-621
-631
-441
-451
-461
-471
-481
-491
-121
-221
-321
-721
-821
-921
433
-432
-434
-436
-437
-438
-439
-413
-513
-523
-533
-613
-623
-633
-443
-453
-463
-473
-483
-493
-233
-333
-733
-833
-933
458
-452
-454
-456
-457
-459
-448
-468
-548
-558
-568
-648
-658
-668
-418
-478
-488
-498
-158
-358
-758
-858
-958
467
-464
-465
-466
-447
-547
-557
-567
-647
-657
-667
-417
-477
-487
-167
-767
-867
-967
476
-472
-474
-475
-479
-486
-576
-586
-676
-686
-416
-776
-876
-976
489
-482
-484
-485
-499
-579
-589
-599
-679
-689
-699
-419
-449
-189
-389
-789
-889
-989
628
-622
-624
-625
-626
-627
-629
-518
-528
-538
-618
-638
-678
-688
-698
-128
-228
-328
-728
-828
-928
637
-632
-634
-636
-639
-517
-527
-537
-617
-677
-687
-337
-737
-837
-937
642
-641
-643
-644
-645
-649
-442
-542
-552
-652
492
-494
-495
-572
-582
-592
-672
-682
-692
-742
-842
-942
-792
-892
-992
659
-651
-653
-654
-656
-549
-559
-619
-759
-859
-959
675
-671
-673
-674
-575
-585
-595
-685
-695
-615
-665
-375
-775
-875
-975
683
-681
-684
-573
-583
-593
-693
-663
-183
-283
-383
-783
-883
-983
743
-741
-744
-745
-747
-748
-749
-753
-763
-843
-853
-863
-943
-953
-963
-713
-723
-773
-793
-143
-343
-543
816
-811
-813
-814
-815
-817
-818
-819
-716
-726
-736
-826
-836
-916
-926
-936
-856
-866
-886
-316
-516
-616
614
-414
415
-514
-524
-534
-515
519
-525
-529
-539
444
-445
-544
-554
-564
-664
-694
691
-571
-581
-591
-661
666
-556
-566
-114
-314
-714
-914
-715
-915
-119
-319
-719
-919
-144
-344
-844
-944
-766
-966
-391
-791
-891
-991
847
-841
-845
-848
-849
-757
-857
-947
-957
949
-941
-945
-948
-827
-877
-887
-929
-939
-979
-999
545
-541
-565
-147
-347
854
-851
-852
-754
-764
-864
-954
-964
-824
-834
-874
-884
-894
-154
-354
164
-161
-163
-168
-124
-174
-184
563
-561
551
-553
-151
-351
-751
-951
861
-865
-868
-761
-961
-831
-871
-881
899
-893
-895
-898
-779
-799
-879
-829
-839
-399
913
-911
-917
-918
-823
-923
873
-872
-878
-973
-993
-113
-313
-173
-273
223
-224
-123
-323
153
-157
-353
357
-317
-327
-373
393
-394
-395
-398
385
-381
-384
-388
-785
-885
825
-822
-725
-925
-985
977
-971
-972
-974
-978
-777
-787
-987
-927
-577
587
-584
-588
-111
117
-118
-127
129
-329
-339
-179
379
-371
-374
-378
-717
727
-722
-724
-729
739
-731
-732
-734
-738
141
-148
-341
348
-171
-181
-318
311
-231
-331
-338
238
-234
-278
-288
-711
718
931
-932
-934
-938
924
-922
832
-838
-768
765
-965
968
-795
995
-994
-998
-778
-788
-798
794
-774
-784
-984
-882
888
-988
-981
522
-526
-532
536
-324
326
334
-336
284
-281
271
-274
-771
772
781
-782
-786
-982
986
-752
756
952
-956
-172
178
182
-188
574
-578
-594
598
