123
-121
-122
-124
-125
-126
-127
-128
-129
-113
-133
-213
-223
-233
-313
-323
-333
-143
-153
-163
-173
-183
-193
-423
-523
-623
-723
-823
-923
132
-131
-134
-135
-136
-137
-138
-139
-112
-212
-222
-232
-312
-322
-332
-142
-152
-162
-172
-182
-192
-432
-532
-632
-732
-832
-932
187
-181
-184
-185
-186
-188
-189
-177
-197
-277
-287
-297
-377
-387
-397
-117
-147
-157
-167
-487
-587
-687
-787
-887
-987
248
-241
-242
-243
-244
-245
-246
-247
-249
-148
-158
-168
-258
-268
-348
-358
-368
-218
-228
-238
-278
-288
-298
-448
-548
-648
-748
-848
-948
261
-262
-263
-264
-265
-266
-267
-269
-141
-151
-161
-251
-341
-351
-361
-211
-221
-231
-271
-281
-291
-461
-561
-661
-761
-861
-961
417
-411
-412
-413
-414
-415
-416
-418
-419
-427
-437
-517
-527
-537
-617
-627
-637
-447
-457
-467
-477
-497
-217
-317
-717
-817
-917
446
-441
-442
-443
-444
-445
-449
-456
-466
-546
-556
-566
-646
-656
-666
-426
-436
-476
-486
-496
-146
-346
-746
-846
-946
495
-491
-492
-493
-494
-498
-499
-475
-485
-575
-585
-595
-675
-685
-695
-425
-435
-455
-465
-195
-295
-395
-795
-895
-995
511
-512
-513
-514
-515
-516
-518
-519
-421
-431
-521
-531
-611
-621
-631
-541
-551
-571
-581
-591
-111
-311
-711
-811
-911
578
-572
-573
-574
-576
-577
-579
-478
-488
-588
-598
-678
-688
-698
-528
-538
-558
-568
-178
-378
-778
-878
-978
653
-651
-652
-654
-655
-657
-658
-659
-453
-463
-543
-553
-563
-643
-663
-613
-633
-673
-683
-693
-253
-353
-753
-853
-953
726
-721
-722
-724
-725
-727
-728
-729
-716
-736
-816
-826
-836
-916
-926
-936
-756
-766
-776
-786
-796
-226
-326
-526
-626
774
-771
-772
-773
-775
-777
-779
-784
-794
-874
-884
-894
-974
-984
-994
-714
-734
-744
-754
-764
-174
-274
-374
-474
-674
818
-812
-813
-814
-815
-819
-718
-738
-828
-838
-918
-928
-938
-858
-868
-888
-898
-118
198
-191
-194
-196
-199
-388
-398
171
-175
-176
-179
-371
-381
-391
-318
-618
-471
-671
-871
-971
-798
-998
845
-841
-842
-843
-844
-847
-849
-745
-755
-765
-855
-865
-945
-955
-965
-825
-835
-875
-885
-145
-345
-545
-645
952
-951
-954
-956
-957
-958
-959
-742
-752
-762
-852
-862
-942
-962
-912
-922
-972
-982
-992
-252
-352
-452
-552
983
-981
-985
-986
-988
-989
-783
-793
-873
-883
-893
-973
-993
788
-781
-782
-785
-789
975
-976
-977
-979
-758
-768
968
-963
-964
-966
-967
-969
-913
-933
-943
-915
-925
-935
996
-991
-997
-999
-876
-886
-896
713
-712
-715
-719
822
-821
-824
-827
-829
-733
-833
735
-731
-737
-739
792
-791
-797
-799
-872
-882
-892
-743
-763
863
-864
-866
-867
-869
856
-851
-854
-857
-859
944
-941
-947
-949
834
-831
-837
-839
-914
919
-924
-934
-929
-939
612
-614
-615
-616
-619
-422
-522
-622
-642
-662
-672
-682
-692
-119
-219
-319
-234
-334
-434
-534
-634
-235
-335
-535
-635
343
-342
-344
-347
-349
362
-363
-364
-365
-366
-367
-369
-372
-382
-392
-373
-383
-393
542
-544
-547
-549
-462
-562
-582
-592
-144
149
-159
-169
-259
-359
-644
-649
-749
-156
-256
-356
166
-164
-165
-116
458
-451
-454
-459
641
-647
-468
-668
481
-482
-483
-484
-489
-681
-691
472
-473
-479
433
-438
-439
-533
-428
-741
747
751
-757
-759
-767
769
559
-554
-555
-557
-469
464
-564
-664
-569
-669
-424
429
-529
-539
536
-636
-629
-639
638
-628
-586
-596
-589
-599
328
-321
-324
-325
-327
-329
331
-336
-337
-338
-339
357
-354
-355
-257
921
-927
-931
937
227
-224
-225
-229
-237
239
-236
-279
-289
-299
-272
273
-275
-276
-283
-293
-375
-881
889
891
-897
-899
877
-879
-677
282
-284
-285
-286
-292
385
-384
-386
-389
-315
-583
584
593
-594
-597
-684
-694
697
-696
-699
-524
525
624
-625
-565
567
665
-667
686
-689
-676
679
376
-379
-296
294
-394
-396
399
-214
-254
255
154
-155
-114
115
314
-316
-215
216
