171
-172
-173
-174
-175
-176
-177
-178
-179
-181
-191
-271
-281
-291
-371
-381
-391
-111
-121
-131
-141
-151
-161
-471
-571
-671
-771
-871
-971
223
-221
-222
-224
-225
-226
-227
-228
-229
-113
-123
-133
-213
-233
-313
-323
-333
-243
-253
-263
-273
-283
-293
-423
-523
-623
-723
-823
-923
258
-251
-252
-254
-255
-256
-257
-259
-148
-158
-168
-248
-268
-348
-358
-368
-218
-238
-278
-288
-298
-458
-558
-658
-758
-858
-958
269
-261
-262
-264
-265
-266
-267
-149
-159
-169
-249
-349
-359
-369
-219
-239
-279
-289
-299
-469
-569
-669
-769
-869
-969
311
-312
-314
-315
-316
-317
-318
-319
-211
-231
-321
-331
241
-242
-244
-245
-246
-247
-341
-351
-361
-411
-511
-611
-711
-811
-911
-441
-541
-641
-741
-841
-941
325
-322
-324
-326
-327
-328
-329
-115
-125
-135
-215
-235
-335
-345
-355
-365
-375
-385
-395
-425
-525
-625
-725
-825
-925
339
-332
-334
-336
-337
-338
-119
-129
-139
-379
-389
-399
-439
-539
-639
-739
-839
-939
346
-342
-343
-344
-347
-146
-156
-166
-356
-366
-376
-386
-396
-446
-546
-646
-746
-846
-946
416
-412
-413
-414
-415
-417
-418
-419
-426
-436
-516
-526
-536
-616
-626
-636
-456
-466
-476
-486
-496
-116
-216
-716
-816
-916
462
-461
-463
-464
-465
-467
-468
-442
-452
-542
-552
-562
-642
-652
-662
-422
-432
-472
-482
-492
-162
-362
-762
-862
-962
513
-512
-514
-515
-517
-518
-519
-433
-533
-613
-633
-543
-553
-563
-573
-583
-593
-713
-813
-913
532
-531
-534
-535
-537
-538
-522
-612
-622
-632
-572
-582
-592
-132
-232
-732
-832
-932
576
-574
-575
-577
-578
-579
-586
-596
-676
-686
-696
-556
-566
-276
-776
-876
-976
594
-591
-595
-597
-598
-599
-474
-484
-494
-584
-674
-684
-694
-524
-544
-554
-564
-194
-294
-394
-794
-894
-994
617
-614
-615
-618
-619
-427
-437
-527
-627
-637
-647
-657
-667
-677
-687
-697
-117
-217
-717
-817
-917
649
-643
-644
-645
-648
-449
-459
-549
-559
-659
-629
-679
-689
-699
-749
-849
-949
693
-691
-692
-695
-698
-473
-483
-493
-673
-683
-653
-663
-193
-393
-793
-893
-993
768
-761
-763
-764
-765
-766
-767
-748
-848
-868
-948
-968
-718
-728
-738
-778
-788
-798
-568
-668
772
-773
-774
-775
-777
-779
-782
-792
-872
-882
-892
-972
-982
-992
-712
-722
-742
-752
-272
-372
-672
682
-681
-685
-688
-182
-282
-382
785
-781
-783
-784
-786
-787
-789
-795
-875
-885
-895
-975
-985
-995
-715
-735
-745
-755
-185
-285
-485
-585
791
-796
-797
-799
-881
-891
-981
-991
-721
-731
-751
-491
847
-842
-843
-844
-845
-747
-757
-857
-867
-947
-957
-967
-827
-837
-877
-887
-897
-147
-447
-547
855
-851
-852
-853
-854
-856
-859
-865
-945
-955
-965
-815
-835
915
-912
-914
-918
-919
-935
-155
-455
-555
-655
884
-883
-886
-888
-889
-874
-974
-984
-814
-824
-834
-864
-184
-284
-384
938
-931
-933
-934
-936
-937
-818
-828
-838
-928
-978
-988
-998
118
-112
-114
-128
-138
-188
-198
-438
-638
122
-124
-126
-127
-212
214
-134
-234
-142
-152
352
-353
-354
-357
-192
292
-295
-296
-297
-392
-274
374
-373
-377
-378
275
-277
-195
-364
812
-819
-822
-922
-714
719
-729
-829
-929
-759
959
-951
-952
-953
-954
-956
942
-943
-944
-979
-989
-999
-475
-675
678
495
-497
-498
-499
-478
-488
-588
-435
635
-631
-634
-445
-665
-628
-878
898
-896
-899
879
-873
973
-977
-983
-963
477
-479
-487
-587
-457
388
-383
-387
183
-186
-187
-189
-398
397
-197
-287
286
-196
199
-143
-153
-163
363
-367
136
-137
-236
237
-736
-836
-737
727
-724
-726
-927
756
-753
-754
-866
-966
826
-821
-926
453
-451
-454
-443
743
-744
-863
861
-961
964
-733
734
833
-831
921
-924
-421
-521
-621
624
431
-434
-424
-481
489
581
-589
444
-448
-654
-664
548
-545
565
-561
-567
557
-551
428
-429
-528
529
-144
145
-165
651
-656
-661
666
154
-157
-164
167
-986
987
996
-997
