121
-122
-123
-124
-125
-126
-127
-128
-129
-111
-131
-211
-221
-231
-311
-321
-331
-141
-151
-161
-171
-181
-191
-421
-521
-621
-721
-821
-921
185
-182
-183
-184
-186
-187
-188
-189
-175
-195
-275
-285
-295
-375
-385
-395
-115
-135
-145
-155
-165
-485
-585
-685
-785
-885
-985
224
-222
-223
-225
-226
-227
-228
-229
-114
-134
-214
-234
-314
-324
-334
-244
-254
-264
-274
-284
-294
-424
-524
-624
-724
-824
-924
268
-261
-262
-263
-265
-266
-267
-269
-148
-158
-168
-248
-258
-348
-358
-368
-218
-238
-278
-288
-298
-468
-568
-668
-768
-868
-968
299
-291
-292
-293
-296
-297
-179
-199
-279
-289
-379
-389
-399
-219
-239
-249
-259
-499
-599
-699
-799
-899
-999
365
-361
-362
-363
-364
-366
-367
-369
-245
-255
-345
-355
-315
-325
-335
-465
-565
-665
-765
-865
-965
393
-391
-392
-394
-396
-397
-398
-173
-193
-273
-283
-373
-383
-313
-323
-333
-343
-353
-493
-593
-693
-793
-893
-993
415
-411
-412
-413
-414
-416
-417
-418
-419
-425
-435
-515
-525
-535
-615
-625
-635
-445
-455
-475
-495
-215
235
-232
-233
-236
-237
-715
-815
-915
-735
-835
-935
449
-441
-442
-443
-444
-446
-447
-448
-459
-469
-549
-559
-569
-649
-659
-669
-429
-439
-479
-489
-149
-349
-749
-849
-949
552
-551
-553
-554
-555
-556
-557
-558
-452
-462
-542
-562
-642
-652
-662
-512
-522
-532
-572
-582
-592
-152
-252
-352
-752
-852
-952
577
-571
-573
-574
-575
-576
-578
-579
-477
-487
-497
-587
-597
-677
-687
-697
-517
-527
-537
-547
-567
-177
-277
-377
-777
-877
-977
586
-581
-583
-584
-588
-589
-476
-486
-496
-596
-676
-686
-696
-516
-526
-536
-546
-566
-286
-386
-786
-886
-986
637
-631
-632
-633
-634
-636
-638
-639
-427
-437
-617
-627
-647
-657
-667
-137
-337
-737
-837
-937
641
-643
-644
-645
-646
-648
-451
-461
-541
-561
-651
-661
-611
-671
-681
-691
-241
-341
-741
-841
-941
678
-672
-673
-674
-675
-679
-478
-488
-498
-598
-688
-698
689
-682
-683
-684
-618
-628
-658
-619
-629
-178
-378
-778
-878
-978
-789
-889
-989
719
-711
-712
-713
-714
-716
-717
-718
-729
-739
-819
-829
-839
-919
-929
-939
-759
-769
-779
-119
-319
-519
748
-742
-743
-744
-745
-746
-747
-758
-848
-858
-948
-958
-728
-738
-788
-798
-548
458
-453
-454
-456
-457
467
-463
-464
-466
-428
-438
-167
-767
-867
-967
772
-771
-773
-774
-775
-776
-782
-792
-872
-882
-892
-972
-982
-992
-722
-732
-762
-172
-272
-372
-472
797
-791
-794
-795
-796
-787
-887
-897
-987
-997
-727
-757
-197
826
-822
-823
-825
-827
-828
-726
-736
-816
-836
-916
-926
-936
-846
-856
-866
-876
-896
-326
-426
436
-431
-432
-433
-434
-616
-626
-136
-336
833
-831
-832
-834
-838
-723
725
-733
-813
-913
-923
-933
-925
-755
-843
-853
-863
-873
-883
-133
-533
932
-931
-934
-938
-812
-912
-922
-942
-962
-132
-332
953
-951
-954
-955
-956
-957
-959
-753
-763
-943
-963
783
-781
-784
-973
-983
-153
-253
-653
473
-471
-474
-483
-423
422
-612
-622
623
-513
-523
-613
614
-514
-534
-482
-492
692
-694
-695
595
-591
-594
-545
655
-654
-656
666
-663
-664
-814
-914
734
-731
-754
-764
-322
531
-538
-539
-511
518
-528
529
-118
-318
-818
-918
928
-927
-988
-998
327
-328
-329
-117
-217
-317
-347
-357
-387
287
-281
-282
-247
-257
-855
-166
-766
761
-751
756
-851
-861
-961
-946
-966
-156
-256
251
-351
-271
276
-176
174
-194
-374
-384
-196
-376
371
-381
-144
-154
-164
-216
-246
-356
-871
-971
-874
-974
-976
996
-991
-994
-995
382
-388
-192
198
-138
139
338
-339
-159
157
-147
-169
359
-354
344
-342
-346
146
-142
-143
-116
316
-312
-544
543
-563
564
-243
242
-162
163
112
-113
-212
213
-842
862
-864
-869
-844
-944
854
-857
-859
-964
969
-884
-894
984
-981
879
-875
-979
975
-895
845
-847
-945
947
817
-811
911
-917
-484
481
-491
494
-881
888
891
-898
