121
-122
-123
-124
-125
-126
-127
-128
-129
-111
-131
-211
-221
-231
-311
-321
-331
-141
-151
-161
-171
-181
-191
-421
-521
-621
-721
-821
-921
136
-132
-133
-134
-135
-137
-138
-139
-116
-216
-226
-236
-316
-326
-336
-146
-156
-166
-176
-186
-196
-436
-536
-636
-736
-836
-936
172
-173
-174
-175
-177
-178
-179
-182
-192
-272
-282
-292
-372
-382
-392
-112
-142
-152
-162
-472
-572
-672
-772
-872
-972
187
-183
-184
-185
-188
-189
-197
-277
-287
-297
-377
-387
-397
-117
-147
-157
-167
-487
-587
-687
-787
-887
-987
245
-241
-242
-243
-244
-246
-247
-248
-249
-145
-155
-165
-255
-265
-345
-355
-365
-215
-225
-235
-275
-285
-295
-445
-545
-645
-745
-845
-945
262
-261
-263
-264
-266
-267
-268
-269
-252
-342
-352
-362
-212
-222
-232
-462
-562
-662
-762
-862
-962
278
-271
-273
-274
-276
-279
-198
-288
-298
-378
-388
-398
-218
-228
-238
-258
-478
-578
-678
-778
-878
-978
281
-283
-284
-286
-289
-291
-371
-381
-391
-251
-481
-581
-681
-781
-881
-981
322
-323
-324
-325
-327
-328
-329
-312
-332
-422
-522
-622
-722
-822
-922
341
-343
-344
-346
-347
-348
-349
-351
-361
-441
-541
-641
-741
-841
-941
415
-411
-412
-413
-414
-416
-417
-418
-419
-425
-435
-515
-525
-535
-615
-625
-635
-455
-465
-475
-485
-495
-115
195
-193
-194
-199
-375
-385
-395
-315
335
-333
-334
-337
-338
-339
-715
-815
-915
-735
-835
-935
-595
-695
-795
-895
-995
431
-432
-433
-434
-437
-438
-439
-511
-531
-611
-631
-451
-461
-471
-491
-731
-831
-931
479
-473
-474
-476
-477
-489
-499
-579
-589
-599
-679
-689
-699
-429
-449
-459
-469
-379
-779
-879
-979
488
-482
-483
-484
-486
-498
-588
-598
-688
-698
-428
-448
-458
-468
-788
-888
-988
492
-493
-494
-496
-497
-582
-592
-682
-692
-442
-452
-792
-892
-992
513
-512
-514
-516
-517
-518
-519
-423
-523
-533
-613
-623
-633
-543
-553
-563
-573
-583
-593
-113
-213
-313
-713
-813
-913
532
-534
-537
-538
-539
-612
-632
-542
-552
-732
-832
-932
561
-564
-565
-566
-567
-568
-569
-551
-651
-661
-571
-591
-761
-861
-961
652
-653
-654
-655
-656
-657
-658
-659
-642
-752
-852
-952
671
-673
-674
-675
-676
-677
-691
-771
-871
-971
712
-711
-714
-716
-717
-718
-719
-812
-912
-742
-782
734
-733
-737
-738
-739
-724
-814
-824
-834
-914
-924
-934
-744
-754
-764
-774
-784
-794
-234
-634
756
-751
-753
-755
-757
-758
-759
-746
-766
-846
-856
-866
-946
-956
-966
791
-793
-796
-797
-798
-799
-891
-991
-726
-776
-786
-256
296
-293
-294
-299
-376
-386
-396
-356
366
-363
-364
-367
-368
-369
-456
-556
-466
-666
-596
-696
-896
-996
819
-811
-816
-817
-818
911
-916
-917
-918
-919
-729
-829
-839
-929
-939
851
-853
-854
-855
-857
-858
-859
-951
-849
-869
-889
-899
616
-614
-617
-618
-619
-426
-526
-626
446
-443
-444
-447
-546
-646
-686
-119
-219
-319
848
-842
-843
-844
-847
942
-943
-944
-947
-948
-949
-748
-768
-868
-958
-968
728
-723
-725
-727
-828
-838
-928
-938
882
-883
-884
-885
-886
-982
-898
998
-993
-994
-997
-999
-528
-628
638
-637
-639
-648
-668
239
-233
-237
223
-224
-227
-229
-253
-259
-823
-923
-148
-548
558
-554
-555
-557
-559
665
-663
-664
-667
-669
-685
955
-953
-954
-957
-959
-765
-865
-965
-925
825
-826
-827
926
-927
-875
876
-873
-874
-877
-976
-986
-975
-985
-158
-358
168
-163
-164
-169
-118
114
-214
217
-314
-317
318
-144
-154
254
-257
-354
357
-353
-359
-454
-457
453
-463
-643
-153
159
143
-149
-743
-576
586
-584
-585
575
-574
-577
-775
785
-783
-789
989
-983
-984
-969
769
-763
-767
-749
747
-867
-967
773
-777
-893
-973
-547
-647
467
-464
424
-427
-524
-624
-373
374
-384
-394
-974
977
894
-897
-864
863
-963
964
-833
837
933
-937
684
-683
693
-694
-697
-594
597
544
-549
-644
649
-527
529
627
-629
383
-389
-393
399
