135
-131
-132
-133
-134
-136
-137
-138
-139
-115
-125
-215
-225
-235
-315
-325
-335
-145
-155
-165
-175
-185
-195
-435
-535
-635
-735
-835
-935
178
-171
-172
-173
-174
-176
-177
-179
-188
-198
-278
-288
-298
-378
-388
-398
-118
-128
-148
-158
-168
-478
-578
-678
-778
-878
-978
181
-182
-183
-184
-186
-187
-189
-191
-271
-281
-291
-371
-381
-391
-111
-121
-141
-151
-161
-481
-581
-681
-781
-881
-981
237
-231
-232
-233
-234
-236
-238
-239
-117
-127
-217
-227
-317
-327
-337
-247
-257
-267
-277
-287
-297
-437
-537
-637
-737
-837
-937
265
-261
-262
-263
-264
-266
-268
-269
-245
-255
-345
-355
-365
-275
-285
-295
-465
-565
-665
-765
-865
-965
341
-342
-343
-344
-346
-347
-348
-349
-241
-251
-351
-361
-311
-321
-331
-441
-541
-641
-741
-841
-941
366
-362
-363
-364
-367
-368
-369
-146
-156
-166
-246
-256
-356
-316
-326
-336
-376
-386
-396
-466
-566
-666
-766
-866
-966
421
-422
-423
-424
-425
-426
-427
-428
-429
-411
-431
-511
-521
-531
-611
-621
-631
-451
-461
-471
-491
-221
211
-212
-213
-214
-216
-218
-219
-711
-811
-911
-721
-821
-921
482
-483
-484
-485
-486
-487
-488
-489
-472
-492
-572
-582
-592
-672
-682
-692
-412
-432
-442
-452
-462
-282
-382
-782
-882
-982
494
-493
-495
-496
-497
-498
-499
-474
-574
-584
-594
-674
-684
-694
-414
-434
-444
-454
-464
-194
-294
-394
-794
-894
-994
527
-522
-523
-524
-525
-526
-528
-529
-417
-517
-617
-627
-547
-557
-567
-577
-587
-597
-727
-827
-927
548
-542
-543
-544
-545
-546
-549
-448
-458
-468
-558
-568
-648
-658
-668
-518
-538
-588
-598
-248
-748
-848
-948
562
-561
-563
-564
-569
-552
-642
-652
-662
-512
-532
-162
-762
-862
-962
571
-573
-575
-576
-579
-591
-671
-691
-551
-771
-871
-971
589
-583
-585
-586
-479
-599
-679
-689
-699
-519
-539
-559
-289
-389
-789
-889
-989
612
-613
-614
-615
-616
-618
-619
-622
-632
-112
-312
-712
-812
-912
743
-742
-744
-745
-746
-747
-749
-753
-763
-843
-853
-863
-943
-953
-963
-713
-723
-733
-773
-783
-793
-143
-243
-443
-643
754
-751
-752
-755
-756
-757
-758
-759
-764
-844
-854
-864
-944
-954
-964
-714
-724
-734
-774
-784
-154
-254
-354
-554
-654
767
-761
-768
-769
-847
-857
-867
-947
-957
-967
-717
-777
-787
-797
-167
-467
-667
775
-772
-776
-779
-785
-795
-875
-885
-895
-975
-985
-995
-715
-725
-375
-475
-675
816
-813
-814
-815
-817
-818
-819
-716
-726
-736
-826
-836
-916
-926
-936
917
-913
-914
-915
-918
-919
-846
-856
-876
-886
-896
-977
-987
-997
-116
-416
-516
822
-823
-824
-825
-828
-829
-722
-732
-832
-922
-932
925
-923
-924
-928
-929
792
-791
-796
-798
-799
-872
-892
-972
-992
731
-738
-739
-831
-931
786
-788
-976
-986
-996
-842
-852
-945
-955
-122
-222
-322
332
-333
-334
-338
-339
-352
-372
-392
-625
272
-273
-274
-276
-279
-192
-292
-242
-252
-286
-686
942
-946
-949
-952
956
-951
-958
-959
-142
152
-153
-157
-159
-456
-556
-656
993
-991
-998
-999
891
-893
-897
-898
-899
-873
-883
-973
-983
-851
-861
961
-968
-969
833
-834
-838
-839
-933
934
-938
-939
-974
979
-879
-984
988
-888
-433
-533
-633
-534
536
-436
-626
-636
514
-513
-515
-624
-634
415
-413
-418
-419
623
-628
-629
-445
-455
438
-439
-638
639
-596
-653
-663
-673
-683
-693
-649
-659
-669
-114
-314
-123
-223
-323
651
-655
-657
-661
664
-644
-164
868
-869
-858
-379
-688
698
-695
-696
-697
-193
-293
-393
-593
595
473
-476
-477
-685
687
676
-677
-453
-463
469
553
-555
645
-646
-647
446
-447
-449
457
-459
-845
849
855
-859
147
-144
-149
244
-249
-357
124
-126
-129
-224
-324
226
-228
-229
196
-197
-199
-296
299
-399
-284
283
-373
-383
-253
258
-259
-358
-353
359
163
-169
-113
119
313
-318
-319
328
-329
718
-719
-728
729
385
-384
-387
374
-377
-395
397
-874
877
884
-887
