123
-121
-122
-124
-125
-126
-127
-128
-129
-113
-133
-213
-223
-233
-313
-323
-333
-143
-153
-163
-173
-183
-193
-423
-523
-623
-723
-823
-923
146
-141
-142
-144
-145
-147
-148
-149
-156
-166
-246
-256
-266
-346
-356
-366
-116
-136
-176
-186
-196
-446
-546
-646
-746
-846
-946
158
-151
-152
-154
-155
-157
-159
-168
-248
-258
-268
-348
-358
-368
-118
-138
-178
-188
-198
-458
-558
-658
-758
-858
-958
227
-221
-222
-224
-225
-226
-228
-229
-117
-137
-217
-237
-317
-327
-337
-247
-257
-267
-277
-287
-297
-427
-527
-627
-727
-827
-927
236
-231
-232
-234
-235
-238
-239
-216
-316
-326
-336
-276
-286
-296
-436
-536
-636
-736
-836
-936
244
-241
-242
-243
-245
-249
-164
-254
-264
-344
-354
-364
-214
-274
-284
-294
-444
-544
-644
-744
-844
-944
291
-292
-293
-295
-298
-299
-171
-181
-191
-271
-281
-371
-381
-391
-211
-251
-261
-491
-591
-691
-791
-891
-991
329
-321
-322
-324
-325
-328
-119
-139
-219
-319
-339
-349
-359
-369
-379
-389
-399
-429
-529
-629
-729
-829
-929
367
-361
-362
-363
-365
-167
-347
-357
-377
-387
-397
-467
-567
-667
-767
-867
-967
447
-441
-442
-443
-445
-448
-449
-457
-547
-557
-647
-657
-417
-437
-477
-487
-497
-747
-847
-947
472
-471
-473
-474
-475
-476
-478
-479
-482
-492
-572
-582
-592
-672
-682
-692
-412
-422
-432
-452
-462
-172
-272
-372
-772
-872
-972
489
-481
-483
-484
-485
-486
-488
-499
-579
-589
-599
-679
-689
-699
-419
-439
-459
-469
-189
-289
-789
-889
-989
498
-493
-494
-495
-496
-578
-588
-598
-678
-688
-698
-418
-428
-438
-468
-398
-798
-898
-998
532
-531
-533
-534
-535
-537
-538
-539
-512
-522
-612
-622
-632
-542
-552
-562
-132
-332
-732
-832
-932
576
-571
-573
-574
-575
-577
-586
-596
-676
-686
-696
-516
-526
-556
-566
-376
-776
-876
-976
611
-613
-614
-615
-616
-617
-618
-619
-411
-421
-431
-511
-521
-621
-631
-641
-651
-661
-671
-681
581
-583
-584
-585
-587
-541
-551
-561
-111
-311
-711
-811
-911
-781
-881
-981
628
-624
-625
-626
-518
-528
-638
-648
-668
-728
-828
-928
637
-633
-634
-635
-639
-517
519
-513
-514
-515
597
-593
-594
-595
-677
-687
-697
-549
-559
-569
-719
-819
-919
-737
-837
-937
-197
-797
-897
-997
666
-662
-663
-664
-665
-669
-456
-466
-656
-766
-866
-966
749
-741
-742
-743
-745
-748
-759
-769
-849
-859
-869
-949
-959
-969
-739
-779
-799
-649
659
-652
-653
-654
-655
642
-643
-645
-342
-842
-942
-259
788
-782
-783
-784
-785
-786
-787
-778
-878
-888
-978
-988
-718
-738
-768
-288
-388
815
-812
-813
-814
-816
-817
-818
-715
-725
-735
-825
-835
-915
-925
-935
-845
-855
-865
-875
-885
-895
-115
-215
-315
-415
862
-861
-863
-864
-868
-752
-762
-852
-952
-962
-822
-882
-892
-162
-262
879
-871
-873
-874
-877
-899
-979
-999
-839
939
-931
-933
-934
-938
-179
-279
199
-192
-194
-195
-169
269
-263
-265
883
-884
-886
-887
-773
-793
-893
-973
-983
-993
-833
-843
-853
857
-851
-854
-856
-757
-957
-283
-383
-683
956
-951
-953
-954
-955
-756
-916
-926
-986
-996
386
-382
-384
-385
-396
963
-961
-964
-965
-968
-753
-763
-943
-913
-463
-563
568
-564
-565
-548
984
-982
-985
-987
-774
-794
-894
896
-974
-994
-796
-826
-914
-924
-184
-684
685
-675
-695
-185
-285
282
-182
187
-392
-177
112
-114
-212
218
-312
-318
314
-134
-334
-338
174
-175
-374
-394
-252
352
-351
-353
-355
-278
378
-373
-375
-712
-912
-414
-714
-918
917
-717
838
-831
-834
777
-771
-775
971
-975
-977
824
-821
-724
-734
841
-848
-751
-761
-941
948
-945
-921
922
-722
792
-795
-992
995
721
-726
-731
733
-713
716
413
-416
-433
426
-424
-425
-453
-524
525
434
-435
-454
-464
554
-553
-555
543
-545
-341
161
-165
-131
135
331
-335
-343
345
253
-255
-273
275
393
-395
451
-455
-461
465
-754
755
764
-765
673
-674
-693
694
