133
-131
-132
-134
-135
-136
-137
-138
-139
-113
-123
-213
-223
-233
-313
-323
-333
-143
-153
-163
-173
-183
-193
-433
-533
-633
-733
-833
-933
167
-161
-162
-164
-165
-166
-168
-169
-147
-157
-247
-257
-267
-347
-357
-367
-117
-127
-177
-187
-197
-467
-567
-667
-767
-867
-967
182
-181
-184
-185
-186
-188
-189
-172
-192
-272
-282
-292
-372
-382
-392
-112
-122
-142
-152
-482
-582
-682
-782
-882
-982
232
-231
-234
-235
-236
-237
-238
-239
-212
-222
-312
-322
-332
-242
-252
-262
-432
-532
-632
-732
-832
-932
244
-241
-243
-245
-246
-248
-249
-144
-154
-254
-264
-344
-354
-364
-214
-224
-274
-284
-294
-444
-544
-644
-744
-844
-944
277
-271
-273
-275
-276
-278
-279
-287
-297
-377
-387
-397
-217
-227
-477
-577
-677
-777
-877
-977
327
-321
-324
-325
-326
-328
-329
-317
-337
-427
-527
-627
-727
-827
-927
338
-331
-334
-335
-336
-339
-118
-128
-218
-228
-318
-348
-358
-368
-378
-388
-398
-438
-538
-638
-738
-838
-938
355
-351
-352
-353
-356
-359
-145
-155
-255
-265
-345
-365
-315
-375
-385
-395
-455
-555
-655
-755
-855
-955
384
-381
-383
-386
-389
-174
-194
-374
-394
-314
-484
-584
-684
-784
-884
-984
442
-441
-443
-445
-446
-447
-448
-449
-452
-462
-542
-552
-562
-642
-652
-662
-412
-422
-472
-492
-342
362
-361
-363
-366
-369
-742
-842
-942
-762
-862
-962
463
-461
-464
-465
-466
-468
-469
-453
-543
-553
-563
-643
-653
-663
-413
-423
-473
-483
-493
-263
-763
-863
-963
496
-491
-494
-495
-497
-498
-499
-476
-486
-576
-586
-596
-676
-686
-696
-416
-426
-436
-456
-196
-296
-396
-796
-896
-996
529
-521
-522
-523
-524
-525
-526
-528
-419
-429
-439
-519
-539
-619
-629
-639
-549
-559
-569
-579
-589
-599
-129
-229
-729
-829
-929
588
-581
-583
-585
-587
-478
-488
-578
-598
-678
-688
-698
-518
-548
-558
-568
-288
-788
-888
-988
613
-611
-612
-614
-615
-616
-617
-618
-513
-623
-673
-683
-693
-713
-813
-913
648
-641
-645
-646
-647
-649
-458
-658
-668
-628
-148
-748
-848
-948
661
-664
-665
-666
-669
-451
-541
-551
-561
-651
-621
-631
-671
-681
-691
-261
-761
-861
-961
724
-721
-722
-723
-725
-726
-728
-714
-734
-814
-824
-834
-914
-924
-934
-754
-764
-774
-794
-124
114
-111
-115
-116
-119
-414
-514
-424
-624
758
-751
-752
-753
-756
-757
-759
-768
-858
-868
-958
-968
-718
-778
-798
-158
-258
268
-266
-269
-298
775
-771
-772
-773
-776
-779
-785
-795
-875
-885
-895
-975
-985
-995
-715
-735
-745
-765
-175
-475
-575
-675
781
-783
-786
-787
-789
-791
-871
-881
-891
-971
-981
-991
-711
-731
-741
-281
-481
839
-831
-835
-836
-837
-719
-739
-819
-919
-939
-849
-859
-869
-879
-889
-899
865
-864
-866
-845
-945
-965
-815
-825
545
-546
-547
-565
-515
-535
-595
872
-873
-874
-876
-878
-792
-892
-972
-992
712
-716
-717
-812
-822
-912
-922
-852
952
-951
-953
-954
-956
-957
-959
-512
622
-625
-626
-672
-692
-572
592
-591
-593
-594
-597
573
-571
-574
471
-474
-479
-411
-421
-431
-171
-371
-373
-973
921
-923
-925
-926
-928
-811
-821
-911
-931
823
-826
-828
-843
-853
-883
-893
-941
-121
-221
428
-425
-418
531
-534
-536
-537
-511
253
-251
-256
-259
-343
-283
-293
393
-391
-399
983
-986
-987
-989
-793
-993
743
-746
-747
-749
-943
947
-946
-949
-847
-857
-917
-937
-997
976
-974
-978
-979
-886
887
-797
799
-897
-999
737
-736
-817
766
-769
-846
841
-851
-856
854
-964
-966
969
-894
898
994
-998
816
-818
-916
-936
935
-915
918
-216
-316
-516
517
636
-634
-635
-637
434
-435
-437
415
-417
-454
-485
-557
-656
-215
-141
-341
151
-156
-159
-191
291
-295
-299
-211
219
311
-319
-289
-554
556
-566
564
-654
674
-679
-694
-176
-376
379
286
-285
195
-198
-199
178
-179
-125
126
225
-226
-146
149
346
-349
685
-687
-689
-695
-487
489
697
-699
457
-459
-657
659
