124
-121
-122
-123
-125
-126
-127
-128
-129
-114
-134
-214
-224
-234
-314
-324
-334
-144
-154
-164
-174
-184
-194
-424
-524
-624
-724
-824
-924
167
-161
-162
-163
-165
-166
-168
-169
-147
-157
-247
-257
-267
-347
-357
-367
-117
-137
-177
-187
-197
-467
-567
-667
-767
-867
-967
242
-241
-243
-244
-245
-246
-248
-249
-142
-152
-252
-262
-342
-352
-362
-212
-222
-232
-272
-282
-292
-442
-542
-642
-742
-842
-942
254
-251
-253
-255
-256
-258
-259
-264
-344
-354
-364
-274
-284
-294
-454
-554
-654
-754
-854
-954
281
-283
-285
-286
-287
-288
-289
-171
-181
-191
-271
-291
-371
-381
-391
-211
-221
-231
-261
-481
-581
-681
-781
-881
-981
327
-321
-322
-323
-325
-326
-328
-329
-217
-227
-237
-317
-337
-377
-387
-397
-427
-527
-627
-727
-827
-927
363
-361
-365
-366
-368
-369
-143
-153
-263
-343
-353
-313
-333
-373
-383
-393
-463
-563
-663
-763
-863
-963
375
-372
-374
-376
-378
-379
-175
-185
-195
-275
-295
-385
-395
-315
-335
-345
-355
-475
-575
-675
-775
-875
-975
384
-382
-386
-388
-389
-394
-484
-584
-684
-784
-884
-984
392
-396
-398
-399
-172
-182
-192
-312
-332
-492
-592
-692
-792
-892
-992
417
-411
-412
-413
-414
-415
-416
-418
-419
-437
-517
-537
-617
-637
-447
-457
-477
-487
-497
-717
-817
-917
422
-421
-423
-425
-426
-428
-429
-432
-512
-522
-532
-612
-622
-632
-452
-462
-472
-482
-722
-822
-922
434
-431
-433
-435
-436
-438
-439
-514
-534
-614
-634
-444
-464
-474
-494
-734
-834
-934
498
-491
-493
-495
-496
-499
-478
-488
-578
-588
-598
-678
-688
-698
-448
-458
-468
-198
-298
-798
-898
-998
616
-611
-613
-615
-618
-619
-516
-526
-536
-626
-636
-646
-656
-666
-676
-686
-696
-116
-216
-316
-716
-816
-916
672
-671
-673
-674
-677
-679
-572
-582
-682
-652
-662
-772
-872
-972
685
-683
-687
-689
-485
-585
-595
-695
-625
-635
-645
-655
-665
-785
-885
-985
697
-691
-693
-694
-699
-577
-587
-597
-647
-657
-297
277
-273
-276
-278
-279
-777
-877
-977
-797
-897
-997
713
-711
-712
-714
-715
-718
-719
-723
-733
-813
-823
-833
-913
-923
-933
-743
-753
-773
-783
-793
-113
-213
-513
726
-721
-725
-728
-729
-736
-826
-836
-926
-936
-746
-756
-766
-776
-786
-796
-226
731
-732
-735
-737
-738
-739
-811
-821
-831
-911
-921
-931
-741
-751
-761
-771
-791
-131
-331
-531
-631
745
-744
-747
-748
-749
-755
-765
-845
-855
-865
-945
-955
-965
-795
-145
-445
-545
782
-787
-788
-789
-882
-982
-752
-762
757
-758
-759
-847
-857
-947
-957
547
-541
-543
-544
-546
-548
-549
-557
825
-828
-829
-815
-835
-915
-925
-935
-895
995
-991
-993
-994
-996
-999
-225
-525
856
-851
-852
-853
-858
-859
-846
-866
-946
-956
-966
-876
-886
-896
-156
-356
-456
-556
862
-861
-864
-868
-869
-952
-962
-812
-832
552
-551
-553
-555
-558
-559
-562
943
-941
-944
-948
-949
-843
-953
-973
-983
-443
-643
989
-986
-987
-988
976
-971
-974
-978
-979
887
-883
-888
-889
-779
-799
794
-774
778
-874
-894
-878
-879
-899
-764
-768
769
-849
-959
-969
-837
937
-932
-938
-939
912
-914
-918
-919
814
-818
-819
-844
964
-961
-968
839
-838
928
-929
848
-841
951
-958
-112
132
-133
-135
-136
-138
-139
-228
-528
-628
-239
-339
-539
-639
644
-641
-648
-649
-564
-664
-148
-348
-151
-351
-451
-651
-269
-469
-569
-669
574
-571
-573
-576
-579
-594
-176
-476
-178
188
-183
-186
-189
-118
-158
-489
-589
111
-115
-119
-311
-141
341
-346
-349
155
-159
-265
336
-338
-236
-511
-441
-455
465
-461
-466
-565
471
-473
-479
-591
599
-593
-596
-519
-529
629
-621
-623
521
-523
-561
661
-668
-659
223
-229
-233
-293
-871
873
891
-893
-173
179
193
-196
-199
296
-299
146
-149
-266
268
-358
359
-218
-238
235
-215
219
318
-319
515
-518
-535
-446
449
566
-568
658
-653
453
-459
-483
486
583
-586
-533
538
633
-638
