136
-131
-132
-133
-134
-135
-137
-138
-139
-116
-126
-216
-226
-236
-316
-326
-336
-146
-156
-166
-176
-186
-196
-436
-536
-636
-736
-836
-936
149
-141
-142
-143
-144
-145
-147
-148
-159
-169
-249
-259
-269
-349
-359
-369
-119
-129
-179
-189
-199
-449
-549
-649
-749
-849
-949
213
-211
-212
-214
-215
-217
-218
-219
-113
-123
-223
-233
-313
-323
-333
-243
-253
-263
-273
-283
-293
-413
-513
-613
-713
-813
-913
229
-221
-222
-224
-225
-227
-228
-239
-319
-329
-339
-279
-289
-299
-429
-529
-629
-729
-829
-929
271
-272
-274
-275
-276
-277
-278
-171
-181
-191
-281
-291
-371
-381
-391
-231
-241
-251
-261
-471
-571
-671
-771
-871
-971
286
-282
-284
-285
-287
-288
-296
-376
-386
-396
-246
-256
-266
-486
-586
-686
-786
-886
-986
315
-311
-312
-314
-317
-318
-115
-125
-235
-325
-335
-345
-355
-365
-375
-385
-395
-415
-515
-615
-715
-815
-915
364
-361
-362
-363
-366
-367
-368
-154
-164
-244
-254
-264
-344
-354
-324
-334
-374
-384
-394
-464
-564
-664
-764
-864
-964
427
-421
-422
-423
-424
-425
-426
-428
-417
-437
-517
-527
-537
-617
-627
-637
-447
-457
-467
-477
-487
-497
-127
-327
-727
-827
-927
461
-462
-463
-465
-466
-468
-469
-441
-451
-541
-551
-561
-641
-651
-661
-411
-431
-481
-491
-161
-761
-861
-961
475
-472
-473
-474
-476
-478
-479
-485
-495
-575
-585
-595
-675
-685
-695
-435
-445
-455
-175
-775
-875
-975
518
-511
-512
-514
-516
-519
-418
-438
-528
-538
-618
-628
-638
-548
-558
-568
-578
-588
-598
-118
-718
-818
-918
555
-552
-553
-554
-556
-557
-559
-545
-565
-645
-655
-665
-525
-535
-155
-255
-755
-855
-955
599
-591
-592
-593
-594
-596
-597
-489
-499
-579
-589
-679
-689
-699
-539
-569
-399
-799
-899
-999
635
-631
-632
-633
-634
-639
-625
-735
-835
-935
644
-642
-643
-646
-647
-648
-444
-454
-544
-654
-614
-624
-674
-684
-694
-744
-844
-944
682
-681
-683
-687
-688
-482
-492
-572
-582
-672
-692
-612
-622
-652
-662
-182
-382
-782
-882
-982
742
-741
-743
-745
-746
-747
-748
-752
-762
-842
-852
-862
-942
-952
-962
-712
-722
-732
-772
-792
-242
-342
-442
-542
794
-791
-793
-795
-796
-797
-798
-774
-784
-874
-884
-894
-974
-984
-994
-714
-724
-734
-754
-194
-294
234
-232
-237
-238
-114
-124
-434
-534
-834
-934
-494
825
-821
-822
-823
-824
-826
-828
-725
-925
-845
-865
-885
-895
838
-831
-832
-833
-837
-839
-728
-738
-928
-938
-848
-858
-868
-878
-888
-898
-338
846
-841
-843
-847
-756
-766
-856
-866
-946
-956
-966
-816
-876
-896
-346
356
-351
-352
-353
-357
-358
-446
-546
-456
-656
881
-883
-887
-889
-781
-891
-981
-991
-811
-851
-581
691
-693
-696
-697
-698
-611
-621
893
-892
-897
-773
-783
-873
-973
-983
-993
-853
-863
-193
-393
-493
965
-963
-967
-968
-969
-765
-945
785
-787
-788
-789
-985
-995
245
-247
-248
-165
-265
-295
-185
195
-192
-197
-198
972
-976
-977
-978
-979
-872
-992
812
-814
-817
-819
-912
-922
-932
854
-857
-859
-954
-112
-412
-172
-372
111
-117
-121
-321
-331
337
-332
-151
341
-343
-347
-348
-377
-387
-397
-711
-911
-737
-937
-941
122
-128
-322
328
-152
-162
392
-398
-292
-378
-388
-522
-153
163
-167
-168
-173
-183
-563
-663
-763
157
-158
-257
-267
-177
-187
297
-298
-657
-757
-957
-997
174
-178
-184
188
-574
-488
-988
252
-258
-262
268
-452
562
-566
-567
666
-667
-668
-669
547
-543
432
-433
-439
-532
-577
-587
677
-673
-676
-678
498
-496
576
-573
416
-414
-419
524
-521
-523
-526
531
-533
623
-626
-616
619
484
-483
583
-584
-448
443
-453
-653
-458
459
658
-659
914
-916
-917
-919
-924
717
-716
-719
-767
-777
-723
-923
-731
-931
-943
-947
948
867
-869
-758
-768
769
-958
-759
-959
778
-776
-779
996
-998
726
-721
921
-926
751
-753
-951
953
733
-739
-933
939
-877
879
987
-989
373
-379
-383
389
