137
-131
-132
-133
-134
-135
-136
-138
-139
-117
-127
-217
-227
-237
-317
-327
-337
-147
-157
-167
-177
-187
-197
-437
-537
-637
-737
-837
-937
143
-141
-142
-144
-145
-146
-148
-149
-153
-163
-243
-253
-263
-343
-353
-363
-113
-123
-173
-183
-193
-443
-543
-643
-743
-843
-943
155
-151
-152
-154
-156
-158
-159
-165
-245
-255
-265
-345
-355
-365
-115
-125
-175
-185
-195
-455
-555
-655
-755
-855
-955
174
-171
-172
-176
-178
-179
-184
-194
-274
-284
-294
-374
-384
-394
-114
-124
-164
-474
-574
-674
-774
-874
-974
189
-181
-182
-186
-188
-199
-279
-289
-299
-379
-389
-399
-119
-129
-169
-489
-589
-689
-789
-889
-989
192
-191
-196
-198
-272
-282
-292
-372
-382
-392
-112
-122
-162
-492
-592
-692
-792
-892
-992
211
-212
-213
-214
-215
-216
-218
-219
-111
-121
-221
-231
-311
-321
-331
161
-166
-168
-241
-251
-261
-341
-351
-361
-271
-281
-291
-411
-511
-611
-711
-811
-911
-461
-561
-661
-761
-861
-961
235
-232
-233
-234
-236
-238
-239
-225
-315
-325
-335
-275
-285
-295
-435
-535
-635
-735
-835
-935
268
-262
-264
-266
-267
-269
-248
-258
-348
-358
-368
-228
-278
-288
-298
-468
-568
-668
-768
-868
-968
273
-276
-277
-283
-293
-373
-383
-393
-223
-473
-573
-673
-773
-873
-973
441
-442
-444
-445
-446
-447
-448
-449
-451
-541
-551
-641
-651
-421
-431
-471
-481
-491
-741
-841
-941
488
-482
-483
-484
-485
-486
-487
-478
-498
-578
-588
-598
-678
-688
-698
-418
-428
-438
-458
-388
-788
-888
-988
499
-493
-494
-495
-496
-497
-479
-579
-599
-679
-699
-419
-429
-439
-459
-469
-799
-899
-999
545
-542
-544
-546
-547
-548
-549
-465
-565
-645
-665
-515
-525
-575
-585
-595
-745
-845
-945
562
-563
-564
-566
-567
-569
-452
-462
-552
-642
-652
-662
-512
-522
-532
-572
-582
-362
-762
-862
-962
617
-612
-613
-614
-615
-616
-618
-619
-417
-427
-517
-527
-627
-647
-657
-667
-677
-687
-697
-717
-817
-917
623
-621
-622
-624
-625
-626
-628
-629
-413
-423
-433
-513
-523
-533
-633
-653
-663
-683
-693
-323
-723
-823
-923
666
-664
-669
-456
-466
-556
-646
-656
-636
-676
-686
-696
-366
-766
-866
-966
834
-831
-832
-833
-836
-838
-839
-714
-724
-734
-814
-824
-914
-924
-934
-844
-854
-864
-884
-894
-334
-434
-534
-634
842
-846
-847
-848
-849
-742
-752
-852
-942
-952
-812
-822
-872
-882
-242
-342
856
-851
-853
-857
-858
-859
-746
-756
-946
-956
-816
-826
-876
-886
-896
-256
-356
878
-871
-875
-877
-879
-778
-798
-898
-978
-998
-818
-828
-378
398
-391
-395
-396
-397
-318
-328
-338
893
-891
-895
-897
-783
-793
-883
-983
-993
-813
-863
583
-581
-584
-586
-587
-593
-553
912
-913
-915
-916
-918
-919
-712
-722
-732
-922
-932
-972
-982
-312
-412
921
-925
-926
-927
-928
-929
-721
-731
-821
-931
881
-885
-887
-771
-781
-791
-971
-981
-991
751
-753
-754
-757
-758
-759
-951
-521
-381
371
-375
-376
-377
385
-386
-387
-571
-671
-681
-685
-785
-985
933
-936
-938
-939
-713
-733
763
-764
-765
-767
-769
-953
-963
313
-314
-316
-319
-333
453
-454
-457
-463
958
-954
-957
-959
-748
-948
648
-644
-649
-558
-658
-638
969
-964
-965
-967
865
-867
-869
-749
-949
-815
819
-719
-729
-739
-829
779
-772
-775
-776
-777
782
-784
-786
-787
-979
-825
827
-727
-519
-369
-682
684
-594
-694
-654
659
-559
-639
-259
-359
-984
976
-975
-977
-796
-986
987
-996
-797
-997
747
-744
944
-947
794
-795
-994
995
-244
-344
-247
-347
-476
-576
577
596
-591
-597
691
-695
-477
467
-464
554
-557
531
-536
-538
-539
-631
632
-422
-432
436
-416
-426
-516
-526
529
-524
-528
518
-514
472
-475
-672
675
414
-415
-424
425
715
-716
-718
-725
116
-118
-126
128
-226
-326
-336
346
-349
-246
249
-229
726
-728
-736
738
-329
339
-332
-254
224
-222
322
-324
252
-257
-352
-354
357
364
-367
286
-287
-296
297
