146
-141
-142
-143
-144
-145
-147
-148
-149
-156
-166
-246
-256
-266
-346
-356
-366
-116
-126
-136
-176
-186
-196
-446
-546
-646
-746
-846
-946
164
-161
-162
-163
-165
-167
-168
-169
-154
-244
-254
-264
-344
-354
-364
-114
-124
-134
-174
-184
-194
-464
-564
-664
-764
-864
-964
179
-171
-172
-173
-175
-177
-178
-189
-199
-279
-289
-299
-379
-389
-399
-119
-129
-139
-159
-479
-579
-679
-779
-879
-979
214
-211
-212
-213
-215
-216
-217
-218
-219
-224
-234
-314
-324
-334
-274
-284
-294
-414
-514
-614
-714
-814
-914
222
-221
-223
-225
-226
-227
-228
-229
-112
-122
-132
-232
-312
-322
-332
-242
-252
-262
-272
-282
-292
-422
-522
-622
-722
-822
-922
259
-251
-253
-255
-257
-258
-249
-269
-349
-359
-369
-239
-459
-559
-659
-759
-859
-959
273
-271
-275
-276
-277
-278
-183
-193
-283
-293
-373
-383
-393
-233
-243
-263
-473
-573
-673
-773
-873
-973
397
-391
-392
-394
-395
-396
-398
-187
-197
-287
-297
-377
-387
-317
-327
-337
-347
-357
-367
-497
-597
-697
-797
-897
-997
433
-431
-432
-434
-435
-436
-437
-438
-439
-413
-423
-513
-523
-533
-613
-623
-633
-443
-453
-463
-483
-493
-133
-333
-733
-833
-933
478
-471
-472
-474
-475
-476
-477
-488
-498
-578
-588
-598
-678
-688
-698
-418
-428
-448
-458
-468
-378
-778
-878
-978
481
-482
-484
-485
-486
-487
-489
-491
-571
-581
-591
-671
-681
-691
-411
-421
-441
-451
-461
-181
-281
-381
-781
-881
-981
521
-524
-525
-526
-527
-528
-529
-511
-531
-611
-621
-631
-541
-551
-561
-121
-321
-721
-821
-921
536
-532
-534
-535
-537
-538
-539
-416
-426
-516
-616
-626
-636
-556
-566
-576
-586
-596
-236
-336
-736
-836
-936
548
-542
-543
-544
-545
-547
-549
-558
-568
-648
-658
-668
-518
-248
-348
-748
-848
-948
555
-552
-553
-554
-557
-445
-455
-465
-565
-645
-655
-665
-515
-575
-585
-595
-155
-355
-755
-855
-955
583
-582
-584
-587
-589
-593
-683
-693
-563
-783
-883
-983
741
-742
-743
-744
-745
-747
-749
-751
-761
-841
-851
-861
-941
-951
-961
-711
-731
-771
-791
-241
-341
-641
788
-782
-784
-785
-786
-787
-789
-798
-888
-898
-988
-998
-718
-728
-738
-758
-768
-188
-288
-388
794
-792
-793
-795
-796
-799
-774
-874
-884
-894
-974
-984
-994
-724
-734
-754
-494
-594
574
-572
-577
-674
-684
-694
-374
384
-382
-385
-386
835
-831
-832
-834
-837
-838
-839
-715
-725
-735
-815
-825
-915
-925
-935
-845
-865
-875
-885
-895
-135
-235
-335
-635
843
-842
-844
-847
-849
-753
-763
-853
-863
-943
-953
-963
-813
-823
-893
993
-991
-992
-995
-996
-999
-913
-923
-343
-643
857
-852
-854
-856
-858
-757
-767
-867
-947
-957
-967
824
-826
-827
-828
-829
-924
-934
-817
-877
-887
-424
-624
634
-632
-637
-638
-639
-644
-654
-157
-457
-657
919
-911
-912
-916
-917
-918
-719
-729
-739
-819
-929
-939
769
-762
-765
-766
-869
-949
-969
775
-772
-776
-777
-975
-985
-989
-319
-419
-519
-619
339
-331
-338
-329
-469
-569
599
-592
-499
-689
-699
-669
-375
-675
889
-882
-886
-899
945
-942
-944
954
-952
-956
-958
-965
444
-442
-447
-449
-454
649
-642
-647
429
-425
-427
-629
342
-345
-152
-352
-362
-372
-245
247
-267
-237
111
-113
-115
-117
-118
-131
-231
238
-311
-128
-138
137
-127
-318
-328
-151
-191
-268
-298
198
-192
-195
182
-185
125
-123
-315
-325
153
-158
-353
-363
365
-361
-368
-265
261
-351
358
-291
371
-376
-811
931
-932
-937
-938
-971
-625
732
-737
-712
-812
-752
756
-866
-966
-716
-726
651
-652
-653
-656
-661
663
-662
-666
-667
452
-456
-462
-562
567
466
-467
-412
-492
-496
495
-685
-695
-415
417
615
-612
-617
-618
512
-517
-627
628
-717
713
-723
727
-927
-313
316
323
-326
-816
818
926
-928
-868
862
-962
968
-872
-892
-976
-986
-871
876
891
-896
-676
-682
-982
987
972
-977
-672
677
692
-696
686
-687
285
-286
-295
296
