134
-131
-132
-133
-135
-136
-137
-138
-139
-114
-124
-214
-224
-234
-314
-324
-334
-144
-154
-164
-174
-184
-194
-434
-534
-634
-734
-834
-934
181
-182
-183
-185
-186
-187
-188
-189
-171
-191
-271
-281
-291
-371
-381
-391
-111
-121
-141
-151
-161
-481
-581
-681
-781
-881
-981
215
-211
-212
-213
-216
-217
-218
-219
-115
-125
-225
-235
-315
-325
-335
-245
-255
-265
-275
-285
-295
-415
-515
-615
-715
-815
-915
249
-241
-242
-243
-244
-246
-247
-248
-149
-159
-169
-259
-269
-349
-359
-369
-229
-239
-279
-289
-299
-449
-549
-649
-749
-849
-949
326
-321
-322
-323
-327
-328
-329
-116
-126
-226
-236
-316
-336
-346
-356
-366
-376
-386
-396
-426
-526
-626
-726
-826
-926
448
-441
-442
-443
-444
-445
-446
-447
-458
-468
-548
-558
-568
-648
-658
-668
-418
-428
-438
-478
-488
-498
-148
-348
-748
-848
-948
476
-471
-472
-473
-474
-475
-477
-479
-486
-496
-576
-586
-596
-676
-686
-696
-416
-436
-456
-466
-176
-276
-776
-876
-976
495
-491
-492
-493
-494
-497
-499
-485
-575
-585
-595
-675
-685
-695
-425
-435
-455
-465
-195
-395
-795
-895
-995
532
-531
-533
-535
-536
-537
-538
-539
-412
-422
-432
-512
-522
-612
-622
-632
-542
-552
-562
-572
-582
-592
-232
-332
-732
-832
-932
543
-541
-544
-545
-546
-547
-453
-463
-553
-563
-643
-653
-663
-513
-523
-573
-583
-593
-143
-343
-743
-843
-943
621
-623
-624
-625
-627
-628
-629
-411
-421
-431
-511
-521
-611
-631
-641
-651
-661
-671
-691
-221
-721
-821
-921
751
-752
-753
-754
-755
-756
-757
-758
-759
-741
-761
-841
-851
-861
-941
-951
-961
-711
-731
-771
-791
341
-342
-344
-345
-347
-251
-261
-351
-361
231
-233
-237
-238
-311
-331
-831
-931
-451
461
-462
-464
-467
-469
-551
-561
764
-762
-763
-765
-766
-767
-768
-769
-744
-844
-854
-864
-944
-954
-964
-714
-724
-774
-784
-794
644
-642
-645
-646
-647
-454
-554
-564
-654
-664
-614
-674
-684
-694
-264
-364
777
-772
-773
-775
-778
-779
-787
-797
-877
-887
-897
-977
-987
-997
-717
-727
-737
-747
-177
-277
-377
-577
-677
818
-811
-812
-813
-814
-816
-817
-819
911
-912
-913
-914
-916
-917
-918
-919
-718
-728
-738
-828
-838
-928
-938
-858
-868
-878
-888
-898
-971
-991
-118
-318
-518
-618
875
-871
-872
-873
-874
-879
891
-892
-893
-894
-896
-899
-785
-885
-975
-985
-825
-835
-845
-855
-865
571
-574
-578
-579
-591
-175
-375
385
-382
-383
-384
-387
-388
-389
-355
-365
952
-953
-955
-956
-957
-958
-959
-742
-842
-852
-862
-942
-962
968
-963
-965
-966
-967
-969
-922
-972
-982
-992
-978
-988
-998
142
-145
-146
-147
-152
-162
-252
-262
-352
-362
-112
-122
-172
-192
-452
482
-483
-484
-487
-489
-672
-682
-692
-652
662
-665
-666
-667
-669
-168
-268
-368
-282
-782
-882
792
-793
-796
-798
-799
788
-783
-786
-789
-712
-722
822
-823
-824
-827
-829
924
-923
-925
-927
-929
884
-883
-886
-889
-974
-984
-994
312
-313
-317
-319
-222
-372
-392
-424
414
-413
-417
-419
-514
-524
272
-273
-274
-278
-292
374
-373
-378
-379
-284
-294
-394
254
-253
-256
-257
-258
-354
-584
594
-597
-598
-599
-288
-588
528
-525
-527
-529
635
-633
-636
-637
-638
-639
-655
725
-723
-729
-735
-935
-745
746
945
-946
-947
-846
847
-856
-866
-857
-867
-716
-736
836
-833
-837
-839
-936
937
-933
-939
-128
-228
338
-333
-337
-339
298
-293
-296
-297
-178
-198
-398
158
-153
-155
-156
-157
165
-163
-166
-167
266
-263
-267
-358
196
-193
-197
-199
-286
399
-393
-397
287
-283
173
-179
-113
-123
223
-227
-423
433
-437
-439
-613
713
-719
-733
739
555
-556
-557
-559
-565
656
-657
-659
-566
516
-517
-519
-616
-673
-973
979
-989
-999
678
-679
-688
-698
986
-983
993
-996
683
-687
-689
-693
-587
589
697
-699
567
-569
-457
459
427
-429
-617
619
117
-119
-127
129
357
-353
363
-367
853
-859
-863
869
