137
-131
-132
-133
-134
-135
-136
-138
-139
-117
-127
-217
-227
-237
-317
-327
-337
-147
-157
-167
-177
-187
-197
-437
-537
-637
-737
-837
-937
141
-142
-143
-144
-145
-146
-148
-149
-151
-161
-241
-251
-261
-341
-351
-361
-111
-121
-171
-181
-191
-441
-541
-641
-741
-841
-941
166
-162
-163
-164
-165
-168
-169
-156
-246
-256
-266
-346
-356
-366
-116
-126
-176
-186
-196
-466
-566
-666
-766
-866
-966
183
-182
-184
-185
-188
-189
-173
-193
-273
-283
-293
-373
-383
-393
-113
-123
-153
-483
-583
-683
-783
-883
-983
198
-192
-194
-195
-199
-178
-278
-288
-298
-378
-388
-398
-118
-128
-158
-498
-598
-698
-798
-898
-998
213
-211
-212
-214
-215
-216
-218
-219
-223
-233
-313
-323
-333
-243
-253
-263
-413
-513
-613
-713
-813
-913
236
-231
-232
-234
-235
-238
-239
-226
-316
-326
-336
-276
-286
-296
-436
-536
-636
-736
-836
-936
285
-281
-282
-284
-287
-289
-175
-275
-295
-375
-385
-395
-225
-245
-255
-265
-485
-585
-685
-785
-885
-985
321
-322
-324
-325
-328
-329
-221
-311
-331
-371
-381
-391
-421
-521
-621
-721
-821
-921
345
-342
-343
-344
-347
-348
-349
-155
-355
-365
-315
-335
-445
-545
-645
-745
-845
-945
414
-411
-412
-415
-416
-417
-418
-419
-424
-434
-514
-524
-534
-614
-624
-634
-444
-454
-464
-474
-484
-494
-114
-314
-714
-814
-914
425
-422
-423
-426
-427
-428
-429
-435
-515
-525
-535
-615
-625
-635
-455
-465
-475
-495
-125
115
-112
-119
-715
-815
-915
-725
-825
-925
448
-442
-443
-446
-447
-449
-458
-468
-548
-558
-568
-648
-658
-668
-438
-478
-488
-248
-748
-848
-948
667
-661
-662
-663
-664
-665
-669
-457
-467
-547
-557
-567
-647
-657
-617
-627
-677
-687
-697
-267
-367
-767
-867
-967
682
-681
-684
-686
-688
-689
-472
-482
-492
-572
-582
-592
-672
-692
-612
-622
-632
-642
-652
-382
-782
-882
-982
691
-693
-694
-695
-696
-699
-471
-481
-491
-571
-581
-591
-671
-611
-631
-651
-291
271
-272
-274
-277
-279
-771
-871
-971
-791
-891
-991
762
-761
-763
-764
-765
-768
-769
-742
-752
-842
-852
-862
-942
-952
-962
-712
-722
-732
-772
-792
-262
-362
-462
-562
789
-781
-784
-786
-787
-788
-779
-799
-879
-889
-899
-979
-989
-999
-719
-729
-739
-749
-759
-389
-489
-589
826
-822
-823
-824
-827
-828
-829
-716
-726
-816
-916
-926
-846
-856
-876
-886
-896
-526
-626
873
-872
-874
-875
-877
-878
-773
-793
-893
-973
-993
-833
-843
-853
-863
-473
-573
-673
892
-894
-895
-897
-972
-992
-812
-832
-292
-392
917
-911
-912
-918
-919
-717
-727
-817
-927
-947
-957
-977
-987
-997
-517
527
-522
-523
-528
-529
-577
-587
-597
928
-922
-923
-924
-929
932
-931
-933
-934
-935
-938
-939
-718
711
-731
-811
-831
-728
-738
-818
819
-838
-839
-751
-849
-859
-869
-958
-968
-978
-988
-511
-319
-519
-619
-228
-628
-332
-432
452
-451
-453
-456
-459
-542
-552
-532
512
-516
-518
616
-618
-646
-656
-676
-312
318
-338
-358
-368
242
-244
-247
-249
-152
-252
-352
-222
122
-124
-129
-172
372
-374
-376
-377
-379
949
-943
-944
-946
-959
-969
-549
-649
964
-961
-963
-965
-744
-754
-844
847
-854
-864
-954
-747
-757
-857
-887
953
-951
-955
-956
-743
746
-753
-756
-776
-796
981
-984
-986
-881
-974
-994
-546
556
-551
-553
-554
-555
-559
-576
-586
-596
851
-855
-858
-861
-353
363
-364
-369
-653
-463
-563
-264
-564
975
-976
-775
-795
-995
996
-575
-675
595
-593
-594
-599
493
-496
-497
-499
-433
-565
655
-654
-659
-755
758
865
-868
735
-733
-734
723
-724
834
-835
-778
888
-884
-623
629
-439
431
-531
-539
-639
-461
469
561
-569
-479
579
-574
-578
-679
224
-229
-334
339
-254
-294
-359
-399
-258
268
-269
476
-477
-486
487
777
-774
794
-797
678
-674
584
-588
-544
543
-643
644
-533
538
633
-638
174
-179
-384
-394
299
-297
-154
159
354
-357
257
-259
386
-387
-396
397
