133
-131
-132
-134
-135
-136
-137
-138
-139
-113
-123
-213
-223
-233
-313
-323
-333
-143
-153
-163
-173
-183
-193
-433
-533
-633
-733
-833
-933
142
-141
-144
-145
-146
-147
-148
-149
-152
-162
-242
-252
-262
-342
-352
-362
-112
-122
-172
-182
-192
-442
-542
-642
-742
-842
-942
177
-171
-174
-175
-176
-178
-179
-187
-197
-277
-287
-297
-377
-387
-397
-117
-127
-157
-167
-477
-577
-677
-777
-877
-977
243
-241
-244
-245
-246
-247
-248
-249
-253
-263
-343
-353
-363
-273
-283
-293
-443
-543
-643
-743
-843
-943
274
-271
-272
-275
-276
-278
-279
-184
-194
-284
-294
-374
-384
-394
-214
-224
-234
-254
-264
-474
-574
-674
-774
-874
-974
286
-281
-282
-285
-288
-289
-186
-196
-296
-376
-386
-396
-216
-226
-236
-256
-266
-486
-586
-686
-786
-886
-986
316
-311
-312
-314
-315
-317
-318
-319
-116
-126
-326
-336
-346
-356
-366
-416
-516
-616
-716
-816
-916
327
-321
-322
-324
-325
-328
-329
-217
-227
-237
-337
-347
-357
-367
-427
-527
-627
-727
-827
-927
345
-341
-344
-348
-349
-155
-165
-255
-265
-355
-365
-335
-375
-385
-395
-445
-545
-645
-745
-845
-945
368
-361
-364
-369
-158
-168
-258
-268
-358
-338
-378
-388
-398
-468
-568
-668
-768
-868
-968
413
-411
-412
-414
-415
-417
-418
-419
-423
-513
-523
-613
-623
-453
-463
-473
-483
-493
-713
-813
-913
436
-431
-432
-434
-435
-437
-438
-439
-426
-526
-536
-626
-636
-446
-456
-466
-476
-496
-736
-836
-936
449
-441
-444
-447
-448
-459
-469
-549
-559
-569
-649
-659
-669
-429
-479
-489
-499
-749
-849
-949
525
-521
-522
-524
-528
-529
-425
-515
-535
-615
-625
-635
-555
-565
-575
-585
-595
-125
-225
-725
-825
-925
582
-581
-583
-584
-587
-588
-589
-472
-482
-492
-572
-592
-672
-682
-692
-512
-532
-552
-562
-382
-782
-882
-982
662
-661
-663
-664
-665
-666
-667
-452
-462
-652
422
-421
-424
-428
-612
-622
-632
-222
-722
-822
-922
-762
-862
-962
679
-671
-673
-675
-676
-678
-579
-599
-689
-699
-619
-629
-639
-379
-779
-879
-979
697
-691
-693
-694
-695
-696
-698
-487
-497
-597
-687
-617
-637
-647
-657
-797
-897
-997
744
-741
-746
-747
-748
-754
-764
-844
-854
-864
-944
-954
-964
-714
-724
-734
-784
-794
-544
-644
766
-761
-763
-765
-767
-769
-756
-846
-856
-866
-946
-956
-966
-726
-776
-796
-166
156
-151
-154
-159
-556
-656
646
-641
-648
-546
-566
781
-783
-785
-787
-788
-789
-771
-791
-871
-881
-891
-971
-981
-991
-711
-721
-731
-751
-181
-381
-481
-681
798
-792
-793
-795
-799
-778
-878
-888
-898
-978
-988
-998
-718
-728
-738
-758
-198
-298
188
-185
-189
-118
-128
-488
-688
-498
-598
829
-821
-823
-824
-826
-828
926
-921
-923
-924
-928
-929
723
-729
-719
-739
-819
-839
-919
-939
-753
-773
759
-752
-755
-757
-859
-869
-959
-969
-889
-899
-976
-996
-129
-229
-259
-359
835
-831
-832
-834
-837
-838
-715
-735
-815
-915
-935
775
-772
-875
-885
-895
-975
-985
-995
-855
-865
-235
-475
861
-863
-867
-841
-851
-941
-951
-961
-811
541
-547
-548
-451
-461
-551
-561
-651
-511
-531
-571
-591
-161
-261
938
-931
-932
-934
-937
911
-912
-914
-917
-918
814
-812
-817
-818
-884
-894
-948
947
-847
848
-857
-957
-967
-858
-958
887
-883
-987
-111
-211
-611
-114
-514
-614
618
-518
-538
-628
-638
-658
-218
228
-221
-238
972
-973
-872
-892
-992
852
-853
-952
-372
-115
119
215
-212
-219
-239
-339
195
-191
-199
-295
121
-124
-231
232
-331
-332
334
164
-169
-354
351
-251
257
-267
269
291
-292
-299
-371
373
-391
392
-393
-399
-383
389
712
-717
-732
737
517
-519
-537
539
-534
-557
-567
-621
624
631
-634
-654
-684
-457
467
-464
-465
-564
563
-553
-653
655
-455
-573
-593
683
-685
953
-955
-963
965
-983
-993
471
-478
-491
578
-576
596
-594
458
-454
554
-558
-873
876
893
-896
485
-484
494
-495
984
-989
-994
999
