172
-171
-173
-174
-175
-176
-177
-178
-179
-182
-192
-272
-282
-292
-372
-382
-392
-112
-122
-132
-142
-152
-162
-472
-572
-672
-772
-872
-972
213
-211
-212
-214
-215
-216
-217
-218
-219
-113
-123
-133
-223
-233
-313
-323
-333
-243
-253
-263
-273
-283
-293
-413
-513
-613
-713
-813
-913
279
-271
-274
-275
-276
-277
-278
-189
-199
-289
-299
-379
-389
-399
-229
-239
-249
-259
-269
-479
-579
-679
-779
-879
-979
298
-291
-294
-295
-296
-297
-188
-198
-288
-378
-388
-398
-228
-238
-248
-258
-268
-498
-598
-698
-798
-898
-998
337
-331
-332
-334
-335
-336
-338
-339
-117
-127
-137
-227
-237
-317
-327
-347
-357
-367
-377
-387
-397
-437
-537
-637
-737
-837
-937
444
-441
-442
-443
-445
-446
-447
-448
-449
-454
-464
-544
-554
-564
-644
-654
-664
-414
-424
-434
-474
-484
-494
-144
-244
-344
-744
-844
-944
459
-451
-452
-453
-455
-456
-457
-458
-469
-549
-559
-569
-649
-659
-669
-419
-429
-439
-489
-499
-159
-359
-759
-859
-959
475
-471
-473
-476
-477
-478
-485
-495
-575
-585
-595
-675
-685
-695
-415
-425
-435
-465
-375
-775
-875
-975
521
-522
-523
-524
-525
-526
-527
-528
-529
-411
-421
-431
-511
-531
-611
-621
-631
-541
-551
-561
-571
-581
-591
-121
-221
-321
-721
-821
-921
548
-542
-543
-545
-546
-547
-468
-558
-568
-648
-658
-668
-518
-538
-578
-588
-148
-348
-748
-848
-948
574
-573
-576
-577
-584
-594
-674
-684
-694
-514
-534
-374
-774
-874
-974
599
-592
-593
-596
-597
-589
-689
-699
-519
-539
-799
-899
-999
635
-632
-633
-634
-636
-638
-639
-515
-535
-615
-625
-645
-655
-665
-135
-235
-735
-835
-935
667
-661
-662
-663
-666
-467
-557
-567
-647
-657
-617
-627
-677
-687
-697
-167
-267
-767
-867
-967
725
-722
-723
-724
-726
-727
-728
-729
-715
-815
-825
-915
-925
-745
-755
-765
-785
-795
-125
-225
-325
736
-731
-732
-733
-734
-738
-739
-716
-816
-826
-836
-916
-926
-936
-746
-756
-766
-776
-786
-796
-136
-236
-436
-536
749
-741
-742
-743
-747
-769
-849
-869
-949
-969
-719
-789
-149
-349
792
-791
-793
-794
-797
-782
-882
-892
-982
-992
-712
-752
-762
-492
-692
865
-861
-862
-863
-864
-866
-868
-845
-855
-945
-955
-965
-885
-895
-165
-265
-365
-565
555
-552
-553
-556
-155
-255
-355
924
-922
-923
-927
-928
-929
-714
-814
-824
-834
-914
-934
-954
-964
-984
-994
-124
-224
-324
-624
614
-612
-616
-618
-619
629
-622
-623
-626
-628
-114
-314
-129
-329
-829
932
-931
-933
-938
-939
-812
-822
-832
-912
-942
-952
-962
-232
-432
-532
533
-423
-433
438
-418
-428
-488
-563
-583
823
-827
-828
-833
-843
-853
-873
-883
-893
427
-422
-426
-417
-517
-487
-497
587
-582
-586
-138
-838
-187
-287
197
-191
-193
-194
-195
-196
-147
-157
-787
-887
-987
-897
-997
977
-971
-973
-976
-978
-777
-877
-917
-947
-957
991
-993
-995
-996
-771
-781
-871
-881
-891
-981
985
-983
-986
-988
-989
889
-884
-886
-888
-819
-839
831
-711
-811
-911
919
-918
-841
-851
-941
-951
-961
-119
-319
139
-131
-134
234
-231
-169
369
-361
-362
-363
-364
-366
-368
-254
-264
-284
-185
-285
245
-241
-242
-246
-247
-145
-345
257
-251
-252
-256
115
-111
-116
-118
311
-312
-315
-316
-318
-341
-351
-371
-381
-391
847
-842
-846
852
-854
-856
-857
-858
-757
717
-718
-817
818
894
-896
-784
876
-878
-352
-652
671
-673
-676
-678
-481
-491
-681
-691
688
-682
-683
-686
482
-483
-486
461
-462
-463
-466
-641
-651
-412
416
512
-516
493
-496
-693
696
-562
566
642
-643
-646
653
-656
141
-143
-146
-151
-161
-261
-181
281
-286
-342
262
-266
-222
226
322
-326
-328
-126
128
-158
-168
358
-353
-354
-356
751
-753
-754
-758
-761
764
-763
-768
-153
-953
154
-156
-164
-184
956
-958
-946
943
-963
-966
968
-343
346
163
-166
-183
186
-376
373
-383
-393
-386
-396
-773
778
783
-788
384
-385
-394
395
