175
-171
-172
-173
-174
-176
-177
-178
-179
-185
-195
-275
-285
-295
-375
-385
-395
-115
-125
-135
-145
-155
-165
-475
-575
-675
-775
-875
-975
193
-191
-192
-194
-196
-197
-198
-199
-183
-273
-283
-293
-373
-383
-393
-113
-123
-133
-143
-153
-163
-493
-593
-693
-793
-893
-993
233
-231
-232
-234
-235
-236
-237
-238
-239
-213
-223
-313
-323
-333
-243
-253
-263
-433
-533
-633
-733
-833
-933
259
-251
-252
-254
-255
-256
-257
-258
-149
-159
-169
-249
-269
-349
-359
-369
-219
-229
-279
-289
-299
-459
-559
-659
-759
-859
-959
262
-261
-264
-265
-266
-267
-268
-142
-152
-162
-242
-342
-352
-362
-212
-222
-272
-282
-292
-462
-562
-662
-762
-862
-962
287
-281
-284
-286
-288
-187
-277
-297
-377
-387
-397
-217
-227
-247
-487
-587
-687
-787
-887
-987
294
-291
-296
-298
-184
-274
-374
-384
-394
-214
-224
-244
-494
-594
-694
-794
-894
-994
346
-341
-343
-344
-345
-347
-348
-146
-156
-166
-246
-356
-366
-316
-326
-336
-376
-386
-396
-446
-546
-646
-746
-846
-946
353
-351
-354
-355
-357
-358
-363
-453
-553
-653
-753
-853
-953
388
-381
-382
-389
-188
-278
-378
-398
-318
-328
-338
-368
-488
-588
-688
-788
-888
-988
413
-411
-412
-414
-415
-416
-417
-418
-419
-423
-513
-523
-613
-623
-443
-463
-473
-483
-713
-813
-913
432
-431
-434
-435
-436
-437
-438
-439
-422
-512
-522
-532
-612
-622
-632
-442
-452
-472
-482
-492
-132
-332
-732
-832
-932
457
-451
-454
-455
-456
-458
-447
-467
-547
-557
-567
-647
-657
-667
-427
-477
-497
-157
-757
-857
-957
466
-461
-464
-465
-468
-469
-556
-566
-656
-666
-426
-476
-486
-496
-766
-866
-966
529
-521
-524
-525
-526
-527
-528
-429
-519
-539
-619
-629
-639
-549
-569
-579
-589
-599
-129
-329
-729
-829
-929
582
-581
-583
-584
-585
-586
-572
-592
-672
-682
-692
-542
-552
-182
-782
-882
-982
649
-641
-642
-643
-644
-645
-648
652
-651
-654
-655
-658
-449
-669
-679
-689
-699
-749
-849
-949
-752
-852
-952
673
-671
-674
-676
-677
-678
-573
-683
-663
-773
-873
-973
686
-681
-684
-685
-576
-596
-696
-616
-626
-636
-186
276
-271
-216
-226
-776
-876
-976
-786
-886
-986
698
-691
-695
-697
-478
-498
-578
-598
-618
-628
-638
-668
-798
-898
-998
722
-721
-723
-724
-725
-726
-727
-728
-712
-812
-822
-912
-922
-742
-772
-792
-122
112
-111
-114
-116
-117
-118
-119
-312
-322
751
-754
-755
-756
-758
-741
-761
-841
-851
-861
-941
-951
-961
-711
-731
-771
-781
-791
-151
-551
764
-763
-765
-767
-768
-769
-744
-844
-854
-864
-944
-954
-964
-714
-734
-774
-784
-164
-364
-564
-664
819
-811
-814
-815
-816
-817
-818
-719
-739
-839
-919
-939
-869
969
-963
-965
-967
-968
-879
-889
-899
-979
-989
-999
-319
824
-821
-823
-825
-826
-827
-828
923
-921
-924
-925
-926
-927
-928
-834
-914
-934
-874
-884
-943
-983
-124
-324
-424
-624
126
-121
-127
-128
-136
843
-842
-845
-847
-848
942
-945
-947
-948
-743
-863
783
-785
-789
-883
-972
-992
-543
563
-561
-565
-568
855
-856
-858
-745
-865
-955
956
-958
-835
-885
881
-871
-891
-971
-981
-991
-831
-895
-916
-936
-996
-555
-181
189
-379
-399
-139
339
-331
-334
-335
-337
314
-311
-315
-317
-134
-514
-614
634
-631
-635
-637
-534
-481
-489
872
-877
-878
-892
-372
371
-391
392
-321
-361
-471
-571
911
-915
-917
-918
-931
-211
-511
-611
937
-935
-938
-717
-737
-837
-977
-997
995
-795
-985
984
-974
978
-778
-137
327
-325
365
-367
-245
-627
617
-615
-517
-537
-665
661
-441
-541
-621
625
-425
-515
-535
-225
215
-218
-715
735
-736
-738
-161
-484
485
-495
-595
-445
545
-544
-548
131
-138
-221
228
-141
241
-248
421
-428
-531
-491
499
591
-597
577
-574
474
-479
-444
448
554
-558
144
-147
-148
-154
158
167
-168
747
-748
-867
868
-777
779
-799
-797
796
-896
897
-716
718
836
-838
516
-518
-536
538
