121
-122
-123
-124
-125
-126
-127
-128
-129
-111
-131
-211
-221
-231
-311
-321
-331
-141
-151
-161
-171
-181
-191
-421
-521
-621
-721
-821
-921
147
-142
-143
-144
-145
-146
-148
-149
-157
-167
-247
-257
-267
-347
-357
-367
-117
-137
-177
-187
-197
-447
-547
-647
-747
-847
-947
152
-153
-154
-155
-156
-158
-159
-162
-242
-252
-262
-342
-352
-362
-112
-132
-172
-182
-192
-452
-552
-652
-752
-852
-952
258
-251
-253
-254
-255
-256
-259
-168
-248
-268
-348
-358
-368
-218
-228
-238
-278
-288
-298
-458
-558
-658
-758
-858
-958
285
-281
-282
-283
-284
-286
-287
-289
-175
-185
-195
-275
-295
-375
-385
-395
-215
-225
-235
-245
-265
-485
-585
-685
-785
-885
-985
329
-322
-323
-324
-325
-326
-327
-328
-119
-139
-219
-229
-239
-319
-339
-349
-359
-369
-379
-389
-399
-429
-529
-629
-729
-829
-929
416
-411
-412
-413
-414
-415
-417
-418
-419
-426
-436
-516
-526
-536
-616
-626
-636
-446
-456
-466
-476
-486
-496
-116
-216
-316
-716
-816
-916
441
-442
-443
-444
-445
-448
-449
-451
-461
-541
-551
-561
-641
-651
-661
-431
-471
-481
-491
-241
-341
-741
-841
-941
472
-473
-474
-475
-477
-478
-479
-482
-492
-572
-582
-592
-672
-682
-692
-422
-432
-462
-272
-372
-772
-872
-972
515
-511
-512
-513
-514
-517
-518
-519
-425
-435
-525
-535
-615
-625
-635
-545
-555
-565
-575
-595
-115
-315
-715
-815
-915
543
-542
-544
-546
-548
-549
-453
-463
-553
-563
-643
-653
-663
-523
-533
-573
-583
-593
-243
-343
-743
-843
-943
618
-611
-612
-613
-614
-617
-619
-428
-438
-528
-538
-628
-638
-648
-668
-678
-688
-698
-118
-318
-718
-818
-918
684
-681
-683
-686
-687
-689
-484
-494
-574
-584
-594
-674
-694
-624
-634
-644
-654
-664
-184
-384
-784
-884
-984
723
-722
-724
-725
-726
-727
-728
-713
-733
-813
-823
-833
-913
-923
-933
-753
-763
-773
-783
-793
-223
-423
-623
771
-774
-775
-776
-777
-778
-779
-781
-791
-871
-881
-891
-971
-981
-991
-711
-731
-751
-761
-271
-371
-571
-671
814
-811
-812
-817
-819
-714
-734
-824
-834
-914
-924
-934
-844
-854
-864
-874
-894
911
-912
-917
-919
-831
-931
-951
-961
-114
113
-133
-213
-233
-313
-333
-163
-173
-183
-193
-214
-314
719
-712
-717
-739
-839
-939
-749
-759
-769
-789
-799
855
-851
-853
-856
-857
-859
861
-862
-863
-865
-866
-867
-868
-869
-745
-755
-765
-845
-945
-955
-965
-825
-835
-875
-895
925
-922
-926
-927
-928
-735
-935
795
-792
-794
-796
-797
-798
-975
-995
828
-822
-826
-827
-738
-838
-938
-848
-878
-888
-898
226
-222
-224
-227
-136
-236
-336
-246
-266
-276
-296
351
-353
-354
-355
-356
-261
-361
291
-292
-293
-294
-297
-299
-381
-391
953
-954
-956
-957
-959
-963
-973
-983
-993
-455
-655
675
-673
-676
-677
-679
-495
-695
465
-464
-467
-468
-469
-645
-665
568
-562
-564
-566
-567
-569
-578
-588
-598
345
-344
-346
-165
-365
135
-134
-138
-335
338
-332
-334
-337
234
-232
-237
212
-217
-312
317
-244
249
-169
-269
-264
263
-363
-273
-274
277
-279
-377
-387
-397
-378
-388
-398
-434
-534
-649
-849
-949
969
-962
-964
-966
-967
-968
-979
-989
-999
-768
-669
-577
-877
-977
581
-586
-587
-589
-591
-691
-531
631
-632
-633
-637
-639
433
-437
-439
539
-532
-537
-483
-493
693
-696
-697
-699
522
-524
-527
-622
627
424
-427
-454
554
-556
-557
-559
597
-596
-599
576
-579
-487
-497
457
-459
-657
-667
659
-656
-754
756
-757
-746
-766
-846
842
-742
-762
-942
-946
767
-764
744
-748
-944
948
-736
-786
-737
732
-832
-932
-782
-787
788
-978
-988
-998
-882
-892
-642
646
662
-666
-176
-376
-876
-976
974
-994
-174
-374
373
-383
-393
-873
879
-889
-899
178
-179
-188
-198
883
-886
-887
-893
987
-982
-986
992
-996
-997
896
-897
-836
837
936
-937
382
-386
-392
186
-189
-196
-396
394
-194
199
164
-166
-364
366
-488
489
498
-499
