131
-132
-133
-134
-135
-136
-137
-138
-139
-111
-121
-211
-221
-231
-311
-321
-331
-141
-151
-161
-171
-181
-191
-431
-531
-631
-731
-831
-931
192
-193
-194
-195
-196
-197
-198
-199
-172
-182
-272
-282
-292
-372
-382
-392
-112
-122
-142
-152
-162
-492
-592
-692
-792
-892
-992
229
-222
-223
-224
-225
-226
-227
-228
-119
-129
-219
-239
-319
-329
-339
-249
-259
-269
-279
-289
-299
-429
-529
-629
-729
-829
-929
255
-251
-252
-253
-254
-256
-257
-258
-145
-155
-165
-245
-265
-345
-355
-365
-215
-235
-275
-285
-295
-455
-555
-655
-755
-855
-955
262
-261
-263
-264
-266
-267
-268
-242
-342
-352
-362
-212
-232
-462
-562
-662
-762
-862
-962
281
-283
-284
-286
-287
-288
-271
-291
-371
-381
-391
-241
-481
-581
-681
-781
-881
-981
312
-313
-314
-315
-316
-317
-318
-322
-332
-412
-512
-612
-712
-812
-912
358
-351
-353
-354
-356
-357
-359
-148
-158
-168
-248
-348
-368
-328
-338
-378
-388
-398
-458
-558
-658
-758
-858
-958
361
-363
-364
-366
-367
-369
-341
-461
-561
-661
-761
-861
-961
383
-384
-385
-386
-387
-389
-173
-183
-273
-293
-373
-393
-323
-333
-343
-483
-583
-683
-783
-883
-983
418
-411
-413
-414
-415
-416
-417
-419
-428
-438
-518
-528
-538
-618
-628
-638
-448
-468
-478
-488
-498
-118
-218
-718
-818
-918
422
-421
-423
-424
-425
-426
-427
-432
-522
-532
-622
-632
-442
-452
-472
-482
-722
-822
-922
471
-473
-474
-475
-476
-477
-479
-491
-571
-591
-671
-691
-441
-451
-771
-871
-971
485
-484
-486
-487
-489
-495
-575
-585
-595
-675
-685
-695
-435
-445
-465
-185
-785
-885
-985
541
-542
-543
-544
-545
-546
-547
-548
-549
-551
-641
-651
-511
-521
-741
-841
-941
576
-572
-573
-574
-577
-578
-579
-496
-586
-596
-676
-686
-696
-516
-526
-536
-556
-566
-176
-276
-376
-776
-876
-976
582
-584
-587
-588
-589
-672
-682
-552
-782
-882
-982
611
-613
-614
-615
-616
-617
-619
-621
-711
-811
-911
642
-643
-644
-645
-646
-647
-648
-649
-652
-742
-842
-942
715
-713
-714
-716
-717
-719
-725
-735
-815
-825
-835
-915
-925
-935
-745
-765
-775
-795
-115
-515
721
-723
-724
-726
-727
-728
-821
-921
-751
-791
732
-733
-734
-736
-737
-738
-739
-832
-932
-752
-772
754
-753
-756
-757
-759
-744
-764
-844
-854
-864
-944
-954
-964
-774
-784
-794
-154
-454
-554
-654
777
-773
-778
-779
-787
-797
-877
-887
-897
-977
-987
-997
-747
-767
-177
-277
-377
-677
847
-843
-845
-846
-848
-849
-857
-867
-947
-957
-967
-817
-827
-837
945
-943
-946
-948
-949
-865
-965
-975
-995
-147
-247
-347
-447
748
-743
-746
-749
-768
-868
-968
-788
-798
852
-851
-853
-856
-859
951
-952
-953
-956
-959
891
-893
-894
-895
-896
-898
-899
-991
875
-872
-873
-874
-878
-879
972
-973
-974
-978
-979
673
-674
-678
-679
-493
-593
-693
-623
-633
-653
-663
-175
125
-123
-124
-126
-127
-128
-325
-335
238
-233
-234
-236
-237
-278
274
-174
-184
-294
-374
-394
-214
-244
-298
-525
-625
-838
-938
-375
379
395
-396
-397
-399
-179
178
-188
-189
-349
926
-923
-924
-927
-928
-816
-826
-836
-916
-936
828
-823
-824
-888
-966
-986
-996
523
-524
-527
-433
-513
-533
-553
-563
-326
-626
113
-114
-116
-117
-213
-143
-153
-163
243
-246
-813
-913
216
-217
-336
-296
297
186
-187
-146
-156
-166
346
-344
-443
-446
453
-456
-457
-459
-463
656
-657
-659
-466
-666
436
-434
-437
-439
-636
-786
789
-799
-889
-989
-999
-769
-886
884
-984
988
-994
796
-793
993
-998
763
-766
-863
-963
969
866
-869
833
-834
-839
-933
-814
819
-919
-939
-519
-169
-469
-569
-669
-684
687
-688
-689
-497
-597
-697
467
-464
-557
559
-567
-667
-449
444
-564
-664
-494
499
-599
-699
-539
639
-634
-635
-637
535
-534
-537
-565
568
665
-668
517
-514
624
-627
594
-598
-694
698
914
-917
-934
937
-324
327
334
-337
-144
149
164
-167
157
-159
