131
-132
-133
-134
-135
-136
-137
-138
-139
-111
-121
-211
-221
-231
-311
-321
-331
-141
-151
-161
-171
-181
-191
-431
-531
-631
-731
-831
-931
142
-143
-144
-145
-146
-147
-148
-149
-152
-162
-242
-252
-262
-342
-352
-362
-112
-122
-172
-182
-192
-442
-542
-642
-742
-842
-942
154
-153
-155
-156
-157
-158
-159
-164
-244
-254
-264
-344
-354
-364
-114
-124
-174
-184
-194
-454
-554
-654
-754
-854
-954
226
-222
-223
-224
-225
-227
-228
-229
-116
-126
-216
-236
-316
-326
-336
-246
-256
-266
-276
-286
-296
-426
-526
-626
-726
-826
-926
273
-271
-272
-274
-275
-277
-278
-279
-173
-183
-193
-283
-293
-373
-383
-393
-213
-233
-243
-253
-263
-473
-573
-673
-773
-873
-973
444
-441
-443
-445
-446
-447
-448
-449
-464
-544
-564
-644
-664
-414
-424
-434
-474
-484
-494
-744
-844
-944
482
-481
-483
-485
-486
-487
-488
-489
-472
-492
-572
-582
-592
-672
-682
-692
-412
-422
-432
-452
-462
-282
-382
-782
-882
-982
491
-493
-495
-496
-497
-498
-499
-471
-571
-581
-591
-671
-681
-691
-411
-421
-451
-461
-291
-391
-791
-891
-991
523
-521
-522
-524
-525
-527
-528
-529
-413
-423
-433
-513
-533
-613
-623
-633
-543
-553
-563
-583
-593
-123
-323
-723
-823
-923
568
-561
-562
-565
-566
-567
-569
-458
-468
-548
-558
-648
-658
-668
-518
-538
-578
-588
-598
-168
-268
-368
-768
-868
-968
687
-683
-684
-685
-686
-688
-689
693
-694
-695
-696
-697
-698
-699
-477
-577
-587
-597
-677
-643
-653
-663
-617
-627
-637
-647
-657
-667
-187
-287
-387
-787
-887
-987
-793
-893
-993
753
-751
-752
-755
-756
-757
-758
-759
-743
-763
-843
-853
-863
-943
-953
-963
-713
-733
-783
343
-341
-345
-346
-347
-348
-349
-163
-353
-363
113
-115
-117
-118
-119
-313
-333
-813
-913
-453
463
-465
-466
-467
-469
765
-761
-762
-764
-766
-767
-769
-745
-845
-855
-865
-945
-955
-965
-715
-725
-735
-775
-785
-795
-165
-265
-365
-665
779
-771
-772
-774
-776
-777
-778
-789
-799
-879
-889
-899
-979
-989
-999
-719
-729
-739
-749
-179
-379
-479
-579
-679
818
-811
-812
-814
-815
-816
-817
-819
-718
-728
-738
-828
-838
-918
-928
-938
-848
-858
-878
-888
-898
-218
-318
-418
-618
837
-832
-833
-834
-835
-836
-839
933
-932
-934
-935
-936
-937
-939
-717
-727
-737
-827
-917
-927
883
-881
-884
-885
-886
-983
-847
-857
-867
-877
-897
-237
-337
-437
-537
912
-911
-914
-915
-916
-919
-712
-722
-732
-822
-922
792
-794
-796
-797
-798
-872
-892
-972
-992
747
-741
-746
-748
-947
-957
-967
788
-781
-784
-786
-978
-988
-998
-952
-962
-212
-312
-512
-612
-247
-547
372
-371
-374
-375
-376
-377
-378
-292
-392
232
-234
-235
-238
-239
-322
-332
622
-621
-624
-625
-628
-629
-532
-632
552
-551
-555
-556
-557
-559
-652
-662
457
-455
-456
-459
-417
-427
517
-511
-514
-515
-516
-519
611
-614
-615
-616
-619
541
-545
-546
-549
-641
-651
-661
-711
721
-724
-821
-921
-217
-317
-241
-841
-941
-852
862
-861
-864
-866
-869
964
-961
-966
-969
-924
-974
-984
-994
-257
-357
-188
-288
-388
-125
127
-128
-129
-327
-167
-177
-197
977
-971
-975
-976
-997
871
-874
-875
-876
-981
894
-895
-896
-851
951
-956
-958
-959
948
-946
-949
-824
825
-829
-925
929
324
-325
-328
-329
-214
-314
-334
338
-335
-339
-384
-394
-358
-398
714
-716
-734
736
416
-415
-419
-436
-536
-636
-476
-425
428
-429
-438
-638
-478
475
-575
-585
-595
-675
678
-674
-676
-435
439
-539
-639
535
-534
634
-635
-248
258
-251
-255
-259
-298
-351
574
-576
-584
-594
-175
176
-178
-186
-196
-386
-396
198
-195
-199
185
-189
-285
-295
-385
-395
-166
169
-249
245
-355
-269
-359
356
-366
-369
-215
219
315
-319
-289
-299
-645
655
-656
-659
-856
859
846
-849
-646
649
666
-669
284
-281
381
-389
-294
297
-397
399
261
-267
-361
367
-985
986
995
-996
-586
589
596
-599
