124
-121
-122
-123
-125
-126
-127
-128
-129
-114
-134
-214
-224
-234
-314
-324
-334
-144
-154
-164
-174
-184
-194
-424
-524
-624
-724
-824
-924
188
-181
-182
-183
-185
-186
-187
-189
-178
-198
-278
-288
-298
-378
-388
-398
-118
-138
-148
-158
-168
-488
-588
-688
-788
-888
-988
223
-221
-222
-225
-226
-227
-228
-229
-113
-133
-213
-233
-313
-323
-333
-243
-253
-263
-273
-283
-293
-423
-523
-623
-723
-823
-923
261
-262
-264
-265
-266
-267
-268
-269
-141
-151
-161
-241
-251
-341
-351
-361
-211
-231
-271
-281
-291
-461
-561
-661
-761
-861
-961
376
-371
-372
-373
-374
-375
-377
-379
-176
-196
-276
-286
-296
-386
-396
-316
-326
-336
-346
-356
-366
-476
-576
-676
-776
-876
-976
415
-411
-412
-413
-414
-416
-417
-418
-419
-425
-435
-515
-525
-535
-615
-625
-635
-445
-455
-465
-475
-485
-495
-115
-215
-315
-715
-815
-915
444
-441
-442
-443
-446
-447
-448
-449
-454
-464
-544
-554
-564
-644
-654
-664
-434
-474
-484
-494
-244
-344
-744
-844
-944
452
-451
-453
-456
-457
-458
-459
-462
-542
-552
-562
-642
-652
-662
-422
-432
-472
-482
-492
-152
-252
-352
-752
-852
-952
571
-572
-573
-574
-575
-577
-578
-579
-471
-481
-491
-581
-591
-671
-681
-691
-511
-521
-531
-541
-551
-171
-771
-871
-971
648
-641
-643
-645
-646
-647
-649
651
-653
-655
-656
-657
-658
-659
-468
-548
-558
-568
-668
-611
-621
-631
-618
-628
-638
-678
-698
-248
-348
-748
-848
-948
-751
-851
-951
743
-741
-742
-745
-746
-747
-749
-753
-763
-843
-853
-863
-943
-953
-963
-713
-733
-773
-783
-793
-143
-343
-543
758
-754
-755
-756
-757
-759
-768
-858
-868
-958
-968
-718
-728
-738
-778
-798
-258
-358
368
-362
-363
-364
-365
-367
-369
-318
-328
-338
782
-781
-784
-785
-786
-787
-789
-772
-792
-872
-882
-892
-972
-982
-992
-712
-722
-732
-762
-282
-382
-582
-682
811
-812
-813
-814
-816
-817
-818
-819
-711
-721
-731
-821
-831
-911
-921
-931
791
-794
-795
-796
-797
-799
-881
-891
-981
-991
-841
941
-942
-945
-946
-947
-949
-111
-311
381
-383
-384
-385
-387
-389
-191
-391
131
-132
-135
-136
-137
-139
-321
-331
421
-426
-427
-428
-429
-431
837
-832
-833
-834
-835
-836
-838
-839
-717
-727
-737
-827
-917
-927
-937
-847
-857
-867
-877
-887
-897
-237
-337
-437
-537
-637
916
-912
-913
-914
-918
-919
933
-932
-934
-935
-936
-938
-939
-716
-726
-736
-826
-926
766
-764
-765
-767
-769
-846
-856
-866
-956
-966
777
-774
-775
-779
-977
-987
-997
-973
-983
-993
-986
-996
-116
-216
236
-232
-235
-238
-239
218
-212
-217
-219
-246
-256
-516
-616
-518
-433
-533
-633
-436
-536
-636
-166
-466
-566
-666
-177
-277
-477
-677
967
-962
-964
-965
-969
-957
922
-925
-928
-929
-822
828
-825
-829
-878
-898
-322
-522
-622
-528
864
-862
-865
-869
842
-845
-849
-854
-954
-874
-884
-894
-142
-242
-342
162
-163
-165
-167
-169
-112
-172
-192
-467
-567
-667
-117
119
-319
-329
-339
-149
-159
-179
-199
-519
-619
-719
714
-734
-514
-614
-145
146
-147
-156
-546
556
-553
-555
-557
-559
547
-545
-549
-526
626
-627
-629
-586
-596
-517
-527
529
617
-612
-613
513
-512
-439
438
-538
-539
-639
-478
-498
598
-592
-593
-594
-595
-597
-599
532
-534
-632
634
-563
-583
584
-585
-587
-589
-674
-684
-694
565
-569
-665
-686
-696
-687
-697
312
-317
-332
335
-325
327
-392
-345
-355
-395
-347
349
-249
-259
-359
-357
-397
-399
725
-729
-735
739
245
-247
-155
-255
-275
-285
-295
978
-974
-975
-979
-998
274
-272
-279
292
-294
-297
-299
-284
-394
393
-173
175
-193
-195
197
-287
289
153
-157
-353
354
-254
257
672
-673
-675
-679
-692
-875
-984
994
-995
-999
487
-483
-486
-489
496
-493
-497
-499
886
-883
-885
-889
-896
683
-685
-689
-473
479
-693
695
-699
463
-469
-663
669
873
-879
-893
985
-989
-895
899
855
-859
-955
959
