146
-141
-142
-143
-144
-145
-147
-148
-149
-156
-166
-246
-256
-266
-346
-356
-366
-116
-126
-136
-176
-186
-196
-446
-546
-646
-746
-846
-946
162
-161
-163
-164
-165
-167
-168
-169
-152
-242
-252
-262
-342
-352
-362
-112
-122
-132
-172
-182
-192
-462
-562
-662
-762
-862
-962
195
-191
-193
-194
-197
-198
-199
-175
-185
-275
-285
-295
-375
-385
-395
-115
-125
-135
-155
-495
-595
-695
-795
-895
-995
238
-231
-232
-233
-234
-235
-236
-237
-239
-118
-128
-138
-218
-228
-318
-328
-338
-248
-258
-268
-278
-288
-298
-438
-538
-638
-738
-838
-938
247
-241
-243
-244
-245
-249
-157
-257
-267
-347
-357
-367
-217
-227
-277
-287
-297
-447
-547
-647
-747
-847
-947
265
-261
-263
-264
-269
-255
-345
-355
-365
-215
-225
-465
-565
-665
-765
-865
-965
284
-281
-282
-283
-286
-289
-174
-184
-274
-294
-374
-384
-394
-214
-224
-254
-484
-584
-684
-784
-884
-984
321
-322
-323
-324
-325
-326
-327
-329
-111
-121
-131
-211
-221
-311
-331
-341
-351
-361
-371
-381
-391
-421
-521
-621
-721
-821
-921
359
-353
-354
-358
-159
-259
-349
-369
-319
-339
-379
-389
-399
-459
-559
-659
-759
-859
-959
418
-411
-412
-413
-414
-415
-416
-417
-419
-428
-518
-528
-618
-628
-448
-458
-468
-478
-488
-498
-718
-818
-918
476
-471
-472
-473
-474
-475
-477
-479
-486
-496
-576
-586
-596
-676
-686
-696
-426
-436
-456
-466
-276
-376
-776
-876
-976
489
-481
-482
-483
-485
-487
-499
-579
-589
-599
-679
-689
-699
-429
-439
-449
-469
-189
-789
-889
-989
531
-532
-533
-534
-535
-536
-537
-539
-431
-511
-611
-631
-541
-551
-561
-571
-581
-591
-731
-831
-931
553
-552
-554
-555
-556
-557
-558
-443
-453
-463
-543
-563
-643
-653
-663
-513
-523
-573
-583
-593
-153
-253
251
-151
-271
-291
-451
-651
-751
-851
-951
-753
-853
-953
564
-566
-567
-568
-569
-444
-454
-464
-544
-644
-654
-664
-514
-524
-574
-594
-364
-764
-864
-964
575
-572
-577
-578
-585
-675
-685
-515
-525
-545
-775
-875
-975
641
-642
-645
-648
-649
-441
-461
467
-661
-457
-657
-667
491
-492
-493
-494
-497
-671
-681
-691
-427
-437
-741
-841
-941
-767
-867
-967
-791
-891
-991
786
-781
-782
-783
-785
-787
-788
-796
-886
-896
-986
-996
-716
-726
-736
-756
-766
-386
799
-792
-793
-794
-797
-798
-779
-879
-899
-979
-999
-719
-729
-739
-749
-769
-299
814
-811
-812
-813
-815
-816
-817
-819
-714
-724
-734
-824
-834
-914
-924
-934
-844
-854
-874
-894
-114
-314
-614
829
-822
-823
-825
-826
-827
-828
-839
-919
-929
-939
-849
-869
-129
-229
-529
-629
873
-871
-872
-877
-878
-773
-883
-893
-973
-983
-993
-833
-843
-863
-173
-273
-373
-673
915
-911
-912
-913
-916
-917
711
-712
-713
-715
-717
-725
-735
-835
-925
-935
-761
-771
-945
-955
-985
885
-881
-882
-887
-888
861
-866
-868
-961
-845
-855
-315
335
-332
-333
-334
-336
-337
344
-343
-348
363
-368
-154
158
-178
-188
-313
-383
-393
-615
-435
-635
-744
-944
-658
-758
-858
-958
-763
768
-748
-848
842
-742
-752
-852
-942
-952
-948
-968
-728
928
-922
-923
-926
-927
-778
-832
-892
898
-897
-978
-988
-998
-442
445
-455
452
-542
-652
-655
656
-666
-422
-432
-425
625
-622
-623
-624
-626
-627
-616
-636
-745
743
-943
949
-963
755
-754
-757
954
-956
-957
857
-856
966
-969
-723
-733
933
-932
-936
-937
836
-837
774
-772
-777
-974
-994
-133
-433
434
-424
423
-613
-633
-634
-123
-223
124
-127
-134
548
-549
-668
669
-588
-598
519
-512
-516
-517
526
-522
-527
-619
-639
-119
-219
139
-137
-179
279
-272
-226
222
-212
-312
-292
612
-617
-632
637
-672
-682
-692
-677
-687
-697
-722
727
732
-737
-674
678
694
-693
-698
683
-688
-378
-183
293
-296
396
-392
-397
-398
388
-382
-387
372
-377
113
-117
-213
216
-316
317
-972
981
-982
-987
-971
977
992
-997
171
-177
-181
187
582
-587
-592
597
