132
-131
-133
-134
-135
-136
-137
-138
-139
-112
-122
-212
-222
-232
-312
-322
-332
-142
-152
-162
-172
-182
-192
-432
-532
-632
-732
-832
-932
177
-171
-173
-174
-175
-176
-178
-179
-187
-197
-277
-287
-297
-377
-387
-397
-117
-127
-147
-157
-167
-477
-577
-677
-777
-877
-977
196
-191
-193
-194
-195
-198
-199
-186
-276
-286
-296
-376
-386
-396
-116
-126
-146
-156
-166
-496
-596
-696
-796
-896
-996
229
-221
-223
-224
-225
-226
-227
-228
-119
-129
-219
-239
-319
-329
-339
-249
-259
-269
-279
-289
-299
-429
-529
-629
-729
-829
-929
252
-251
-253
-254
-255
-256
-257
-258
-242
-262
-342
-352
-362
-272
-282
-292
-452
-552
-652
-752
-852
-952
271
-273
-274
-275
-278
-181
-281
-291
-371
-381
-391
-211
-231
-241
-261
-471
-571
-671
-771
-871
-971
334
-331
-333
-335
-336
-337
-338
-114
-124
-214
-234
-314
-324
-344
-354
-364
-374
-384
-394
-434
-534
-634
-734
-834
-934
366
-361
-363
-365
-367
-368
-369
-246
-266
-346
-356
-316
-326
-466
-566
-666
-766
-866
-966
383
-382
-385
-388
-389
-183
-283
-293
-373
-393
-313
-323
-343
-353
-483
-583
-683
-783
-883
-983
445
-441
-442
-443
-444
-446
-447
-448
-449
-455
-465
-545
-555
-565
-645
-655
-665
-415
-425
-435
-475
-485
-495
-145
-245
-345
-745
-845
-945
459
-451
-453
-454
-456
-457
-458
-469
-549
-559
-569
-649
-659
-669
-419
-439
-479
-489
-499
-159
-359
-759
-859
-959
473
-472
-474
-476
-478
-493
-573
-593
-673
-693
-413
-423
-433
-463
-773
-873
-973
543
-541
-542
-544
-546
-547
-548
-553
-563
-643
-653
-663
-513
-523
-533
-143
-243
-743
-843
-943
562
-561
-564
-567
-568
-462
-642
-662
-512
-522
-572
-582
-592
-762
-862
-962
635
-631
-633
-636
-637
-638
-639
-515
-525
-535
-615
-625
-675
-685
-695
-235
-735
-835
-935
651
-654
-656
-657
-658
-461
-551
-641
-661
-611
-621
-681
-691
-151
-351
-751
-851
-951
667
-664
-668
-467
-557
-647
-617
-627
-687
-697
-267
-767
-867
-967
727
-721
-722
-723
-724
-725
-726
-728
-717
-737
-817
-827
-837
-917
-927
-937
-747
-757
-787
-797
-327
-427
-527
749
-741
-742
-744
-746
-748
-769
-849
-869
-949
-969
-719
-739
-779
-789
-799
-149
-349
169
-161
-163
-164
-165
-168
-189
775
-772
-774
-776
-778
-785
-795
-875
-885
-895
-975
-985
-995
-715
-755
-765
-375
-575
831
-833
-836
-838
-839
-711
-731
-811
-821
-911
-921
-931
-841
-861
-881
-891
-431
-531
853
-854
-855
-856
-857
-858
-753
-763
-863
-953
-963
-813
-823
-893
-153
263
-264
-265
-268
-213
-233
888
-882
-884
-886
-887
-889
-788
-798
-878
-898
-978
-988
-998
-818
-828
-848
-868
-188
-288
-488
-588
-688
915
-912
-913
-914
-916
-918
-919
-815
-825
-925
865
-864
-955
-965
-115
-215
-315
936
-933
-938
-939
-716
-736
-816
-826
-926
819
-812
-814
-879
-899
-946
-956
-976
-986
-519
-619
539
-536
-537
-538
-579
-589
-599
733
-738
-713
-923
-793
993
-991
-992
-994
-997
-999
-236
216
-217
-218
-416
-516
-616
-436
972
-974
-979
-782
-792
-872
-892
-982
989
-981
-984
-987
897
-894
712
-714
-718
-822
824
-922
-924
928
842
-844
-846
-847
-942
756
-754
-758
-786
876
-874
768
-761
-764
-948
-958
-968
-412
-612
-424
-524
-624
-128
-328
-428
-528
-628
646
-644
-648
-556
-626
-676
-686
961
-964
-941
464
-468
-554
558
-414
-484
-494
-518
-578
-598
-158
-358
-372
392
-395
-398
-399
379
-378
298
-294
-295
285
-284
184
-185
-144
-154
155
244
-247
-248
-355
357
-347
-125
325
-321
237
-238
-317
-437
438
-418
-618
-498
-944
947
954
-957
-672
-576
574
-584
-594
-674
-684
-694
-514
614
-613
623
-622
422
-421
-426
526
-521
-482
-492
486
-481
-487
-586
113
-111
-118
-123
121
-311
318
-141
148
341
-348
678
-679
-698
682
-689
-692
699
-784
781
-791
794
-581
-585
587
595
-591
-597
491
-497
-411
417
511
-517
