184
-181
-182
-183
-185
-186
-187
-188
-189
-174
-194
-274
-284
-294
-374
-384
-394
-114
-124
-134
-144
-154
-164
-484
-584
-684
-784
-884
-984
197
-191
-192
-193
-195
-196
-198
-199
-177
-277
-287
-297
-377
-387
-397
-117
-127
-137
-147
-157
-167
-497
-597
-697
-797
-897
-997
213
-211
-212
-214
-215
-216
-217
-218
-219
-113
-123
-133
-223
-233
-313
-323
-333
-243
-253
-263
-273
-283
-293
-413
-513
-613
-713
-813
-913
245
-241
-242
-244
-246
-247
-248
-249
-145
-155
-165
-255
-265
-345
-355
-365
-225
-235
-275
-285
-295
-445
-545
-645
-745
-845
-945
381
-382
-383
-385
-386
-388
-389
-171
-271
-281
-291
-371
-391
-311
-321
-331
-341
-351
-361
-481
-581
-681
-781
-881
-981
417
-411
-412
-414
-415
-416
-418
-419
-427
-437
-517
-527
-537
-617
-627
-637
-447
-457
-467
-477
-487
-317
-717
-817
-917
439
-431
-432
-433
-434
-435
-436
-438
-429
-519
-529
-539
-619
-629
-639
-449
-459
-469
-479
-489
-499
-139
-239
-339
-739
-839
-939
476
-471
-472
-473
-474
-475
-478
-486
-496
-576
-586
-596
-676
-686
-696
-426
-446
-456
-466
-176
-276
-376
-776
-876
-976
551
-552
-553
-554
-555
-556
-557
-558
-559
-441
-451
-461
-541
-561
-641
-651
-661
-511
-521
-531
-571
-591
-151
-251
-751
-851
-951
672
-671
-673
-674
-675
-677
-678
-679
-482
-492
-572
-582
-592
-682
-692
-612
-622
-632
-642
-652
-662
-172
-272
-372
-772
-872
-972
742
-741
-743
-744
-746
-747
-748
-749
-752
-762
-842
-852
-862
-942
-952
-962
-712
-722
-732
-782
-792
-142
-342
-442
-542
777
-771
-773
-774
-775
-778
-779
-787
-877
-887
-977
-987
-727
-737
-757
-767
-577
795
-791
-793
-794
-796
-798
-799
-785
-875
-885
-895
-975
-985
-995
-715
-725
-735
-755
-765
-395
-495
-595
-695
824
-821
-822
-823
-825
-826
-827
-828
-829
-714
-724
-734
-814
-834
-914
-924
-934
-844
-854
-864
-874
-894
-224
-324
-424
-524
-624
831
-832
-833
-835
-836
-837
-838
-711
-721
-731
-811
-911
-921
-931
761
-763
-764
-766
-768
-769
-841
-861
-941
-961
754
-753
-756
-758
-759
-944
-954
-964
-871
-891
-131
-231
-631
141
-143
-146
-148
-149
-161
-261
-111
-121
221
-222
-226
-227
-228
-229
611
-614
-615
-616
-618
-421
-621
491
-493
-494
-498
-691
-254
-354
-454
-654
971
-973
-974
-978
-979
-991
994
-992
-993
-996
-998
-999
574
-573
-575
-578
-579
-594
-694
-514
-534
634
-633
-635
-636
-638
-544
-564
-644
-664
314
-312
-315
-316
-318
-319
-234
-334
264
-262
-266
-267
-268
-269
-344
-364
444
-443
-448
-464
868
-863
-865
-866
-867
-869
-848
-858
-948
-958
-968
-818
-878
-888
-898
-168
-368
-468
-568
-668
923
-922
-925
-926
-927
-928
-929
-723
-733
-933
937
-932
-935
-936
-938
783
-786
-788
-789
-873
879
-883
-893
-983
988
-982
-986
-989
-889
-899
-819
-849
-859
912
-915
-916
-918
-919
-812
815
-816
-855
-943
-953
-963
-947
-957
-967
-112
-512
-115
-515
-423
-523
-623
533
-532
-535
-536
-538
-543
-563
-583
-593
327
-322
-325
-326
-328
-329
-237
-337
257
-252
-256
-258
-259
-347
-357
-367
-657
-857
847
-843
-846
853
-856
-547
-647
-153
-353
-453
-653
-179
-279
278
-178
-288
-298
-378
-398
-238
-379
-483
463
-462
-465
-643
-663
343
-346
-348
-349
-163
-363
173
-175
-373
375
-393
-335
135
-132
-136
-138
-125
-683
693
-698
-699
-488
485
-585
-685
-425
-455
-588
-688
598
-599
-518
516
-526
-626
-546
-566
-528
-548
549
-569
-649
-659
-669
-589
587
-687
689
-567
667
-665
-666
-116
-716
648
-646
656
-655
-658
565
-562
452
-458
-422
428
522
-525
625
-628
-122
-128
-728
946
-949
-956
-966
-152
162
-166
-169
-352
-362
955
-959
-965
969
-156
126
-129
-236
232
-332
-336
338
-118
119
158
-159
-358
-282
-292
392
-396
-399
718
-719
-738
736
-726
729
-356
359
366
-369
882
-886
-892
896
286
-289
-296
299
