177
-171
-172
-173
-174
-175
-176
-178
-179
-187
-197
-277
-287
-297
-377
-387
-397
-117
-127
-137
-147
-157
-167
-477
-577
-677
-777
-877
-977
199
-191
-192
-193
-194
-195
-196
-198
-189
-279
-289
-299
-379
-389
-399
-119
-129
-139
-149
-159
-169
-499
-599
-699
-799
-899
-999
228
-221
-222
-223
-224
-225
-226
-227
-229
-118
-128
-138
-218
-238
-318
-328
-338
-248
-258
-268
-278
-288
-298
-428
-528
-628
-728
-828
-928
247
-241
-242
-243
-244
-245
-246
-249
-257
-267
-347
-357
-367
-217
-237
-447
-547
-647
-747
-847
-947
256
-251
-252
-253
-254
-255
-259
-146
-156
-166
-266
-346
-356
-366
-216
-236
-276
-286
-296
-456
-556
-656
-756
-856
-956
325
-321
-322
-323
-324
-326
-327
-329
-115
-125
-135
-215
-235
-315
-335
-345
-355
-365
-375
-385
-395
-425
-525
-625
-725
-825
-925
334
-331
-332
-333
-336
-337
-339
-114
-124
-134
-214
-234
-314
317
-311
-312
-313
-316
-319
-344
-354
-364
-374
-384
-394
-417
-517
-617
-717
-817
-917
-434
-534
-634
-734
-834
-934
349
-341
-342
-343
-348
-269
-359
-369
-449
-549
-649
-749
-849
-949
372
-371
-373
-376
-378
-182
-272
-282
-292
-382
-392
-352
-362
-472
-572
-672
-772
-872
-972
419
-411
-412
-413
-414
-415
-416
-418
-429
-439
-519
-529
-539
-619
-629
-639
-459
-469
-479
-489
-219
239
-231
-232
-233
-719
-819
-919
-739
-839
-939
421
-422
-423
-424
-426
-427
-431
-511
-521
-531
-611
-621
-631
-441
-451
-461
-471
-481
-491
-121
-721
-821
-921
448
-442
-443
-444
-445
-446
-458
-468
-548
-558
-568
-648
-658
-668
-438
-478
-488
-498
-148
-748
-848
-948
661
-662
-663
-664
-665
-666
-667
-669
-541
-551
-561
-641
-651
-671
-681
-691
-161
-261
-361
-761
-861
-961
684
-682
-683
-685
-686
-687
-688
-689
-474
-484
-494
-574
-584
-594
-674
-694
-614
-624
-644
-654
-184
-284
-784
-884
-984
692
-693
-695
-696
-697
-698
-482
-492
-582
-592
-612
-622
-632
-642
-652
-792
-892
-992
731
-732
-733
-735
-736
-737
-738
-711
-811
-831
-911
-931
-741
-751
-771
-781
-791
-131
764
-762
-763
-765
-766
-767
-768
-769
-744
-754
-844
-854
-864
-944
-954
-964
-714
-724
-774
-794
-164
-264
-464
454
-452
-453
-455
-457
-544
-554
-564
144
-141
-142
-143
-145
-154
773
-775
-776
-778
-779
-783
-793
-873
-883
-893
-973
-983
-993
-713
-723
-743
-753
-273
-473
-573
-673
789
-782
-785
-786
-787
-788
-879
-889
-979
-989
-729
-759
-589
853
-851
-852
-855
-857
-858
-859
-843
-863
-943
-953
-963
-813
-823
-833
-153
-353
-553
-653
866
-862
-865
-867
-868
-869
-746
-846
-946
-966
-816
-826
-836
-876
-886
-896
829
-822
-824
-827
-929
-466
-566
888
-881
-882
-885
-887
982
-981
-985
-986
-987
-988
-798
-878
-898
-978
-998
-818
-838
-912
-922
-932
-942
-952
-962
-188
-388
398
-391
-393
-396
386
-381
-383
-186
351
-358
-151
363
-368
-163
-263
-951
-463
-563
-486
-586
-588
-598
891
-894
-895
-897
-871
-971
-991
-841
941
-945
837
-832
-835
-727
-927
-937
-437
-537
-637
-291
-591
918
-913
-914
-915
-916
-718
-938
758
-752
-755
-757
-958
-968
797
-795
-796
-997
-518
-618
-158
168
-162
-165
-497
-597
935
-933
-936
923
-924
-926
814
-812
-815
-715
745
-742
842
-845
-955
-965
-874
875
-975
-995
-514
524
-522
-523
-526
-527
627
-623
-626
-657
-123
-435
-535
-635
-542
-545
-645
-275
-475
476
-496
-576
-596
-676
-436
-575
-675
-976
974
-994
996
-274
271
-181
-281
294
-293
-295
111
-112
-113
-116
-211
-571
581
-583
-585
-587
487
-483
-485
-467
122
-126
-132
-212
213
-133
136
-152
155
262
-265
183
-185
-283
285
-513
-613
-722
726
712
-716
-512
-536
-636
552
-555
-557
-559
-462
465
-562
-565
-655
659
567
-569
432
-433
-532
493
-495
-593
595
-515
516
615
-616
-546
543
-643
646
-533
538
633
-638
-578
579
678
-679
957
-959
-967
969
