121
-122
-123
-124
-125
-126
-127
-128
-129
-111
-131
-211
-221
-231
-311
-321
-331
-141
-151
-161
-171
-181
-191
-421
-521
-621
-721
-821
-921
135
-132
-133
-134
-136
-137
-138
-139
-115
-215
-225
-235
-315
-325
-335
-145
-155
-165
-175
-185
-195
-435
-535
-635
-735
-835
-935
142
-143
-144
-146
-147
-148
-149
-152
-162
-242
-252
-262
-342
-352
-362
-112
-172
-182
-192
-442
-542
-642
-742
-842
-942
167
-163
-164
-166
-168
-169
-157
-247
-257
-267
-347
-357
-367
-117
-177
-187
-197
-467
-567
-667
-767
-867
-967
218
-212
-213
-214
-216
-217
-219
-118
-228
-238
-318
-328
-338
-248
-258
-268
-278
-288
-298
-418
-518
-618
-718
-818
-918
263
-261
-264
-265
-266
-269
-153
-243
-253
-343
-353
-363
-223
-233
-273
-283
-293
-463
-563
-663
-763
-863
-963
317
-312
-313
-314
-316
-319
-227
-237
-327
-337
-377
-387
-397
-417
-517
-617
-717
-817
-917
341
-344
-345
-346
-348
-349
-241
-251
-351
-361
-371
-381
-391
-441
-541
-641
-741
-841
-941
356
-354
-355
-358
-359
-156
-246
-256
-366
-326
-336
-376
-386
-396
-456
-556
-656
-756
-856
-956
383
-382
-384
-385
-388
-389
-173
-183
-193
-373
-393
113
-114
-116
-119
-323
-333
-413
-513
-613
-713
-813
-913
-483
-583
-683
-783
-883
-983
414
-411
-412
-415
-416
-419
-424
-434
-514
-524
-534
-614
-624
-634
-444
-454
-464
-474
-484
-494
-714
-814
-914
457
-451
-452
-453
-455
-458
-459
-447
-547
-557
-647
-657
-427
-437
-477
-487
-497
-757
-857
-957
485
-481
-482
-486
-488
-489
-475
-495
-575
-585
-595
-675
-685
-695
-425
-445
-465
-285
-785
-885
-985
512
-511
-515
-516
-519
-422
-432
-522
-532
-612
-622
-632
-552
-562
-572
-582
-592
-712
-812
-912
543
-544
-545
-546
-548
-549
-443
-553
-643
-653
-523
-533
-573
-593
-743
-843
-943
565
-561
-564
-566
-568
-569
-555
-645
-655
-665
-525
-365
-765
-865
-965
596
-591
-594
-597
-598
-599
-476
-496
-576
-586
-676
-686
-696
-526
-536
-196
-296
-796
-896
-996
623
-625
-626
-627
-628
-629
-423
-433
-633
615
-611
-616
-619
-673
-693
-715
-815
-915
-723
-823
-923
654
-651
-652
-658
-659
-554
-644
-664
-674
-684
-694
-154
-254
-754
-854
-954
692
-691
-697
-698
-699
-472
-492
-672
-682
462
-461
-466
-468
-469
-662
-762
-862
-962
-292
-392
-792
-892
-992
725
-722
-724
-726
-727
-728
-729
-825
-925
-745
-755
-775
-795
752
-751
-753
-758
-759
-852
-952
-732
-772
-782
768
-761
-764
-766
-769
-748
-848
-858
-868
-948
-958
-968
-738
-778
-788
-798
-368
158
-159
-178
-188
-198
-558
-668
793
-791
-794
-797
-799
-773
-873
-893
-973
-993
-733
473
-471
-478
-479
-493
849
-844
-845
-846
-847
-749
-859
-869
-949
-959
-969
-819
-829
-839
-879
-889
-899
-249
-449
-649
894
-891
-895
-897
-898
-774
-784
-874
-884
-974
-984
-994
-824
-834
-864
-194
199
-179
-189
-279
-289
-299
-379
-399
-294
-394
-499
-999
944
-945
-946
-947
-744
-964
747
-746
734
-731
-736
-737
-739
-924
-934
-777
-787
-234
-334
-244
245
364
-369
-255
259
-275
-295
-229
-239
-324
224
-222
-226
236
-232
-274
-284
-276
-286
-374
-436
-636
426
-428
-429
-446
448
-648
646
-666
-438
-498
491
-571
-581
-671
-681
-431
439
-529
-539
-639
-826
-926
-836
-936
-339
332
-322
329
-372
-929
-832
-932
-939
-559
551
-661
669
-531
631
-637
-638
-679
-689
-831
-931
-851
-951
-291
297
-277
-287
-991
-997
966
-961
861
-866
-811
816
-716
-916
-871
-881
-876
-886
-976
-986
978
-971
-972
-975
-977
-979
-878
-888
-988
-998
995
-875
855
-853
953
-955
833
-837
-838
-933
828
-822
-827
922
-927
-928
937
-938
-982
-987
527
-528
-537
538
-577
-587
-578
-588
375
-378
-395
398
-678
677
-687
688
-877
872
-882
887
-272
271
-281
282
-771
989
-981
781
-786
-789
776
-779
-711
719
911
-919
-176
174
-184
186
-574
579
584
-589
