146
-141
-142
-143
-144
-145
-147
-148
-149
-156
-166
-246
-256
-266
-346
-356
-366
-116
-126
-136
-176
-186
-196
-446
-546
-646
-746
-846
-946
172
-171
-173
-174
-175
-177
-178
-179
-182
-192
-272
-282
-292
-372
-382
-392
-112
-122
-132
-152
-162
-472
-572
-672
-772
-872
-972
222
-221
-223
-224
-225
-226
-227
-228
-229
-212
-232
-312
-322
-332
-242
-252
-262
-422
-522
-622
-722
-822
-922
239
-231
-233
-234
-235
-236
-237
-238
-119
-129
-139
-219
-319
-329
-339
-249
-259
-269
-279
-289
-299
-439
-539
-639
-739
-839
-939
241
-243
-244
-245
-247
-248
-151
-161
-251
-261
-341
-351
-361
-211
-271
-281
-291
-441
-541
-641
-741
-841
-941
321
-323
-324
-325
-326
-327
-328
-111
-121
-131
-311
-331
-371
-381
-391
-421
-521
-621
-721
-821
-921
348
-342
-343
-344
-345
-347
-349
-158
-168
-258
-268
-358
-368
-318
-338
-378
-388
-398
-448
-548
-648
-748
-848
-948
354
-352
-353
-355
-357
-359
362
-363
-364
-365
-367
-369
-154
-164
-254
-264
-314
-334
-374
-384
-394
-454
-554
-654
-754
-854
-954
-462
-562
-662
-762
-862
-962
393
-395
-396
-397
-399
-183
-193
-273
-283
-293
-373
-383
-313
-333
-493
-593
-693
-793
-893
-993
418
-411
-412
-413
-414
-415
-416
-417
-419
-428
-438
-518
-528
-538
-618
-628
-638
-458
-468
-478
-488
-498
-118
-218
-718
-818
-918
487
-481
-482
-483
-484
-485
-486
-489
-477
-497
-577
-587
-597
-677
-687
-697
-427
-437
-447
-457
-467
-187
-287
-387
-787
-887
-987
513
-511
-512
-514
-515
-516
-517
-519
-423
-433
-523
-533
-613
-623
-633
-543
-553
-563
-573
-583
-113
-213
-713
-813
-913
537
-531
-532
-534
-535
-536
-527
-617
-627
-637
-547
-557
-567
-137
-337
-737
-837
-937
571
-574
-575
-576
-578
-579
-471
-491
-581
-591
-671
-681
-691
-551
-561
-771
-871
-971
598
-592
-594
-595
-596
-599
-588
-678
-688
-698
-558
-568
-198
-298
-798
-898
-998
625
-624
-626
-629
-425
-435
-525
-615
-635
-645
-655
-665
-675
-685
-695
-125
-725
-825
-925
699
-692
-694
-696
-479
-499
-589
-679
-689
-619
-649
-659
-669
-199
-799
-899
-999
712
-711
-714
-715
-716
-717
-719
-732
-812
-832
-912
-932
-742
-752
-782
-792
-612
749
-743
-744
-745
-747
-759
-769
-849
-859
-869
-949
-959
-969
-729
-779
-789
-449
-549
753
-751
-755
-756
-757
-758
-763
-843
-853
-863
-943
-953
-963
-723
-733
-773
-783
-153
-253
263
-265
-267
-163
-453
-653
-463
-663
767
-761
-764
-765
-766
-768
-847
-857
-867
-947
-957
-967
-727
-777
-797
647
-642
-643
-644
443
-442
-444
-445
-657
-667
-473
-167
785
-781
-784
-786
-788
-775
-795
-875
-885
-895
-975
-985
-995
-735
-185
-285
-385
-585
851
-852
-855
-856
-858
-861
-951
-961
-811
-831
-881
-891
-451
-651
866
-864
-865
-868
-956
-966
-816
-826
-836
-876
-886
-896
-466
-566
-666
878
-873
-874
-877
-879
-778
-888
-978
-988
-828
-838
-278
288
-284
-286
-188
882
-883
-884
-889
-892
-982
-992
-842
-582
-682
492
-494
-495
-496
475
-474
-476
-432
632
-631
-634
-636
-452
-455
-465
-652
-275
-375
931
-933
-934
-935
-936
-938
-731
-911
791
-794
-796
-981
-991
611
-614
-616
-431
461
-464
-469
-661
181
-184
-189
-191
965
-964
-968
-845
844
-944
-945
942
-952
-955
958
-814
-824
-834
-894
897
-977
-997
-817
-827
-915
-928
-542
552
-555
-556
-559
-544
545
-565
-658
656
-456
459
668
-664
564
-569
-429
529
-524
-526
-584
586
-676
-686
-829
823
-833
835
-923
-815
819
-919
-929
-123
133
-134
-135
-138
128
-124
-127
927
-924
-926
-917
-728
738
-734
-736
434
-436
-424
426
724
-726
-914
916
-774
776
-976
-986
-996
994
-974
-984
-216
-316
336
-335
315
-317
-115
-215
-376
-386
389
-379
377
-197
-277
-297
-159
169
-165
-276
274
-194
195
-294
-295
296
114
-117
-214
217
-155
157
255
-257
-674
673
-683
684
-973
979
983
-989
