146
-141
-142
-143
-144
-145
-147
-148
-149
-156
-166
-246
-256
-266
-346
-356
-366
-116
-126
-136
-176
-186
-196
-446
-546
-646
-746
-846
-946
182
-181
-183
-184
-185
-187
-188
-189
-172
-192
-272
-282
-292
-372
-382
-392
-112
-122
-132
-152
-162
-482
-582
-682
-782
-882
-982
213
-211
-212
-214
-215
-216
-217
-218
-219
-113
-123
-133
-223
-233
-313
-323
-333
-243
-253
-263
-273
-283
-293
-413
-513
-613
-713
-813
-913
319
-311
-312
-314
-315
-316
-317
-318
-119
-129
-139
-229
-239
-329
-339
-349
-359
-369
-379
-389
-399
-419
-519
-619
-719
-819
-919
414
-411
-412
-415
-416
-417
-418
-424
-434
-514
-524
-534
-614
-624
-634
-444
-454
-464
-474
-484
-494
-114
-714
-814
-914
427
-421
-422
-423
-425
-426
-428
-429
-437
-517
-527
-537
-617
-627
-637
-447
-457
-467
-477
-487
-497
-127
-227
-327
-727
-827
-927
486
-481
-483
-485
-488
-489
-476
-496
-576
-586
-596
-676
-686
-696
-436
-456
-466
-286
-386
-786
-886
-986
526
-521
-522
-523
-525
-528
-529
-516
-536
-616
-626
-636
-556
-566
-226
-326
-726
-826
-926
545
-541
-542
-543
-544
-547
-548
-549
-445
-455
-465
-555
-565
-645
-655
-665
-515
-535
-575
-585
-595
-245
-345
-745
-845
-945
551
-552
-553
-554
-557
-558
-559
-441
-451
-461
-561
-641
-651
-661
-511
-531
-571
-581
-591
-151
-251
-351
-751
-851
-951
659
-652
-653
-654
-656
-657
-658
666
-662
-663
-664
-667
-668
-669
-449
-459
-469
-569
-649
-629
-639
-679
-689
-699
-159
-259
-759
-859
-959
-766
-866
-966
715
-711
-712
-716
-717
-718
-725
-735
-815
-825
-835
-915
-925
-935
-755
-765
-775
-785
-795
-115
-615
771
-772
-773
-774
-776
-777
-778
-779
-781
-791
-871
-881
-891
-971
-981
-991
-721
-731
-741
-761
-171
-271
-371
-471
-671
879
-872
-873
-874
-875
-876
-877
-878
-789
-799
-889
-899
-979
-989
-999
-829
-839
-849
-869
-179
-279
-479
-579
893
-892
-894
-895
-896
-897
-898
-783
-793
-883
-973
-983
-993
-823
-833
-843
-853
-863
-193
-393
-493
-593
-693
922
-921
-923
-924
-928
-929
-722
-732
-812
-822
-832
-912
-932
-942
-952
-962
-972
-992
792
-794
-796
-797
-798
-742
-752
-762
-222
-322
-622
729
-723
-724
-728
-739
-939
-749
-769
623
-621
-625
-628
-433
-533
-633
-643
-673
-683
-492
-592
-692
948
-941
-943
-944
-947
-949
-748
-758
-768
-848
-858
-868
-958
-968
969
-961
-963
-964
-965
-967
-918
-938
-978
-988
-998
-248
-348
-448
-648
249
-241
-242
-244
-247
-169
-269
199
-191
-194
-195
-197
-198
-289
-299
589
-583
-584
-587
-588
-499
-599
439
-431
-432
-435
-438
635
-631
-632
-638
611
-612
-618
-539
491
-495
-498
-681
-691
475
-472
-473
-478
573
-572
-574
-577
-578
672
-674
-675
-677
-678
-685
-695
-563
-642
-111
-811
-911
931
-933
-934
-936
-937
-821
-831
733
-734
-736
-737
-738
-743
-753
-763
953
-954
-955
-956
-957
756
-754
-757
-856
788
-784
-787
-888
512
-518
-532
538
-562
-568
-598
-131
-231
-331
-135
-235
-335
-138
-238
-338
-838
-153
-353
-453
-173
163
-161
-164
-165
-167
-168
-343
-363
121
-124
-125
-128
-221
-321
443
-442
-463
-373
383
-381
-384
-385
-387
-388
-175
155
-154
-157
-158
-255
-265
-355
-365
-855
865
-861
-862
-864
-867
841
-842
-844
-847
852
-854
-857
-885
-341
342
-344
-347
-252
-262
-352
-362
232
-234
-236
-237
-332
336
-334
-337
-376
-396
-836
816
-817
-818
-916
917
-837
834
-824
828
-884
887
-977
-987
-997
-117
118
137
-134
-228
-328
174
-177
-178
-274
-284
-294
-374
-394
-452
458
462
-468
-258
-358
-974
-275
-375
-975
976
-996
-276
296
-291
-295
-297
-298
281
-285
-287
-288
-391
395
-397
-398
-261
361
-364
-367
-368
268
-264
-267
225
-224
324
-325
254
-257
-354
357
277
-278
-377
378
985
-984
994
-995
684
-687
-688
-594
597
-694
-697
698
564
-567
-644
647
744
-747
-764
767
