173
-171
-172
-174
-175
-176
-177
-178
-179
-183
-193
-273
-283
-293
-373
-383
-393
-113
-123
-133
-143
-153
-163
-473
-573
-673
-773
-873
-973
191
-192
-194
-195
-196
-197
-198
-199
-181
-271
-281
-291
-371
-381
-391
-111
-121
-131
-141
-151
-161
-491
-591
-691
-791
-891
-991
214
-211
-212
-213
-215
-216
-217
-218
-219
-114
-124
-134
-224
-234
-314
-324
-334
-244
-254
-264
-274
-284
-294
-414
-514
-614
-714
-814
-914
247
-241
-242
-243
-245
-246
-248
-249
-147
-157
-167
-257
-267
-347
-357
-367
-227
-237
-277
-287
-297
-447
-547
-647
-747
-847
-947
372
-374
-375
-376
-377
-378
-379
-182
-272
-282
-292
-382
-392
-312
-322
-332
-342
-352
-362
-472
-572
-672
-772
-872
-972
422
-421
-423
-424
-425
-426
-427
-428
-429
-412
-432
-512
-522
-532
-612
-622
-632
-442
-452
-462
-482
-492
-122
-222
-722
-822
-922
459
-451
-453
-454
-455
-456
-457
-458
-449
-469
-549
-559
-569
-649
-659
-669
-419
-439
-479
-489
-499
-159
-259
-359
-759
-859
-959
553
-551
-552
-554
-555
-556
-557
-558
-443
-463
-543
-563
-643
-653
-663
-513
-523
-533
-583
-593
-253
-353
-753
-853
-953
588
-581
-582
-584
-585
-586
-587
-589
-478
-488
-498
-578
-598
-678
-688
-698
-518
-528
-538
-548
-568
-188
-288
-388
-788
-888
-988
616
-611
-613
-615
-617
-618
-619
-416
-436
-516
-526
-536
-626
-636
-646
-656
-666
-676
-686
-696
-116
-316
-716
-816
-916
684
-681
-682
-683
-685
-687
-689
-474
-484
-494
-574
-594
-674
-694
-624
-634
-644
-654
-664
-184
-384
394
-395
-396
-397
-398
-399
-344
-354
-364
-784
-884
-984
-794
-894
-994
731
-732
-733
-734
-735
-736
-737
-738
-739
-711
-721
-811
-821
-831
-911
-921
-931
-741
-751
-761
-771
-781
-231
-331
-431
-531
-631
745
-742
-743
-744
-746
-748
-749
-755
-765
-845
-855
-865
-945
-955
-965
-715
-725
-775
-785
-795
-145
-345
-445
-545
-645
764
-762
-763
-766
-767
-768
-769
-754
-844
-854
-864
-944
-954
-964
-724
-774
154
-152
-155
-156
-158
-144
-164
-464
-564
823
-824
-825
-826
-827
-828
-829
-713
-723
-813
-833
-913
-923
-933
-843
-863
-883
-893
-223
-323
-623
877
-871
-874
-875
-876
-878
-879
974
-971
-975
-976
-977
-978
-979
-777
-787
-797
-887
-897
-987
-997
834
-832
-835
-836
-837
-838
-839
-924
-934
-817
-857
-867
524
-521
-525
-527
-529
-434
-534
444
-441
-446
-448
-544
-477
-577
-677
946
-941
-942
-943
-948
-949
963
-961
-962
-966
-967
-968
-969
-756
-846
-856
-866
-956
-983
-993
-926
-936
726
-727
-728
-729
-776
-786
-796
-986
-996
-126
-226
-326
343
-341
-346
-348
-349
-263
-363
233
-232
-235
-236
-238
-239
-313
-333
413
-411
-415
-417
-418
-433
-633
-483
-493
693
-692
-695
-697
-699
592
-595
-596
-597
-599
-542
-562
-146
-546
541
-461
-561
-641
-651
-661
-511
621
-625
-627
-628
-629
-571
-671
311
-315
-317
-318
-319
-221
-321
-351
-361
-841
471
-475
-476
-481
783
-782
-789
-793
-792
-892
-992
497
-495
-496
-487
-437
-467
112
-115
-117
-118
-119
-132
-142
-162
-712
752
-757
-758
-842
-852
-862
-952
957
-951
-958
717
-718
-719
-917
-927
-937
981
-982
-985
-989
-881
882
-885
-886
-889
896
-895
-898
-899
995
-998
-999
-812
815
-818
-819
-915
-925
-935
-912
932
-938
-939
-515
-517
519
-539
-639
-579
679
-675
918
-919
-928
929
-129
-229
-329
642
-648
-652
-662
-252
262
-261
-265
-266
-268
-269
251
-255
-256
-258
-851
858
861
-868
-869
-848
849
148
-149
-168
-358
-368
-128
-138
356
-355
-166
-366
-336
136
-135
-137
-139
339
-335
-337
-338
-186
-386
328
-325
-327
127
-125
225
-228
-187
387
-385
-389
-275
-285
-295
185
-189
-165
169
365
-369
655
-657
-658
-465
-565
-665
-635
575
-576
-485
486
435
-438
-535
537
-637
638
-466
468
566
-567
667
-668
276
-278
-279
-286
289
-296
298
-299
778
-779
-798
799
