123
-121
-122
-124
-125
-126
-127
-128
-129
-113
-133
-213
-223
-233
-313
-323
-333
-143
-153
-163
-173
-183
-193
-423
-523
-623
-723
-823
-923
159
-151
-152
-154
-155
-156
-157
-158
-149
-169
-249
-259
-269
-349
-359
-369
-119
-139
-179
-189
-199
-459
-559
-659
-759
-859
-959
214
-211
-212
-215
-216
-217
-218
-219
-114
-134
-224
-234
-314
-324
-334
-244
-254
-264
-274
-284
-294
-414
-514
-614
-714
-814
-914
285
-281
-282
-283
-286
-287
-288
-289
-175
-185
-195
-275
-295
-375
-385
-395
-225
-235
-245
-255
-265
-485
-585
-685
-785
-885
-985
351
-352
-353
-354
-355
-356
-357
-358
-141
-161
-241
-251
-261
-341
-361
-311
-321
-331
-371
-381
-391
-451
-551
-651
-751
-851
-951
418
-411
-412
-413
-415
-416
-417
-419
-428
-438
-518
-528
-538
-618
-628
-638
-448
-458
-468
-478
-488
-498
-118
-318
-718
-818
-918
445
-441
-442
-443
-444
-446
-447
-449
-455
-465
-545
-555
-565
-645
-655
-665
-425
-435
-475
-495
-145
-345
-745
-845
-945
462
-461
-463
-464
-466
-467
-469
-452
-542
-552
-562
-642
-652
-662
-422
-432
-472
-482
-492
-162
-262
-362
-762
-862
-962
497
-491
-493
-494
-496
-499
-477
-487
-577
-587
-597
-677
-687
-697
-427
-437
-457
-197
-297
-397
-797
-897
-997
571
-572
-573
-574
-575
-576
-578
-579
-471
-481
-581
-591
-671
-681
-691
-511
-521
-531
-541
-561
-171
-271
-771
-871
-971
599
-592
-593
-594
-595
-596
-598
-479
-489
-589
-679
-689
-699
-519
-529
-539
-549
-569
-299
-399
-799
-899
-999
673
-672
-674
-675
-676
-678
-473
-483
-583
-683
-693
695
-692
-694
-696
-698
-613
-633
-643
-653
-663
-615
-625
-635
-273
-373
-773
-873
-973
-795
-895
-995
712
-711
-713
-715
-716
-717
-719
-722
-732
-812
-822
-832
-912
-922
-932
-742
-752
-772
-782
-792
-112
-312
-512
-612
744
-741
-743
-746
-747
-748
-749
-754
-764
-844
-854
-864
-944
-954
-964
-724
-734
-774
-784
-794
-144
-344
-544
-644
786
-781
-783
-787
-788
-789
-776
-796
-876
-886
-896
-976
-986
-996
-726
-736
-756
-766
-186
-386
-486
484
-474
476
-584
-684
-586
-686
-424
-434
-454
-426
-436
-456
453
-543
-553
-563
-433
-253
-753
-853
-953
-176
-276
-376
-184
-384
-884
-984
821
-824
-825
-826
-827
-828
-829
-721
-731
-811
-831
-911
-921
-931
-841
-861
-881
-891
-221
-421
429
-439
431
-611
-621
-631
-619
-629
-639
111
-115
-116
-117
-131
-231
-181
-191
291
-292
-293
-296
-298
-229
-329
-729
-929
981
-982
-983
-987
-988
-989
-791
-991
761
-763
-765
-767
-768
-769
-941
-961
641
-646
-647
-648
-649
-661
669
-664
-666
-667
-668
-869
-969
948
-942
-943
-946
-947
-949
-758
-848
-858
-868
-958
-968
849
-842
-843
-846
-847
-819
-839
-879
-889
-928
-938
-978
-998
-148
-248
-348
-548
389
-382
-383
-387
-388
393
-392
-394
-396
-398
196
-192
-194
-198
-279
-379
-136
-146
-166
239
-232
-236
-237
-238
-319
-339
-343
-363
919
-913
-915
-916
-917
-739
-939
779
-775
-777
-778
-979
243
-242
-246
-247
-263
883
-882
-887
-888
-793
798
-893
-993
-878
-898
733
-735
-737
-738
-813
-833
-933
-728
838
-834
-835
-836
-837
-863
963
-965
-966
-967
513
-515
-516
-517
-533
-138
-338
187
-182
-188
-177
-277
-377
-137
-147
142
-252
-342
-132
135
-315
-325
-335
-172
-165
365
-364
-366
-367
-368
164
-167
-168
-174
178
374
-372
-378
272
-278
-222
328
-322
-326
-327
332
-336
-337
-228
815
-816
-817
-725
727
-925
-935
-927
-937
755
-757
-855
-865
-955
-875
975
-972
-974
-977
877
-872
-874
894
-892
992
-994
852
-856
-857
-952
866
-867
-956
957
525
-522
-524
-526
-527
-535
622
-624
-626
-627
-532
-632
582
-588
-682
688
-658
924
-926
-934
936
226
-227
-316
317
-256
-266
346
-347
616
-617
-536
-636
-656
-546
547
-557
-567
-657
654
-554
-564
534
-537
-634
637
556
-558
-566
568
-257
258
267
-268
