122
-121
-123
-124
-125
-126
-127
-128
-129
-112
-132
-212
-222
-232
-312
-322
-332
-142
-152
-162
-172
-182
-192
-422
-522
-622
-722
-822
-922
159
-151
-153
-154
-155
-156
-157
-158
-149
-169
-249
-259
-269
-349
-359
-369
-119
-139
-179
-189
-199
-459
-559
-659
-759
-859
-959
196
-191
-193
-194
-195
-197
-198
-176
-186
-276
-286
-296
-376
-386
-396
-116
-136
-146
-166
-496
-596
-696
-796
-896
-996
235
-231
-233
-234
-236
-237
-238
-239
-115
-135
-215
-225
-315
-325
-335
-245
-255
-265
-275
-285
-295
-435
-535
-635
-735
-835
-935
244
-241
-242
-243
-246
-247
-248
-144
-164
-254
-264
-344
-354
-364
-214
-224
-274
-284
-294
-444
-544
-644
-744
-844
-944
272
-271
-273
-277
-278
-279
-282
-292
-372
-382
-392
-252
-262
-472
-572
-672
-772
-872
-972
331
-333
-334
-336
-337
-338
-339
-111
-131
-211
-221
-311
-321
-341
-351
-361
-371
-381
-391
-431
-531
-631
-731
-831
-931
385
-383
-384
-387
-388
-389
-175
-185
-375
-395
-345
-355
-365
-485
-585
-685
-785
-885
-985
417
-411
-412
-413
-414
-415
-416
-418
-419
-427
-437
-517
-527
-537
-617
-627
-637
-447
-457
-467
-477
-487
-497
-117
-217
-317
-717
-817
-917
433
-432
-434
-436
-438
-439
-423
-513
-523
-533
-613
-623
-633
-443
-453
-463
-473
-483
-493
-133
-733
-833
-933
449
-441
-442
-445
-446
-448
-469
-549
-569
-649
-669
-429
-479
-489
-499
-749
-849
-949
452
-451
-454
-455
-456
-458
-462
-542
-552
-562
-642
-652
-662
-482
-492
-352
-752
-852
-952
518
-511
-512
-514
-515
-516
-519
-428
-528
-538
-618
-628
-638
-548
-558
-568
-578
-588
-598
-118
-218
-318
-718
-818
-918
521
-524
-525
-526
-529
-421
-611
-621
-541
-551
-561
-571
-581
-591
-721
-821
-921
587
-582
-583
-584
-586
-589
-577
-597
-677
-687
-697
-547
-557
-567
-187
-287
-787
-887
-987
599
-592
-593
-594
-595
-579
-679
-689
-699
532
-534
-536
-539
-612
-632
-732
-832
-932
-299
-399
-799
-899
-999
657
-651
-653
-654
-655
-656
-658
-647
-667
-257
-357
-757
-857
-957
668
-661
-663
-664
-665
-666
-468
-648
-678
-688
-698
-168
-268
-368
-768
-868
-968
673
-671
-674
-675
-676
-573
-683
-693
-643
-173
-373
-773
-873
-973
694
-691
-692
-695
682
-681
-684
-686
-474
-484
-494
-574
641
-645
-646
-461
-614
-624
-634
424
-425
-426
-464
-324
-724
-824
-924
-141
-741
-841
-941
-782
-882
-982
-394
-794
-894
-994
728
-723
-725
-726
-727
-729
-738
-828
-838
-928
-938
-748
-758
-778
-788
-798
-228
-328
138
-134
-137
-148
-178
-188
775
-771
-774
-776
-777
-779
-795
-875
-895
-975
-995
-715
-745
-755
-765
-475
-575
576
495
-491
-498
-476
-486
-465
466
-546
-556
-566
-266
-366
-766
-866
-966
-876
-976
839
-834
-836
-837
-719
-739
-819
-829
-919
-929
-939
-869
-879
-889
-639
636
-616
-626
-736
-936
865
-861
-862
-863
-864
-867
-845
-855
-945
-955
-965
-815
-825
555
-553
-554
564
-563
-565
543
-545
-143
-343
-743
-843
-943
145
-147
-165
-764
-964
877
-871
-874
-878
-797
-897
-977
-997
-827
-847
-177
167
-161
-163
-267
-347
-367
-767
-967
-377
915
-911
-912
-913
-914
-916
-925
-615
619
625
-629
-219
-319
953
-951
-954
-956
-958
-753
-763
-853
-963
-923
-983
-993
-253
-353
984
-981
-986
-988
-989
-784
-884
-974
-934
937
-737
734
-714
-814
-927
926
-716
-816
-826
823
-713
-813
-754
854
-851
-856
-858
747
-742
-746
-947
-883
-893
-946
-223
-323
-226
-326
-184
-113
114
-314
183
-181
-283
-293
-393
171
-174
-281
-291
374
-378
-379
289
-288
-229
227
-327
329
-297
298
397
-398
-258
358
-356
-348
-471
478
481
-488
-971
-978
979
-789
769
-761
-762
-969
-781
-881
-783
786
793
-791
-792
-886
888
-898
-998
712
-711
811
-812
751
-756
-961
962
-842
-942
948
846
-848
-891
892
991
-992
342
-346
-362
363
-263
261
-251
256
213
-216
-313
316
