124
-121
-122
-123
-125
-126
-127
-128
-129
-114
-134
-214
-224
-234
-314
-324
-334
-144
-154
-164
-174
-184
-194
-424
-524
-624
-724
-824
-924
157
-151
-152
-153
-155
-156
-158
-159
-147
-167
-247
-257
-267
-347
-357
-367
-117
-137
-177
-187
-197
-457
-557
-657
-757
-857
-957
186
-181
-182
-183
-185
-188
-189
-176
-196
-276
-286
-296
-376
-386
-396
-116
-136
-146
-166
-486
-586
-686
-786
-886
-986
232
-231
-233
-235
-236
-237
-238
-239
-112
-132
-212
-222
-312
-322
-332
-242
-252
-262
-272
-282
-292
-432
-532
-632
-732
-832
-932
279
-271
-273
-274
-275
-277
-278
-179
-199
-289
-299
-379
-389
-399
-219
-229
-249
-259
-269
-479
-579
-679
-779
-879
-979
351
-352
-353
-354
-355
-356
-358
-359
-141
-161
-241
-251
-261
-341
-361
-311
-321
-331
-371
-381
-391
-451
-551
-651
-751
-851
-951
442
-441
-443
-444
-445
-446
-447
-448
-449
-452
-462
-542
-552
-562
-642
-652
-662
-412
-422
-472
-482
-492
-142
-342
-742
-842
-942
465
-461
-463
-464
-466
-467
-468
-469
-455
-545
-555
-565
-645
-655
-665
-415
-425
-435
-475
-485
-495
-165
-265
-365
-765
-865
-965
493
-491
-494
-496
-497
-498
-499
-473
-483
-573
-583
-593
-673
-683
-693
-413
-423
-433
-453
-193
-293
-393
-793
-893
-993
518
-511
-512
-513
-514
-515
-516
-517
-519
-418
-428
-438
-528
-538
-618
-628
-638
-548
-558
-568
-578
-588
-598
-118
-218
-318
-718
-818
-918
581
-582
-584
-585
-587
-589
-471
-481
-571
-591
-671
-681
-691
-521
-531
-541
-561
-281
-781
-881
-981
649
-641
-643
-644
-646
-647
-648
661
-663
-664
-666
-667
-668
-669
-459
-549
-559
-569
-659
-611
-621
-631
-619
-629
-639
-689
-699
-149
-349
-749
-849
-949
-761
-861
-961
743
-741
-744
-745
-746
-747
-748
-753
-763
-843
-853
-863
-943
-953
-963
-713
-723
-733
-773
-783
-143
-243
-343
-543
772
-771
-774
-775
-776
-777
-778
-782
-792
-872
-882
-892
-972
-982
-992
-712
-722
-752
-762
-172
-372
-572
-672
811
-812
-813
-814
-815
-816
-817
-819
-711
-721
-731
-821
-831
-911
-921
-931
791
-794
-795
-796
-797
-798
-799
-871
-891
-971
-991
-841
941
-944
-945
-946
-947
-948
-111
-211
-411
171
-173
-175
-178
-191
-291
-131
221
-223
-225
-226
-227
-228
-421
431
-434
-436
-437
-439
828
-822
-823
-825
-826
-827
-829
-728
-738
-838
-928
-938
-848
-858
-868
-878
-888
-898
-328
917
-912
-913
-914
-915
-916
-919
922
-923
-925
-926
-927
-929
-717
-727
-737
-837
-937
-952
-962
-967
-977
-987
-997
612
-613
-614
-615
-616
-617
-522
-622
592
-594
-595
-596
-597
-599
-682
-692
489
-484
-487
-488
-419
-429
-217
-317
-417
852
-854
-855
-856
-859
-862
382
-383
-384
-385
-387
-388
-192
-392
162
-163
-168
-169
-362
369
-363
-364
-366
-368
-319
-329
-339
-769
-869
-969
-789
-889
-989
113
-115
-119
-133
-213
-313
-323
-333
139
-135
-138
338
-335
-336
-337
327
-325
-326
373
-374
-375
-377
-378
-283
-397
-348
-398
719
-714
-715
-716
-729
-739
-839
-939
-759
959
-954
-955
-956
-958
899
-894
-895
-896
-897
-999
414
-416
-534
-634
-454
-474
-427
426
-526
-536
-626
-636
-456
458
-658
-476
477
-478
-577
-677
-687
-697
-726
725
-735
-835
-935
-755
845
-844
-846
-847
-785
-875
-885
-525
-625
-527
-627
623
-523
529
-533
-633
-539
-653
637
-635
535
-537
-575
-145
148
-248
-258
-268
195
-198
-285
-295
-395
394
-284
-294
-344
-245
-345
346
255
-253
-254
-256
263
-264
-266
244
-246
-215
216
315
-316
-544
-546
547
-567
553
-554
-556
-563
-758
-873
-973
-877
-694
-994
-695
-995
297
-298
-287
288
-688
-788
768
-764
-766
-767
867
-864
-866
-968
787
-784
-887
-988
-564
566
654
-656
574
-576
-674
-684
685
-675
-754
756
964
-966
734
-736
-834
-934
-974
-984
-874
876
884
-883
983
-985
975
-976
-978
-996
998
833
-836
-933
936
-676
678
696
-698
