134
-131
-132
-133
-135
-136
-137
-138
-139
-114
-124
-214
-224
-234
-314
-324
-334
-144
-154
-164
-174
-184
-194
-434
-534
-634
-734
-834
-934
177
-171
-172
-173
-175
-176
-178
-179
-187
-197
-277
-287
-297
-377
-387
-397
-117
-127
-147
-157
-167
-477
-577
-677
-777
-877
-977
188
-181
-182
-183
-185
-186
-189
-198
-278
-288
-298
-378
-388
-398
-118
-128
-148
-158
-168
-488
-588
-688
-788
-888
-988
256
-251
-252
-253
-254
-255
-257
-258
-259
-146
-156
-166
-246
-266
-346
-356
-366
-216
-226
-236
-276
-286
-296
-456
-556
-656
-756
-856
-956
261
-262
-263
-264
-265
-267
-268
-269
-141
-151
-161
-241
-341
-351
-361
-211
-221
-231
-271
-281
-291
-461
-561
-661
-761
-861
-961
323
-321
-322
-325
-326
-327
-328
-329
-113
-123
-213
-223
-233
-313
-333
-343
-353
-363
-373
-383
-393
-423
-523
-623
-723
-823
-923
413
-411
-412
-414
-415
-416
-417
-418
-419
-433
-513
-533
-613
-633
-443
-453
-463
-473
-483
-493
-713
-813
-913
425
-421
-422
-424
-426
-427
-428
-429
-435
-515
-525
-535
-615
-625
-635
-445
-455
-465
-475
-485
-495
-125
-225
-725
-825
-925
496
-491
-492
-494
-497
-498
-499
-476
-486
-576
-586
-596
-676
-686
-696
-436
-446
-466
-196
-396
-796
-896
-996
516
-511
-512
-514
-517
-518
-519
-526
-536
-616
-626
-636
-546
-566
-116
126
-121
-122
-129
-316
-336
-716
-816
-916
-726
-826
-926
548
-541
-542
-543
-544
-545
-547
-549
-448
-458
-468
-558
-568
-648
-658
-668
-528
-538
-578
-598
-248
-348
-748
-848
-948
644
-641
-642
-643
-645
-646
-647
-649
-444
-454
-464
-554
-564
-654
-664
666
-662
-663
-665
-667
-669
-614
-624
524
-521
-522
-527
-529
-574
-584
-594
-674
-684
-694
-724
-824
-924
-244
-344
-744
-844
-944
-766
-866
-966
711
-712
-714
-715
-717
-718
-719
-721
-731
-811
-821
-831
-911
-921
-931
-741
-751
-771
-781
-791
-111
191
-192
-193
-195
-199
-371
-381
-391
-311
331
-332
-335
-337
-338
-339
-611
621
-622
-627
-628
-629
-431
-531
-631
-651
-671
-681
-691
-591
-891
-991
753
-752
-754
-755
-757
-758
-759
-743
-763
-843
-853
-863
-943
-953
-963
-733
-773
-783
-793
-153
-553
-653
563
-562
-565
-567
-569
-573
-583
-593
-163
143
-142
-145
-149
-243
837
-832
-833
-835
-836
-838
-839
933
-932
-935
-936
-937
-938
-939
736
-732
-735
-737
-738
-739
-727
-817
-827
-917
-927
-746
-776
-786
-847
-857
-867
-887
-897
-973
-983
-993
227
-222
-228
-229
-217
-237
-317
-247
617
-612
-618
-619
-437
-537
-637
-657
-687
-697
235
-232
-238
-239
-115
-215
-315
-245
-275
-285
-295
218
-212
-219
-318
-818
-918
872
-871
-873
-874
-875
-876
-878
-879
-772
-782
-792
-882
-892
-972
-982
-992
-812
-822
-842
-852
-862
-272
-372
-472
-572
-672
984
-981
-985
-986
-987
-989
-774
-784
-794
-884
-894
-974
-994
764
-762
-765
-767
-768
-769
-854
-864
-954
-964
814
-815
-819
-914
915
-912
-919
-945
-955
-965
-975
-995
354
-352
-355
-357
-358
-359
-364
368
-362
-365
-367
-369
347
-342
-345
-349
-374
-384
-394
-447
-747
-947
-868
-968
-284
-484
474
-471
-478
-479
438
-432
-439
-638
-274
294
-292
-293
-299
-112
119
312
-319
-159
-169
249
-242
282
-283
-289
-382
-392
273
-279
-449
-749
-849
-949
-673
-482
-582
-682
152
-155
-162
165
-452
-552
-652
-952
-865
869
-859
-959
-969
-829
828
-728
-928
-858
958
-951
-957
967
-962
-898
-889
-899
-997
-978
-998
999
-779
-789
-799
-979
729
-722
922
-929
742
-745
-942
-442
441
-451
-551
462
-467
-469
-481
-841
-941
946
851
-855
845
-846
-881
971
-976
886
-883
-885
893
-895
-571
581
-585
-587
-589
376
-375
-379
-386
683
-685
-689
-693
-399
395
-385
389
785
-787
-775
778
-795
797
-798
-678
698
-692
-695
-699
592
-595
-597
-599
487
-489
-457
459
557
-555
-559
655
-659
-532
539
632
-639
575
-579
-675
679
