148
-141
-142
-143
-144
-145
-146
-147
-149
-158
-168
-248
-258
-268
-348
-358
-368
-118
-128
-138
-178
-188
-198
-448
-548
-648
-748
-848
-948
167
-161
-162
-163
-164
-165
-166
-169
-157
-247
-257
-267
-347
-357
-367
-117
-127
-137
-177
-187
-197
-467
-567
-667
-767
-867
-967
172
-171
-173
-174
-175
-176
-179
-182
-192
-272
-282
-292
-372
-382
-392
-112
-122
-132
-152
-472
-572
-672
-772
-872
-972
183
-181
-184
-185
-186
-189
-193
-273
-283
-293
-373
-383
-393
-113
-123
-133
-153
-483
-583
-683
-783
-883
-983
191
-194
-195
-196
-199
-271
-281
-291
-371
-381
-391
-111
-121
-131
-151
-491
-591
-691
-791
-891
-991
221
-222
-223
-224
-225
-226
-227
-228
-229
-211
-231
-311
-321
-331
-241
-251
-261
-421
-521
-621
-721
-821
-921
232
-233
-234
-235
-236
-237
-238
-239
-212
-312
-322
-332
-242
-252
-262
-432
-532
-632
-732
-832
-932
275
-274
-276
-277
-278
-279
-285
-295
-375
-385
-395
-215
-245
-255
-265
-475
-575
-675
-775
-875
-975
341
-342
-343
-344
-345
-346
-349
-351
-361
-441
-541
-641
-741
-841
-941
362
-363
-364
-365
-366
-369
-352
-462
-562
-662
-762
-862
-962
413
-411
-412
-414
-415
-416
-417
-418
-419
-423
-433
-513
-523
-533
-613
-623
-633
-443
-453
-463
-473
-493
-213
-313
-713
-813
-913
431
-434
-435
-436
-437
-438
-439
-511
-531
-611
-631
-451
-461
-471
-481
-731
-831
-931
442
-444
-445
-446
-447
-449
-452
-542
-552
-642
-652
-422
-482
-492
-742
-842
-942
488
-484
-485
-486
-487
-489
-478
-498
-578
-588
-598
-678
-688
-698
-428
-458
-468
-288
-388
-788
-888
-988
499
-494
-495
-496
-497
-479
-579
-589
-599
-679
-689
-699
-429
-459
-469
-299
-399
-799
-899
-999
519
-512
-514
-515
-516
-517
-518
-529
-539
-619
-629
-639
-549
-559
-569
-119
-219
-319
-719
-819
-919
544
-543
-545
-546
-547
-454
-464
-554
-564
-644
-654
-664
-524
-534
-574
-584
-594
-244
-744
-844
-944
581
-582
-585
-586
-587
-571
-671
-681
-551
-561
-781
-881
-981
592
-593
-595
-596
-597
-682
-692
-522
-792
-892
-992
612
-614
-615
-616
-617
-618
-622
-712
-812
-912
651
-653
-655
-656
-657
-658
-659
-661
-751
-851
-951
752
-753
-754
-755
-756
-757
-758
-759
-852
-952
-722
-782
771
-773
-774
-776
-777
-778
-779
-871
-971
-711
-761
818
-811
-814
-815
-816
-817
911
-914
-915
-916
-917
-918
-718
-728
-738
-828
-838
-928
-938
861
-863
-864
-865
-866
-868
-869
-961
-858
-878
-898
-218
298
-294
-296
-297
-378
-398
-318
978
-973
-974
-976
-977
-979
-798
-998
768
-763
-764
-765
-766
-769
-958
-968
558
-553
-555
-556
-557
-568
-668
-528
-538
822
-823
-824
-825
-826
-827
-829
-922
-882
982
-984
-985
-986
-987
-989
849
-843
-845
-846
-847
-749
-859
-949
-959
-969
-839
-879
-889
789
-784
-785
-786
-787
-729
-739
-249
-649
669
-663
-665
-666
-269
379
-374
-376
-377
-289
-389
259
-253
-254
-256
-159
-359
-329
-339
924
-923
-925
-926
-927
-929
-714
-724
-734
-834
-934
939
-933
-935
-936
-937
794
-793
-795
-796
-797
-874
-884
-894
-994
854
-853
-855
-856
-857
-954
-964
-124
-324
-424
474
-476
-477
-674
-684
-694
-624
634
-635
-636
-637
-638
628
-625
-626
-627
-328
338
-333
-334
-335
-336
-337
323
-325
-326
-327
-353
-723
129
-125
-126
-139
-134
953
-955
-956
-957
-743
-943
-963
733
-735
-736
-737
-833
-993
-154
114
-115
-116
-214
-314
-354
264
-263
-266
243
-246
-284
-643
563
-565
-566
-573
457
-455
-456
-647
-427
384
-386
-387
-394
-135
136
315
-316
-317
-216
217
155
-156
-355
356
286
-287
-396
397
-715
716
-717
-726
-836
-746
-536
-686
-886
-697
-897
-997
947
-945
-946
966
-965
745
-747
-725
727
835
-837
-885
887
-877
-895
995
-996
-527
537
-535
525
-526
-425
426
465
-466
-645
646
576
-577
-676
-696
-876
873
-893
896
-673
677
693
-695
685
-687
