148
-141
-142
-143
-144
-145
-146
-147
-149
-158
-168
-248
-258
-268
-348
-358
-368
-118
-128
-138
-178
-188
-198
-448
-548
-648
-748
-848
-948
192
-191
-193
-194
-195
-196
-197
-199
-172
-182
-272
-282
-292
-372
-382
-392
-112
-122
-132
-152
-162
-492
-592
-692
-792
-892
-992
211
-212
-213
-214
-215
-216
-217
-218
-219
-111
-121
-131
-221
-231
-311
-321
-331
-241
-251
-261
-271
-281
-291
-411
-511
-611
-711
-811
-911
273
-274
-275
-276
-277
-278
-279
-173
-183
-283
-293
-373
-383
-393
-223
-233
-243
-253
-263
-473
-573
-673
-773
-873
-973
317
-312
-313
-314
-315
-316
-318
-319
-117
-127
-137
-227
-237
-327
-337
-347
-357
-367
-377
-387
-397
-417
-517
-617
-717
-817
-917
324
-322
-323
-325
-326
-328
-329
-114
-124
-134
-224
-234
-334
-344
-354
-364
-374
-384
-394
-424
-524
-624
-724
-824
-924
442
-441
-443
-444
-445
-446
-447
-449
-452
-462
-542
-552
-562
-642
-652
-662
-412
-422
-432
-472
-482
-242
-342
-742
-842
-942
463
-461
-464
-465
-466
-467
-468
-469
-453
-543
-553
-563
-643
-653
-663
-413
-423
-433
-483
-493
-163
-363
-763
-863
-963
475
-471
-474
-476
-477
-478
-479
-485
-495
-575
-585
-595
-675
-685
-695
-415
-425
-435
-455
-175
-375
-775
-875
-975
515
-512
-513
-514
-516
-518
-519
-525
-535
-615
-625
-635
-545
-555
-565
-115
-715
-815
-915
581
-582
-583
-584
-586
-587
-588
-589
-481
-491
-571
-591
-671
-681
-691
-521
-531
-541
-551
-561
-181
-381
-781
-881
-981
646
-641
-644
-645
-647
-649
-456
-546
-556
-566
-656
-666
-616
-626
-636
-676
-686
-696
-246
-346
-746
-846
-946
751
-752
-753
-754
-755
-756
-757
-758
-759
-741
-761
-841
-851
-861
-941
-951
-961
-721
-731
-771
-791
341
-343
-345
-349
-151
-161
-351
-361
171
-174
-176
-177
-179
-371
-391
-451
-651
661
-664
-665
-667
-668
-669
655
-654
-657
-658
-659
-621
-631
-155
-255
-355
-855
-955
-871
-971
787
-782
-783
-784
-785
-786
-788
-789
-777
-797
-877
-887
-897
-977
-987
-997
-727
-737
-747
-767
-187
-287
297
-294
-295
-296
-298
-299
-247
-257
-267
-487
-687
-497
-597
-697
813
-812
-814
-816
-818
-819
-713
-723
-733
-823
-833
-913
-923
-933
-843
-853
-883
-893
-113
-613
822
-821
-825
-826
-827
-828
-829
-712
-722
-732
-832
-912
-922
-932
-852
-862
-872
-882
612
-614
-618
-619
-522
-532
-622
-632
572
-574
-576
-577
-578
-579
-672
-682
677
-674
-678
-679
-627
-637
-222
-772
762
-764
-765
-766
-768
-769
-952
-962
-262
-362
-972
982
-983
-984
-985
-986
-988
-989
683
-684
-688
-689
-593
-693
-623
-633
928
-921
-925
-926
-927
-929
-718
-728
-738
-838
-918
-938
-958
-968
-978
-998
418
-414
-416
-419
-428
-438
-528
-538
-628
629
-638
-429
-439
-529
-539
-639
634
-434
-534
-458
-488
-498
-694
698
-699
-598
421
-426
-427
-431
527
-523
-526
533
-536
-537
436
-437
-486
-496
596
-594
-599
457
-454
-459
-547
-557
-567
123
-125
-126
-129
-133
-333
-153
353
-352
-356
-359
252
-254
-256
-259
-232
332
-335
-336
-338
-339
-228
238
-235
-236
-239
-288
-229
-729
-734
-834
-934
-136
-736
-836
-936
-953
-157
167
-164
-165
-166
-169
-857
-957
-867
-967
-396
-796
-896
-996
-398
-798
778
-774
-776
-779
-878
-888
-898
-378
388
-385
-386
-389
-116
119
226
-225
135
-139
-185
-159
-189
-266
-286
-719
-919
725
-726
-735
739
-835
-935
-839
-939
-745
-795
716
-714
914
-916
-749
-799
-944
-954
-964
-974
-994
874
-876
-879
-794
793
-993
-884
-894
-743
744
943
-945
-947
-949
-844
-854
-864
847
-845
-849
-837
831
-931
937
-891
991
-995
-999
965
-966
-969
-865
-244
-544
549
-559
-569
245
-249
-265
-365
-285
395
-399
885
-886
-889
-895
899
976
-979
-859
-869
959
-956
-376
379
186
-184
284
-289
154
-156
-264
269
366
-369
-554
558
564
-568
856
-858
-866
868
-484
489
494
-499
