147
-141
-142
-143
-144
-145
-146
-148
-149
-157
-167
-247
-257
-267
-347
-357
-367
-117
-127
-137
-177
-187
-197
-447
-547
-647
-747
-847
-947
184
-181
-182
-183
-185
-186
-188
-189
-174
-194
-274
-284
-294
-374
-384
-394
-114
-124
-134
-154
-164
-484
-584
-684
-784
-884
-984
192
-191
-193
-195
-196
-198
-199
-172
-272
-282
-292
-372
-382
-392
-112
-122
-132
-152
-162
-492
-592
-692
-792
-892
-992
216
-211
-212
-213
-214
-215
-217
-218
-219
-116
-126
-136
-226
-236
-316
-326
-336
-246
-256
-266
-276
-286
-296
-416
-516
-616
-716
-816
-916
225
-221
-222
-223
-224
-227
-228
-229
-115
-125
-135
-235
-315
-325
-335
-245
-255
-265
-275
-285
-295
-425
-525
-625
-725
-825
-925
242
-241
-243
-244
-248
-249
-252
-262
-342
-352
-362
-232
-442
-542
-642
-742
-842
-942
321
-322
-323
-324
-327
-328
-329
-111
-121
-131
-231
-311
-331
-341
-351
-361
-371
-381
-391
-421
-521
-621
-721
-821
-921
451
-452
-453
-454
-455
-456
-457
-458
-459
-441
-461
-541
-551
-561
-641
-651
-661
-411
-431
-471
-481
-491
-151
-251
-751
-851
-951
468
-462
-463
-464
-465
-466
-467
-469
-448
-548
-558
-568
-648
-658
-668
-418
-428
-438
-478
-488
-498
-168
-268
-368
-768
-868
-968
473
-472
-474
-475
-476
-477
-479
-483
-493
-573
-583
-593
-673
-683
-693
-413
-423
-433
-443
-173
-273
-373
-773
-873
-973
517
-511
-512
-513
-514
-515
-518
-519
-417
-427
-437
-527
-537
-617
-627
-637
-557
-567
-577
-587
-597
-317
-717
-817
-917
589
-581
-582
-585
-586
-588
-489
-499
-579
-599
-679
-689
-699
-529
-539
-549
-559
-569
-289
-389
-789
-889
-989
655
-652
-653
-654
-656
-657
-659
-445
-545
-555
-565
-645
-665
667
-662
-663
-664
-666
-669
-615
-635
-675
-685
-695
-677
-687
-697
-155
-355
-755
-855
-955
-767
-867
-967
728
-722
-723
-724
-726
-727
-729
-718
-738
-818
-828
-838
-918
-928
-938
-748
-758
-778
-788
-798
-128
-528
-628
771
-772
-774
-775
-776
-777
-779
-781
-791
-871
-881
-891
-971
-981
-991
-711
-731
-741
-761
-171
161
-163
-165
-166
-169
-261
175
-176
-178
-179
-375
-385
-395
156
-153
-158
-159
-346
-356
-366
-556
-756
-856
-956
-861
-961
-271
-571
-671
-575
-875
-975
812
-811
-813
-814
-815
-819
-712
-732
-822
-832
-912
-922
-932
-852
-862
-872
-882
-312
332
-333
-334
-337
-338
-339
237
-233
-234
-238
-239
314
-313
-318
-319
-277
-287
-297
-344
-354
-364
-412
-612
-414
-614
-714
-914
-432
-532
-632
-737
-837
-937
844
-841
-843
-845
-846
-848
-849
941
-943
-944
-945
-946
-948
-949
-744
-754
-764
-854
-864
-954
-964
831
-833
-834
-835
-836
-839
-911
-931
-824
-874
-894
611
-613
-618
-619
-531
-631
591
-594
-595
-596
-598
-681
-691
535
-533
-534
-536
-538
-415
419
-435
638
-633
-634
-636
-639
-429
-439
-629
-449
649
-643
-644
-646
578
-572
-574
-576
-678
-688
-698
623
-622
-624
-626
-523
118
-113
-119
-138
-719
-919
-123
129
133
-139
-823
-923
-829
-929
-733
-933
-735
-935
-444
446
-546
-566
-426
-436
434
-424
422
-522
-524
526
-482
-494
-486
-496
924
-926
-927
-734
-934
827
-826
794
-793
-795
-796
-797
-799
-974
-994
-857
-877
-887
-897
-544
543
-553
-563
-343
-743
-746
348
-345
-349
365
-363
-369
-258
-358
-378
-388
-398
745
-749
-765
-865
-965
-715
713
-913
915
-753
-763
-783
-785
-985
-995
674
-672
-676
682
-686
-694
696
972
-976
-977
-978
-979
-782
-982
-952
-962
377
-376
-379
-387
-397
876
-878
-879
-786
787
-886
-896
-986
-996
-987
-997
-757
957
-953
-958
-959
858
-853
-859
-866
-888
-898
-278
279
-299
-399
-259
-269
359
-353
253
-254
-263
264
-283
-293
554
-552
562
-564
752
-759
-762
281
-288
-291
298
386
-383
393
-396
-487
485
-495
497
-885
883
-893
-983
988
-993
895
-899
-998
999
-863
869
963
-966
-969
766
-769
-736
739
936
-939
