122
-121
-123
-124
-125
-126
-127
-128
-129
-112
-132
-212
-222
-232
-312
-322
-332
-142
-152
-162
-172
-182
-192
-422
-522
-622
-722
-822
-922
146
-141
-143
-144
-145
-147
-148
-149
-156
-166
-246
-256
-266
-346
-356
-366
-116
-136
-176
-186
-196
-446
-546
-646
-746
-846
-946
181
-183
-184
-185
-187
-188
-189
-171
-191
-271
-281
-291
-371
-381
-391
-111
-131
-151
-161
-481
-581
-681
-781
-881
-981
221
-223
-224
-225
-226
-227
-228
-229
-211
-231
-311
-321
-331
-241
-251
-261
-421
-521
-621
-721
-821
-921
234
-233
-235
-236
-237
-238
-239
-114
-134
-214
-314
-324
-334
-244
-254
-264
-274
-284
-294
-434
-534
-634
-734
-834
-934
287
-282
-283
-285
-286
-288
-289
-177
-197
-277
-297
-377
-387
-397
-217
-247
-257
-267
-487
-587
-687
-787
-887
-987
338
-333
-335
-336
-337
-339
-118
-138
-218
-318
-328
-348
-358
-368
-378
-388
-398
-438
-538
-638
-738
-838
-938
359
-351
-352
-353
-354
-355
-357
-159
-169
-249
-259
-269
-349
-369
-319
-329
-379
-389
-399
-459
-559
-659
-759
-859
-959
393
-392
-394
-395
-396
-173
-193
-273
-293
-373
-383
-313
-323
-343
-363
-493
-593
-693
-793
-893
-993
439
-431
-432
-433
-435
-436
-437
-419
-429
-519
-529
-539
-619
-629
-639
-449
-469
-479
-489
-499
-139
-739
-839
-939
445
-441
-442
-443
-444
-447
-448
-455
-465
-545
-555
-565
-645
-655
-665
-415
-425
-475
-485
-495
-245
-345
-745
-845
-945
467
-461
-462
-463
-464
-466
-468
-457
-547
-557
-567
-647
-657
-667
-417
-427
-477
-497
-167
-367
-767
-867
-967
491
-492
-494
-496
-498
-471
-571
-591
-671
-691
-411
-451
-791
-891
-991
527
-523
-524
-525
-526
-528
-517
-537
-617
-627
-637
-577
-597
-327
-727
-827
-927
584
-582
-583
-585
-586
-588
-589
-474
-484
-574
-594
-674
-684
-694
-514
-544
-554
-564
-384
-784
-884
-984
615
-611
-612
-613
-614
-616
-618
-515
-535
-625
-635
-675
-685
-695
-115
-215
-315
-715
-815
-915
641
-642
-643
-644
-648
-649
-541
-551
-561
-651
-661
-631
-341
361
-362
-364
-365
-741
-841
-941
-761
-861
-961
663
-662
-664
-666
-668
-669
-453
-543
-553
-563
-653
-623
-633
-673
-683
-163
-263
-763
-863
-963
677
-672
-676
-678
-679
-697
-777
-877
-977
717
-711
-712
-713
-714
-716
-718
-719
-737
-817
-837
-917
-937
-747
-757
-797
-117
-317
316
-216
-326
325
-135
137
-133
-157
347
-342
-344
374
-372
-375
-376
-174
-194
382
-385
-386
-272
-292
-416
-516
-816
-916
-725
-825
-925
-847
-947
-774
-874
-974
-482
-682
-782
-882
-982
756
-751
-752
-753
-754
-755
-758
-766
-856
-866
-956
-966
-726
-736
-776
-786
-796
-456
-556
-656
566
-562
-568
-569
549
-542
-548
-536
-576
-596
-579
-599
-749
-849
-949
779
-771
-772
-773
-775
-778
-789
-799
-879
-889
-899
-979
-989
-999
731
-732
-733
-735
-811
-831
-911
-931
-729
-769
511
-512
-513
-518
-531
-179
-279
689
-686
-688
-699
826
-823
-824
-828
-829
-836
-926
-936
-876
-886
-896
-426
-626
636
-632
-696
929
-923
-924
-928
-819
-919
869
-862
-864
-865
-868
-969
871
-872
-873
-875
-878
-971
-851
951
-952
-953
-954
-955
-957
-958
857
-852
-853
-854
-855
-858
-897
997
-992
-994
-995
-996
-998
296
-295
-298
-299
-276
199
-195
-198
-119
113
-213
219
-153
-413
-813
-913
253
-252
-255
-258
-243
155
-154
-158
164
-165
-168
-265
-175
178
275
-278
-764
-964
-575
595
-592
-598
-975
-478
-578
558
-552
-458
-658
-978
-795
-895
885
-883
-888
-785
-985
765
-762
-768
-965
-835
935
-932
-933
962
-968
-742
-842
-942
792
-794
-798
-892
-972
894
-898
-814
-844
-912
242
-248
-262
268
-692
698
-488
652
-654
-452
454
-414
-424
624
-628
914
-918
-724
744
-743
-748
-944
986
-983
-988
-976
973
-783
788
723
-728
-833
832
-812
818
843
-848
-943
948
412
-418
-532
533
-423
428
-472
572
-573
-473
476
483
-486
