138
-131
-132
-133
-134
-135
-136
-137
-139
-118
-128
-218
-228
-238
-318
-328
-338
-148
-158
-168
-178
-188
-198
-438
-538
-638
-738
-838
-938
163
-161
-162
-164
-165
-166
-167
-169
-143
-153
-243
-253
-263
-343
-353
-363
-113
-123
-173
-183
-193
-463
-563
-663
-763
-863
-963
175
-171
-172
-174
-176
-177
-179
-185
-195
-275
-285
-295
-375
-385
-395
-115
-125
-145
-155
-475
-575
-675
-775
-875
-975
197
-191
-192
-194
-196
-199
-187
-277
-287
-297
-377
-387
-397
-117
-127
-147
-157
-497
-597
-697
-797
-897
-997
232
-231
-233
-234
-235
-236
-237
-239
-112
-122
-212
-222
-312
-322
-332
-242
-252
-262
-272
-282
-292
-432
-532
-632
-732
-832
-932
256
-251
-254
-255
-257
-258
-259
-146
-156
-246
-266
-346
-356
-366
-216
-226
-276
-286
-296
-456
-556
-656
-756
-856
-956
274
-271
-273
-278
-279
-184
-284
-294
-374
-384
-394
-214
-224
-244
-264
-474
-574
-674
-774
-874
-974
337
-331
-333
-334
-335
-336
-339
-217
-227
-317
-327
-347
-357
-367
-437
-537
-637
-737
-837
-937
381
-382
-383
-386
-388
-389
-181
-281
-291
-371
-391
-311
-321
-341
-351
-361
-481
-581
-681
-781
-881
-981
445
-441
-442
-443
-444
-446
-447
-448
-449
-455
-465
-545
-555
-565
-645
-655
-665
-415
-425
-435
-485
-495
-245
-345
-745
-845
-945
489
-482
-483
-484
-486
-487
-488
-479
-499
-579
-589
-599
-679
-689
-699
-419
-429
-439
-459
-469
-189
-289
-789
-889
-989
523
-521
-522
-524
-525
-526
-527
-528
-529
-413
-423
-433
-513
-533
-613
-623
-633
-543
-553
-573
-583
-593
-223
-323
-723
-823
-923
547
-541
-542
-544
-546
-548
-549
-457
-467
-557
-567
-647
-657
-667
-517
-577
-587
-247
267
-261
-265
-268
-269
-747
-847
-947
-767
-867
-967
564
-561
-562
-566
-568
-569
-454
-464
-554
-644
-654
-664
-514
-534
-584
-594
-364
-764
-864
-964
585
-582
-586
-588
-595
-685
-695
-515
-535
-785
-885
-985
629
-621
-622
-624
-625
-626
-627
-628
-519
-539
-619
-639
559
-551
-552
-558
-649
-659
-669
-129
-229
-329
-729
-829
-929
-159
-359
-759
-859
-959
662
-661
-666
-668
-452
-462
-642
-652
-612
-672
-682
-692
-362
-762
-862
-962
727
-721
-722
-724
-725
-726
-728
-717
-817
-827
-917
-927
-757
-777
-787
-427
776
-771
-772
-773
-778
-779
-786
-796
-876
-886
-896
-976
-986
-996
-716
-736
-746
-766
-376
-476
-576
-676
834
-831
-833
-835
-836
-839
-714
-734
-814
-824
-914
-924
-934
-844
-854
-884
-894
-434
-634
858
-851
-852
-853
-855
-857
957
-951
-952
-953
-954
-955
-958
-748
-758
-768
-848
-868
-948
-968
-818
-828
-878
-888
-898
-977
-987
-358
-458
-658
871
-872
-873
-877
-879
-791
-891
-971
-991
887
-882
-883
-811
-821
-841
-861
-471
-571
-671
-687
918
-911
-912
-913
-915
-916
-919
-718
-928
-978
-988
-998
-418
-518
-618
428
-421
-422
-424
-426
-468
648
-641
-643
-646
466
-461
-416
-436
431
-411
-511
-531
536
-611
-631
-516
512
-412
-616
-636
635
-615
-451
453
651
-653
-491
-473
-493
-496
-478
-498
591
-592
-596
-598
-691
-572
578
-678
-688
-698
-712
-812
-731
-931
-735
-935
-936
-248
-348
368
-365
-369
355
-352
-354
-315
-325
-378
-398
-151
-751
-753
-755
-866
-966
939
-933
-719
-739
733
-713
-813
-819
-743
-783
-793
-949
-969
-979
-999
379
-372
-373
-299
-399
-319
-349
943
-941
-942
-944
-946
-843
846
-842
-849
893
-892
-895
-899
-973
972
-782
-792
-982
-992
-983
984
-993
-784
788
-794
-994
995
-795
-798
799
-749
-769
869
-865
822
-825
-826
-922
815
-816
-715
711
-921
-925
926
-741
-761
765
961
-965
-111
-211
-215
225
-221
121
-124
-126
-141
241
-249
149
-142
-144
-119
219
-213
313
-314
-316
-393
116
-114
324
-326
154
-152
342
-344
182
-186
-392
396
-742
744
752
-754
-472
477
492
-494
-677
673
-683
-693
414
-417
-614
617
283
-288
-293
298
-684
686
694
-696
