175
-171
-172
-173
-174
-176
-177
-178
-179
-185
-195
-275
-285
-295
-375
-385
-395
-115
-125
-135
-145
-155
-165
-475
-575
-675
-775
-875
-975
187
-181
-182
-183
-184
-186
-188
-189
-197
-277
-287
-297
-377
-387
-397
-117
-127
-137
-147
-157
-167
-487
-587
-687
-787
-887
-987
225
-221
-222
-223
-224
-226
-227
-228
-229
-215
-235
-315
-325
-335
-245
-255
-265
-425
-525
-625
-725
-825
-925
251
-252
-253
-254
-256
-257
-258
-259
-141
-151
-161
-241
-261
-341
-351
-361
-211
-231
-271
-281
-291
-451
-551
-651
-751
-851
-951
388
-381
-382
-383
-384
-386
-389
-198
-278
-288
-298
-378
-398
-318
-328
-338
-348
-358
-368
-488
-588
-688
-788
-888
-988
447
-441
-442
-443
-444
-445
-446
-448
-449
-457
-467
-547
-557
-567
-647
-657
-667
-417
-427
-437
-477
-497
-247
-347
-747
-847
-947
462
-461
-463
-464
-465
-466
-468
-469
-452
-542
-552
-562
-642
-652
-662
-412
-422
-432
-472
-482
-492
-162
-262
-362
-762
-862
-962
483
-481
-484
-485
-486
-489
-473
-493
-573
-583
-593
-673
-683
-693
-413
-423
-433
-453
-283
-783
-883
-983
524
-521
-522
-523
-526
-527
-528
-529
-414
-424
-434
-514
-534
-614
-624
-634
-544
-554
-564
-574
-584
-594
-124
-324
-724
-824
-924
576
-571
-572
-577
-578
-579
-476
-496
-586
-596
-676
-686
-696
-516
-536
-546
-556
-566
-276
-376
-776
-876
-976
645
-641
-643
-644
-646
-648
-649
-455
-545
-555
-565
-655
-665
-615
-635
-685
-695
-345
-745
-845
-945
756
-752
-753
-754
-755
-757
-758
-759
-746
-766
-846
-856
-866
-946
-956
-966
-716
-726
-736
-786
-796
-156
-356
-456
-656
666
-661
-663
-664
-668
-669
-616
-626
-636
-166
-266
-366
774
-771
-772
-773
-777
-778
-779
-784
-794
-874
-884
-894
-974
-984
-994
-714
-734
-744
-764
-274
-374
-474
-674
791
-792
-793
-795
-797
-798
-799
-781
-871
-881
-891
-971
-981
-991
-711
-721
-731
-741
-761
-191
-391
371
-372
-373
-379
-311
-321
-331
-471
-671
-491
-591
-691
817
-811
-812
-813
-814
-815
-816
-818
-819
-717
-727
-737
-827
-837
-917
-927
-937
767
-763
-765
-768
-769
-857
-867
-957
-967
-877
-897
-217
-317
-517
-617
357
-352
-353
-354
-355
-359
365
-363
-364
-367
-369
-267
237
-232
-233
-234
-236
-238
-239
-327
-337
627
-621
-622
-623
-628
-629
-537
-637
597
-592
-595
-598
-599
-677
-697
-865
-965
977
-972
-973
-978
-979
-997
832
-831
-833
-834
-835
-836
-838
-839
-712
-722
-732
-822
-912
-922
-932
-842
-852
-872
-882
-892
-132
-332
-532
-632
913
-911
-914
-915
-916
-918
-919
-713
-723
-733
-823
-923
-933
934
-931
-935
-936
-938
-939
743
-742
-748
-749
-843
-853
-863
-943
-953
-963
782
-785
-789
-982
-992
-993
-944
-954
-964
-113
-213
-313
-513
-613
-134
-334
-143
-243
-343
-543
-282
-582
512
-511
-515
-518
-519
-612
-112
-212
-312
-682
111
-114
-116
-118
-119
-121
-131
-411
-611
122
-123
-126
-128
-129
-322
-142
-152
-192
323
-326
-329
-133
-333
-393
952
-955
-958
-959
-942
855
-854
-858
-859
-885
-895
-136
138
-139
-218
-148
-158
-168
-438
-538
-638
-738
144
-146
-149
-154
-164
-244
-264
-344
-194
196
-193
-199
-286
-296
-396
-844
864
-861
-868
-869
-896
-996
153
-159
-163
169
-263
-249
-269
268
-248
-349
-553
-653
563
-561
-568
-569
541
-548
-549
-531
-581
681
-684
-689
-533
633
-631
-639
558
-559
-458
-658
431
-435
-436
-439
-421
336
-339
-216
-316
246
-242
342
-346
-392
416
-415
-418
-419
535
-539
-426
495
-494
-498
-499
694
-692
-698
-699
672
-678
-679
-585
589
478
-479
454
-459
-654
659
-428
429
618
-619
715
-718
-719
-735
739
-729
728
-828
-928
-829
-929
-841
821
-826
-921
926
886
-889
-986
-941
961
-968
-969
-272
292
-293
-294
-299
273
-279
-873
893
-898
-899
-878
879
998
-995
-999
985
-989
848
-849
-948
949
284
-289
-394
399
-214
219
314
-319
