135
-131
-132
-133
-134
-136
-137
-138
-139
-115
-125
-215
-225
-235
-315
-325
-335
-145
-155
-165
-175
-185
-195
-435
-535
-635
-735
-835
-935
141
-142
-143
-144
-146
-147
-148
-149
-151
-161
-241
-251
-261
-341
-351
-361
-111
-121
-171
-181
-191
-441
-541
-641
-741
-841
-941
156
-152
-153
-154
-157
-158
-159
-166
-246
-256
-266
-346
-356
-366
-116
-126
-176
-186
-196
-456
-556
-656
-756
-856
-956
182
-183
-184
-187
-188
-189
-172
-192
-272
-282
-292
-372
-382
-392
-112
-122
-162
-482
-582
-682
-782
-882
-982
248
-242
-243
-244
-245
-247
-249
-168
-258
-268
-348
-358
-368
-218
-228
-238
-278
-288
-298
-448
-548
-648
-748
-848
-948
284
-281
-283
-285
-286
-287
-289
-174
-194
-274
-294
-374
-384
-394
-214
-224
-234
-254
-264
-484
-584
-684
-784
-884
-984
295
-291
-293
-296
-297
-299
-275
-375
-385
-395
-255
-265
-495
-595
-695
-795
-895
-995
338
-331
-332
-333
-334
-336
-337
-339
-118
-128
-318
-328
-378
-388
-398
-438
-538
-638
-738
-838
-938
344
-342
-343
-345
-347
-349
-164
-354
-364
-314
-324
-444
-544
-644
-744
-844
-944
376
-371
-373
-377
-379
-276
-386
-396
-316
-326
-476
-576
-676
-776
-876
-976
381
-383
-387
-389
-271
-391
-311
-321
-481
-581
-681
-781
-881
-981
422
-421
-423
-424
-425
-426
-427
-428
-429
-412
-432
-512
-522
-532
-612
-622
-632
-442
-452
-462
-472
-492
-222
-322
-722
-822
-922
433
-431
-434
-436
-437
-439
-413
-513
-523
-533
-613
-623
-633
-443
-453
-463
-473
-483
-493
-233
-733
-833
-933
514
-511
-515
-516
-517
-518
-519
-414
-524
-534
-614
-624
-634
-554
-564
-574
-594
-114
124
-123
-127
-129
-714
-814
-914
-724
-824
-924
536
-531
-537
-539
-416
-526
-616
-626
-636
-546
-566
-586
-596
-236
-736
-836
-936
575
-571
-572
-573
-577
-578
-579
-475
-485
-585
-675
-685
-525
-545
-555
-565
-775
-875
-975
592
-591
-593
-597
-598
-599
-672
-692
-542
-552
-562
-792
-892
-992
671
-673
-674
-677
-678
-679
-471
-491
-691
-611
-621
-631
-651
-661
-771
-871
-971
686
-683
-687
-688
-689
-486
-496
-696
-646
-666
-786
-886
-986
726
-721
-723
-725
-727
-728
-729
-716
-816
-826
-916
-926
-746
-766
-796
216
-211
-212
-213
-217
-219
-226
737
-731
-732
-734
-739
-717
-817
-827
-837
-917
-927
-937
-747
-757
-767
-777
-787
-797
-237
-637
639
-419
-529
-619
-629
-649
-659
-669
-699
-239
-839
-939
764
-761
-762
-763
-765
-768
-769
-754
-854
-864
-954
-964
-774
-794
-464
-664
779
-772
-773
-778
-789
-799
-879
-889
-899
-979
-989
-999
-719
-749
-759
-179
-279
-479
819
-811
-812
-813
-815
-818
-829
-919
-929
-849
-859
-869
-119
-319
825
-821
-823
-828
-715
-915
-925
-845
-855
-865
-885
-625
868
-861
-862
-863
-866
-867
-758
-858
-958
-968
-878
-888
-898
-468
-568
-668
923
-921
-928
-713
-913
-943
-953
-963
-973
-983
-993
-223
-323
955
-951
-952
-957
-959
-745
-755
-945
-965
785
-783
-788
-985
-355
365
-362
-363
-367
-369
-455
-655
-465
-665
969
-961
-962
-966
-967
-949
466
-461
-467
-469
-446
561
-563
-567
-569
-451
-551
411
-415
-417
-418
-521
615
-617
-618
445
-447
-449
-645
-711
-911
221
-227
-229
-231
232
-312
329
-327
-252
-262
352
-353
-357
-359
-399
199
-193
-197
-198
178
-173
-177
-169
-832
-932
549
-543
-547
-459
-559
-589
-652
-752
-852
259
-253
-257
-269
662
-663
-667
-642
-478
-978
489
-487
-488
-499
972
-974
-977
-872
842
-843
-846
-847
-742
743
-942
-753
751
-851
-853
857
946
-947
-791
712
-718
-912
918
-793
798
-988
987
-877
-887
883
-873
874
-893
-894
-994
-897
-997
-998
-834
831
-931
934
-891
896
991
-996
-643
647
-457
-557
-657
-627
628
527
-528
-587
-697
-658
-698
273
-277
-393
397
-263
267
163
-167
-113
117
313
-317
-474
477
-497
-583
588
693
-694
494
-498
-454
458
654
-653
553
-558
