146
-141
-142
-143
-144
-145
-147
-148
-149
-156
-166
-246
-256
-266
-346
-356
-366
-116
-126
-136
-176
-186
-196
-446
-546
-646
-746
-846
-946
154
-151
-152
-153
-155
-157
-158
-159
-164
-244
-254
-264
-344
-354
-364
-114
-124
-134
-174
-184
-194
-454
-554
-654
-754
-854
-954
161
-162
-163
-165
-167
-168
-169
-241
-251
-261
-341
-351
-361
-111
-121
-131
-171
-181
-191
-461
-561
-661
-761
-861
-961
212
-211
-213
-214
-215
-216
-217
-218
-219
-112
-122
-132
-222
-232
-312
-322
-332
-242
-252
-262
-272
-282
-292
-412
-512
-612
-712
-812
-912
277
-271
-273
-274
-275
-276
-278
-279
-177
-187
-197
-287
-297
-377
-387
-397
-227
-237
-247
-257
-267
-477
-577
-677
-777
-877
-977
345
-342
-343
-347
-348
-349
-245
-255
-265
-355
-365
-315
-325
-335
-375
-385
-395
-445
-545
-645
-745
-845
-945
426
-421
-422
-423
-424
-425
-427
-428
-429
-416
-436
-516
-526
-536
-616
-626
-636
-456
-466
-476
-486
-496
-226
-326
-726
-826
-926
463
-462
-464
-465
-467
-468
-469
-443
-453
-543
-553
-563
-643
-653
-663
-413
-433
-473
-483
-493
-263
-363
-763
-863
-963
485
-481
-482
-484
-487
-488
-489
-475
-495
-575
-585
-595
-675
-685
-695
-415
-435
-455
-185
-285
-785
-885
-985
557
-551
-552
-555
-556
-558
-559
-447
-457
-547
-567
-647
-657
-667
-517
-527
-537
-587
-597
-357
367
-362
-368
-369
352
-353
-358
-359
-372
-382
-392
-317
-327
-337
-452
-652
-752
-852
-952
-757
-857
-957
-767
-867
-967
578
-571
-572
-573
-574
-576
-579
-478
-498
-588
-598
-678
-688
-698
-518
-528
-538
-548
-568
-178
-378
-778
-878
-978
621
-622
-623
-624
-625
-627
-628
-629
-411
-431
-511
-521
-531
-611
-631
-641
-651
-671
-681
-691
-221
-321
-721
-821
-921
717
-711
-713
-714
-715
-716
-718
-719
-727
-737
-817
-827
-837
-917
-927
-937
-747
-787
-797
-117
-417
-617
127
-123
-125
-128
-129
-137
793
-791
-792
-794
-795
-796
-798
-799
-773
-783
-873
-883
-893
-973
-983
-993
-723
-733
-743
-753
-193
-293
-393
-593
-693
844
-841
-842
-843
-847
-848
-849
-744
-764
-864
-944
-964
947
-941
-942
-943
-948
-949
-814
-824
-834
-874
-884
-894
-987
-997
243
-248
-249
-253
-223
-233
-283
-444
-544
-644
886
-881
-882
-887
-888
-889
-776
-786
-876
-896
-976
-986
-996
897
-891
-892
-895
-898
-899
-816
-836
-856
-866
-286
-386
-586
-686
687
-682
-683
-684
-689
-497
-697
437
-432
-434
-438
-439
-637
918
-911
-913
-914
-915
-916
-919
-728
-738
-818
-828
-838
-928
-938
-958
-968
-988
-998
788
-781
-782
-784
-789
-748
-758
-768
316
-311
-313
-314
-318
-319
-236
-336
296
-291
-294
-295
-298
-299
-376
-396
811
-813
-815
-819
-731
-831
-931
-851
-871
-118
-418
-618
638
-632
-633
-634
-635
-639
-648
-658
-668
-138
-238
-338
448
-441
-442
-449
-458
676
-672
-673
-674
-679
583
-581
-582
-584
-589
-596
-696
-513
-523
-533
613
-614
-615
-619
566
-562
-564
-565
-569
664
-662
-665
-666
-669
655
-656
-659
-694
-113
-755
-855
-955
-766
-966
-183
-383
-188
198
-192
-195
-199
175
-172
-173
-179
182
-189
373
-371
-374
-379
-288
-388
-398
133
-135
-139
-323
-333
-115
119
-229
-239
-329
-339
328
-324
-228
515
-514
-519
-525
-535
414
-419
-524
-534
-474
-494
594
-591
-592
-599
541
-542
-549
-451
459
642
-649
-479
-499
699
-692
-833
-933
-741
-742
749
-759
-769
-859
-869
-959
-969
-729
-739
-779
-259
258
-268
269
-289
-858
853
-953
868
-862
-865
-823
923
-922
-924
-925
-929
-775
-875
-975
995
-991
-992
-994
-999
-935
-965
962
-762
765
-725
-735
-932
-972
-982
492
-491
471
-472
-771
751
-756
-951
956
736
-732
-734
-936
-971
981
-984
-989
-281
284
-384
-394
231
-234
-235
-331
334
-224
225
724
-722
-934
939
-829
-839
772
-774
-872
879
974
-979
-825
822
-832
835
-522
529
532
-539
-381
389
391
-399
