139
-131
-132
-133
-134
-135
-136
-137
-138
-119
-129
-219
-229
-239
-319
-329
-339
-149
-159
-169
-179
-189
-199
-439
-539
-639
-739
-839
-939
158
-151
-152
-153
-154
-155
-156
-157
-148
-168
-248
-258
-268
-348
-358
-368
-118
-128
-178
-188
-198
-458
-558
-658
-758
-858
-958
166
-161
-162
-163
-164
-165
-167
-146
-246
-256
-266
-346
-356
-366
-116
-126
-176
-186
-196
-466
-566
-666
-766
-866
-966
193
-191
-192
-194
-195
-197
-173
-183
-273
-283
-293
-373
-383
-393
-113
-123
-143
-493
-593
-693
-793
-893
-993
212
-211
-213
-214
-215
-216
-217
-218
-112
-122
-222
-232
-312
-322
-332
-242
-252
-262
-272
-282
-292
-412
-512
-612
-712
-812
-912
221
-223
-224
-225
-226
-227
-228
-111
-121
-231
-311
-321
-331
-241
-251
-261
-271
-281
-291
-421
-521
-621
-721
-821
-921
233
-234
-235
-236
-237
-238
-313
-323
-333
-243
-253
-263
-433
-533
-633
-733
-833
-933
244
-245
-247
-249
-144
-254
-264
-344
-354
-364
-274
-284
-294
-444
-544
-644
-744
-844
-944
275
-276
-277
-278
-279
-175
-185
-285
-295
-375
-385
-395
-255
-265
-475
-575
-675
-775
-875
-975
338
-334
-335
-336
-337
-318
-328
-378
-388
-398
-438
-538
-638
-738
-838
-938
415
-411
-413
-414
-416
-417
-418
-419
-425
-435
-515
-525
-535
-615
-625
-635
-445
-455
-465
-485
-495
-115
-315
-715
-815
-915
446
-441
-442
-443
-447
-448
-449
-456
-546
-556
-646
-656
-426
-436
-476
-486
-496
-746
-846
-946
454
-451
-452
-453
-457
-459
-464
-554
-564
-654
-664
-424
-434
-474
-484
-494
-754
-854
-954
519
-511
-513
-514
-516
-517
-518
-429
-529
-619
-629
-549
-559
-569
-579
-589
-599
-719
-819
-919
594
-591
-592
-595
-596
-597
-598
-574
-584
-674
-684
-694
-524
-534
-394
-794
-894
-994
651
-652
-653
-655
-657
-659
-461
-541
-551
-561
-641
-661
-611
-631
-671
-681
-691
-351
-751
-851
-951
662
-663
-665
-667
-668
-669
-462
-542
-552
-562
-642
-622
-632
-672
-682
-692
-362
-762
-862
-962
697
-695
-696
-698
-699
-477
-487
-497
-577
-587
-677
-687
-617
-627
-637
-647
-297
-397
-797
-897
-997
772
-771
-773
-774
-776
-777
-778
-779
-782
-792
-872
-882
-892
-972
-982
-992
-722
-732
-742
-752
-172
-372
-472
-572
836
-831
-832
-834
-835
-837
-716
-726
-736
-816
-826
-916
-926
-936
-856
-876
-886
-896
-536
-636
634
-614
-624
-734
-934
867
-861
-863
-864
-865
-868
-869
-747
-757
-767
-847
-857
-947
-957
-967
-817
-827
-877
-887
-267
269
-259
257
-147
-347
-357
-367
-349
-359
-369
-287
-289
-299
547
-543
-545
-548
-467
-557
-567
-527
-537
-469
649
-643
-645
-648
685
-683
-686
-688
-689
-585
-679
-749
-849
-949
-769
-969
-785
-885
-985
878
-871
-873
-874
-879
-788
-798
-888
-898
-978
-988
-998
-818
-828
-848
-478
-578
-678
884
-881
-883
-889
-784
-974
-984
-814
-824
-184
-384
895
-891
-899
-795
-995
-825
-845
-855
913
-911
-914
-917
-918
-713
-723
-813
811
-711
-731
-931
-823
-923
-841
-943
-953
-963
-973
-983
783
-781
-786
-787
-789
-743
-753
-763
-613
-483
-583
942
-941
-945
-948
-842
843
-852
-952
-853
859
-759
-959
822
-829
-922
-932
-422
-522
-142
182
-181
-187
-382
-392
-342
352
-353
-355
-343
363
-361
-365
748
-741
-745
-768
-968
-718
-728
928
-924
-925
-927
-929
729
-724
-725
-727
714
-717
-764
964
-961
-965
761
-765
-791
737
-735
935
-937
755
-756
-955
956
796
-799
-976
-986
-996
-114
117
-127
-317
-327
-177
-314
316
-326
-376
-386
-396
-616
618
-428
-528
-628
427
-423
-437
553
-555
-463
468
-563
565
-568
473
-471
-479
-573
-673
676
-576
571
-481
-491
-581
-586
431
-432
-531
532
-488
-498
588
-582
-523
526
623
-626
-171
174
-374
141
-145
-341
345
-124
125
324
-325
-371
-971
-482
489
492
-499
286
-288
-296
298
-389
-989
977
-979
-987
981
-991
999
-377
379
387
-381
391
-399
