131
-132
-133
-134
-135
-136
-137
-138
-139
-111
-121
-211
-221
-231
-311
-321
-331
-141
-151
-161
-171
-181
-191
-431
-531
-631
-731
-831
-931
216
-212
-213
-214
-215
-217
-218
-219
-116
-126
-226
-236
-316
-326
-336
-246
-256
-266
-276
-286
-296
-416
-516
-616
-716
-816
-916
261
-262
-263
-264
-265
-267
-268
-269
-241
-251
-341
-351
-361
-271
-281
-291
-461
-561
-661
-761
-861
-961
287
-282
-283
-284
-285
-288
-289
-177
-187
-197
-277
-297
-377
-387
-397
-227
-237
-247
-257
-487
-587
-687
-787
-887
-987
317
-312
-313
-314
-315
-318
-319
-117
-127
-327
-337
-347
-357
-367
-417
-517
-617
-717
-817
-917
323
-322
-324
-325
-328
-329
-113
-123
-223
-233
-333
-343
-353
-363
-373
-383
-393
-423
-523
-623
-723
-823
-923
375
-371
-372
-374
-376
-378
-379
-175
-185
-195
-275
-295
-385
-395
-335
-345
-355
-365
-475
-575
-675
-775
-875
-975
537
-532
-533
-534
-535
-536
-538
-539
-427
-437
-527
-627
-637
-547
-557
-567
-577
-597
-737
-837
-937
556
-551
-552
-553
-554
-555
-558
-559
-446
-456
-466
-546
-566
-646
-656
-666
-526
-576
-586
-596
-156
-356
-756
-856
-956
568
-562
-563
-564
-565
-569
-448
-458
-468
-548
-648
-658
-668
-518
-528
-578
-588
-598
-168
-368
-768
-868
-968
614
-611
-612
-613
-615
-618
-619
-414
-424
-434
-514
-524
-624
-634
-644
-654
-664
-674
-684
-694
-114
-714
-814
-914
621
-622
-625
-626
-628
-629
-411
-421
-511
-521
-641
-651
-671
-681
-691
-721
-821
-921
635
-632
-633
-636
-638
-639
-415
-425
-435
-515
-525
-645
-655
-665
-685
-695
-235
-735
-835
-935
657
-652
-653
-659
-447
-457
-467
-647
-667
-677
-697
-157
-757
-857
-957
669
-662
-663
-449
-459
-469
-549
-649
-679
-689
-699
-169
-369
-769
-869
-969
673
-672
-676
-678
-473
-483
-493
-573
-583
-593
-683
-693
-643
642
-442
-452
-462
-542
-682
-692
-142
-242
-342
-742
-842
-942
-173
-273
-773
-873
-973
866
-862
-863
-864
-865
-867
-746
-766
-846
-946
-966
-826
-836
-876
-886
-896
-166
-366
874
-871
-872
-877
-878
-879
-774
-784
-794
-884
-894
-974
-984
-994
-824
-834
-844
-854
-174
-274
-474
-574
883
-881
-882
-885
-888
-889
-783
-793
-893
-983
-993
-813
-833
-843
-853
-183
897
-891
-892
-895
-898
-899
-777
-797
-977
-997
-827
-847
477
-471
-472
-476
-478
-479
-497
941
-943
-944
-945
-947
-948
-949
-741
-751
-841
-851
-951
811
-812
-815
-818
-819
-711
-911
-971
-981
-991
-441
-541
451
-453
-454
-455
-481
-491
959
-952
-953
-954
-955
-958
-749
-759
-849
-859
-919
-929
-939
-979
-989
-999
-159
-259
-359
965
-962
-963
-964
-967
-745
-755
-765
-845
848
-855
-748
-758
-858
852
-752
-762
-822
-832
825
-828
-829
-715
-725
-915
-925
-838
839
-719
-729
-739
-985
-995
927
-922
-924
-926
-928
-727
934
-932
-933
-936
-938
-724
-734
913
-912
-918
-713
-733
-413
-513
433
-432
-436
-438
-439
426
-422
-428
-429
418
-412
-419
-443
-463
543
-544
-545
-486
-496
-488
-498
115
-112
-118
-119
-125
-225
-145
-155
-165
-718
712
-722
-732
-772
-782
-792
-512
519
522
-529
-572
-582
-592
-579
571
-581
-591
-589
-599
-122
-222
-726
728
736
-738
-776
-786
-796
-778
-788
-798
-128
-228
-234
-334
-239
-339
-143
-243
-743
-148
-248
-348
-152
-252
-352
255
-253
-254
-258
-245
293
-292
-294
-298
-299
-193
445
-444
464
-465
-484
-494
-485
-495
-164
-364
362
-162
-332
338
232
-238
-272
278
-279
-178
-188
-198
-388
-398
158
-153
-154
163
-167
147
-144
-146
-149
346
-344
-349
-358
354
-244
249
224
-229
-124
129
-179
-189
-199
-382
-392
-384
-394
-386
-396
744
-747
-754
753
-763
-764
767
-771
779
-789
-799
-978
992
-996
-998
-972
976
-982
-986
988
172
-176
-182
-192
482
-489
-492
499
-688
686
-696
698
-186
184
-194
196
-584
585
594
-595
-785
781
-791
795
-381
389
391
-399
