139
-131
-132
-133
-134
-135
-136
-137
-138
-119
-129
-219
-229
-239
-319
-329
-339
-149
-159
-169
-179
-189
-199
-439
-539
-639
-739
-839
-939
164
-161
-162
-163
-165
-166
-167
-168
-144
-154
-244
-254
-264
-344
-354
-364
-114
-124
-174
-184
-194
-464
-564
-664
-764
-864
-964
198
-191
-192
-193
-195
-196
-197
-178
-188
-278
-288
-298
-378
-388
-398
-118
-128
-148
-158
-498
-598
-698
-798
-898
-998
246
-241
-242
-243
-245
-247
-248
-249
-146
-156
-256
-266
-346
-356
-366
-216
-226
-236
-276
-286
-296
-446
-546
-646
-746
-846
-946
263
-261
-262
-265
-267
-268
-269
-143
-153
-253
-343
-353
-363
-213
-223
-233
-273
-283
-293
-463
-563
-663
-763
-863
-963
294
-291
-292
-295
-297
-299
-274
-284
-374
-384
-394
-214
-224
-234
-494
-594
-694
-794
-894
-994
348
-341
-342
-345
-347
-349
-258
-358
-368
-318
-328
-338
-448
-548
-648
-748
-848
-948
376
-371
-372
-373
-375
-377
-379
-176
-186
-386
-396
-316
-326
-336
-476
-576
-676
-776
-876
-976
389
-381
-382
-383
-385
-387
-279
-289
-399
259
-251
-252
-255
-257
-359
-369
-459
-559
-659
-759
-859
-959
-489
-589
-689
-789
-889
-989
423
-421
-422
-424
-425
-426
-427
-428
-429
-413
-433
-513
-523
-533
-613
-623
-633
-443
-453
-473
-483
-493
-123
-323
-723
-823
-923
466
-461
-462
-465
-467
-468
-469
-456
-556
-566
-656
-666
-416
-436
-486
-496
-766
-866
-966
491
-492
-495
-497
-499
-471
-481
-571
-581
-591
-671
-681
-691
-411
-431
-441
-451
-391
-791
-891
-991
516
-511
-512
-514
-515
-517
-518
-519
-526
-536
-616
-626
-636
-586
-596
-116
126
-121
-122
-125
-127
-716
-816
-916
-726
-826
-926
592
-593
-595
-597
-599
-472
-482
-572
-582
-672
-682
-692
-522
-532
-542
-552
-562
-392
-792
-892
-992
614
-611
-612
-615
-617
-618
-619
-414
-434
-524
-534
-624
-634
-644
-654
-674
-684
-314
-714
-814
-914
641
-642
-643
-645
-647
-649
-541
-551
-561
-651
-661
-621
-631
-141
-741
-841
-941
678
-673
-675
-677
-679
-478
-488
-578
-588
-688
-628
-638
-658
-668
-778
-878
-978
686
-683
-685
-687
-696
-786
-886
-986
727
-721
-722
-724
-725
-728
-729
-717
-737
-817
-827
-837
-917
-927
-937
-747
-757
-767
-777
-787
-797
-227
-327
-527
-627
738
-731
-732
-733
-734
-735
-736
-718
-818
-828
-838
-918
-928
-938
-758
-768
-788
-238
-438
-538
761
-762
-765
-769
-751
-851
-861
-951
-961
-711
-771
-781
-361
815
-811
-812
-813
-819
-715
-825
-835
-915
-925
-935
-845
-855
-865
-875
-885
-895
-115
-215
-315
-415
847
-842
-843
-844
-849
-857
-867
-947
-957
-967
-877
-887
-897
-147
-447
-547
868
-862
-869
-858
-958
-968
-888
988
-981
-982
-983
-984
-985
-987
-568
911
-912
-913
-919
-821
-831
-921
-931
-971
-111
-211
-311
944
-942
-943
-945
-949
-744
-754
-854
-954
-924
-934
-974
-444
-544
972
-973
-975
-977
-979
-772
-782
-872
-882
997
-993
-995
-996
-999
-922
929
-719
-829
-932
-952
-962
-969
965
-745
-755
-955
749
-742
-743
-779
-799
419
-412
-417
-418
528
-521
-525
-529
531
-535
-537
-629
458
-452
-454
-455
-457
554
-553
-555
-557
-558
-449
-479
-574
-584
218
-212
-217
-228
-231
-331
543
-545
-549
-653
-573
-583
693
-695
-697
-699
579
-575
-577
-569
669
-662
-665
-667
362
-365
-367
-142
145
-152
-352
-155
-355
-175
-185
-312
-322
-332
442
-445
-652
-432
655
-657
-565
567
585
-587
-475
-485
435
-437
-625
622
-632
-635
637
-222
-822
824
-834
-874
-884
-324
334
-333
-335
-337
-235
-237
232
-112
-272
-282
712
-713
-832
-752
852
-853
-856
-172
182
-181
-183
-187
-879
899
-893
-896
796
-793
-795
-756
753
-953
956
-773
-783
836
-833
933
-936
883
-881
871
-873
-171
151
-157
-351
357
321
-325
-221
225
-275
-285
395
-393
-397
173
-177
-113
117
313
-317
-271
277
281
-287
775
-774
784
-785
474
-477
-484
487
