121
-122
-123
-124
-125
-126
-127
-128
-129
-111
-131
-211
-221
-231
-311
-321
-331
-141
-151
-161
-171
-181
-191
-421
-521
-621
-721
-821
-921
199
-192
-193
-194
-195
-196
-197
-198
-179
-189
-279
-289
-299
-379
-389
-399
-119
-139
-149
-159
-169
-499
-599
-699
-799
-899
-999
247
-241
-242
-243
-244
-245
-246
-248
-249
-147
-157
-167
-257
-267
-347
-357
-367
-217
-227
-237
-277
-287
-297
-447
-547
-647
-747
-847
-947
256
-251
-252
-253
-254
-255
-258
-259
-146
-156
-166
-266
-346
-356
-366
-216
-226
-236
-276
-286
-296
-456
-556
-656
-756
-856
-956
342
-341
-343
-344
-345
-348
-349
-142
-152
-162
-262
-352
-362
-312
-322
-332
-372
-382
-392
-442
-542
-642
-742
-842
-942
458
-451
-452
-453
-454
-455
-457
-459
-448
-468
-548
-558
-568
-648
-658
-668
-418
-428
-438
-478
-488
-498
-158
-358
-758
-858
-958
461
-462
-463
-464
-465
-466
-467
-469
-441
-541
-551
-561
-641
-651
-661
-411
-431
-471
-481
-491
-261
-361
351
-353
-354
-355
-359
-371
-381
-391
-751
-851
-951
-761
-861
-961
484
-482
-483
-485
-486
-487
-489
-474
-494
-574
-584
-594
-674
-684
-694
-414
-424
-434
-444
-184
-284
-384
-784
-884
-984
512
-511
-513
-514
-515
-516
-517
-518
-519
-412
-422
-432
-522
-532
-612
-622
-632
-552
-562
-572
-582
-592
-112
-212
-712
-812
-912
537
-531
-533
-534
-535
-536
-538
-539
-417
-427
-437
-527
-617
-627
-637
-557
-567
-577
-587
-597
-137
-337
-737
-837
-937
576
-571
-573
-575
-578
-579
-476
-496
-586
-596
-676
-686
-696
-526
-546
-566
-176
-376
-776
-876
-976
613
-611
-614
-615
-616
-618
-619
631
-633
-634
-635
-636
-638
-639
-413
-423
-433
-523
-623
-671
-681
-691
-643
-653
-663
-673
-683
-693
-113
-213
-313
-713
-813
-913
-731
-831
-931
764
-762
-763
-765
-766
-767
-768
-769
-744
-754
-844
-854
-864
-944
-954
-964
-714
-724
-734
-774
-794
-164
-264
-364
-564
-664
781
-782
-783
-785
-786
-787
-788
-789
-771
-791
-871
-881
-891
-971
-981
-991
-711
-741
271
-272
-273
-274
-275
-278
-281
-291
-581
591
-593
-595
-598
795
-792
-793
-796
-797
-798
-775
-875
-885
-895
-975
-985
-995
-715
-725
-735
-745
-755
-295
-395
-495
-695
817
-811
-814
-815
-816
-818
-819
911
-914
-915
-916
-917
-918
-919
-717
-727
-827
-927
841
-843
-845
-846
-848
-849
-941
-857
-867
-877
-887
-897
-117
-317
327
-323
-324
-325
-326
-328
-329
-377
-387
-397
872
-873
-874
-878
-879
-772
-882
-892
-972
-982
-992
-822
-832
-852
-862
-172
-472
492
-493
-497
-672
-682
-692
477
-473
-475
-479
583
-585
-588
-589
-677
-687
-697
698
-678
-688
443
-445
-446
-449
-543
-553
-563
528
-524
-525
-529
624
-625
-626
-628
-629
-644
-654
-224
-824
-924
-228
-728
-828
-928
-143
-743
-943
-177
187
-182
-183
-185
-186
-188
132
-133
-134
-135
-136
-138
-222
-232
116
-114
-115
-118
-316
-336
-416
-716
-732
-932
-777
757
-752
-753
-759
-957
-967
722
-723
-726
-729
-922
-657
667
-662
-665
-666
-669
652
-655
-659
646
-645
-649
-746
736
-733
-738
-739
-826
-836
-926
-936
773
-778
-779
-883
-893
-973
-983
-993
426
-425
-429
-436
-946
-952
962
-963
-965
-966
-968
-969
866
-863
-865
-868
-869
-886
-896
-173
-373
-977
282
-283
-285
-288
-292
-383
-987
997
-994
-996
-998
986
-988
-989
-386
396
-393
-394
-398
293
-294
-298
-223
-233
333
-334
-335
-338
-339
-263
-363
-833
-933
163
-165
-168
-153
894
-898
-974
-834
934
-935
-938
-939
-234
214
-215
-218
-219
-314
374
-375
-378
-174
-144
154
-155
544
-545
-549
-554
145
-148
-265
-365
-175
178
385
-388
-315
415
-419
-435
439
-239
-839
-945
565
-569
-555
559
-859
-959
675
-679
-685
689
-978
979
888
-889
-838
835
-825
-925
718
-719
-748
749
948
-949
-855
853
-953
955
-823
829
923
-929
-318
319
238
-235
225
-229
-268
269
368
-369
