135
-131
-132
-133
-134
-136
-137
-138
-139
-115
-125
-215
-225
-235
-315
-325
-335
-145
-155
-165
-175
-185
-195
-435
-535
-635
-735
-835
-935
142
-141
-143
-144
-146
-147
-148
-149
-152
-162
-242
-252
-262
-342
-352
-362
-112
-122
-172
-182
-192
-442
-542
-642
-742
-842
-942
159
-151
-153
-154
-156
-157
-158
-169
-249
-259
-269
-349
-359
-369
-119
-129
-179
-189
-199
-459
-559
-659
-759
-859
-959
177
-171
-173
-174
-176
-178
-187
-197
-277
-287
-297
-377
-387
-397
-117
-127
-167
-477
-577
-677
-777
-877
-977
258
-251
-253
-254
-255
-256
-257
-168
-248
-268
-348
-358
-368
-218
-228
-238
-278
-288
-298
-458
-558
-658
-758
-858
-958
264
-261
-263
-265
-266
-267
-164
-244
-344
-354
-364
-214
-224
-234
-274
-284
-294
-464
-564
-664
-764
-864
-964
276
-271
-272
-273
-275
-279
-186
-196
-286
-296
-376
-386
-396
-216
-226
-236
-246
-476
-576
-676
-776
-876
-976
282
-281
-283
-285
-289
-292
-372
-382
-392
-212
-222
-232
-482
-582
-682
-782
-882
-982
314
-311
-312
-313
-316
-317
-318
-319
-114
-124
-324
-334
-374
-384
-394
-414
-514
-614
-714
-814
-914
399
-391
-393
-395
-398
-299
-379
-389
-329
-339
-499
-599
-699
-799
-899
-999
452
-451
-453
-454
-455
-456
-457
-462
-552
-562
-652
-662
-412
-422
-432
-472
-492
-752
-852
-952
478
-471
-473
-474
-475
-479
-488
-498
-578
-588
-598
-678
-688
-698
-418
-428
-438
-448
-468
-378
-778
-878
-978
486
-481
-483
-484
-485
-487
-489
-496
-586
-596
-686
-696
-416
-426
-436
-446
-466
-786
-886
-986
517
-511
-512
-513
-515
-516
-518
-519
-417
-427
-437
-527
-537
-617
-627
-637
-547
-557
-567
-587
-597
-217
-717
-817
-917
592
-591
-593
-594
-595
-572
-672
-692
-522
-532
-792
-892
-992
628
-621
-622
-623
-624
-625
-626
-629
-528
-538
-618
-638
-648
-668
-128
-328
-728
-828
-928
631
-632
-633
-634
-636
-639
-411
-421
-431
-521
-531
-611
612
-613
-615
-616
-619
-641
-651
-661
-671
-681
-691
-712
-812
-912
-231
-331
-731
-831
-931
653
-654
-655
-656
-657
-443
-463
-543
-553
-563
-643
-663
-673
-683
-693
-353
-753
-853
-953
713
-711
-715
-716
-718
-719
-723
-733
-813
-823
-833
-913
-923
-933
-743
-763
-773
-783
-793
-113
-213
-413
821
-822
-824
-825
-826
-827
-829
-721
-811
-911
-921
-841
-851
-861
-871
-881
-891
-121
-221
-321
837
-832
-834
-836
-838
-839
-727
-737
-927
-937
-847
-857
-867
-887
-897
-237
-337
844
-843
-845
-846
-848
-849
-744
-754
-854
-944
-954
-874
-884
-894
-444
-544
-644
554
-551
-555
-556
-524
-534
-574
-584
856
-855
-746
-756
-766
-866
-946
-956
-966
-816
-896
-356
934
-932
-936
-938
-939
-724
-734
-924
-974
-984
-994
424
-423
-425
-429
-434
-494
951
-955
-957
-741
-751
-761
-941
-961
-971
-981
-991
-351
965
-962
-963
-967
-968
-969
-745
-755
757
-765
-865
-945
-747
-767
-947
-787
-797
-915
-925
-975
-985
-995
355
-357
-245
-345
-365
295
-291
-293
-375
-385
-465
-565
-665
-495
-695
-795
-895
979
-972
-973
-779
-789
-879
-889
-989
922
-926
-929
-722
-732
-919
-949
-322
332
-333
-336
-338
118
-111
-116
211
-219
-188
-198
388
-381
-383
-241
916
-918
-726
-736
796
-791
-794
-798
-996
-818
738
-739
-748
749
-769
-869
-768
762
-862
-772
872
-873
-875
-788
-729
725
-815
819
-775
-785
885
-883
-888
415
-419
-525
-445
536
-533
-539
-526
-546
-566
-449
-549
-649
-579
-679
-585
-685
-988
123
-126
-223
-233
239
-323
326
-327
227
-229
-163
-183
-193
373
-371
166
-161
-346
-366
243
-247
-343
-363
-523
529
433
-439
-493
469
-461
-467
-569
-669
-589
689
-684
-687
-943
948
863
-868
-893
898
-998
646
-645
-647
545
-541
-548
-666
667
-447
441
-561
568
-491
497
-697
694
-674
675
-575
-341
347
361
-367
-573
571
-581
583
-771
774
781
-784
-181
184
191
-194
-983
987
993
-997
