136
-131
-132
-133
-134
-135
-137
-138
-139
-116
-126
-216
-226
-236
-316
-326
-336
-146
-156
-166
-176
-186
-196
-436
-536
-636
-736
-836
-936
158
-151
-152
-153
-154
-155
-157
-159
-148
-168
-248
-258
-268
-348
-358
-368
-118
-128
-178
-188
-198
-458
-558
-658
-758
-858
-958
285
-281
-282
-283
-284
-286
-287
-288
-289
-175
-185
-195
-275
-295
-375
-385
-395
-215
-225
-235
-245
-255
-265
-485
-585
-685
-785
-885
-985
389
-381
-382
-383
-384
-386
-387
-388
-179
-189
-199
-279
-299
-379
-399
-319
-329
-339
-349
-359
-369
-489
-589
-689
-789
-889
-989
423
-421
-422
-424
-425
-426
-427
-428
-429
-413
-433
-513
-523
-533
-613
-623
-633
-443
-453
-463
-473
-483
-493
-123
-223
-323
-723
-823
-923
478
-471
-472
-474
-475
-476
-477
-479
-488
-498
-578
-588
-598
-678
-688
-698
-418
-438
-448
-468
-278
-378
-778
-878
-978
557
-551
-552
-553
-554
-555
-556
-559
-447
-457
-467
-547
-567
-647
-657
-667
-517
-527
-537
-577
-587
-597
-257
-357
-757
-857
-957
574
-571
-572
-573
-575
-576
-579
-484
-494
-584
-594
-674
-684
-694
-514
-524
-534
-544
-564
-174
-274
-374
-774
-874
-974
618
-611
-612
-614
-615
-616
-617
-619
-518
-528
-538
-628
-638
-648
-668
-218
-318
-718
-818
-918
629
-621
-622
-624
-625
-626
-627
-419
-439
-519
-529
-539
-639
-649
-659
-669
-679
-699
-129
-229
-729
-829
-929
737
-731
-732
-733
-734
-735
-738
-739
-717
-727
-817
-827
-837
-917
-927
-937
-747
-767
-777
-787
-797
-237
-337
-437
-637
417
-411
-412
-414
-415
-416
-487
-497
-117
-217
-317
776
-771
-772
-773
-775
-779
-786
-796
-876
-886
-896
-976
-986
-996
-716
-726
-746
-756
-766
-276
-376
-676
791
-792
-793
-794
-795
-798
-799
-781
-871
-881
-891
-971
-981
-991
-711
-721
-741
-751
-761
-191
-291
-391
-491
-591
-691
812
-811
-813
-814
-815
-816
-819
-712
-722
-822
-832
-912
-922
-932
-842
-852
-862
-872
-882
-892
-112
-212
-312
-512
849
-841
-843
-844
-845
-846
-847
-848
-749
-759
-769
-859
-869
-949
-959
-969
719
-713
-714
-715
-839
-919
-939
-879
-899
-119
-219
239
-231
-232
-233
-234
-238
-249
-259
-269
-149
169
-161
-162
-163
-164
-165
-167
-449
-549
459
-451
-452
-454
-455
-456
-469
-569
-499
599
-592
-593
-595
-596
979
-972
-973
-975
-977
-999
865
-861
-863
-864
-866
-867
-868
-745
-755
-765
-855
-945
-955
-965
725
-724
-728
-825
-835
-915
-925
-935
-875
-895
995
-992
-993
-994
-997
-998
-125
-325
-525
-365
-465
-565
-665
675
-671
-672
-673
-677
-495
-695
-635
-645
-655
355
-351
-352
-353
-354
-356
-145
-345
115
-111
-113
-114
-315
-335
-515
943
-941
-942
-944
-946
-947
-948
-743
-753
-763
-853
-953
-963
967
-961
-962
-964
-966
-968
783
-782
-784
-788
982
-983
-984
-987
-988
-873
877
-883
-893
-887
-897
833
-831
-834
-838
-913
-933
-952
-333
-143
-243
-343
-543
-643
-267
-367
-177
-277
-377
-182
-482
-582
-682
-183
-583
563
-561
-562
-566
-568
-653
-663
548
-541
-542
-545
-546
445
-441
-442
-444
-446
-435
535
-531
-532
522
-521
-526
-432
-632
516
-511
581
-586
-481
486
-681
-496
492
-692
-686
-696
-462
-466
-916
-122
-222
-322
332
-331
-334
-338
-342
-362
-372
-392
938
-931
-934
-828
-928
-748
768
-762
-764
253
-251
-252
-254
-256
-263
-363
-213
313
-311
-314
-273
-293
-373
371
-171
-181
-271
272
-172
173
-192
-292
-193
-393
142
-141
-144
-147
-242
-262
121
-124
-127
-211
214
-221
-321
-224
-324
-244
-264
-294
-341
-361
911
-914
-821
-921
851
-854
-856
-951
956
-954
826
-824
924
-926
-642
-742
744
752
-754
-344
364
-366
-394
-644
-651
-652
662
-661
-664
-666
654
-656
-464
461
-641
646
-431
434
631
-634
241
-246
-247
-261
266
-346
347
-296
396
-397
-398
298
-297
227
-228
-327
328
-683
687
693
-697
-187
184
-194
197
-884
888
894
-898
