138
-131
-132
-133
-134
-135
-136
-137
-139
-118
-128
-218
-228
-238
-318
-328
-338
-148
-158
-168
-178
-188
-198
-438
-538
-638
-738
-838
-938
155
-151
-152
-153
-154
-156
-157
-159
-145
-165
-245
-255
-265
-345
-355
-365
-115
-125
-175
-185
-195
-455
-555
-655
-755
-855
-955
171
-172
-173
-174
-176
-177
-179
-181
-191
-271
-281
-291
-371
-381
-391
-111
-121
-141
-161
-471
-571
-671
-771
-871
-971
264
-261
-262
-263
-266
-267
-268
-269
-144
-164
-244
-254
-344
-354
-364
-214
-224
-234
-274
-284
-294
-464
-564
-664
-764
-864
-964
283
-282
-285
-286
-287
-288
-289
-183
-193
-273
-293
-373
-383
-393
-213
-223
-233
-243
-253
-483
-583
-683
-783
-883
-983
313
-311
-312
-314
-315
-316
-317
-319
-113
-123
-323
-333
-343
-353
-363
-413
-513
-613
-713
-813
-913
346
-341
-342
-347
-348
-349
-146
-166
-246
-256
-356
-366
-326
-336
-376
-386
-396
-446
-546
-646
-746
-846
-946
358
-351
-352
-357
-359
-248
-258
-368
-378
-388
-398
-458
-558
-658
-758
-858
-958
377
-372
-374
-375
-379
-187
-197
-277
-297
-387
-397
-327
-337
-367
-477
-577
-677
-777
-877
-977
385
-382
-384
-389
-275
-295
-395
-325
-335
-485
-585
-685
-785
-885
-985
392
-394
-399
-182
-192
-272
-292
-322
-332
-362
-492
-592
-692
-792
-892
-992
442
-441
-443
-444
-445
-447
-448
-449
-452
-462
-542
-552
-562
-642
-652
-662
-412
-422
-432
-472
-482
-142
-242
-742
-842
-942
454
-451
-453
-456
-457
-459
-544
-554
-644
-654
-414
-424
-434
-474
-484
-494
-754
-854
-954
493
-491
-495
-496
-497
-498
-499
-473
-573
-593
-673
-693
-423
-433
-463
-793
-893
-993
517
-511
-512
-514
-515
-516
-518
-519
-417
-427
-437
-527
-537
-617
-627
-637
-547
-557
-567
-587
-597
-117
-217
-717
-817
-917
598
-591
-594
-595
-596
-599
-478
-488
-578
-588
-678
-688
-698
-528
-548
-568
-298
278
-276
-279
-778
-878
-978
-798
-898
-998
615
-611
-612
-614
-616
-618
-619
-415
-425
-435
-525
-535
-625
-635
-645
-665
-675
-695
-215
-715
-815
-915
656
-651
-653
-657
-659
-466
-556
-566
-666
-626
-636
-676
-686
-696
-756
-856
-956
668
-661
-663
-667
-669
-468
-648
-628
-768
-868
-968
716
-711
-712
-714
-718
-719
-726
-736
-816
-826
-836
-916
-926
-936
-766
-776
-786
-796
-116
-216
-416
721
-722
-723
-724
-725
-727
-728
-729
-731
-811
-821
-831
-911
-921
-931
-741
-751
-761
-781
-791
-221
-321
-421
-521
-621
737
-732
-733
-734
-735
-739
-827
-837
-927
-937
-747
-757
-767
-787
-797
-237
753
-752
-759
-743
-763
-843
-853
-863
-943
-953
-963
-773
-553
765
-762
-769
-745
-845
-865
-945
-965
-775
-795
545
-541
-543
-549
-465
-565
475
-476
-479
-575
-875
-975
794
-799
-774
-784
-874
-884
-894
-974
-984
-994
-744
-194
184
-186
-189
-114
-124
-584
-684
-694
825
-822
-823
-824
-828
-829
-835
-925
-935
-895
995
-991
-996
-997
-999
-225
235
-231
-232
-236
-239
844
-841
-847
-848
-849
-944
-814
-834
914
-912
-918
-919
-924
-934
933
-932
-939
-833
-923
873
-872
-876
-879
-973
-533
-633
957
-951
-952
-959
-857
-867
-947
-967
-987
-257
979
-972
-976
-779
772
-782
-882
-982
-789
788
-888
-988
-889
-899
-989
-748
749
948
-941
-949
-859
-869
-969
818
-812
-819
-928
839
-832
922
-929
-962
-418
428
-426
-429
-122
-222
-522
-622
-339
-439
-539
-639
-149
-249
-649
-572
-672
576
-574
-579
674
-679
-486
-586
436
-431
-526
-536
-624
-634
112
-119
-212
-162
252
-251
-259
-852
851
-861
-961
966
862
-866
-881
-891
981
-986
-551
559
-469
-569
-529
-589
-481
-581
582
-682
-532
632
-631
-681
691
-697
-699
-641
241
-247
-361
369
-169
-211
219
331
-334
324
-329
-129
-229
199
-196
296
-299
126
-127
-226
227
411
-419
-531
534
-524
523
-623
629
-461
467
561
-563
643
-647
-487
489
687
-689
-143
147
163
-167
886
-887
-896
897
