136
-131
-132
-133
-134
-135
-137
-138
-139
-116
-126
-216
-226
-236
-316
-326
-336
-146
-156
-166
-176
-186
-196
-436
-536
-636
-736
-836
-936
158
-151
-152
-153
-154
-155
-157
-159
-148
-168
-248
-258
-268
-348
-358
-368
-118
-128
-178
-188
-198
-458
-558
-658
-758
-858
-958
169
-161
-162
-163
-164
-165
-167
-149
-249
-259
-269
-349
-359
-369
-119
-129
-179
-189
-199
-469
-569
-669
-769
-869
-969
185
-181
-182
-183
-184
-187
-175
-195
-275
-285
-295
-375
-385
-395
-115
-125
-145
-485
-585
-685
-785
-885
-985
192
-191
-193
-194
-197
-172
-272
-282
-292
-372
-382
-392
-112
-122
-142
-492
-592
-692
-792
-892
-992
241
-242
-243
-244
-245
-246
-247
-141
-251
-261
-341
-351
-361
-211
-221
-231
-271
-281
-291
-441
-541
-641
-741
-841
-941
257
-252
-253
-254
-255
-256
-147
-267
-347
-357
-367
-217
-227
-237
-277
-287
-297
-457
-557
-657
-757
-857
-957
377
-371
-373
-374
-376
-378
-379
-177
-387
-397
-317
-327
-337
-477
-577
-677
-777
-877
-977
389
-381
-383
-384
-386
-388
-279
-289
-299
-399
-319
-329
-339
-489
-589
-689
-789
-889
-989
437
-431
-432
-433
-434
-435
-438
-439
-417
-427
-517
-527
-537
-617
-627
-637
-447
-467
-487
-497
-737
-837
-937
445
-442
-443
-444
-446
-448
-449
-455
-465
-545
-555
-565
-645
-655
-665
-415
-425
-475
-495
-345
-745
-845
-945
481
-482
-483
-484
-486
-488
-471
-491
-571
-581
-591
-671
-681
-691
-411
-421
-451
-461
-781
-881
-981
493
-494
-496
-498
-499
-473
-573
-583
-593
-673
-683
-693
-413
-423
-453
-463
-293
-393
-793
-893
-993
511
-512
-513
-514
-515
-516
-518
-519
-521
-531
-611
-621
-631
-551
-561
-111
-311
-711
-811
-911
524
-522
-523
-525
-526
-528
-529
-414
-424
-534
-614
-624
-634
-544
-554
-564
-574
-584
-594
-124
-224
-324
-724
-824
-924
579
-572
-575
-576
-578
-479
-599
-679
-699
-539
-549
-559
-779
-879
-979
619
-612
-613
-615
-616
-618
-419
-429
-629
-639
459
-452
-454
-456
-649
-659
-219
-719
-819
-919
-759
-859
-959
653
-651
-652
-654
-656
661
-662
-663
-664
-666
-667
-668
-543
-553
-563
-643
533
-532
-535
-538
-623
-633
595
-596
-597
-598
-675
-695
-233
-333
-733
-833
-933
-353
-753
-853
-953
-761
-861
-961
-795
-895
-995
722
-721
-723
-725
-726
-727
-728
-729
-712
-732
-812
-822
-832
-912
-922
-932
-742
-752
-762
-772
-782
-222
-322
-422
-622
747
-743
-744
-746
-748
-749
-767
-847
-867
-947
-967
-717
-787
-797
-547
-647
567
-562
-566
-568
-587
764
-763
-765
-766
-768
-754
-844
-854
-864
-944
-954
-964
-714
-734
-774
-784
-794
354
-352
-355
-356
-144
143
-263
-343
-363
-264
-344
-364
-113
-123
-173
-314
-334
-394
-843
-943
644
-642
-646
-648
-464
474
-472
-476
-478
-674
-684
-694
-174
171
-391
-121
127
-117
114
-214
-234
-814
-914
-827
-927
-771
-871
-971
-274
-874
-974
813
-815
-816
-817
-818
-713
-823
-913
-923
917
-915
-916
-918
-863
963
-962
-965
-966
-968
-873
-883
-973
-983
-987
-997
-213
-313
323
-321
-325
-328
331
-332
-335
-338
-223
-731
-831
-931
856
-851
-852
-855
-756
-846
-866
-946
-956
-826
-876
-886
-896
-556
552
-462
-542
412
-416
-418
-632
-582
-212
-312
232
-235
-238
-239
229
-225
-228
-262
716
-715
-718
-926
-776
-786
-796
-829
-929
-952
872
-875
-878
-882
-972
-982
-842
-862
942
-948
-949
849
-848
868
-865
-828
-838
-888
-898
-839
-899
-342
346
362
-365
-366
265
-266
-215
218
315
-318
-278
-288
-298
398
-396
-546
548
466
-468
-426
428
626
-625
-628
635
-638
586
-588
-676
-686
-696
-928
-735
-835
834
-934
-884
887
-897
-894
891
-791
-991
751
-755
-951
955
775
-773
-778
783
-788
-975
-821
825
921
-925
-935
-672
678
682
-687
-688
697
-698
273
-276
-283
976
-978
-986
-996
-286
284
-294
296
-984
988
994
-998
-999
-798
799
738
-739
-938
939
