123
-121
-122
-124
-125
-126
-127
-128
-129
-113
-133
-213
-223
-233
-313
-323
-333
-143
-153
-163
-173
-183
-193
-423
-523
-623
-723
-823
-923
154
-151
-152
-155
-156
-157
-158
-159
-144
-164
-244
-254
-264
-344
-354
-364
-114
-134
-174
-184
-194
-454
-554
-654
-754
-854
-954
165
-161
-162
-166
-167
-168
-169
-145
-245
-255
-265
-345
-355
-365
-115
-135
-175
-185
-195
-465
-565
-665
-765
-865
-965
172
-171
-176
-177
-178
-179
-182
-192
-272
-282
-292
-372
-382
-392
-112
-132
-142
-472
-572
-672
-772
-872
-972
297
-291
-293
-294
-295
-296
-298
-299
-187
-197
-277
-287
-377
-387
-397
-217
-227
-237
-247
-257
-267
-497
-597
-697
-797
-897
-997
369
-361
-362
-363
-366
-367
-368
-149
-249
-259
-269
-349
-359
-319
-329
-339
-379
-389
-399
-469
-569
-669
-769
-869
-969
475
-471
-473
-474
-476
-477
-478
-479
-485
-495
-575
-585
-595
-675
-685
-695
-415
-425
-435
-445
-455
-275
-375
-775
-875
-975
483
-481
-482
-484
-486
-487
-488
-489
-493
-573
-583
-593
-673
-683
-693
-413
-433
-443
-453
-463
-283
-383
-783
-883
-983
517
-511
-512
-513
-514
-515
-516
-518
-519
-417
-427
-437
-527
-537
-617
-627
-637
-547
-557
-567
-577
-587
-117
-317
-717
-817
-917
548
-541
-542
-543
-544
-545
-546
-549
-448
-458
-468
-558
-568
-648
-658
-668
-528
-538
-578
-588
-598
-148
-248
-348
-748
-848
-948
611
-612
-613
-614
-615
-616
-618
-619
-411
-421
-431
-521
-531
-621
-631
-641
-651
-661
-671
-681
-691
-111
-211
-311
-711
-811
-911
747
-741
-742
-743
-744
-745
-746
-749
-757
-767
-847
-857
-867
-947
-957
-967
-727
-737
-777
-787
-147
137
-131
-136
-138
-139
-327
-337
-837
-937
-347
357
-351
-352
-353
-356
-358
-447
-647
-457
467
-461
-462
-464
-466
-657
-667
751
-752
-753
-755
-756
-758
-759
-761
-841
-851
-861
-941
-951
-961
-721
-731
-771
-781
-791
-251
-451
-551
794
-792
-793
-795
-796
-798
-799
-774
-784
-874
-884
-894
-974
-984
-994
-714
-724
-734
-764
-394
-494
-594
-694
825
-821
-822
-824
-826
-827
-828
-829
-715
-725
-735
-815
-835
-915
-925
-935
927
-921
-922
-924
-926
-928
-929
785
-782
-786
-788
-789
-885
-895
-985
-995
-845
-855
-977
-987
-225
-325
-525
-625
-285
-385
395
-391
-393
-396
-398
-315
-335
215
-212
-214
-216
-218
-219
-235
832
-831
-833
-834
-836
-838
-839
931
-932
-933
-934
-936
-938
-939
-712
-722
-732
-812
-912
762
-763
-766
-768
-842
-852
-862
-942
-952
-962
-882
-892
-971
-981
-991
-231
-331
-232
-332
-432
-532
-632
-262
-562
-662
886
-881
-887
-888
-889
-776
-876
-896
-976
-986
-996
877
-871
-873
-878
-879
891
-893
-898
-899
-816
-846
-856
-866
-677
687
-682
-684
-686
-688
-689
-186
-286
-386
-586
-191
-491
441
-442
-444
-446
-449
-561
-141
146
-246
-256
-266
-346
181
-188
-189
-271
-281
-371
-381
-116
-196
-241
-341
261
-263
-268
258
-252
-253
-221
321
-322
-324
-326
-328
-228
-238
-278
-288
-646
-946
-858
-958
571
-574
-576
-579
-581
-591
993
-992
-998
-999
982
-988
-989
-773
-973
-913
-943
-953
-963
-582
388
-384
-198
199
-378
-279
-289
284
-274
-374
118
-119
-318
-338
-224
-234
-418
-718
-818
868
-863
-864
-968
-918
978
-979
-778
779
-719
-729
-739
674
-676
-678
-679
-584
589
-499
-599
-699
-529
-539
-559
-624
-634
-644
-664
564
-563
-566
-524
-534
424
-422
-426
-428
-429
-414
-434
334
-336
-314
663
-666
-553
-643
-653
533
-535
-536
-633
635
-636
-638
-639
555
-552
-556
-645
-655
-733
713
-716
-813
945
-944
-949
-955
844
-843
-849
853
-859
-964
966
-956
959
-814
819
914
-916
-919
-419
649
-642
-459
-659
439
-436
-438
628
-622
-626
-629
498
-492
-496
-698
-728
726
-736
738
-226
-526
522
-412
416
452
-456
-652
656
-592
596
692
-696
312
-316
-222
229
236
-239
242
-243
-342
343
273
-276
-373
376
