144
-141
-142
-143
-145
-146
-147
-148
-149
-154
-164
-244
-254
-264
-344
-354
-364
-114
-124
-134
-174
-184
-194
-444
-544
-644
-744
-844
-944
168
-161
-162
-163
-165
-166
-167
-169
-158
-248
-258
-268
-348
-358
-368
-118
-128
-138
-178
-188
-198
-468
-568
-668
-768
-868
-968
182
-181
-183
-185
-186
-187
-189
-172
-192
-272
-282
-292
-372
-382
-392
-112
-122
-132
-152
-482
-582
-682
-782
-882
-982
223
-221
-222
-224
-225
-226
-227
-228
-229
-113
-123
-133
-213
-233
-313
-323
-333
-243
-253
-263
-273
-283
-293
-423
-523
-623
-723
-823
-923
275
-271
-274
-276
-277
-278
-279
-175
-195
-285
-295
-375
-385
-395
-215
-235
-245
-255
-265
-475
-575
-675
-775
-875
-975
341
-342
-343
-345
-346
-347
-349
-151
-241
-251
-261
-351
-361
-311
-321
-331
-371
-381
-391
-441
-541
-641
-741
-841
-941
453
-451
-452
-454
-455
-456
-457
-458
-459
-443
-463
-543
-553
-563
-643
-653
-663
-413
-433
-473
-483
-493
-153
-353
363
-362
-365
-366
-367
-369
-373
-383
-393
-753
-853
-953
-763
-863
-963
476
-471
-472
-474
-477
-478
-479
-486
-496
-576
-586
-596
-676
-686
-696
-416
-426
-436
-446
-466
-176
-376
-776
-876
-976
495
-491
-492
-494
-497
-498
-499
-485
-585
-595
-685
-695
-415
-425
-435
-445
-465
-795
-895
-995
514
-511
-512
-513
-515
-516
-517
-518
-519
-414
-424
-434
-524
-534
-614
-624
-634
-554
-564
-574
-584
-594
-214
-314
-714
-814
-914
557
-551
-552
-555
-556
-558
-559
-447
-467
-547
-567
-647
-657
-667
-527
-537
-577
-587
-597
-157
-257
-357
-757
-857
-957
611
-612
-613
-615
-616
-617
-618
-619
-411
-421
-431
-521
-531
-621
-631
-651
-661
-671
-681
-691
-111
-211
-711
-811
-911
725
-721
-722
-724
-726
-727
-728
-729
-715
-735
-815
-825
-835
-915
-925
-935
-745
-755
-765
-785
-125
-325
-525
-625
756
-751
-752
-754
-758
-759
-746
-766
-846
-856
-866
-946
-956
-966
-716
-736
-786
-796
-156
-256
-356
-656
777
-771
-772
-773
-774
-778
-779
-787
-797
-877
-887
-897
-977
-987
-997
-717
-737
-747
-767
-177
-377
-677
842
-843
-845
-847
-848
-849
-742
-762
-852
-862
-942
-952
-962
-812
-822
-832
-872
-892
-242
-442
-542
-642
984
-981
-983
-985
-986
-988
-989
-784
-794
-874
-884
-894
-974
-994
885
-881
-883
-886
-888
-889
-855
-865
-924
-934
-954
-964
-284
-384
-484
464
-461
-462
-469
561
-562
-565
-566
-569
-654
-664
481
-487
-488
-489
-571
-581
-591
854
-851
-858
-859
-764
-864
734
-731
-732
-733
-738
-739
-824
-834
324
-322
-326
-327
-328
-329
-234
-334
294
-291
-296
-297
-298
-299
-374
-394
951
-955
-958
-959
-761
769
-861
-961
-749
-869
867
-947
-967
-949
-969
965
-945
-719
-789
-799
-817
-827
-837
-921
-931
-971
-991
247
-246
-249
266
-262
-267
-269
-216
-236
-286
-217
-237
-287
658
-652
-655
-659
662
-665
-666
-669
-448
449
-548
-648
-549
-649
-419
-429
-439
-622
-632
-672
-692
-628
-638
-678
-688
-698
674
-673
-679
-684
-694
-281
231
-232
-238
-239
-121
-131
821
-826
-828
-829
-831
-871
-891
171
-173
-179
-191
193
-196
-197
-199
-781
791
-792
-793
-798
712
-713
-718
-912
-922
-932
-212
252
-259
-352
-312
332
-335
-336
-337
-338
-339
-412
-432
422
-427
-428
-522
-532
386
-387
-388
-389
-396
397
-398
-399
-316
-317
687
-683
-689
-697
-627
-637
-593
-693
699
-579
-589
-599
633
-635
-636
-639
-533
535
-536
-538
-539
-545
546
645
-646
-526
626
-629
529
-528
-126
-926
928
-927
-929
-818
-838
-918
-938
-948
943
-743
748
783
-788
-873
-893
-973
-993
-913
-933
-978
-998
813
-816
-819
-833
127
-129
-117
-137
-135
438
-437
417
-418
-917
937
-936
-939
573
-572
-578
592
-598
-583
588
972
-979
-992
-288
289
378
-379
218
-219
-318
-878
879
898
-896
-899
996
-999
836
-839
-916
919
116
-115
-119
315
-319
-136
139
155
-159
-355
359
