121
-122
-123
-124
-125
-126
-127
-128
-129
-111
-131
-211
-221
-231
-311
-321
-331
-141
-151
-161
-171
-181
-191
-421
-521
-621
-721
-821
-921
183
-182
-184
-185
-186
-187
-188
-189
-173
-193
-273
-283
-293
-373
-383
-393
-113
-133
-143
-153
-163
-483
-583
-683
-783
-883
-983
258
-251
-252
-253
-254
-255
-256
-257
-259
-148
-158
-168
-248
-268
-348
-358
-368
-218
-228
-238
-278
-288
-298
-458
-558
-658
-758
-858
-958
274
-271
-272
-275
-276
-277
-279
-174
-194
-284
-294
-374
-384
-394
-214
-224
-234
-244
-264
-474
-574
-674
-774
-874
-974
352
-351
-353
-354
-355
-356
-357
-359
-142
-152
-162
-242
-262
-342
-362
-312
-322
-332
-372
-382
-392
-452
-552
-652
-752
-852
-952
441
-442
-443
-444
-445
-446
-447
-448
-449
-451
-461
-541
-551
-561
-641
-651
-661
-411
-431
-471
-481
-491
-241
-341
-741
-841
-941
469
-462
-463
-464
-465
-466
-467
-468
-459
-549
-559
-569
-649
-659
-669
-419
-429
-439
-479
-489
-499
-169
-269
-369
-769
-869
-969
476
-472
-473
-475
-477
-478
-486
-496
-576
-586
-596
-676
-686
-696
-416
-426
-436
-456
-176
-376
-776
-876
-976
515
-511
-512
-513
-514
-516
-517
-518
-519
-415
-425
-435
-525
-535
-615
-625
-635
-545
-555
-565
-575
-585
-595
-115
-215
-315
-715
-815
-915
572
-571
-573
-577
-578
-579
-482
-492
-582
-592
-672
-682
-692
-522
-532
-542
-562
-172
-772
-872
-972
637
-631
-632
-633
-634
-636
-638
-639
-417
-427
-437
-527
-537
-617
-627
-647
-657
-667
-677
-687
-697
-137
-237
-337
-737
-837
-937
643
-642
-644
-645
-646
-648
662
-663
-664
-665
-666
-668
-453
-543
-553
-563
-653
-612
-622
-613
-623
-673
-693
-243
-343
-743
-843
-943
-762
-862
-962
712
-711
-713
-714
-716
-717
-718
-719
-722
-732
-812
-822
-832
-912
-922
-932
-742
-782
-792
-112
-212
-412
757
-751
-753
-754
-755
-756
-759
-747
-767
-847
-857
-867
-947
-957
-967
-727
-777
-787
-797
-157
-457
-557
846
-842
-844
-845
-848
-849
942
-944
-945
-946
-948
-949
-746
-766
-856
-866
-956
-966
-816
-826
-836
-886
-896
-982
-992
-146
-246
-346
-546
881
-882
-884
-885
-887
-888
-889
-771
-781
-791
-871
-891
-971
-981
-991
892
-893
-894
-895
-897
-898
-899
-811
-831
-851
-861
951
-953
-954
-955
-959
-761
-961
731
-733
-734
-735
-736
-738
-739
-911
-931
611
-614
-616
-618
-619
-531
-671
-681
-691
853
-854
-855
-859
-763
-863
-963
749
-744
-745
-748
-729
-779
-789
-799
-813
-823
-833
-873
548
-544
-547
567
-564
-566
-568
-587
-597
-528
-538
-588
-598
-149
-249
-349
159
-154
-155
-156
-119
-139
-179
-199
-167
-267
-367
371
-375
-377
-378
-379
-281
-291
-381
-391
261
-263
-265
-266
-361
363
-364
-365
-366
166
-164
-165
-116
-136
-196
-313
-323
-333
-581
591
-593
-594
-599
493
-494
-495
-497
-498
487
-484
-485
-488
-413
-423
-433
455
-454
-655
282
-285
-286
-287
-289
-192
-292
132
-134
-135
-138
-222
-232
422
-424
-428
-432
-387
-987
-793
-993
918
-913
-914
-916
-917
-919
-728
-818
-828
-838
-928
-938
-968
-978
-988
-998
213
-216
-217
-219
-223
-233
316
-314
-317
-318
-319
-226
-236
-326
-336
296
-295
-297
-299
-386
-396
-118
-418
414
-434
438
-524
-534
-624
-628
-114
117
-227
-327
144
-145
-147
-344
-177
-197
397
-395
-398
-399
389
-385
-388
247
-245
345
-347
-325
-335
-329
-339
-814
-817
819
-829
-839
-929
-939
-879
328
-324
334
-338
-834
835
-725
-825
-925
-935
-865
-875
225
-229
-235
239
-934
-539
-589
584
-684
-694
-554
556
654
-656
-526
-536
533
-523
529
626
-629
-726
-926
936
-933
-986
-996
-784
-984
786
-785
-788
-796
688
-685
-689
-678
-698
985
-989
-775
-795
-975
-995
765
-764
-768
-965
964
-864
868
824
-827
-724
723
-923
-924
927
-773
778
973
-977
-979
-798
794
-994
-878
877
-997
999
-178
175
-195
198
-675
679
695
-699
