122
-121
-123
-124
-125
-126
-127
-128
-129
-112
-132
-212
-222
-232
-312
-322
-332
-142
-152
-162
-172
-182
-192
-422
-522
-622
-722
-822
-922
144
-141
-143
-145
-146
-147
-148
-149
-154
-164
-244
-254
-264
-344
-354
-364
-114
-134
-174
-184
-194
-444
-544
-644
-744
-844
-944
155
-151
-153
-156
-157
-158
-159
-165
-245
-255
-265
-345
-355
-365
-115
-135
-175
-185
-195
-455
-555
-655
-755
-855
-955
191
-193
-196
-197
-198
-199
-171
-181
-271
-281
-291
-371
-381
-391
-111
-131
-161
-491
-591
-691
-791
-891
-991
223
-221
-224
-225
-226
-227
-228
-229
-113
-133
-213
-233
-313
-323
-333
-243
-253
-263
-273
-283
-293
-423
-523
-623
-723
-823
-923
242
-241
-246
-247
-248
-249
-252
-262
-342
-352
-362
-272
-282
-292
-442
-542
-642
-742
-842
-942
285
-284
-286
-287
-288
-289
-275
-295
-375
-385
-395
-215
-235
-485
-585
-685
-785
-885
-985
294
-296
-297
-298
-299
-274
-374
-384
-394
-214
-234
-494
-594
-694
-794
-894
-994
311
-314
-315
-316
-317
-318
-319
-211
-231
-321
-331
-341
-351
-361
-411
-511
-611
-711
-811
-911
368
-363
-366
-367
-369
-168
-258
-268
-348
-358
-328
-338
-378
-388
-398
-468
-568
-668
-768
-868
-968
416
-412
-413
-414
-415
-417
-418
-419
-426
-436
-516
-526
-536
-616
-626
-636
-446
-456
-466
-476
-486
-496
-116
-216
-716
-816
-916
432
-431
-433
-434
-435
-437
-438
-439
-512
-532
-612
-632
-452
-462
-472
-482
-492
-732
-832
-932
477
-471
-473
-474
-475
-478
-479
-487
-497
-577
-587
-597
-677
-687
-697
-427
-447
-457
-467
-177
-277
-377
-777
-877
-977
514
-513
-515
-517
-518
-519
-424
-524
-534
-614
-624
-634
-554
-564
-574
-584
-714
-814
-914
596
-592
-593
-595
-598
-599
-576
-586
-676
-686
-696
-546
-556
-566
-396
-796
-896
-996
621
-625
-627
-628
-629
-421
-521
-531
-631
-641
-651
-661
-671
-681
-721
-821
-921
639
-633
-635
-637
-638
-429
-529
-539
-619
-649
-659
-669
-679
-689
-699
-139
-239
-339
-739
-839
-939
672
-673
-674
-675
-678
-572
-582
-682
-692
-652
-662
-372
-772
-872
-972
695
-693
-698
-495
-575
-615
-645
-665
-795
-895
-995
741
-743
-745
-746
-747
-748
-749
-751
-761
-841
-851
-861
-941
-951
-961
-731
-771
-781
-441
-541
797
-792
-793
-798
-799
-787
-887
-897
-987
-997
-717
-727
-737
-757
-767
-397
815
-812
-813
-817
-818
-819
-715
-725
-735
-825
-835
-915
-925
-935
-845
-865
-875
829
-824
-826
-827
-828
-719
-729
-919
-929
-849
-859
-869
-879
-889
-899
-329
864
-862
-863
-866
-867
-754
-764
-854
-954
-964
-834
-874
-884
-464
-664
886
-881
-882
-883
-888
-776
-786
-876
-976
-986
-836
-846
-856
-186
-386
917
-912
-913
-918
712
-713
-718
-837
-927
-937
-752
-762
-782
-947
-957
-967
613
-617
-618
-533
-643
-653
-663
-683
-117
-217
959
-952
-953
-956
-958
-759
-769
-949
-969
-979
-989
-999
-259
-359
-459
-559
965
-962
-963
-966
852
-853
-857
-858
-765
-945
847
-843
-848
775
-773
-774
-778
-779
-975
789
-783
-784
-788
-892
-347
-547
-647
-552
562
-561
-563
-565
-567
-569
-465
974
-971
-973
-978
-984
-924
-934
-189
-389
-489
-589
981
-982
-983
-988
-871
992
-993
-998
831
-833
-838
-931
571
-573
-578
-579
-481
-581
499
-493
-498
-449
-469
549
-543
-545
-548
445
-443
-448
-425
428
-528
-538
-458
-488
-551
-728
-928
926
-726
724
-734
-736
-936
-946
-324
334
-335
-336
-337
325
-326
-327
-525
527
535
-537
-557
-349
382
-383
-387
-392
187
-183
-188
-137
237
-236
-238
136
-138
-166
-176
-167
-257
-267
357
-353
-356
-657
667
-666
898
-893
873
-878
-173
163
-169
-343
346
-256
251
-261
-266
269
276
-278
-279
-376
178
-179
-118
119
218
-219
943
-948
-753
-763
766
-756
758
733
-738
-933
938
-646
648
656
-654
-658
454
-451
-453
461
-463
553
-558
483
-484
-583
588
684
-688
-373
379
393
-399
