147
-141
-142
-143
-144
-145
-146
-148
-149
-157
-167
-247
-257
-267
-347
-357
-367
-117
-127
-137
-177
-187
-197
-447
-547
-647
-747
-847
-947
184
-181
-182
-183
-185
-186
-188
-189
-174
-194
-274
-284
-294
-374
-384
-394
-114
-124
-134
-154
-164
-484
-584
-684
-784
-884
-984
191
-192
-193
-195
-196
-198
-199
-171
-271
-281
-291
-371
-381
-391
-111
-121
-131
-151
-161
-491
-591
-691
-791
-891
-991
259
-251
-252
-253
-254
-255
-256
-258
-159
-169
-249
-269
-349
-359
-369
-219
-229
-239
-279
-289
-299
-459
-559
-659
-759
-859
-959
293
-292
-295
-296
-297
-298
-173
-273
-283
-373
-383
-393
-213
-223
-233
-243
-263
-493
-593
-693
-793
-893
-993
341
-342
-343
-344
-345
-346
-348
-241
-261
-351
-361
-311
-321
-331
-441
-541
-641
-741
-841
-941
376
-372
-375
-377
-378
-379
-176
-276
-286
-386
-396
-316
-326
-336
-356
-366
-476
-576
-676
-776
-876
-976
398
-392
-395
-397
-399
-178
-278
-288
-388
-318
-328
-338
-358
-368
-498
-598
-698
-798
-898
-998
417
-411
-412
-413
-414
-415
-416
-418
-419
-427
-437
-517
-527
-537
-617
-627
-637
-457
-467
-477
-487
-497
-217
-317
-717
-817
-917
432
-431
-433
-434
-435
-436
-438
-439
-422
-512
-522
-532
-612
-622
-632
-442
-452
-462
-472
-482
-492
-132
-232
-332
-732
-832
-932
453
-451
-454
-455
-456
-458
-443
-463
-543
-553
-563
-643
-653
-663
-423
-473
-483
-153
-353
-753
-853
-953
514
-511
-513
-515
-516
-518
-519
-424
-524
-534
-614
-624
-634
-544
-554
-564
-574
-594
-214
-314
-714
-814
-914
548
-542
-545
-546
-549
-448
-468
-558
-568
-648
-658
-668
-528
-538
-578
-588
-248
-748
-848
-948
567
-561
-562
-565
-566
-569
-557
-657
-667
-577
-587
-597
-767
-867
-967
592
-595
-596
-599
-572
-582
-672
-682
-692
-552
-792
-892
-992
623
-621
-625
-626
-628
-629
-523
-533
-613
-633
-673
-683
-123
-323
-723
-823
-923
655
-651
-652
-654
-656
-445
-465
-555
-645
-665
-615
-635
-675
-685
-695
-155
-355
-755
-855
-955
678
-671
-674
-677
-679
-478
-488
-688
428
-421
-425
-426
-429
-618
-638
-128
-228
-728
-828
-928
-778
-878
-978
696
-694
-697
-699
-486
-496
-586
-686
687
-681
-689
-616
-636
-646
-666
-287
-387
277
-272
-275
-227
-237
-777
-877
-977
-787
-887
-987
-796
-896
-996
713
-711
-712
-715
-716
-718
-719
-733
-813
-833
-913
-933
-743
-763
-773
-783
-113
-313
736
-731
-734
-735
-737
-738
-739
-726
-816
-826
-836
-916
-926
-936
-746
-756
-766
-786
-136
-236
-536
526
-521
-525
-529
535
-531
-539
-575
-585
-556
551
-461
-661
-571
-581
-126
-226
-135
-235
-335
-835
-935
-751
-851
-951
761
-762
-764
-765
-768
-769
-861
-961
-721
-771
-781
818
-811
-812
-815
-819
-838
-918
-938
-858
-868
-888
-118
-218
852
-854
-856
-857
-742
-752
-842
-862
-942
-952
-962
-822
-872
-882
-152
-352
354
-244
-264
-364
-324
-334
-754
-954
911
-912
-915
-919
-821
-831
-921
-931
-971
-981
-211
-611
619
631
-639
-649
-669
-119
-319
221
-222
-224
-225
-231
234
-238
138
-133
-139
333
-337
-339
327
-322
-325
-329
129
-122
-125
163
-162
-165
-166
-168
-363
-158
156
-246
-266
268
-262
-265
-116
216
-212
-215
-179
389
-382
-385
-727
-827
-927
-729
-829
-929
-834
-934
-956
-863
-963
-968
-489
-589
583
-573
579
-479
-499
-779
-879
-979
-883
-983
-789
-889
-989
924
-922
-925
722
-724
-725
-824
825
-772
-782
-845
-865
-875
-885
-895
-944
-964
-974
-994
969
-965
-966
-749
-849
-869
-949
799
-794
-795
-797
-899
-999
757
-758
-957
958
788
-785
-988
839
-837
937
-939
897
-894
-997
995
-775
774
-874
-975
-985
-744
745
-945
-245
242
-362
365
-282
285
172
-175
-112
115
312
-315
-642
644
662
-664
-444
-464
-844
864
-866
449
-446
466
-469
-972
973
982
-986
-873
871
-881
886
843
-846
-943
946
-471
481
-485
-474
475
494
-495
