122
-121
-123
-124
-125
-126
-127
-128
-129
-112
-132
-212
-222
-232
-312
-322
-332
-142
-152
-162
-172
-182
-192
-422
-522
-622
-722
-822
-922
151
-153
-154
-155
-156
-157
-158
-159
-141
-161
-241
-251
-261
-341
-351
-361
-111
-131
-171
-181
-191
-451
-551
-651
-751
-851
-951
187
-183
-184
-185
-186
-188
-189
-177
-197
-277
-287
-297
-377
-387
-397
-117
-137
-147
-167
-487
-587
-687
-787
-887
-987
213
-211
-214
-215
-216
-217
-218
-219
-113
-133
-223
-233
-313
-323
-333
-243
-253
-263
-273
-283
-293
-413
-513
-613
-713
-813
-913
226
-221
-224
-225
-227
-228
-229
-116
-136
-236
-316
-326
-336
-246
-256
-266
-276
-286
-296
-426
-526
-626
-726
-826
-926
272
-271
-274
-275
-278
-279
-282
-292
-372
-382
-392
-242
-252
-262
-472
-572
-672
-772
-872
-972
317
-311
-314
-315
-318
-319
-237
-327
-337
-347
-357
-367
-417
-517
-617
-717
-817
-917
352
-353
-354
-355
-356
-358
-359
-342
-362
-452
-552
-652
-752
-852
-952
366
-363
-364
-365
-368
-369
-146
-166
-346
-376
-386
-396
-466
-566
-666
-766
-866
-966
383
-381
-384
-385
-388
-389
-173
-193
-373
-393
-343
-483
-583
-683
-783
-883
-983
399
-391
-394
-395
-398
-179
-199
-289
-299
-379
-329
-339
-349
-499
-599
-699
-799
-899
-999
433
-431
-432
-434
-435
-436
-437
-438
-439
-423
-523
-533
-623
-633
-443
-453
-463
-473
-493
-733
-833
-933
458
-454
-455
-456
-457
-459
-448
-468
-548
-558
-568
-648
-658
-668
-418
-428
-478
-488
-498
-258
-758
-858
-958
461
-462
-464
-465
-467
-469
-441
-541
-561
-641
-661
-411
-421
-471
-481
-491
-761
-861
-961
486
-482
-484
-485
-489
-476
-496
-576
-586
-596
-676
-686
-696
-416
-446
-786
-886
-986
511
-512
-514
-515
-516
-518
-519
-521
-531
-611
-621
-631
-571
-581
-591
-711
-811
-911
592
-593
-594
-595
-597
-598
-492
-582
-682
-692
-532
-542
-562
-792
-892
-992
627
-624
-625
-628
-629
-427
-527
-537
-637
-647
-657
-667
-677
-697
-727
-827
-927
642
-643
-644
-645
-646
-649
-442
-662
412
-414
-415
-419
-612
-632
-712
-812
-912
-742
-842
-942
656
-653
-654
-655
-659
-546
-556
536
-534
-535
-538
-539
-616
-636
-736
-836
-936
-756
-856
-956
674
-671
-673
-675
-678
-679
-474
-494
-574
-584
-684
-694
-614
-634
-664
-174
-374
-774
-874
-974
716
-714
-715
-718
-719
-816
-916
-746
-776
-796
721
-723
-724
-725
-728
-729
-731
-821
-831
-921
-931
-741
-771
-781
-791
-321
748
-743
-744
-745
-747
-749
-768
-848
-868
-948
-968
-738
-778
-788
-798
-148
-248
-348
759
-753
-754
-755
-757
-769
-849
-859
-869
-949
-959
-969
-739
-779
-789
-259
-559
795
-793
-794
-797
-775
-785
-875
-885
-895
-975
-985
-995
-735
-765
-195
-295
-495
497
-477
-577
-447
-695
-897
-997
835
-832
-834
-837
-838
-839
-815
-825
-915
-925
-935
-845
-855
-865
-135
-235
-335
-635
888
-881
-882
-884
-889
-878
-898
-978
-988
-998
862
-863
-864
-867
-762
-962
-818
-828
-288
-588
-688
896
-891
-893
-894
-876
-976
-996
-846
946
-941
-943
-944
-945
-947
841
-843
-844
-847
-871
176
-175
-178
-196
929
-923
-924
-928
823
-824
-829
-819
814
-734
-914
-934
-919
918
-938
-939
-853
-873
-854
857
-767
-957
-967
-877
879
-979
-989
-114
-118
-618
-429
-529
-257
-557
-479
475
-575
-585
589
-685
-579
-689
681
-691
-425
424
-524
-444
-445
449
-549
-569
-669
-324
-149
-249
-375
285
-281
-284
-245
-255
254
-144
-164
-244
247
-264
-344
345
-145
143
-163
-165
-265
-267
115
-119
-325
328
-138
-238
-338
-234
-294
194
-198
-134
139
334
-331
231
-239
168
-169
-268
269
-291
298
371
-378
-615
619
525
-528
638
-639
-545
-555
-565
665
-663
578
-573
693
-698
-543
544
-547
-554
553
-563
-564
567
-953
-954
955
-965
-971
-981
991
-993
-994
982
-984
-782
784
732
-737
-932
937
-764
763
-963
964
-773
777
973
-977
