128
-121
-122
-123
-124
-125
-126
-127
-129
-118
-138
-218
-228
-238
-318
-328
-338
-148
-158
-168
-178
-188
-198
-428
-528
-628
-728
-828
-928
137
-131
-132
-133
-134
-135
-136
-139
-117
-217
-227
-237
-317
-327
-337
-147
-157
-167
-177
-187
-197
-437
-537
-637
-737
-837
-937
155
-151
-152
-153
-154
-156
-159
-145
-165
-245
-255
-265
-345
-355
-365
-115
-175
-185
-195
-455
-555
-655
-755
-855
-955
176
-171
-172
-173
-174
-179
-186
-196
-276
-286
-296
-376
-386
-396
-116
-146
-166
-476
-576
-676
-776
-876
-976
214
-211
-212
-213
-215
-216
-219
-114
-224
-234
-314
-324
-334
-244
-254
-264
-274
-284
-294
-414
-514
-614
-714
-814
-914
293
-291
-292
-295
-297
-298
-299
-183
-193
-273
-283
-373
-383
-393
-223
-233
-243
-253
-263
-493
-593
-693
-793
-893
-993
341
-342
-343
-344
-346
-347
-348
-349
-141
-161
-241
-251
-261
-351
-361
-311
-321
-331
-371
-381
-391
-441
-541
-641
-741
-841
-941
388
-382
-384
-385
-387
-389
-278
-288
-378
-398
-358
-368
-488
-588
-688
-788
-888
-988
463
-461
-462
-464
-465
-466
-467
-468
-469
-443
-453
-543
-553
-563
-643
-653
-663
-413
-423
-433
-473
-483
-163
-363
-763
-863
-963
494
-491
-492
-495
-496
-497
-498
-499
-474
-484
-574
-584
-594
-674
-684
-694
-424
-434
-444
-454
-194
-394
-794
-894
-994
527
-521
-522
-523
-524
-525
-526
-529
-417
-427
-517
-617
-627
-547
-557
-567
-577
-587
-597
-727
-827
-927
548
-542
-544
-545
-546
-549
-448
-458
-558
-568
-648
-658
-668
-518
-538
-578
-598
-248
-748
-848
-948
616
-611
-612
-613
-615
-618
-619
-416
-426
-436
-516
-536
-626
-636
-646
-656
-666
-686
-696
-316
-716
-816
-916
685
-681
-682
-683
-687
-689
-475
-485
-575
-585
-595
-675
-695
-625
-635
-645
-665
-285
-785
-885
-985
698
-691
-692
-697
-699
-478
-678
-638
-798
-898
-998
789
-781
-782
-783
-784
-786
-787
-779
-799
-879
-889
-899
-979
-989
-999
-719
-729
-739
-749
-759
-769
-189
-289
-489
-589
792
-791
-795
-796
-797
-772
-872
-882
-892
-972
-982
-992
-712
-722
-732
-742
-752
-762
-192
-392
-592
832
-831
-833
-834
-835
-836
-838
-839
-812
-822
-912
-922
-932
-842
-852
-862
-232
-332
-432
-532
-632
865
-861
-864
-866
-867
-868
-869
-745
-765
-845
-945
-965
-815
-825
-875
-895
445
-442
-446
-447
-449
-565
-415
-425
-435
873
-871
-874
-877
-878
-773
-883
-973
-983
-813
-823
-843
-853
-573
-673
583
-581
-582
-586
-513
-533
929
-921
-923
-924
-925
-926
-819
-829
-919
-939
-949
-959
-969
-229
-329
-429
-629
946
-942
-943
-944
-947
-746
-756
-766
-846
-856
-956
-966
-936
-986
-996
-246
975
-971
-974
-977
-978
-775
-995
778
-771
-774
-777
-718
-738
-758
-768
-915
-935
374
-372
-375
-377
-379
-184
-354
-364
-275
395
-397
-399
-315
-325
-335
981
-984
-987
-881
-891
-991
997
884
-886
-887
896
-897
-824
-844
-854
-826
821
-711
-721
-731
-811
-911
-931
-851
-951
-961
-917
-957
-967
-221
-421
422
-412
-512
-622
-452
-472
-482
-621
-222
-322
-181
182
-272
-282
-112
312
-313
-319
-142
-162
-352
-362
-281
287
-277
-247
-257
-267
-481
486
-487
-596
-456
-111
231
-235
-236
-239
225
-226
191
-199
-271
279
-249
242
-252
-262
-259
-269
-725
-431
-531
-631
-642
-479
-579
-679
599
-591
-519
-539
-559
-569
113
-119
-323
326
-333
-336
339
-143
353
-356
-357
-359
367
-366
-369
-713
-913
918
-818
817
-717
715
-735
-938
-847
849
-859
-857
858
-958
-968
-515
511
-411
535
-534
-551
-561
-571
572
-672
-552
-562
-418
419
438
-439
-639
-459
-726
736
-733
-734
743
-744
-747
-753
-953
-723
724
933
-934
-754
-764
623
-624
-633
634
-644
-654
-664
144
-149
-164
169
647
-649
-457
451
-651
-661
-657
-667
-471
477
671
-677
-751
757
761
-767
-258
256
-266
268
-556
554
-564
566
-954
952
-962
964
-652
659
662
-669
