122
-121
-123
-124
-125
-126
-127
-128
-129
-112
-132
-212
-222
-232
-312
-322
-332
-142
-152
-162
-172
-182
-192
-422
-522
-622
-722
-822
-922
169
-161
-163
-164
-165
-166
-167
-168
-149
-159
-249
-259
-269
-349
-359
-369
-119
-139
-179
-189
-199
-469
-569
-669
-769
-869
-969
171
-173
-174
-175
-176
-177
-178
-181
-191
-271
-281
-291
-371
-381
-391
-111
-131
-141
-151
-471
-571
-671
-771
-871
-971
221
-223
-224
-225
-226
-227
-228
-229
-211
-231
-311
-321
-331
-241
-251
-261
-421
-521
-621
-721
-821
-921
234
-233
-235
-236
-237
-238
-239
-114
-134
-214
-314
-324
-334
-244
-254
-264
-274
-284
-294
-434
-534
-634
-734
-834
-934
272
-273
-275
-276
-277
-278
-279
-282
-292
-372
-382
-392
-242
-252
-262
-472
-572
-672
-772
-872
-972
347
-341
-342
-343
-344
-345
-346
-348
-147
-157
-247
-257
-267
-357
-367
-317
-327
-337
-377
-387
-397
-447
-547
-647
-747
-847
-947
352
-351
-353
-354
-355
-356
-358
361
-362
-363
-364
-365
-366
-368
-452
-552
-652
-752
-852
-952
-461
-561
-661
-761
-861
-961
376
-373
-374
-375
-378
-379
-186
-196
-286
-296
-386
-396
-316
-326
-336
-476
-576
-676
-776
-876
-976
412
-411
-413
-414
-415
-416
-417
-418
-419
-432
-512
-532
-612
-632
-442
-462
-482
-492
-712
-812
-912
433
-431
-435
-436
-437
-438
-439
-423
-513
-523
-533
-613
-623
-633
-443
-453
-463
-473
-483
-493
-133
-333
-733
-833
-933
444
-441
-445
-446
-448
-449
-454
-464
-544
-554
-564
-644
-654
-664
-424
-474
-484
-494
-144
154
-153
-155
-156
-158
-184
-194
-744
-844
-944
-754
-854
-954
451
-455
-456
-457
-458
-459
-541
-551
-641
-651
-481
-491
-751
-851
-951
515
-511
-514
-516
-517
-518
-519
-425
-525
-535
-615
-625
-635
-545
-555
-565
-575
-585
-595
-115
-215
-315
-715
-815
-915
542
-543
-546
-548
-549
-562
-642
-662
-582
-592
-742
-842
-942
578
-573
-574
-577
-579
-478
-488
-498
-588
-598
-678
-688
-698
-528
-538
-558
-568
-778
-878
-978
591
-593
-594
-596
-597
-599
-581
-681
-691
-531
-791
-891
-991
611
-614
-616
-617
-618
-619
-631
-711
-811
-911
679
-673
-674
-675
-677
-479
-489
-499
-589
-689
-699
429
-426
-427
-428
-529
-539
-629
-639
468
-465
-466
-467
-648
-658
-668
559
-553
-556
-557
-649
-659
-329
-729
-829
-929
-759
-859
-959
-268
-768
-868
-968
-779
-879
-979
692
-693
-694
-695
-696
-697
-682
-792
-892
-992
719
-713
-714
-716
-717
-718
-739
-819
-839
-919
-939
-749
-789
-799
-219
-319
339
-335
-338
-389
-399
731
-732
-735
-736
-737
-738
-831
-931
-741
-781
746
-743
-745
-748
-756
-766
-846
-856
-866
-946
-956
-966
-726
-786
-796
-146
-246
-646
762
-763
-764
-765
-767
-862
-962
-782
817
-813
-814
-816
-818
-727
-827
-837
-917
-927
-937
-857
-867
-877
-887
-897
914
-913
-916
-918
-724
-824
-924
-964
864
-863
-865
-874
-884
-894
-974
-984
-994
-117
-217
137
-135
-136
-138
325
-323
-328
116
-113
-118
-216
-187
-197
-385
-395
-725
-825
-925
-537
536
-526
-626
-636
-566
-586
-836
-936
-637
638
-628
-838
-938
774
-773
-775
-777
-784
-794
394
-393
-398
-384
832
-835
-932
935
-882
982
-981
-983
-985
-986
-987
-988
-989
881
-883
-885
-886
-888
-889
-841
941
-943
-945
-948
-949
849
-843
-845
-848
-899
999
-993
-995
-996
-997
-998
896
-893
-895
-898
-826
926
-923
-928
-955
-965
-975
958
-953
-957
-758
-858
828
-823
723
-728
-753
-783
-793
-258
289
-283
-285
-287
-288
297
-293
-295
-298
-299
193
-195
-198
-183
-383
388
185
-188
-143
-145
148
-248
218
-213
313
-318
-485
-685
-785
-788
787
-797
-977
973
-873
875
-795
798
755
-757
-855
853
-963
967
-253
-653
-255
256
-266
-655
-656
657
666
-663
-665
-667
645
-643
563
-567
-583
683
-684
-686
-687
584
-587
-524
527
624
-627
243
-245
-263
265
-475
477
495
-496
-497
486
-487
