136
-131
-132
-133
-134
-135
-137
-138
-139
-116
-126
-216
-226
-236
-316
-326
-336
-146
-156
-166
-176
-186
-196
-436
-536
-636
-736
-836
-936
181
-182
-183
-184
-185
-187
-188
-189
-171
-191
-271
-281
-291
-371
-381
-391
-111
-121
-141
-151
-161
-481
-581
-681
-781
-881
-981
232
-231
-233
-234
-235
-237
-238
-239
-112
-122
-212
-222
-312
-322
-332
-242
-252
-262
-272
-282
-292
-432
-532
-632
-732
-832
-932
244
-241
-243
-245
-246
-247
-248
-249
-144
-154
-164
-254
-264
-344
-354
-364
-214
-224
-274
-284
-294
-444
-544
-644
-744
-844
-944
288
-283
-285
-286
-287
-289
-178
-198
-278
-298
-378
-388
-398
-218
-228
-258
-268
-488
-588
-688
-788
-888
-988
299
-293
-295
-296
-297
-179
-199
-279
-379
-389
-399
-219
-229
-259
-269
-499
-599
-699
-799
-899
-999
313
-311
-314
-315
-317
-318
-319
-113
-123
-213
-223
-323
-333
-343
-353
-363
-373
-383
-393
-413
-513
-613
-713
-813
-913
345
-341
-342
-346
-347
-348
-349
-145
-155
-165
-255
-265
-355
-365
-325
-335
-375
-385
-395
-445
-545
-645
-745
-845
-945
351
-352
-356
-357
-358
-359
-251
-261
-361
-321
-331
-451
-551
-651
-751
-851
-951
374
-372
-376
-377
-174
-194
-384
-394
-324
-334
-474
-574
-674
-774
-874
-974
396
-392
-397
-276
-386
-366
-496
-596
-696
-796
-896
-996
423
-421
-422
-424
-425
-426
-427
-428
-429
-433
-523
-533
-623
-633
-443
-453
-463
-473
-483
-493
-723
-823
-923
475
-471
-472
-476
-477
-478
-479
-485
-495
-575
-585
-595
-675
-685
-695
-415
-435
-455
-465
-175
-275
195
-192
-193
-197
-115
-125
-775
-875
-975
-795
-895
-995
527
-521
-522
-524
-525
-526
-528
-529
-417
-437
-517
-537
-617
-627
-637
-547
-557
-567
-577
-587
-597
-127
-227
-327
-727
-827
-927
541
-542
-543
-546
-548
-549
-441
-461
-561
-641
-661
-511
-531
-571
-591
-741
-841
-941
556
-552
-553
-554
-555
-558
-559
-446
-456
-466
-566
-646
-656
-666
-516
-576
-586
-256
266
-263
-267
-756
-856
-956
-766
-866
-966
683
-682
-684
-686
-687
-689
-573
-583
-593
-673
-693
563
-562
-564
-565
-568
-569
-643
-653
-663
-163
-763
-863
-963
-783
-883
-983
735
-731
-733
-734
-737
-738
-739
-715
-725
-815
-825
-835
-915
-925
-935
-755
-765
-785
-535
515
-512
-514
-518
-519
-615
-625
-635
-215
225
-221
211
-217
-411
-611
-711
-811
-911
752
-753
-754
-757
-758
-759
-742
-762
-842
-852
-862
-942
-952
-962
-712
-722
-772
-782
-792
-152
-452
-652
869
-861
-864
-865
-867
-868
-749
-769
-849
-859
-949
-959
-969
-819
-829
-839
-879
-889
-169
-369
-469
-669
953
-954
-955
-957
-958
-743
-843
-853
-943
-933
833
-831
-834
-837
-838
-873
-893
-973
-993
143
-142
-147
-148
-149
-153
-253
257
-157
-167
-367
159
-158
-173
273
-277
-119
-129
-457
-657
-857
-459
-659
-773
793
-791
-794
-797
-798
978
-971
-972
-976
-977
-979
-778
-878
-898
-998
-918
-928
-938
-948
-968
-578
-678
982
-984
-985
-986
-987
-989
-872
-882
-892
-992
885
-884
-886
-887
-855
965
-961
-964
-967
761
-764
-767
-768
854
-858
-721
-771
-814
-824
-894
-912
-922
-454
458
-448
-468
-648
-658
-668
-418
-438
-498
-654
655
-665
-382
387
172
-177
-162
168
362
-368
117
-114
-118
124
-128
-337
-717
-817
-917
937
-931
-934
-939
-947
946
-746
-846
-916
-926
-997
-624
-724
-924
-462
-662
-572
579
-489
-589
-679
-539
-672
-779
789
-784
-786
-787
994
-991
714
-716
-718
-719
-914
919
-729
-929
921
-821
-414
-614
-419
-619
-621
-482
-582
584
-484
-494
-594
-694
592
-598
-492
-692
698
-691
-697
-534
538
-618
-628
-638
818
-812
-816
822
-826
-828
726
-728
-776
777
876
-871
-877
891
-897
-747
748
847
-848
-622
-626
629
-439
-639
449
-442
-447
642
-647
-649
412
-416
-612
616
486
-487
-676
328
-329
-338
339
671
-677
-491
497
431
-434
-631
634
464
-467
-664
667
