131
-132
-133
-134
-135
-136
-137
-138
-139
-111
-121
-211
-221
-231
-311
-321
-331
-141
-151
-161
-171
-181
-191
-431
-531
-631
-731
-831
-931
197
-192
-193
-194
-195
-196
-198
-199
-177
-187
-277
-287
-297
-377
-387
-397
-117
-127
-147
-157
-167
-497
-597
-697
-797
-897
-997
225
-222
-223
-224
-226
-227
-228
-229
-115
-125
-215
-235
-315
-325
-335
-245
-255
-265
-275
-285
-295
-425
-525
-625
-725
-825
-925
259
-251
-252
-253
-254
-256
-257
-258
-149
-159
-169
-249
-269
-349
-359
-369
-219
-239
-279
-289
-299
-459
-559
-659
-759
-859
-959
267
-261
-262
-263
-264
-266
-268
-247
-347
-357
-367
-217
-237
-467
-567
-667
-767
-867
-967
281
-282
-283
-284
-286
-288
-271
-291
-371
-381
-391
-241
-481
-581
-681
-781
-881
-981
374
-372
-373
-375
-376
-378
-379
-174
-184
-274
-294
-384
-394
-314
-324
-334
-344
-354
-364
-474
-574
-674
-774
-874
-974
438
-432
-433
-434
-435
-436
-437
-439
-418
-428
-518
-528
-538
-618
-628
-638
-448
-458
-468
-478
-488
-498
-238
-338
-738
-838
-938
493
-491
-492
-494
-495
-496
-499
-473
-483
-573
-583
-593
-673
-683
-693
-413
-423
-443
-453
-463
-293
-393
-793
-893
-993
566
-561
-562
-563
-564
-565
-568
-569
-446
-456
-466
-546
-556
-646
-656
-666
-516
-526
-536
-576
-586
-596
-166
-366
-766
-866
-966
599
-591
-592
-594
-595
-598
-479
-489
-579
-589
-679
-689
-699
-519
-529
-539
-549
-399
-799
-899
-999
619
-611
-612
-613
-614
-615
-616
-617
-419
-429
-629
-639
-649
-669
-119
-319
-719
-819
-919
623
-621
-622
-624
-626
-627
-513
-523
-533
-633
-643
-653
-663
-123
-323
-723
-823
-923
688
-682
-684
-685
-686
-687
-578
-588
-678
-698
-648
-658
-668
-188
-388
-788
-888
-988
742
-741
-743
-744
-745
-746
-747
-748
-749
-752
-762
-842
-852
-862
-942
-952
-962
-712
-722
-732
-772
-782
-792
-142
-242
-342
-442
-542
-642
777
-771
-773
-775
-776
-778
-779
-787
-877
-887
-977
-987
-717
-727
-737
-757
-477
-577
-677
824
-821
-822
-826
-827
-828
-829
-714
-724
-734
-814
-834
-914
-924
-934
-844
-854
-864
-884
-894
-124
-424
-524
839
-832
-833
-835
-836
-837
-729
-739
-929
-939
-849
-869
-879
-889
-339
937
-932
-933
-935
-936
-817
-917
-927
-947
-957
-337
-537
-637
943
-941
-944
-945
-946
-948
-949
-753
-763
-843
-853
-863
-953
-963
-913
-973
-983
-143
-243
-343
-543
553
-551
-552
-554
-555
-557
-558
548
-541
-544
-545
-547
-148
-248
-348
-848
449
-441
-444
-445
-447
-469
-153
-353
951
-954
-955
-956
-958
-751
-761
-841
-851
-861
-961
-911
-921
-971
-991
-351
-451
-651
968
-964
-965
-969
-758
-768
-858
-868
865
-755
-765
-845
-855
769
-764
754
-756
-784
-794
-789
-815
-875
-885
-895
-918
-928
-978
-998
-154
-454
-654
-165
-365
-465
-665
-168
-368
972
-975
-976
-979
-872
-882
-892
-982
-992
989
-984
-985
-986
994
-995
-996
812
-811
-813
-816
-818
-912
-922
926
-716
-726
-736
-916
915
-715
-735
733
-713
-783
-112
-212
-312
-412
-512
-415
-515
-126
-326
-426
-233
-333
-172
-272
-472
-572
-672
179
-173
-175
-176
-178
-189
-389
-129
329
-322
-327
-328
317
-313
-316
-318
-417
-517
-694
113
-114
-116
-118
-213
-163
363
-361
-362
341
-345
-346
-183
273
-276
-278
-383
-641
-873
883
-886
878
-871
-876
-798
-898
891
-896
-791
-691
-122
128
-218
-158
358
-352
-355
-356
298
-292
-296
-398
232
-234
-236
-332
336
214
-216
-244
246
-146
-156
186
-182
-185
-386
-396
-414
-514
511
-411
416
-421
-521
-636
-476
-486
-571
575
-475
471
-671
-485
-585
-675
676
-695
-696
692
-482
-582
-461
661
-662
-664
455
-452
-457
-645
-655
-535
635
-632
-634
534
-532
522
-527
-422
427
462
-464
-652
657
644
-647
484
-487
-584
587
-711
718
721
-728
-144
145
164
-162
152
-155
-846
847
856
-857
382
-385
-392
395
785
-786
-795
796
