174
-171
-172
-173
-175
-176
-177
-178
-179
-184
-194
-274
-284
-294
-374
-384
-394
-114
-124
-134
-144
-154
-164
-474
-574
-674
-774
-874
-974
182
-181
-183
-185
-186
-187
-188
-189
-192
-272
-282
-292
-372
-382
-392
-112
-122
-132
-142
-152
-162
-482
-582
-682
-782
-882
-982
218
-211
-212
-213
-214
-215
-216
-217
-219
-118
-128
-138
-228
-238
-318
-328
-338
-248
-258
-268
-278
-288
-298
-418
-518
-618
-718
-818
-918
255
-251
-252
-253
-254
-256
-257
-259
-145
-155
-165
-245
-265
-345
-355
-365
-225
-235
-275
-285
-295
-455
-555
-655
-755
-855
-955
351
-352
-353
-354
-356
-357
-358
-359
-141
-151
-161
-241
-261
-341
-361
-311
-321
-331
-371
-381
-391
-451
-551
-651
-751
-851
-951
423
-421
-422
-424
-425
-426
-427
-428
-429
-413
-433
-513
-523
-533
-613
-623
-633
-443
-453
-463
-473
-483
-493
-123
-223
-323
-723
-823
-923
444
-441
-442
-445
-446
-447
-448
-449
-454
-464
-544
-554
-564
-644
-654
-664
-414
-434
-484
-494
-244
-344
-744
-844
-944
467
-461
-462
-465
-466
-468
-469
-457
-547
-557
-567
-647
-657
-667
-417
-437
-477
-487
-497
-167
-267
-367
-767
-867
-967
586
-581
-583
-584
-585
-587
-588
-589
-476
-486
-496
-576
-596
-676
-686
-696
-516
-526
-536
-546
-556
-566
-286
-386
-786
-886
-986
595
-591
-592
-593
-594
-597
-598
-599
-475
-485
-495
-575
-675
-685
-695
-515
-525
-535
-545
-565
-195
-395
-795
-895
-995
642
-641
-643
-645
-646
-648
-649
-452
-542
-552
-562
-652
-662
665
-661
-663
-666
-668
-669
-612
-622
-632
-672
-692
-615
-625
-635
-242
-342
-742
-842
-942
-765
-865
-965
715
-711
-712
-713
-714
-716
-717
-719
-725
-735
-815
-825
-835
-915
-925
-935
-745
-775
-785
-115
-315
-415
435
-431
-432
-436
-438
-439
-135
125
-121
-126
-127
-129
-325
-335
731
-732
-733
-734
-736
-737
-738
-739
-721
-811
-821
-831
-911
-921
-931
-741
-761
-771
-781
-791
-131
-231
-531
-631
796
-792
-793
-794
-797
-798
-799
-776
-876
-896
-976
-996
-726
-746
-756
-766
-196
-296
-396
843
-841
-845
-846
-847
-848
-849
-743
-753
-763
-853
-863
-943
-953
-963
945
-941
-946
-947
-948
-949
-813
-833
-873
-883
-893
-975
-985
541
-543
-548
-549
-561
-511
-521
-571
-143
-243
-343
877
-871
-872
-875
-878
-879
885
-881
-884
-887
-888
-889
-777
-787
-897
-977
-987
-997
-817
-827
-837
-857
375
-373
-376
-377
-378
-379
-385
276
-271
-273
-277
-279
-226
-236
-246
-266
-577
-677
916
-912
-913
-914
-917
-919
933
-932
-934
-936
-937
-938
-939
-816
-826
-836
-926
-973
-983
-993
-956
-966
-116
-316
-416
456
-458
-459
-656
-616
-133
-233
-333
-156
-856
866
-861
-862
-864
-868
-869
961
-962
-964
-968
-969
891
-892
-894
-898
-899
-971
-981
-991
-166
-366
-191
111
-113
-117
-119
-221
313
-312
-314
-317
-319
-363
-383
-393
-411
-611
621
-624
-626
-627
-628
-629
636
-634
-637
-638
-639
-671
-681
-691
326
-322
-324
-327
-329
-136
-336
146
-147
-148
-149
-346
471
-472
-478
-479
-481
-491
281
-283
-287
-289
-291
-137
139
-229
-239
-339
-159
-169
-199
-539
-839
-153
157
-158
-247
249
-347
-269
-349
348
-168
163
-263
-368
-369
-193
293
-297
-299
-197
198
-388
-398
747
-748
-749
-757
-957
-727
927
-922
-924
-928
-929
-227
237
-232
-234
-337
-527
-537
517
-512
-514
-519
-617
-563
-693
-498
488
-489
-578
-678
-688
-698
658
-653
-659
553
-558
-559
-568
569
-573
-529
-579
572
-492
499
-679
673
-683
-689
-699
412
-419
-522
-532
619
-614
-812
814
-819
-724
-824
-834
-854
-758
-858
-958
768
-762
-764
-769
-728
-778
-788
-772
-972
992
-994
-998
-999
-952
-773
779
783
-784
-789
984
-988
-989
978
-979
754
-752
-759
852
-859
-954
959
722
-729
-822
-832
838
-828
829
-222
224
332
-334
262
-264
-362
364
-524
528
534
-538
-684
687
694
-697
-387
389
397
-399
