122
-121
-123
-124
-125
-126
-127
-128
-129
-112
-132
-212
-222
-232
-312
-322
-332
-142
-152
-162
-172
-182
-192
-422
-522
-622
-722
-822
-922
143
-141
-144
-145
-146
-147
-148
-149
-153
-163
-243
-253
-263
-343
-353
-363
-113
-133
-173
-183
-193
-443
-543
-643
-743
-843
-943
248
-241
-242
-244
-245
-246
-247
-249
-158
-168
-258
-268
-348
-358
-368
-218
-228
-238
-278
-288
-298
-448
-548
-648
-748
-848
-948
271
-272
-273
-274
-275
-276
-277
-279
-171
-181
-191
-281
-291
-371
-381
-391
-211
-221
-231
-251
-261
-471
-571
-671
-771
-871
-971
396
-392
-393
-394
-395
-397
-398
-399
-176
-186
-196
-286
-296
-376
-386
-316
-326
-336
-346
-356
-366
-496
-596
-696
-796
-896
-996
427
-421
-423
-424
-425
-426
-428
-429
-417
-437
-517
-527
-537
-617
-627
-637
-447
-457
-467
-477
-487
-497
-227
-327
-727
-827
-927
482
-481
-483
-484
-485
-486
-488
-489
-472
-492
-572
-582
-592
-672
-682
-692
-412
-432
-442
-452
-462
-282
-382
-782
-882
-982
513
-511
-512
-514
-515
-516
-518
-519
-413
-433
-523
-533
-613
-623
-633
-553
-563
-573
-583
-593
-213
-313
-713
-813
-913
541
-542
-544
-545
-546
-547
-549
-441
-451
-461
-551
-561
-641
-651
-661
-521
-531
-581
-591
-341
-741
-841
-941
654
-652
-653
-655
-656
-657
-658
-659
-444
-454
-464
-554
-564
-644
-664
-614
-624
-634
-674
-684
-694
-154
-254
-354
-754
-854
-954
676
-673
-675
-677
-678
-679
-476
-576
-586
-686
-616
-626
-636
-646
-666
-776
-876
-976
718
-711
-712
-714
-715
-716
-717
-719
-728
-738
-818
-828
-838
-918
-928
-938
-758
-768
-778
-788
-798
-118
-318
-418
-618
731
-732
-733
-734
-735
-736
-737
-739
-721
-811
-821
-831
-911
-921
-931
-751
-761
-781
-791
-131
-331
-431
-631
775
-772
-773
-774
-777
-779
-785
-795
-875
-885
-895
-975
-985
-995
-725
-745
-755
-765
-175
-375
-475
-575
857
-851
-852
-853
-855
-856
-858
-859
-747
-757
-767
-847
-867
-947
-957
-967
-817
-837
-877
-887
-897
-157
-257
-357
-557
862
-861
-863
-864
-865
-866
-868
-869
-742
-752
-762
-842
-942
-952
-962
792
-793
-794
-797
-799
-872
-892
-972
-992
787
-783
-784
-786
-789
-977
-987
-997
-812
-832
-262
-362
-562
-662
372
-373
-374
-377
-378
-379
-292
252
-255
-256
-259
-342
-352
642
-645
-647
-649
-552
532
-534
-535
-536
-538
-539
-612
-632
912
-914
-915
-916
-917
-919
-932
937
-933
-934
-935
-936
-939
-137
-237
-337
347
-344
-345
-349
-167
-267
-367
-317
-387
-187
-287
-587
-687
983
-981
-984
-986
-988
-989
-873
-883
-893
-973
-993
886
-881
-884
-888
-889
891
-894
-898
-899
-991
-816
-826
-836
-846
878
-874
-879
-978
-998
-923
-953
-963
473
-474
-478
-479
-493
-683
-693
-453
-463
663
-665
-667
-668
-669
567
-565
-566
-568
-569
-577
-597
697
-691
-695
-698
-699
753
-756
-759
-763
-723
177
-174
-178
-179
-197
-297
-117
217
-214
-215
-216
-219
-578
681
-685
-688
-689
-491
411
-414
-415
-416
-419
-611
-621
-111
-311
321
-323
-324
-325
-328
-329
-351
-361
116
-114
-115
-119
-136
-226
-236
-156
-166
266
-264
-265
-269
436
-434
-435
-438
-439
524
-525
-526
-528
-529
494
-495
-498
-499
-574
579
-584
-594
-589
-599
-446
-456
-466
556
-555
-558
-559
-224
-724
-824
-924
628
-625
-629
-638
-956
-766
-966
974
-979
-994
999
-944
-964
-929
-949
-959
-969
-283
-383
293
-294
-295
-299
-223
-233
333
-334
-335
-338
-339
138
-134
-135
-139
-188
-198
388
-384
-385
-389
823
-825
-829
-833
-588
585
-595
598
-185
-285
195
-194
-199
-155
-165
151
-159
-161
-951
961
-965
-968
958
-955
-458
468
-465
-469
365
-364
-369
164
-169
-355
359
-184
189
284
-289
-234
314
-315
-319
-814
834
-835
-839
-844
744
-746
-749
-764
769
946
-945
845
-849
726
-729
-926
925
-815
819
615
-619
-635
639
-225
229
235
-239
-445
449
455
-459
