146
-141
-142
-143
-144
-145
-147
-148
-149
-156
-166
-246
-256
-266
-346
-356
-366
-116
-126
-136
-176
-186
-196
-446
-546
-646
-746
-846
-946
152
-151
-153
-154
-155
-157
-158
-159
-162
-242
-252
-262
-342
-352
-362
-112
-122
-132
-172
-182
-192
-452
-552
-652
-752
-852
-952
178
-171
-173
-174
-175
-177
-179
-188
-198
-278
-288
-298
-378
-388
-398
-118
-128
-138
-168
-478
-578
-678
-778
-878
-978
215
-211
-212
-213
-214
-216
-217
-218
-219
-115
-125
-135
-225
-235
-315
-325
-335
-245
-255
-265
-275
-285
-295
-415
-515
-615
-715
-815
-915
229
-221
-222
-223
-224
-226
-227
-228
-119
-129
-139
-239
-319
-329
-339
-249
-259
-269
-279
-289
-299
-429
-529
-629
-729
-829
-929
244
-241
-243
-247
-248
-164
-254
-264
-344
-354
-364
-234
-274
-284
-294
-444
-544
-644
-744
-844
-944
282
-281
-283
-286
-287
-272
-292
-372
-382
-392
-232
-482
-582
-682
-782
-882
-982
333
-331
-332
-334
-336
-337
-338
-113
-123
-133
-233
-313
-323
-343
-353
-363
-373
-383
-393
-433
-533
-633
-733
-833
-933
381
-384
-385
-386
-387
-389
-181
-191
-271
-291
-371
-391
-311
-321
-341
-351
-361
-481
-581
-681
-781
-881
-981
434
-431
-432
-435
-436
-437
-438
-439
-414
-424
-514
-524
-534
-614
-624
-634
-454
-464
-474
-484
-494
-134
-734
-834
-934
469
-461
-462
-463
-465
-466
-467
-468
-449
-459
-549
-559
-569
-649
-659
-669
-419
-479
-489
-499
-169
-369
-769
-869
-969
496
-491
-492
-493
-495
-497
-498
-476
-486
-576
-586
-596
-676
-686
-696
-416
-426
-456
-296
-396
-796
-896
-996
543
-541
-542
-545
-547
-548
-443
-453
-553
-563
-643
-653
-663
-513
-523
-573
-583
-593
-743
-843
-943
567
-561
-562
-564
-565
-566
-568
-447
-457
-557
-647
-657
-667
-517
-527
-537
-577
-587
-597
-167
-267
-367
-767
-867
-967
616
-611
-612
-613
-617
-618
-619
-516
-526
-536
-626
-636
556
-551
-554
-555
-558
-656
-666
-316
-716
-816
-916
-756
-856
-956
648
-641
-642
-645
-448
-458
-658
-668
-628
-638
-688
-698
-348
-748
-848
-948
679
-671
-672
-673
-674
-675
-677
-579
-589
-599
-689
-699
-639
-379
-779
-879
-979
721
-722
-723
-724
-725
-726
-727
-728
-711
-731
-811
-821
-831
-911
-921
-931
-741
-751
-761
-771
-791
-121
-421
-521
-621
773
-772
-774
-775
-776
-777
-783
-793
-873
-883
-893
-973
-983
-993
-713
-753
-763
-273
-473
827
-822
-823
-824
-825
-826
-828
-717
-737
-817
-837
-917
-927
-937
-847
-857
-877
-887
-897
-127
124
-114
-314
-324
-184
-194
-924
-327
-427
-627
862
-861
-863
-864
-865
-866
-868
-742
-762
-842
-942
-962
-812
-832
-872
-892
442
-441
-445
-662
-412
-422
-472
884
-885
-886
-888
-889
-784
-794
-874
-894
-974
-984
-994
-814
-854
-584
-684
899
-891
-895
-898
-789
-799
-989
-999
-819
-839
-849
-859
189
-183
-185
-187
-199
-399
935
-932
-936
-938
-939
-735
-835
-925
-945
-955
-965
-975
-985
-995
-535
-635
959
-951
-953
-954
-957
-958
-749
-759
-949
-919
349
-345
-347
-359
964
-961
-963
-966
-968
853
-851
-855
-858
-754
-764
766
-765
-768
758
-755
-757
714
-712
-718
-719
-914
739
-732
-736
-738
792
-795
-797
-798
-972
-992
-786
-788
-813
818
-838
836
-926
-918
-928
-876
-318
-418
-518
519
-511
-512
-539
326
-322
-328
312
-317
-236
238
-231
-237
276
-277
-376
-258
-268
-912
913
922
-923
-413
-522
-622
-538
-253
654
-651
-655
-664
-694
-358
368
-365
572
-571
-574
-575
-592
-692
594
-591
-595
-598
531
-532
-411
417
-631
632
-637
-477
-487
111
-117
-131
137
-161
-197
374
-375
-377
-394
-976
986
-987
-988
998
-991
-997
977
-971
871
-875
785
-787
-745
747
845
-841
941
-947
-471
475
691
-693
-695
-697
-485
-585
588
-685
687
-683
483
-488
451
-455
-661
665
-423
623
-625
-425
428
525
-528
-251
257
261
-263
163
-165
355
-357
-193
195
293
-297
-395
397
