121
-122
-123
-124
-125
-126
-127
-128
-129
-111
-131
-211
-221
-231
-311
-321
-331
-141
-151
-161
-171
-181
-191
-421
-521
-621
-721
-821
-921
153
-152
-154
-155
-156
-157
-158
-159
-143
-163
-243
-253
-263
-343
-353
-363
-113
-133
-173
-183
-193
-453
-553
-653
-753
-853
-953
187
-182
-184
-185
-186
-188
-189
-177
-197
-277
-287
-297
-377
-387
-397
-117
-137
-147
-167
-487
-587
-687
-787
-887
-987
241
-242
-244
-245
-246
-247
-248
-249
-251
-261
-341
-351
-361
-271
-281
-291
-441
-541
-641
-741
-841
-941
258
-252
-254
-255
-256
-257
-259
-148
-168
-268
-348
-358
-368
-218
-228
-238
-278
-288
-298
-458
-558
-658
-758
-858
-958
275
-272
-273
-274
-276
-279
-175
-195
-285
-295
-375
-385
-395
-215
-225
-235
-265
-475
-575
-675
-775
-875
-975
362
-364
-365
-366
-367
-369
-142
-162
-262
-342
-352
-312
-322
-332
-372
-382
-392
-462
-562
-662
-762
-862
-962
386
-381
-383
-384
-388
-389
-176
-196
-286
-296
-376
-396
-316
-326
-336
-346
-356
-486
-586
-686
-786
-886
-986
398
-391
-393
-394
-399
371
-373
-374
-378
-379
-178
-198
-318
-328
-338
-471
-571
-671
-771
-871
-971
-498
-598
-698
-798
-898
-998
439
-431
-432
-433
-434
-435
-436
-437
-438
-419
-429
-519
-529
-539
-619
-629
-639
-449
-459
-469
-479
-489
-499
-139
-239
-339
-739
-839
-939
465
-461
-463
-464
-466
-467
-468
-445
-455
-545
-555
-565
-645
-655
-665
-415
-425
-485
-495
-165
-765
-865
-965
472
-473
-474
-476
-477
-478
-482
-492
-572
-582
-592
-672
-682
-692
-412
-422
-442
-452
-172
-772
-872
-972
527
-522
-523
-524
-525
-526
-528
-417
-427
-517
-537
-617
-627
-637
-547
-557
-567
-577
-597
-227
-327
-727
-827
-927
581
-583
-584
-585
-588
-589
-481
-491
-591
-681
-691
-511
-531
-551
-561
-781
-881
-981
634
-631
-632
-633
-635
-636
-638
-414
-424
-514
-534
-614
-624
-644
-654
-664
-674
-684
-694
-134
-234
-334
-734
-834
-934
647
-642
-643
-646
-648
-649
-447
-457
-657
-667
497
-493
-494
-496
-677
-697
-347
-747
-847
-947
-797
-897
-997
676
-673
-678
-679
-576
-596
-696
-616
-626
-656
-666
-776
-876
-976
714
-711
-712
-713
-715
-716
-717
-718
-719
-724
-814
-824
-914
-924
-744
-754
-764
-774
-784
-794
-114
-214
-314
726
-722
-723
-725
-728
-729
-736
-816
-826
-836
-916
-926
-936
-746
-756
-766
-796
-226
-426
745
-742
-743
-748
-749
-755
-845
-855
-945
-955
-735
-785
-795
-145
-345
355
-354
-357
-359
267
-264
-266
-269
-217
-237
-315
-325
-335
-767
-867
-967
833
-831
-832
-835
-837
-838
-733
-813
-823
-913
-923
-933
-843
-863
-873
-883
-893
-233
-333
337
-317
-533
-737
-937
854
-851
-852
-856
-857
-859
-844
-864
-944
-954
-964
-874
-884
-894
-454
-554
861
-866
-868
-869
-751
-761
-951
-961
-811
-891
-661
925
-922
-928
-929
-815
-825
-915
-935
-985
-995
-625
957
-952
-956
-959
-757
777
-773
-778
-779
-877
-977
817
-812
-818
-819
-917
983
-982
-984
-988
-989
-783
-793
-973
-993
763
-768
-769
-943
-963
-563
-663
573
-574
-578
-579
-483
-593
-683
-693
-513
-543
443
-444
-446
-448
-413
-423
428
-418
-518
-538
-618
-628
484
-488
-594
688
-685
-689
-668
669
-549
-559
-569
-659
599
-595
695
-699
-615
-828
759
-752
-849
-949
-969
-789
-799
-169
-283
293
-292
-294
-299
-213
-223
-284
224
-222
-229
-324
344
-349
-144
-164
166
-146
149
-116
-136
-119
-179
174
-194
-199
192
-282
289
-112
-132
-219
-544
564
-566
-568
548
-542
-546
-848
-948
968
-966
-918
-938
738
-731
-732
791
-792
-991
782
-788
-882
-892
-992
-978
118
-115
135
-138
515
-512
-516
-535
931
-932
-911
-974
979
994
-996
-999
896
-895
-899
885
-888
-889
878
-879
-846
842
-942
946
-822
829
912
-919
-212
216
232
-236
-612
-416
411
-611
613
-623
622
-532
536
-451
456
651
-652
552
-556
-313
319
323
-329
