171
-172
-173
-174
-175
-176
-177
-178
-179
-181
-191
-271
-281
-291
-371
-381
-391
-111
-121
-131
-141
-151
-161
-471
-571
-671
-771
-871
-971
192
-193
-194
-195
-196
-197
-198
-199
-182
-272
-282
-292
-372
-382
-392
-112
-122
-132
-142
-152
-162
-492
-592
-692
-792
-892
-992
243
-241
-242
-244
-245
-246
-247
-248
-249
-143
-153
-163
-253
-263
-343
-353
-363
-213
-223
-233
-273
-283
-293
-443
-543
-643
-743
-843
-943
276
-274
-275
-277
-278
-279
-186
-286
-296
-376
-386
-396
-216
-226
-236
-256
-266
-476
-576
-676
-776
-876
-976
347
-341
-342
-344
-345
-346
-348
-349
-147
-157
-167
-257
-267
-357
-367
-317
-327
-337
-377
-387
-397
-447
-547
-647
-747
-847
-947
369
-361
-362
-364
-365
-366
-368
-149
-159
-169
-259
-269
-359
-319
-329
-339
-379
-389
-399
-469
-569
-669
-769
-869
-969
444
-441
-442
-445
-446
-448
-449
-454
-464
-544
-554
-564
-644
-654
-664
-414
-424
-434
-474
-484
-494
-144
-744
-844
-944
483
-481
-482
-485
-486
-487
-488
-489
-473
-493
-573
-583
-593
-673
-683
-693
-413
-423
-433
-453
-463
-183
-383
-783
-883
-983
512
-511
-513
-514
-515
-516
-517
-518
-519
-412
-422
-432
-522
-532
-612
-622
-632
-542
-552
-562
-572
-582
-212
-312
-712
-812
-912
555
-551
-553
-556
-557
-558
-559
-455
-465
-545
-565
-645
-655
-665
-525
-535
-575
-585
-595
-155
-255
-355
-755
-855
-955
611
-613
-614
-615
-616
-617
-618
-619
-411
-421
-431
-521
-531
-621
-631
-641
-651
-661
-681
-691
-211
-311
-711
-811
-911
758
-751
-752
-753
-754
-756
-757
-759
-748
-768
-848
-858
-868
-948
-958
-968
-718
-728
-738
-778
-788
-798
-158
-258
-358
-458
-658
772
-773
-774
-775
-777
-779
-782
-872
-882
-972
-982
-722
-732
-742
-762
-472
-672
682
-684
-685
-686
-687
-688
-689
-642
-652
-662
824
-821
-822
-823
-825
-826
-827
-828
-829
-714
-724
-734
-814
-834
-914
-924
-934
-854
-864
-874
-884
-894
-124
-224
-324
-524
-624
851
-852
-853
-856
-857
-859
-741
-761
-841
-861
-941
-951
-961
-831
-881
-891
541
-546
-548
-549
-451
-461
-561
491
-495
-496
-497
-498
-499
-581
-591
-251
-351
261
-262
-264
-265
-268
-221
-231
-791
-991
923
-921
-922
-925
-926
-927
-928
-929
-713
-723
-733
-813
-833
-913
-933
-953
-963
-973
-993
-123
-323
-523
-623
653
-656
-657
-659
-563
-663
533
-534
-536
-537
-538
-539
-633
634
-635
-636
-637
-638
-639
-674
-694
-133
113
-114
-115
-116
-117
-118
-119
-313
-333
-134
-234
-334
987
-981
-984
-985
-986
-988
-989
781
-784
-785
-786
-787
-789
-797
-877
-887
-897
-977
-997
-721
-731
931
-932
-935
-936
-937
-938
-939
832
-835
-836
-837
-838
-839
-842
-862
-917
-957
-967
321
-322
-325
-326
-328
-331
222
-225
-227
-228
-229
-232
-332
-252
254
352
-354
-356
-154
156
-164
-146
-166
184
-185
-187
-188
-189
-284
-294
-374
-384
-394
-126
-136
-214
314
-315
-316
-318
336
-335
-338
-436
-736
942
-945
-946
-949
-952
-962
-452
462
-466
-467
-468
-954
-456
-956
959
-749
-849
-919
-979
-999
649
-646
-648
-459
457
-567
-667
-417
-427
-437
-477
-629
-679
-699
148
-145
165
-168
-125
-135
-128
-138
-765
-865
-965
-584
-287
297
-295
-298
-299
289
-285
-288
-217
-237
-219
-239
-587
-589
-889
-597
-697
-127
129
137
-139
-429
-529
-729
-737
215
-218
-235
238
-415
-715
-815
-915
-438
373
-375
-378
-393
-873
385
-388
-395
398
-885
-598
-698
-898
-998
-416
426
-425
-428
-526
-626
-726
-418
419
-439
435
-625
-475
478
-479
-578
-588
586
-596
-696
695
-675
-678
677
-577
-566
568
666
-668
527
-528
-627
628
-719
-819
739
-735
725
-727
-745
746
845
-846
-766
-866
-966
964
-764
794
-793
-795
-796
-799
893
-895
-896
-899
-974
-994
879
-875
-878
763
-767
-863
867
-716
717
-817
574
-579
-594
599
975
-978
-995
996
-886
888
816
-818
-916
918
