139
-131
-132
-133
-134
-135
-136
-137
-138
-119
-129
-219
-229
-239
-319
-329
-339
-149
-159
-169
-179
-189
-199
-439
-539
-639
-739
-839
-939
172
-171
-173
-174
-175
-176
-177
-178
-182
-192
-272
-282
-292
-372
-382
-392
-112
-122
-142
-152
-162
-472
-572
-672
-772
-872
-972
265
-261
-262
-263
-264
-266
-267
-268
-269
-145
-155
-165
-245
-255
-345
-355
-365
-215
-225
-235
-275
-285
-295
-465
-565
-665
-765
-865
-965
291
-293
-294
-296
-297
-298
-299
-181
-191
-271
-281
-371
-381
-391
-211
-221
-231
-241
-251
-491
-591
-691
-791
-891
-991
322
-321
-323
-324
-325
-326
-327
-328
-212
-222
-232
-312
-332
-342
-352
-362
-422
-522
-622
-722
-822
-922
347
-341
-343
-344
-346
-348
-349
-147
-157
-167
-247
-257
-357
-367
-317
-337
-377
-387
-397
-447
-547
-647
-747
-847
-947
368
-361
-363
-364
-366
-369
-148
-158
-168
-248
-258
-358
-318
-338
-378
-388
-398
-468
-568
-668
-768
-868
-968
393
-394
-395
-396
-399
-183
-193
-273
-283
-373
-383
-313
-333
-353
-493
-593
-693
-793
-893
-993
416
-411
-412
-413
-414
-415
-417
-418
-419
-426
-436
-516
-526
-536
-616
-626
-636
-446
-456
-466
-476
-486
-496
-116
-216
-316
-716
-816
-916
438
-431
-432
-433
-434
-435
-437
-428
-518
-528
-538
-618
-628
-638
-448
-458
-478
-488
-498
-238
-738
-838
-938
469
-461
-462
-463
-464
-467
-449
-459
-549
-559
-569
-649
-659
-669
-429
-479
-489
-499
-769
-869
-969
482
-481
-483
-484
-485
-487
-492
-582
-592
-682
-692
-442
-452
-782
-882
-982
521
-523
-524
-525
-527
-529
-421
-511
-531
-611
-621
-631
-541
-551
-561
-571
-581
-121
-721
-821
-921
583
-584
-585
-586
-587
-588
-589
-473
-573
-673
-683
-513
-533
-543
-553
-563
-783
-883
-983
627
-623
-624
-625
-629
-427
-517
-537
-617
-637
-657
-667
-677
-687
-697
-127
-227
-727
-827
-927
644
-641
-642
-643
-645
-646
-648
-444
-454
-544
-554
-564
-654
-664
-614
-634
-674
-684
-694
-144
-244
-744
-844
-944
671
-675
-676
-678
-679
-471
-681
-651
-661
-771
-871
-971
696
-695
-698
-699
-576
-596
-686
-656
-666
-196
-796
-896
-996
715
-711
-712
-713
-714
-717
-718
-719
-725
-735
-815
-825
-835
-915
-925
-935
-745
-755
-775
-785
-795
-115
-315
-515
-615
749
-741
-742
-743
-746
-748
-759
-849
-859
-949
-959
-729
-779
-789
-799
-249
766
-761
-762
-763
-764
-767
-756
-846
-856
-866
-946
-956
-966
-726
-736
-776
-786
-166
-566
787
-781
-784
-788
-777
-797
-877
-887
-897
-977
-987
-997
-737
-757
-187
-287
817
-811
-812
-813
-814
-818
-819
-837
-917
-937
-857
-867
-117
197
-194
-195
-198
-277
-217
237
-233
-234
-236
-497
-597
831
-832
-833
-834
-836
-731
-911
-931
751
-752
-753
-754
-758
-841
-851
-861
-941
-951
-961
-881
981
-984
-985
-986
-988
-989
-331
-151
-351
311
-314
-111
-451
441
-443
-445
-141
161
-163
-164
848
-842
-843
-845
-858
-948
-958
-828
-878
-888
-898
-548
934
-932
-933
-936
-724
-734
-824
-914
-924
-954
-964
-974
-994
-334
-534
336
-335
125
-123
-124
-126
-128
-226
-185
-356
-376
-386
-425
864
-862
-863
-854
-874
-884
-894
979
-973
-975
-976
-978
-879
-889
-899
-999
829
-823
-826
926
-923
-928
-929
-919
-279
-379
-579
599
-594
-595
-598
-689
-519
619
-612
-613
-113
-114
118
-218
-228
-188
-918
728
-723
-778
-798
998
-992
-995
143
-146
-153
-243
-253
-943
-154
156
-246
242
-252
-256
184
-186
-274
-284
-374
375
-384
-385
389
-289
259
-254
354
-359
-542
-942
945
-855
-955
-545
546
-556
-475
-575
-875
213
-214
-223
224
-913
912
-732
733
792
-794
-892
895
774
-773
873
-876
-885
886
852
-853
-952
-962
-512
514
-424
423
-633
-453
-574
-552
-652
-474
477
494
-495
685
-688
-577
578
455
-457
-555
-655
535
-532
632
-635
562
-567
-662
663
-653
658
557
-558
953
-957
-963
967
276
-278
-286
288
