144
-141
-142
-143
-145
-146
-147
-148
-149
-154
-164
-244
-254
-264
-344
-354
-364
-114
-124
-134
-174
-184
-194
-444
-544
-644
-744
-844
-944
152
-151
-153
-155
-156
-157
-158
-159
-162
-242
-252
-262
-342
-352
-362
-112
-122
-132
-172
-182
-192
-452
-552
-652
-752
-852
-952
189
-181
-183
-185
-186
-187
-188
-179
-199
-279
-289
-299
-379
-389
-399
-119
-129
-139
-169
-489
-589
-689
-789
-889
-989
224
-221
-222
-223
-225
-226
-227
-228
-229
-214
-234
-314
-324
-334
-274
-284
-294
-424
-524
-624
-724
-824
-924
246
-241
-243
-245
-247
-248
-249
-166
-256
-266
-346
-356
-366
-216
-236
-276
-286
-296
-446
-546
-646
-746
-846
-946
251
-253
-255
-257
-258
-259
-161
-261
-341
-351
-361
-211
-231
-271
-281
-291
-451
-551
-651
-751
-851
-951
374
-371
-372
-373
-375
-376
-377
-378
-384
-394
-474
-574
-674
-774
-874
-974
393
-391
-392
-395
-396
-397
-398
-173
-193
-273
-283
-293
-383
-313
-323
-333
-343
-353
-363
-493
-593
-693
-793
-893
-993
437
-431
-432
-433
-434
-435
-436
-438
-439
-417
-427
-517
-527
-537
-617
-627
-637
-447
-457
-467
-477
-487
-497
-137
-237
-337
-737
-837
-937
442
-441
-443
-445
-448
-449
-462
-542
-562
-642
-662
-412
-422
-472
-482
-492
-742
-842
-942
479
-471
-473
-475
-476
-478
-499
-579
-599
-679
-699
-419
-429
-459
-469
-779
-879
-979
498
-491
-494
-495
-496
-488
-578
-588
-598
-678
-688
-698
-418
-428
-458
-468
-198
-298
-798
-898
-998
522
-521
-523
-525
-526
-528
-529
-512
-532
-612
-622
-632
-572
-582
-592
-322
-722
-822
-922
536
-531
-533
-534
-535
-538
-539
-416
-426
-516
-616
-626
-636
-556
-566
-576
-586
-596
-136
-336
-736
-836
-936
573
-571
-575
-577
-483
-583
-673
-683
-513
-543
-553
-563
-773
-873
-973
581
-584
-585
-587
-481
-591
-671
-681
-691
-511
-541
-561
-381
-781
-881
-981
619
-611
-613
-614
-615
-618
-519
-629
-639
-649
-659
-669
-219
-319
-719
-819
-919
633
-631
-634
-635
-638
-413
-423
-623
-643
-653
-663
-133
-233
-733
-833
-933
667
-661
-664
-665
-666
-668
-547
-557
-567
-647
-657
597
-594
-595
-677
-687
-697
-167
-267
-367
-767
-867
-967
-197
-297
-797
-897
-997
672
-675
-676
-682
-692
-272
-772
-872
-972
715
-711
-712
-713
-714
-716
-717
-718
-725
-735
-815
-825
-835
-915
-925
-935
-745
-755
-765
-775
-785
-795
-115
-215
-315
-415
-515
734
-731
-732
-738
-739
-814
-834
-914
-934
-754
-764
-784
-794
799
-791
-792
-796
-899
-999
-729
-749
-759
-769
854
-853
-855
-856
-857
-858
-859
-864
-954
-964
-884
-894
-454
-554
-654
866
-861
-862
-863
-865
-868
-869
-756
-766
-956
-966
-816
-826
-876
-886
-896
-466
888
-882
-883
-885
-887
-778
-788
-878
-978
-988
-818
-828
-838
-848
-288
-388
926
-921
-923
-927
-928
-929
-726
-916
-976
-986
-996
-126
-326
957
-953
-955
-958
-959
-747
-757
-847
-947
-917
-977
-987
347
-345
-348
-349
-357
-317
-327
-387
969
-961
-962
-963
-965
-968
762
-761
-763
-768
-849
-949
-782
-939
549
-545
-548
-559
-569
359
-355
-358
-269
-369
239
-232
-235
-238
-329
-339
829
-821
-823
-827
-839
461
-463
-464
-465
-641
453
-455
-456
564
-565
-568
656
-655
-658
-411
414
-514
518
-628
-421
425
621
-625
-484
-485
486
-686
-696
555
-558
-645
648
-118
-218
-318
-918
-121
-321
-721
-125
-325
328
-128
-138
-338
-368
365
-165
-265
-335
135
-131
-175
-195
-385
-728
938
-931
-932
-948
-748
758
-753
-386
382
-282
-292
295
-275
-285
287
-177
-277
278
-178
168
-163
263
-268
212
-213
-217
-312
-332
331
-111
-311
316
-116
-812
-912
832
-831
-892
-982
992
-991
-994
-995
984
-983
-985
783
-786
-787
776
-771
-777
877
-871
-875
741
-743
-841
-941
-723
727
-817
117
-113
123
-127
975
-971
891
-895
-811
813
911
-913
-843
845
943
-945
171
-176
-191
196
-684
685
694
-695
