132
-131
-133
-134
-135
-136
-137
-138
-139
-112
-122
-212
-222
-232
-312
-322
-332
-142
-152
-162
-172
-182
-192
-432
-532
-632
-732
-832
-932
174
-171
-173
-175
-176
-177
-178
-179
-184
-194
-274
-284
-294
-374
-384
-394
-114
-124
-144
-154
-164
-474
-574
-674
-774
-874
-974
214
-211
-213
-215
-216
-217
-218
-219
-224
-234
-314
-324
-334
-244
-254
-264
-414
-514
-614
-714
-814
-914
236
-231
-233
-235
-237
-238
-239
-116
-126
-226
-316
-326
-336
-246
-256
-266
-276
-286
-296
-436
-536
-636
-736
-836
-936
268
-261
-262
-263
-265
-267
-269
-148
-158
-168
-248
-258
-348
-358
-368
-228
-278
-288
-298
-468
-568
-668
-768
-868
-968
295
-291
-292
-293
-297
-299
-185
-195
-275
-285
-375
-385
-395
-225
-245
-255
-495
-595
-695
-795
-895
-995
313
-311
-315
-317
-318
-319
-113
-123
-223
-323
-333
-343
-353
-363
-373
-383
-393
-413
-513
-613
-713
-813
-913
325
-321
-327
-328
-329
-115
-125
-335
-345
-355
-365
-425
-525
-625
-725
-825
-925
351
-352
-354
-356
-357
-359
-141
-151
-161
-241
-251
-341
-361
-331
-371
-381
-391
-451
-551
-651
-751
-851
-951
396
-392
-397
-398
-399
-186
-196
-376
-386
-346
-366
-496
-596
-696
-796
-896
-996
472
-471
-473
-475
-476
-477
-478
-479
-482
-492
-572
-582
-592
-672
-682
-692
-412
-422
-442
-452
-462
-272
-372
-772
-872
-972
493
-491
-494
-497
-498
-499
-483
-573
-583
-593
-673
-683
-693
-423
-433
-443
-453
-463
-193
-793
-893
-993
553
-552
-554
-555
-556
-557
-558
-559
-543
-563
-643
-653
-663
-523
-533
-153
-253
-753
-853
-953
612
-611
-615
-616
-617
-618
-619
-512
-522
-622
-642
-652
-662
-712
-812
-912
634
-631
-633
-635
-637
-638
-639
623
-621
-624
-626
-627
-628
-629
-424
-434
-524
-534
-644
-654
-664
-684
-694
-723
-823
-923
-734
-834
-934
657
-655
-656
-658
-659
-447
-457
-467
-547
-567
-647
-667
-677
-687
-697
-157
-257
-757
-857
-957
711
-715
-716
-717
-718
-719
-721
-731
-811
-821
-831
-911
-921
-931
-741
-761
-771
-781
-791
-111
-411
-511
758
-752
-754
-755
-756
-759
-748
-848
-858
-948
-958
-728
-738
-778
-788
-798
-458
783
-782
-784
-785
-786
-787
-789
-773
-873
-883
-973
-983
-733
-743
-763
273
-271
-277
-279
-183
-283
-243
794
-792
-797
-799
-884
-894
-984
-994
-724
-744
-764
-594
817
-815
-816
-818
-819
-727
-737
-827
-837
-917
-927
-937
-847
-867
-877
-887
-897
-117
-417
-517
844
-841
-842
-843
-845
-846
-849
-854
-864
-944
-954
-964
-824
924
-922
-926
-928
-929
-344
364
-362
-367
-369
-444
-544
454
-455
-456
-459
-464
-564
-484
584
-581
-585
-586
-587
-588
-589
879
-871
-875
-876
-878
-779
-889
-899
-979
-989
-999
-829
-839
-859
-869
-379
-579
-679
898
-891
-892
-888
-978
-988
-998
-828
-838
992
-991
-997
-882
-982
-942
-952
-962
-198
-598
-698
939
-933
-935
-938
833
-835
918
-915
-916
-919
735
-739
-729
-745
-765
-775
-863
-949
-959
-969
-118
119
-129
-229
-339
-149
-159
-169
-189
-199
-418
-518
-419
-519
-435
-535
-439
-539
259
-252
-249
-349
-289
389
-382
-387
-388
282
-281
-287
221
-227
-121
-242
247
342
-347
-147
-167
-421
-521
-542
562
-561
-565
-566
-569
-742
-747
-947
852
-855
-856
-762
-862
722
-726
-822
826
-866
-886
-426
-526
-489
-689
975
-971
-976
-977
-885
881
-981
-985
-861
865
-945
-955
956
-965
-746
749
-766
-946
-966
-769
767
-967
776
-777
-986
987
-449
-549
-649
155
-156
-145
-165
-465
-665
-575
-675
-576
-676
-181
191
-197
-481
-681
-187
188
377
-378
127
-128
-337
338
-427
-527
-438
-538
-577
-487
597
-591
-599
699
-691
437
-431
531
-537
-541
-571
578
671
-678
-488
-688
-528
529
428
-429
-448
469
-461
-466
-669
441
-445
-446
-641
-661
666
-546
-646
516
-515
415
-416
-485
486
685
-686
545
-548
-645
648
-941
943
961
-963
-143
146
163
-166
