122
-121
-123
-124
-125
-126
-127
-128
-129
-112
-132
-212
-222
-232
-312
-322
-332
-142
-152
-162
-172
-182
-192
-422
-522
-622
-722
-822
-922
155
-151
-153
-154
-156
-157
-158
-159
-145
-165
-245
-255
-265
-345
-355
-365
-115
-135
-175
-185
-195
-455
-555
-655
-755
-855
-955
173
-171
-174
-176
-177
-178
-179
-183
-193
-273
-283
-293
-373
-383
-393
-113
-133
-143
-163
-473
-573
-673
-773
-873
-973
258
-251
-252
-253
-254
-256
-257
-259
-148
-168
-248
-268
-348
-358
-368
-218
-228
-238
-278
-288
-298
-458
-558
-658
-758
-858
-958
361
-362
-363
-364
-366
-367
-369
-141
-161
-241
-261
-341
-351
-311
-321
-331
-371
-381
-391
-461
-561
-661
-761
-861
-961
444
-441
-442
-443
-445
-446
-447
-448
-449
-454
-464
-544
-554
-564
-644
-654
-664
-414
-424
-434
-474
-484
-494
-144
-244
-344
-744
-844
-944
452
-451
-453
-456
-457
-459
-462
-542
-552
-562
-642
-652
-662
-412
-432
-472
-482
-492
-352
-752
-852
-952
476
-471
-475
-477
-478
-479
-486
-496
-576
-586
-596
-676
-686
-696
-416
-426
-436
-466
-276
-376
-776
-876
-976
511
-512
-513
-514
-515
-516
-517
-518
-519
-411
-421
-431
-521
-531
-611
-621
-631
-541
-551
-571
-581
-591
-111
-211
-711
-811
-911
535
-532
-533
-534
-536
-537
-538
-539
-415
-425
-435
-525
-615
-625
-635
-545
-565
-575
-585
-595
-235
-335
-735
-835
-935
574
-572
-577
-578
-579
-584
-594
-674
-684
-694
-524
-274
-374
-774
-874
-974
617
-612
-613
-614
-616
-618
-619
632
-633
-634
-636
-637
-638
-639
624
-623
-626
-627
-628
-629
526
-523
-527
-528
-529
-417
-427
-437
-546
-556
-566
-672
-682
-692
-647
-657
-667
-677
-687
-697
-117
-217
-317
-717
-817
-917
-224
-324
-724
-824
-924
-226
-326
-726
-826
-926
-732
-832
-932
742
-741
-743
-745
-746
-747
-748
-749
-762
-842
-862
-942
-962
-712
-772
-782
-792
-242
-342
262
-263
-264
-266
-267
-269
-272
-282
-292
787
-781
-783
-784
-785
-786
-788
-789
-777
-797
-877
-887
-897
-977
-987
-997
-727
-737
-757
-767
-187
-287
-387
-487
-587
816
-812
-813
-814
-815
-818
-819
912
-913
-914
-915
-916
-918
-919
-716
-736
-836
-936
-846
-856
-866
-886
-896
-972
-982
-992
-116
-216
-316
843
-841
-845
-847
-848
-849
-753
-763
-853
-863
-943
-953
-963
-823
-833
-883
-893
-243
-343
353
-354
-356
-357
-359
164
-166
-167
-169
-114
-134
-184
-194
-313
-323
-333
-543
-643
-553
-653
-764
-864
-964
981
-983
-984
-985
-986
-988
-989
-771
-791
-871
-881
-891
-971
-991
-921
-931
-941
-951
641
-645
-646
-648
-649
-651
-671
-681
-691
945
-946
-947
-948
-949
-765
-865
-965
-925
-975
-995
548
-547
-549
-468
-568
-668
-588
-598
271
-275
-277
-279
-181
-191
-281
-291
131
-136
-137
-138
-139
-221
-231
-731
-831
377
-372
-375
-378
-379
-197
-297
-397
147
-146
-149
-247
-347
-327
-337
872
-875
-878
-879
-882
-892
-481
491
-493
-495
-497
-498
-499
597
-592
-593
-599
582
-583
-589
467
-463
-465
-469
665
-663
-666
-669
563
-567
-569
656
-659
-557
559
485
-483
-488
-489
-675
-685
-695
-756
-956
-759
-859
-959
-867
-967
775
-778
-779
-795
-885
-895
-715
-725
825
-821
-827
-828
-829
721
-723
-728
-729
-751
754
851
-854
-857
-954
957
-714
-734
-794
837
-834
-838
-839
934
-933
-937
-938
-939
-927
-994
-225
-325
227
-223
-229
-237
-234
-334
-382
392
-394
-395
-396
-398
-399
683
-688
-689
-693
-285
-385
295
-294
-296
-299
-215
315
-314
-318
-319
214
-213
-219
233
-236
-239
336
-338
-339
-284
384
-386
-388
-389
-346
349
246
-249
-286
289
-189
-199
119
-118
328
-329
-419
-719
-428
-928
-433
-733
-884
894
-898
-899
186
-188
-196
198
888
-889
-798
-978
979
-998
-799
-999
-868
869
-769
-969
739
-738
718
-713
923
-929
793
-796
-993
996
766
-768
-966
968
413
-418
-423
429
438
-439
678
-679
-698
699
