137
-131
-132
-133
-134
-135
-136
-138
-139
-117
-127
-217
-227
-237
-317
-327
-337
-147
-157
-167
-177
-187
-197
-437
-537
-637
-737
-837
-937
173
-171
-172
-174
-175
-176
-178
-179
-183
-193
-273
-283
-293
-373
-383
-393
-113
-123
-143
-153
-163
-473
-573
-673
-773
-873
-973
186
-181
-182
-184
-185
-188
-189
-196
-276
-286
-296
-376
-386
-396
-116
-126
-146
-156
-166
-486
-586
-686
-786
-886
-986
231
-232
-233
-234
-235
-236
-238
-239
-111
-121
-211
-221
-311
-321
-331
-241
-251
-261
-271
-281
-291
-431
-531
-631
-731
-831
-931
248
-242
-243
-244
-245
-246
-247
-249
-148
-158
-168
-258
-268
-348
-358
-368
-218
-228
-278
-288
-298
-448
-548
-648
-748
-848
-948
338
-332
-333
-334
-335
-336
-339
-118
-128
-318
-328
198
-191
-192
-194
-195
-199
-378
-388
-398
-438
-538
-638
-738
-838
-938
-498
-598
-698
-798
-898
-998
387
-381
-382
-384
-385
-389
-277
-287
-297
-377
-397
-347
-357
-367
-487
-587
-687
-787
-887
-987
464
-461
-462
-463
-465
-466
-467
-468
-469
-444
-454
-544
-554
-564
-644
-654
-664
-414
-424
-434
-474
-484
-494
-164
-264
-364
-764
-864
-964
478
-471
-472
-475
-476
-477
-479
-488
-578
-588
-678
-688
-418
-428
-458
-778
-878
-978
529
-521
-522
-523
-524
-525
-526
-527
-528
-419
-429
-439
-519
-539
-619
-629
-639
-549
-559
-569
-579
-589
-599
-129
-229
-329
-729
-829
-929
552
-551
-553
-555
-556
-557
-558
-442
-452
-542
-562
-642
-652
-662
-512
-532
-572
-582
-592
-152
-252
-352
-752
-852
-952
581
-583
-584
-585
-481
-491
-571
-591
-671
-681
-691
-511
-541
-561
-781
-881
-981
597
-593
-594
-595
-596
-497
-577
-677
-697
-517
-547
-567
-797
-897
-997
624
-621
-622
-623
-625
-626
-627
-628
-514
-534
-614
-634
574
-575
-576
-674
-684
-694
-124
-224
-324
-724
-824
-924
-274
-374
-774
-874
-974
659
-651
-653
-655
-656
-657
-658
-449
-459
-649
-669
-679
-689
-699
-159
-259
-359
-759
-859
-959
693
-692
-695
-696
-483
-493
-683
-613
-633
-643
-663
-793
-893
-993
716
-711
-712
-713
-714
-715
-717
-718
-719
-726
-736
-816
-826
-836
-916
-926
-936
-746
-756
-766
-776
-796
-216
-316
-416
-516
-616
749
-741
-742
-743
-744
-745
-747
-769
-849
-869
-949
-969
-739
-779
-789
-799
-149
-349
751
-753
-754
-755
-757
-758
-761
-841
-851
-861
-941
-951
-961
-721
-771
-791
-151
-351
-451
832
-833
-834
-835
-839
-722
-732
-812
-822
-912
-922
-932
-842
-862
-872
-882
-892
-432
-632
939
-933
-934
-935
-819
-919
-979
-989
-999
734
-733
-735
-814
-914
-784
-794
943
-942
-944
-945
-946
-947
-763
-843
-853
-863
-953
-963
-913
-923
-983
-343
-443
-543
985
-982
-984
-988
-775
-785
-795
792
-772
777
-782
-972
-992
-875
-885
-895
-975
-995
-877
-977
-762
962
-965
-966
-967
-968
-727
-767
-915
-925
-955
-162
-262
-362
-285
-485
-685
682
-482
489
-492
-672
-499
-612
-282
-289
284
-294
-394
-214
-254
-884
-889
-292
-392
991
-994
-996
-871
-891
-971
976
894
-896
-899
-876
879
-844
-854
954
-956
-957
-958
-911
-921
-154
155
-145
-165
-255
-265
-345
-355
-365
-115
-125
122
-112
-212
-222
-312
-322
-142
342
-341
-344
-346
272
-275
-279
-372
412
-411
-413
-415
-417
-422
144
-141
-354
161
-169
-361
-114
119
314
-313
-315
-319
-219
-455
-855
858
-856
-857
-768
765
-845
-865
-868
-725
-818
-828
-888
883
-783
788
723
-728
-813
-823
-223
-323
213
-215
-253
-263
-513
-423
928
-927
-918
917
-817
-827
-617
427
-421
-425
-426
611
-615
-618
518
-515
441
-445
-446
-447
-641
-661
-457
-568
668
-665
-666
-667
647
-645
-646
-811
815
821
-825
545
-546
-565
-535
846
-847
-866
867
257
-256
-267
371
-375
-379
-391
675
-676
-495
496
435
-433
-436
533
-536
-635
636
453
-456
-563
566
-353
356
363
-366
-369
-266
269
226
-225
325
-326
295
-299
-395
399
