131
-132
-133
-134
-135
-136
-137
-138
-139
-111
-121
-211
-221
-231
-311
-321
-331
-141
-151
-161
-171
-181
-191
-431
-531
-631
-731
-831
-931
168
-162
-163
-164
-165
-166
-167
-169
-148
-158
-248
-258
-268
-348
-358
-368
-118
-128
-178
-188
-198
-468
-568
-668
-768
-868
-968
185
-182
-183
-184
-186
-187
-189
-175
-195
-275
-285
-295
-375
-385
-395
-115
-125
-145
-155
-485
-585
-685
-785
-885
-985
196
-192
-193
-194
-197
-199
-176
-276
-286
-296
-376
-386
-396
-116
-126
-146
-156
-496
-596
-696
-796
-896
-996
225
-222
-223
-224
-226
-227
-228
-229
-215
-235
-315
-325
-335
-245
-255
-265
-425
-525
-625
-725
-825
-925
241
-242
-243
-244
-246
-247
-249
-251
-261
-341
-351
-361
-271
-281
-291
-441
-541
-641
-741
-841
-941
283
-282
-284
-287
-288
-289
-173
-273
-293
-373
-383
-393
-213
-233
-253
-263
-483
-583
-683
-783
-883
-983
292
-294
-297
-298
-299
-172
-272
-372
-382
-392
-212
-232
-252
-262
-492
-592
-692
-792
-892
-992
313
-312
-314
-316
-317
-318
-319
-113
-123
-323
-333
-343
-353
-363
-413
-513
-613
-713
-813
-913
411
-412
-414
-415
-416
-417
-418
-419
-421
-511
-521
-611
-621
-451
-461
-471
-481
-491
-711
-811
-911
442
-443
-444
-445
-446
-447
-448
-449
-452
-462
-542
-552
-562
-642
-652
-662
-422
-432
-472
-482
-142
-342
-742
-842
-942
464
-463
-465
-466
-467
-469
-454
-544
-554
-564
-644
-654
-664
-424
-434
-474
-484
-494
-264
-364
-764
-864
-964
532
-533
-534
-535
-536
-537
-538
-539
-512
-522
-612
-622
-632
-572
-582
-332
-732
-832
-932
553
-551
-555
-556
-557
-558
-559
-453
-543
-563
-643
-653
-663
-523
-573
-593
-153
143
-144
-147
-149
-743
-843
-943
-753
-853
-953
579
-571
-574
-575
-576
-577
-578
-479
-489
-499
-589
-599
-679
-689
-699
-519
-529
-549
-569
-179
-279
-379
-779
-879
-979
646
-645
-647
-648
-649
-456
-546
-566
-656
-666
-616
-626
-636
-676
-686
-346
-746
-846
-946
661
-665
-667
-669
-561
-651
-671
-681
-691
-761
-861
-961
697
-693
-694
-695
-698
-477
-487
-497
-587
-597
-677
-687
-617
-627
-637
-657
-397
-797
-897
-997
793
-791
-794
-795
-798
-799
-773
-873
-893
-973
-993
-723
-733
-763
-493
812
-814
-815
-816
-817
-818
-819
-712
-722
-822
-912
-922
-852
-862
-872
-882
-112
824
-821
-823
-826
-827
-828
-829
-714
-724
-734
-834
-914
-924
-934
-844
-854
-874
-884
-894
-124
-324
-524
-624
865
-863
-866
-867
-869
963
-962
-965
-966
-967
-969
-745
-755
-765
-845
-855
-945
-955
833
-835
-836
-837
-838
-839
-923
-933
-875
-895
-433
-633
-365
-565
567
-457
-547
-517
-527
-267
-367
-767
888
-881
-886
-887
-889
-778
-788
-878
-898
-978
-988
-998
-848
-858
-388
-488
486
-476
-586
-426
-436
-786
-986
-588
-688
919
-915
-916
-917
-918
-719
-729
-739
-929
-939
-949
-959
-989
-999
-119
-219
-619
921
-926
-927
-928
-721
-951
-971
-981
-991
948
-944
-947
-748
-758
-958
-938
-548
545
-455
-655
-515
-595
-345
355
-352
-354
-356
-357
-359
975
-972
-974
-976
-977
-775
-995
994
-774
-784
-984
-954
-935
-475
-675
495
-498
-435
-394
-594
-114
117
-127
-217
-237
-327
-337
-157
-177
174
-274
-374
-384
-154
-717
-674
-122
129
322
-326
-328
-329
-239
-339
152
-159
-362
-429
-629
-752
-952
762
-766
-769
-772
-782
982
-987
672
-673
-678
-682
684
473
-478
-584
581
-591
598
-423
623
-628
514
-516
-518
-614
-634
526
-528
-214
-726
-381
-781
-398
216
-218
-236
-336
-256
-266
269
366
-369
-259
-349
-716
234
-238
-334
338
-254
257
344
-347
-277
278
-378
-438
-638
-738
-744
754
-751
-756
-757
-759
851
-856
-857
-859
956
-957
771
-776
-777
-871
-891
899
876
-877
787
-789
736
-735
-737
715
-718
-936
937
-727
728
-747
749
847
-849
-615
618
635
-639
-428
427
-437
439
458
-459
-658
659
-371
377
391
-399
-387
389
