121
-122
-123
-124
-125
-126
-127
-128
-129
-111
-131
-211
-221
-231
-311
-321
-331
-141
-151
-161
-171
-181
-191
-421
-521
-621
-721
-821
-921
148
-142
-143
-144
-145
-146
-147
-149
-158
-168
-248
-258
-268
-348
-358
-368
-118
-138
-178
-188
-198
-448
-548
-648
-748
-848
-948
167
-162
-163
-164
-165
-166
-169
-157
-247
-257
-267
-347
-357
-367
-117
-137
-177
-187
-197
-467
-567
-667
-767
-867
-967
176
-172
-173
-174
-175
-179
-186
-196
-276
-286
-296
-376
-386
-396
-116
-136
-156
-476
-576
-676
-776
-876
-976
212
-213
-214
-215
-216
-217
-218
-219
-112
-132
-222
-232
-312
-322
-332
-242
-252
-262
-272
-282
-292
-412
-512
-612
-712
-812
-912
298
-291
-293
-294
-295
-297
-299
-278
-288
-378
-388
-398
-228
-238
-498
-598
-698
-798
-898
-998
324
-323
-325
-326
-327
-328
-329
-114
-134
-224
-234
-314
-334
-344
-354
-364
-374
-384
-394
-424
-524
-624
-724
-824
-924
343
-341
-342
-345
-346
-349
-153
-243
-253
-263
-353
-363
-313
-333
-373
-383
-393
-443
-543
-643
-743
-843
-943
389
-381
-382
-385
-387
-189
-199
-279
-289
-379
-399
-319
-339
-359
-369
-489
-589
-689
-789
-889
-989
444
-441
-442
-445
-446
-447
-449
-454
-464
-544
-554
-564
-644
-654
-664
-414
-434
-474
-484
-494
-244
-744
-844
-944
453
-451
-452
-455
-456
-457
-458
-459
-463
-553
-563
-653
-663
-413
-423
-433
-473
-483
-493
-753
-853
-953
472
-471
-475
-477
-478
-479
-482
-492
-572
-582
-592
-672
-682
-692
-422
-432
-462
-372
-772
-872
-972
485
-481
-486
-487
-488
-495
-575
-585
-595
-675
-685
-695
-415
-425
-435
-465
-185
-285
-785
-885
-985
497
-491
-496
-499
-577
-587
-597
-677
-687
-697
-417
-427
-437
-397
-797
-897
-997
617
-611
-613
-614
-615
-616
-618
-619
-517
-527
-537
-627
-637
-647
-657
-317
-717
-817
-917
629
-622
-623
-625
-626
-628
-419
-429
-439
-519
-529
-539
-639
469
-461
-466
-468
-549
-559
-569
-649
-659
-669
-679
-699
-229
-729
-829
-929
-269
-769
-869
-969
632
-631
-633
-634
-635
-636
-638
-522
-532
-642
-652
-662
-732
-832
-932
655
-651
-656
-658
-545
-555
-565
-645
-665
-155
-255
-355
-755
-855
-955
668
-661
-666
-558
-568
-678
-688
-768
-868
-968
722
-723
-725
-726
-727
-728
-822
-922
-742
-752
-762
-782
-792
765
-761
-763
-764
-766
-745
-845
-865
-945
-965
-715
-735
-775
-795
245
-241
-246
-249
-265
-365
-225
-235
-275
786
-781
-783
-784
-787
-788
-796
-886
-896
-986
-996
-716
-736
-746
-756
-586
-686
814
-811
-813
-815
-816
-818
-819
-714
-734
-834
-914
-934
-854
-864
-874
-884
-894
-514
534
-531
-533
-535
-536
-538
-574
-584
-594
895
-891
-892
-893
-899
-875
-975
-995
-825
-835
375
-371
-377
-195
-395
-315
-335
337
-336
-338
-227
-237
318
-316
-418
-518
-718
-918
-737
-837
-937
935
-931
-933
-936
-938
-939
-915
-925
525
-523
-526
-528
513
-511
-515
-516
-573
-583
-593
-113
-713
-913
115
-119
-135
947
-941
-942
-946
-949
-747
-757
-847
-857
-957
777
-771
-773
-774
-778
-779
-877
-887
-977
-987
827
-823
-826
-828
-927
-547
557
-551
-552
-556
-277
287
-281
-283
-284
961
-962
-963
-964
-966
-741
749
-751
-841
-851
-861
-951
863
-862
-866
-759
-849
-859
-959
-719
711
-731
-831
-911
-791
-739
-799
-833
-873
-883
-971
-981
-991
-411
416
431
-436
-438
-426
428
-916
919
-839
879
-871
-878
881
-882
-888
-979
-999
-928
-261
-361
-561
264
-266
-154
-254
-274
-579
599
-591
-596
696
-691
-693
-694
-646
641
-541
-671
-681
-581
588
571
-578
-271
273
391
-392
-183
-193
133
-139
-223
226
-233
-236
239
159
-152
-259
251
-256
-351
923
-926
-733
738
836
-838
793
-794
-973
-983
-993
754
-758
-954
-846
842
-852
-952
-856
858
956
-958
-542
546
562
-566
352
-356
-362
366
-673
674
683
-684
-974
978
-988
982
-984
-992
994
-182
184
192
-194
