136
-131
-132
-133
-134
-135
-137
-138
-139
-116
-126
-216
-226
-236
-316
-326
-336
-146
-156
-166
-176
-186
-196
-436
-536
-636
-736
-836
-936
157
-151
-152
-153
-154
-155
-158
-159
-147
-167
-247
-257
-267
-347
-357
-367
-117
-127
-177
-187
-197
-457
-557
-657
-757
-857
-957
171
-172
-173
-174
-175
-178
-179
-181
-191
-271
-281
-291
-371
-381
-391
-111
-121
-141
-161
-471
-571
-671
-771
-871
-971
188
-182
-183
-184
-185
-189
-198
-278
-288
-298
-378
-388
-398
-118
-128
-148
-168
-488
-588
-688
-788
-888
-988
243
-241
-242
-244
-245
-246
-248
-249
-143
-163
-253
-263
-343
-353
-363
-213
-223
-233
-273
-283
-293
-443
-543
-643
-743
-843
-943
297
-292
-294
-295
-296
-299
-277
-287
-377
-387
-397
-217
-227
-237
-497
-597
-697
-797
-897
-997
311
-312
-313
-314
-315
-317
-318
-319
-211
-221
-231
-321
-331
-341
-351
-361
-411
-511
-611
-711
-811
-911
362
-364
-365
-366
-368
-369
-142
-162
-252
-262
-342
-352
-322
-332
-372
-382
-392
-462
-562
-662
-762
-862
-962
375
-373
-374
-376
-379
-195
-275
-285
-385
-395
-325
-335
-345
-355
-475
-575
-675
-775
-875
-975
384
-383
-386
-389
-194
-274
-284
-394
-324
-334
-344
-354
-484
-584
-684
-784
-884
-984
442
-441
-444
-445
-446
-447
-448
-449
-452
-542
-552
-642
-652
-412
-422
-432
-472
-482
-492
-742
-842
-942
456
-451
-453
-454
-455
-458
-459
-466
-546
-556
-566
-646
-656
-666
-416
-426
-476
-486
-496
-256
-356
-756
-856
-956
465
-461
-463
-464
-467
-468
-469
-545
-555
-565
-645
-655
-665
-415
-425
-435
-485
-495
-165
-265
-765
-865
-965
526
-521
-522
-523
-524
-525
-527
-528
-529
-516
-616
-626
-576
-586
-596
-726
-826
-926
582
-581
-583
-585
-587
-589
-572
-592
-672
-682
-692
-512
-532
-282
-782
-882
-982
648
-641
-644
-647
-649
-548
-558
-568
-658
-668
-618
-628
-638
-678
-698
-348
-748
-848
-948
653
-651
-654
-659
-553
-563
-663
-613
-623
-633
-673
-683
-693
-753
-853
-953
661
-664
-667
-669
-541
-551
-561
-621
-631
-681
-691
-261
251
-254
-255
-258
-259
145
-144
-149
-115
-125
-745
-845
-945
-751
-851
-951
-761
-861
-961
727
-721
-722
-723
-724
-725
-728
-729
-717
-737
-817
-827
-837
-917
-927
-937
-747
-767
-777
-787
-327
337
-333
-338
-339
-427
-627
-437
-537
-637
732
-731
-733
-734
-735
-738
-739
-712
-812
-822
-832
-912
-922
-932
-752
-772
-792
-232
-632
744
-741
-746
-749
-754
-764
-844
-854
-864
-944
-954
-964
-714
-774
-794
-544
554
-559
-564
-514
-534
-574
-594
791
-793
-795
-796
-798
-799
-781
-881
-891
-981
-991
481
-483
-487
-489
-491
-591
-421
-431
531
-533
-535
-538
-539
-831
-931
819
-813
-814
-815
-816
-818
-719
-829
-839
-919
-929
-939
-849
-859
-869
-879
-889
-899
-119
-219
-419
-519
-619
867
-863
-866
-868
-847
-947
-967
-877
-887
547
-549
-567
569
-517
-577
-579
-599
-169
164
-264
-114
-124
-269
-769
-969
921
-923
-924
-925
-928
-821
841
-846
-941
938
-933
-934
-935
-718
-828
-838
-918
-958
-968
-978
-998
-238
-438
959
-952
-955
852
-855
-858
755
-758
-759
768
-763
-766
963
-966
946
-949
-715
-785
-778
-872
-892
-913
-973
-983
-993
-916
716
-713
-776
-786
-976
-986
-996
-979
-989
-999
-346
349
266
-268
358
-359
-276
-286
289
396
-393
-399
193
-192
-199
272
-279
-113
112
-122
-212
-222
-123
129
323
-328
-329
-229
-239
-612
622
-624
-625
-629
-423
-823
833
-834
-835
-873
-883
-893
-429
-433
-972
992
-994
-995
783
-789
-773
779
-479
-679
-689
-493
-593
-696
-896
974
-977
-874
-894
987
-985
824
-825
-914
915
-215
-515
595
-598
-685
-695
-615
635
-634
-639
439
-434
-499
699
-694
-224
-424
428
-418
-518
513
-413
473
-474
-477
-478
-573
578
-498
494
-674
-414
417
614
-617
-214
218
234
-235
225
-228
677
-676
686
-687
876
-878
-886
885
-895
898
