122
-121
-123
-124
-125
-126
-127
-128
-129
-112
-132
-212
-222
-232
-312
-322
-332
-142
-152
-162
-172
-182
-192
-422
-522
-622
-722
-822
-922
131
-133
-134
-135
-136
-137
-138
-139
-111
-211
-221
-231
-311
-321
-331
-141
-151
-161
-171
-181
-191
-431
-531
-631
-731
-831
-931
199
-193
-194
-195
-196
-197
-198
-179
-189
-279
-289
-299
-379
-389
-399
-119
-149
-159
-169
-499
-599
-699
-799
-899
-999
255
-251
-252
-253
-254
-256
-257
-258
-259
-145
-155
-165
-245
-265
-345
-355
-365
-215
-225
-235
-275
-285
-295
-455
-555
-655
-755
-855
-955
264
-261
-262
-263
-266
-267
-268
-269
-144
-154
-164
-244
-344
-354
-364
-214
-224
-234
-274
-284
-294
-464
-564
-664
-764
-864
-964
296
-291
-292
-293
-297
-298
-176
-186
-276
-286
-376
-386
-396
-216
-226
-236
-246
-496
-596
-696
-796
-896
-996
348
-341
-342
-343
-346
-347
-349
-148
-158
-168
-248
-358
-368
-318
-328
-338
-378
-388
-398
-448
-548
-648
-748
-848
-948
447
-441
-442
-443
-444
-445
-446
-449
-457
-467
-547
-557
-567
-647
-657
-667
-417
-427
-437
-477
-487
-497
-147
-247
-747
-847
-947
469
-461
-462
-463
-465
-466
-468
-459
-549
-559
-569
-649
-659
-669
-419
-429
-439
-479
-489
-369
-769
-869
-969
527
-521
-523
-524
-525
-526
-528
-529
-517
-537
-617
-627
-637
-577
-587
-597
-227
-327
-727
-827
-927
533
-532
-534
-535
-536
-538
-539
-413
-423
-433
-513
-613
-623
-633
-543
-553
-563
-573
-583
-593
-233
-333
-733
-833
-933
665
-661
-662
-663
-666
-668
-545
-565
-645
-615
-625
-635
-675
-685
-695
-765
-865
-965
684
-681
-682
-683
-686
-687
-688
-689
-474
-484
-494
-574
-584
-594
-674
-694
-614
-624
-634
-644
-654
-184
-384
-784
-884
-984
698
-691
-692
-693
-697
677
-671
-672
-673
-676
-678
-679
-478
-488
-498
-578
-588
-598
-618
-628
-638
-658
-177
-277
-377
-777
-877
-977
-798
-898
-998
713
-711
-712
-714
-715
-716
-717
-718
-719
-723
-813
-823
-913
-923
-743
-753
-763
-773
-783
-793
-113
-213
-313
729
-721
-724
-725
-726
-728
-739
-819
-829
-839
-919
-929
-939
-749
-759
-779
-789
-229
-329
-629
818
-811
-812
-814
-815
-816
-817
-738
-828
-838
-918
-928
-938
-858
-868
-878
-888
-118
-218
-418
-518
835
-832
-834
-836
-837
-735
-825
-915
-925
-935
-845
-875
-885
-895
-335
-435
843
-841
-842
-844
-846
-849
-853
-863
-943
-953
-963
-873
-883
-893
-143
146
-156
-166
-356
-366
-116
-243
-643
653
-651
-652
-656
-453
-546
-646
-746
-946
-153
157
-167
163
-353
-363
-357
-367
-173
-183
-117
-187
-757
-857
-957
887
-881
-882
-886
-889
-787
-797
-897
-987
-997
-867
-287
-387
397
-391
-392
-393
-394
-395
-317
-337
926
-921
-924
-736
-826
-916
-936
-956
-966
-976
-986
-326
-426
-626
621
-411
-421
-511
-611
-641
642
-452
-542
-552
-562
-612
-632
911
-912
-914
-917
-821
824
-734
-934
-854
-874
-894
-941
-951
-961
-971
-981
-991
217
-219
-237
-324
-424
-242
-742
-942
949
-944
-945
745
-741
-744
-859
-959
-775
-785
-795
879
-871
-872
-876
-979
-989
544
-541
-454
-554
-514
241
-249
-351
-361
362
-352
359
-271
-281
239
-238
228
-223
323
-325
-319
-339
-278
-288
-372
-382
-373
-383
425
-428
-415
-515
438
-432
-434
-436
414
-412
-416
512
-516
-519
-475
-485
-495
-458
-572
-582
-592
-114
115
-315
174
-175
-178
-374
188
-185
-314
316
334
-336
-616
619
636
-639
-762
-862
-962
-774
-974
-579
589
-581
-585
-586
-788
-988
982
-983
-985
-772
-782
-792
-892
891
-771
-781
786
-791
794
-972
-992
-994
-776
778
-978
-754
954
-952
-958
-756
-766
-758
-768
968
-967
767
-761
751
-752
-851
-861
866
852
-856
732
-737
-932
937
-451
456
-556
-566
-476
-486
576
-571
-575
595
-591
-551
558
561
-568
-282
283
272
-273
-472
-482
492
-491
-493
-483
481
-471
473
371
-375
-381
385
-973
975
993
-995
