122
-121
-123
-124
-125
-126
-127
-128
-129
-112
-132
-212
-222
-232
-312
-322
-332
-142
-152
-162
-172
-182
-192
-422
-522
-622
-722
-822
-922
175
-171
-173
-174
-176
-177
-178
-179
-185
-195
-275
-285
-295
-375
-385
-395
-115
-135
-145
-155
-165
-475
-575
-675
-775
-875
-975
188
-181
-183
-184
-186
-187
-189
-198
-278
-288
-298
-378
-388
-398
-118
-138
-148
-158
-168
-488
-588
-688
-788
-888
-988
249
-241
-242
-243
-244
-245
-246
-247
-248
-149
-159
-169
-259
-269
-349
-359
-369
-219
-229
-239
-279
-289
-299
-449
-549
-649
-749
-849
-949
296
-291
-292
-293
-294
-297
-196
-276
-286
-376
-386
-396
-216
-226
-236
-256
-266
-496
-596
-696
-796
-896
-996
337
-331
-333
-334
-335
-336
-338
-339
-117
-137
-217
-227
-237
-317
-327
-347
-357
-367
-377
-387
-397
-437
-537
-637
-737
-837
-937
383
-381
-382
-384
-389
-193
-273
-283
-373
-393
-313
-323
-343
-353
-363
-483
-583
-683
-783
-883
-983
434
-431
-432
-433
-435
-436
-438
-439
-414
-424
-514
-524
-534
-614
-624
-634
-444
-454
-464
-474
-484
-494
-134
-234
-734
-834
-934
442
-441
-443
-445
-446
-447
-448
-452
-462
-542
-552
-562
-642
-652
-662
-412
-472
-482
-492
-342
-742
-842
-942
546
-541
-543
-544
-545
-547
-548
-456
-466
-556
-566
-646
-656
-666
-516
-526
-536
-576
-586
-146
-346
-746
-846
-946
567
-561
-563
-564
-565
-568
-569
-457
-467
-557
-647
-657
-667
-517
-527
-577
-587
-597
-167
-267
-767
-867
-967
581
-582
-584
-585
-589
-471
-481
-491
-571
-591
-671
-681
-691
-511
-521
-531
-551
-281
-781
-881
-981
618
-611
-612
-613
-615
-616
-617
-619
-418
-428
-518
-528
-538
-628
-638
-648
-658
-668
-678
-698
-218
-318
-718
-818
-918
693
-692
-694
-695
-697
-699
-473
-493
-573
-593
-673
-623
-633
-643
-653
-663
-793
-893
-993
731
-732
-733
-735
-736
-738
-739
-711
-721
-811
-821
-831
-911
-921
-931
-741
-751
-761
-771
-791
-131
-231
-631
743
-744
-745
-747
-748
-753
-763
-843
-853
-863
-943
-953
-963
-713
-723
-773
-143
769
-762
-764
-765
-766
-768
-759
-859
-869
-959
-969
-719
-729
-779
-789
-799
-469
-669
794
-792
-795
-797
-798
-774
-784
-874
-884
-894
-974
-984
-994
-714
-724
-754
-194
-394
-594
825
-823
-824
-826
-827
-828
-829
-715
-725
-815
-835
-915
-925
-935
-845
-855
-865
-885
-895
-225
-325
-425
-525
-625
866
-861
-862
-864
-868
-756
-856
-956
-966
-816
-836
-876
-886
-166
-366
917
-912
-913
-914
-916
-919
-717
-727
-817
-927
-947
-957
-977
-987
-997
-417
926
-923
-924
-928
-929
814
-812
-813
-819
-716
712
-832
-932
-726
728
-936
-838
-938
-752
-772
-782
-758
-778
-844
-854
-976
-986
-512
-114
-214
-314
-326
-426
-626
-228
-328
238
-233
-235
-258
-268
968
-961
-962
-964
-965
-848
-858
-948
-958
-978
-998
348
-341
-344
-345
-358
-368
-468
992
-991
-995
-999
-872
-882
-892
-972
-982
852
-851
-857
-952
-252
-352
-392
-592
-111
-113
-116
119
-139
-319
-329
-199
-419
-519
-133
136
-316
-156
356
-351
-354
-355
416
-411
-413
-415
-636
-476
-486
141
-144
-147
-151
-161
-251
-261
-361
-191
197
-277
-287
-157
257
-253
-254
-255
-641
-841
847
-757
755
-945
-955
-785
985
-989
-877
-887
889
-879
-899
-979
-897
-839
833
-933
939
-873
973
-971
-533
-539
-639
-941
944
951
-954
-644
645
-455
-465
-555
-655
-665
-635
632
-532
535
-515
513
-423
-523
529
-429
-629
572
-574
-578
-579
-672
-682
-553
554
-558
-559
-654
-664
661
-451
-461
463
-651
659
-453
458
-459
421
-427
-621
627
-478
-498
598
-595
-599
-685
-677
-687
-679
-689
-213
223
-221
-224
324
-321
-263
-364
-374
153
-154
-163
164
-264
-272
-372
282
-284
274
-271
211
-215
-311
315
-262
265
362
-365
-674
676
684
-686
-776
777
786
-787
-477
479
-489
-499
878
-871
891
-898
371
-379
-391
399
-485
487
495
-497
