177
-171
-172
-173
-174
-175
-176
-178
-179
-187
-197
-277
-287
-297
-377
-387
-397
-117
-127
-137
-147
-157
-167
-477
-577
-677
-777
-877
-977
225
-221
-222
-223
-224
-226
-227
-228
-229
-115
-125
-135
-215
-235
-315
-325
-335
-245
-255
-265
-275
-285
-295
-425
-525
-625
-725
-825
-925
239
-231
-232
-233
-234
-236
-237
-238
-119
-129
-139
-219
-319
-329
-339
-249
-259
-269
-279
-289
-299
-439
-539
-639
-739
-839
-939
272
-271
-273
-274
-276
-278
-182
-192
-282
-292
-372
-382
-392
-212
-242
-252
-262
-472
-572
-672
-772
-872
-972
288
-281
-283
-284
-286
-188
-198
-298
-378
-388
-398
-218
-248
-258
-268
-488
-588
-688
-788
-888
-988
345
-341
-342
-343
-344
-346
-347
-348
-349
-145
-155
-165
-355
-365
-375
-385
-395
-445
-545
-645
-745
-845
-945
357
-351
-352
-353
-354
-356
-358
-359
-247
-257
-267
-367
217
-211
-213
-214
-216
-317
-327
-337
-417
-517
-617
-717
-817
-917
-457
-557
-657
-757
-857
-957
429
-421
-422
-423
-424
-426
-427
-428
-419
-519
-529
-619
-629
-449
-459
-469
-479
-489
-499
-729
-829
-929
432
-431
-433
-434
-435
-436
-437
-438
-412
-512
-522
-532
-612
-622
-632
-442
-452
-462
-482
-492
-132
-332
-732
-832
-932
458
-451
-453
-454
-455
-456
-448
-468
-548
-558
-568
-648
-658
-668
-418
-478
-498
-158
-758
-858
-958
471
-473
-474
-475
-476
-481
-491
-571
-581
-591
-671
-681
-691
-411
-441
-461
-371
-771
-871
-971
483
-484
-485
-486
-487
-493
-573
-583
-593
-673
-683
-693
-413
-443
-463
-183
-383
-783
-883
-983
534
-531
-533
-535
-536
-537
-538
-414
-514
-524
-614
-624
-634
-544
-554
-564
-574
-584
-594
-134
-334
-734
-834
-934
551
-552
-553
-555
-556
-559
-541
-561
-641
-651
-661
-511
-521
-151
-251
-751
-851
-951
575
-576
-578
-579
-495
-585
-595
-675
-685
-695
-515
-565
-775
-875
-975
628
-621
-623
-626
-627
-518
-528
-618
-638
598
-592
-596
-597
-599
-678
-698
-128
-328
-728
-828
-928
-798
-898
-998
635
-631
-633
-636
-637
611
-613
-615
-616
-415
416
-516
513
-523
-526
527
465
-464
-466
-467
-655
-665
-446
-496
-543
-563
-547
-567
-587
-111
-311
-711
-811
-911
-113
-313
-713
-813
-913
-116
-316
-716
-816
-916
-727
-827
-927
-735
-835
-935
-765
-865
-965
654
-652
-653
-656
-659
-444
447
-644
-664
-647
-667
494
-497
-674
-684
-694
-747
-847
-947
-154
-254
-754
-854
-954
-194
-294
-394
-794
-894
-994
679
-676
-589
-689
-699
-649
-669
-379
-779
-879
-979
687
-682
-686
-697
-787
-887
-987
755
-752
-753
-756
-759
-855
-955
-715
-785
-795
768
-761
-762
-763
-764
-766
-767
-769
-748
-848
-868
-948
-968
-718
-738
-778
148
-141
-142
-143
-144
-146
-149
-168
-368
-118
-138
822
-821
-823
-824
-826
-712
-722
-812
-912
-922
-842
-852
-862
-882
-892
-122
-322
837
-831
-833
-836
-838
-737
-937
797
-791
-792
-793
-796
-799
-897
-997
-867
967
-961
-962
-963
-964
-966
-969
874
-873
-876
-878
-774
-784
-884
-974
-984
978
-973
-976
-814
-844
-864
818
-815
-819
915
-914
-918
-919
-938
719
-714
-749
-789
-985
-995
-318
338
-331
-333
-336
-374
886
-881
-885
-889
895
-891
-893
-896
-899
-776
773
-993
-786
-986
-996
-723
-733
-743
-846
-856
-866
-373
376
-186
-196
-296
-386
-396
-326
-366
185
-181
-184
-189
384
-381
-389
-195
-314
312
-112
114
-124
-324
-164
-362
-364
264
-261
-263
-266
-244
-586
582
-692
696
-542
-562
-646
-666
-782
781
-981
-991
-721
-731
736
-726
724
-924
-926
-936
-741
742
-744
-746
-942
-952
944
-941
-943
-946
-949
956
-953
-959
126
-121
-123
-136
-156
-166
-642
643
662
-663
-243
-843
152
-153
-159
-162
-256
253
-163
-363
246
-241
291
-293
-191
-391
841
-849
-861
-546
549
566
-569
-853
859
863
-869
-982
989
992
-999
931
-933
-921
923
321
-323
-131
133
161
-169
-361
369
-193
199
393
-399
