135
-131
-132
-133
-134
-136
-137
-138
-139
-115
-125
-215
-225
-235
-315
-325
-335
-145
-155
-165
-175
-185
-195
-435
-535
-635
-735
-835
-935
144
-141
-142
-143
-146
-147
-148
-149
-154
-164
-244
-254
-264
-344
-354
-364
-114
-124
-174
-184
-194
-444
-544
-644
-744
-844
-944
177
-171
-172
-173
-176
-178
-179
-187
-197
-277
-287
-297
-377
-387
-397
-117
-127
-157
-167
-477
-577
-677
-777
-877
-977
245
-241
-242
-243
-246
-247
-248
-249
-255
-265
-345
-355
-365
-275
-285
-295
-445
-545
-645
-745
-845
-945
252
-251
-253
-256
-257
-258
-259
-152
-162
-262
-342
-352
-362
-212
-222
-232
-272
-282
-292
-452
-552
-652
-752
-852
-952
274
-271
-273
-276
-278
-279
-284
-294
-374
-384
-394
-214
-224
-234
-474
-574
-674
-774
-874
-974
289
-281
-283
-286
-288
-189
-199
-299
-379
-389
-399
-219
-229
-239
-269
-489
-589
-689
-789
-889
-989
296
-291
-293
-298
-186
-196
-376
-386
-396
-216
-226
-236
-266
-496
-596
-696
-796
-896
-996
334
-331
-332
-333
-336
-337
-338
-339
-314
-324
-434
-534
-634
-734
-834
-934
385
-381
-382
-383
-388
-375
-395
-485
-585
-685
-785
-885
-985
421
-422
-423
-424
-425
-426
-427
-428
-429
-411
-431
-511
-521
-531
-611
-621
-631
-441
-451
-461
-471
-481
-491
-121
-221
-321
-721
-821
-921
456
-453
-454
-455
-457
-458
-459
-446
-466
-546
-556
-566
-646
-656
-666
-416
-436
-476
-486
-156
-356
-756
-856
-956
548
-541
-542
-543
-547
-549
-448
-468
-558
-568
-648
-658
-668
-518
-528
-538
-578
-588
-598
-348
-748
-848
-948
584
-581
-582
-583
-586
-587
-484
-494
-594
-684
-694
-514
-524
-554
-564
-784
-884
-984
612
-613
-614
-615
-616
-617
-618
-619
-412
-432
-512
-522
-532
-622
-632
-642
-662
-672
-682
-692
-112
-312
-712
-812
-912
627
-623
-624
-625
-626
-628
-629
414
-413
-415
-417
-418
-419
-437
-517
-527
-537
-637
-464
-647
-657
-667
-687
-697
-714
-814
-914
-227
-327
-727
-827
-927
678
-671
-673
-675
-676
-679
-478
-488
-498
-688
-698
438
-433
-439
-638
-238
-738
-838
-938
-378
-778
-878
-978
742
-741
-743
-746
-747
-749
-762
-842
-862
-942
-962
-722
-732
-772
-782
-792
-442
751
-753
-754
-755
-757
-758
-759
-761
-841
-851
-861
-941
-951
-961
-711
-731
-771
-781
-791
-151
-351
-551
-651
769
-763
-764
-765
-766
-767
-768
-849
-859
-869
-949
-959
-969
-719
-729
-739
-779
-799
-169
-369
-469
-569
-669
811
-813
-815
-816
-817
-818
-819
-831
-911
-931
-871
-881
-891
-111
-211
-311
231
-233
-237
-261
846
-843
-847
-866
-946
-966
-826
-836
-876
-886
-346
899
-892
-893
-894
-895
-897
-898
-879
-979
-999
-829
-839
-499
-599
-699
928
-922
-923
-924
-925
-926
-929
-718
-728
-828
-918
-958
-968
-988
-998
-128
-228
223
-113
-123
-213
-313
-323
-263
-523
-723
-823
-328
932
-933
-936
-937
-939
-822
-832
919
-913
-915
-916
-917
-972
-982
-992
-119
-319
-519
957
-953
-954
-955
-857
-867
-947
943
-853
-863
-963
-967
-973
-983
-993
-987
-997
-343
-443
-643
-357
-557
116
-118
-126
-316
-326
-166
366
-361
-363
-367
-368
-516
-716
-122
129
322
-329
-159
-372
-392
-529
153
-158
-163
-353
-183
-193
-553
-653
161
-168
-341
-181
-191
641
-649
-561
-661
-681
-691
981
-986
-971
-991
976
-975
-776
-786
-576
686
-683
-636
-182
188
192
-198
-398
-788
798
-793
-794
-795
-797
994
-995
-888
724
-725
-726
-824
825
-715
736
-733
-737
775
-773
-875
-855
-865
965
-964
515
-513
-525
526
-536
-555
559
-449
447
-467
-567
-659
-487
-497
597
-591
-592
-593
-595
571
-572
-573
-575
-579
479
-472
-473
-475
562
-563
-565
-462
533
-539
-633
639
713
-717
-833
837
-783
787
-887
-347
349
267
-268
358
-359
-217
218
317
-318
655
-654
664
-663
-665
463
-465
-483
482
-492
-493
495
693
-695
854
-858
-864
868
-371
373
391
-393
872
-873
-882
883
