134
-131
-132
-133
-135
-136
-137
-138
-139
-114
-124
-214
-224
-234
-314
-324
-334
-144
-154
-164
-174
-184
-194
-434
-534
-634
-734
-834
-934
141
-142
-143
-145
-146
-147
-148
-149
-151
-161
-241
-251
-261
-341
-351
-361
-111
-121
-171
-181
-191
-441
-541
-641
-741
-841
-941
159
-152
-153
-155
-156
-157
-158
-169
-249
-259
-269
-349
-359
-369
-119
-129
-179
-189
-199
-459
-559
-659
-759
-859
-959
195
-192
-193
-196
-197
-198
-175
-185
-275
-285
-295
-375
-385
-395
-115
-125
-165
-495
-595
-695
-795
-895
-995
221
-222
-223
-225
-226
-227
-228
-229
-211
-231
-311
-321
-331
-271
-281
-291
-421
-521
-621
-721
-821
-921
288
-282
-283
-284
-286
-287
-289
-178
-188
-278
-298
-378
-388
-398
-218
-238
-248
-258
-268
-488
-588
-688
-788
-888
-988
346
-342
-343
-344
-345
-347
-348
-166
-246
-256
-266
-356
-366
-316
-326
-336
-376
-386
-396
-446
-546
-646
-746
-846
-946
363
-362
-364
-365
-367
-368
-163
-243
-253
-263
-353
-313
-323
-333
-373
-383
-393
-463
-563
-663
-763
-863
-963
379
-371
-372
-374
-377
-279
-299
-389
-399
-319
-329
-339
-479
-579
-679
-779
-879
-979
425
-422
-423
-424
-426
-427
-428
-429
-415
-435
-515
-525
-535
-615
-625
-635
-445
-455
-465
-475
-485
-325
-725
-825
-925
489
-481
-482
-483
-484
-486
-487
-499
-589
-599
-689
-699
-419
-439
-449
-469
-789
-889
-989
514
-511
-512
-513
-516
-517
-518
-519
-414
-524
-614
-624
-544
-554
-564
-574
-584
-594
-714
-814
-914
529
-522
-523
-526
-527
-528
-539
-619
-629
-639
-549
-569
-729
-829
-929
531
-532
-533
-536
-537
-538
-411
-431
-611
-631
-551
-561
-571
-581
-591
-731
-831
-931
572
-573
-575
-576
-577
-578
-472
-492
-582
-592
-672
-682
-692
-542
-552
-562
-172
-272
-772
-872
-972
585
-583
-586
-587
-675
-685
-545
-555
-565
-785
-885
-985
593
-596
-597
-598
-473
-493
-673
-683
-693
-543
-553
-293
-793
-893
-993
627
-622
-623
-626
-628
-417
-437
-617
-637
-647
-657
-667
-677
-687
-697
-127
-327
-727
-827
-927
684
-681
-686
-474
-494
-674
-694
-644
-654
-664
-384
-784
-884
-984
732
-733
-735
-736
-737
-738
-739
-712
-722
-812
-822
-832
-912
-922
-932
-742
-752
-762
-782
-792
-232
-332
-432
-632
743
-744
-745
-747
-748
-749
-753
-843
-853
-943
-953
-713
-723
-773
-783
-443
-643
769
-761
-764
-765
-766
-767
-768
-849
-869
-949
-969
-719
-799
649
-642
-645
-648
-669
826
-823
-824
-828
-716
-726
-816
-836
-916
-926
-936
-856
-866
-876
-886
-896
-126
882
-881
-883
-887
-892
-982
-992
-842
-852
-862
-182
-382
915
-911
-913
-917
-918
-919
-715
-815
-835
-935
-945
-955
-965
-975
-215
-315
954
-951
-952
-956
-957
-958
-754
-844
-854
-864
-944
-964
-924
724
-728
-774
-794
-974
-994
-254
-354
394
-391
-392
-397
381
-387
292
-294
-296
-297
-274
-212
-242
-252
-262
-454
874
-871
-873
-875
-877
-878
-894
775
-771
-776
-777
-778
-755
-781
-981
967
-961
-962
-966
-968
942
-947
-948
756
-751
-757
-758
-847
-857
-867
-786
787
-797
-897
-977
-987
-997
-796
-717
-937
-442
-456
-556
566
-567
-568
-466
-656
-666
-167
-267
-467
-187
497
-491
-496
-498
-477
-447
-457
976
-971
-973
-978
983
-986
-996
991
-998
-999
-791
798
-891
-898
899
711
-718
-811
-819
-839
939
-933
-938
-923
928
-818
-838
219
-213
-216
-217
-239
123
-122
-128
-113
-233
-173
-183
186
273
-276
-277
-176
177
-116
236
-235
-237
335
-337
-338
-117
317
-312
-318
-355
-357
-817
813
-833
837
-413
-613
322
-328
-112
118
162
-168
-352
358
-418
-618
-436
-636
-458
-558
557
-547
548
-448
444
-464
-468
-658
-668
-244
264
-265
247
-245
255
-257
845
-848
-855
-865
-655
665
-661
-662
-858
851
-861
868
-451
-651
461
-462
-471
671
-676
-678
-691
-476
478
696
-698
416
-412
612
-616
452
-453
-652
653
433
-438
-633
638
