138
-131
-132
-133
-134
-135
-136
-137
-139
-118
-128
-218
-228
-238
-318
-328
-338
-148
-158
-168
-178
-188
-198
-438
-538
-638
-738
-838
-938
154
-151
-152
-153
-155
-156
-157
-159
-144
-164
-244
-254
-264
-344
-354
-364
-114
-124
-174
-184
-194
-454
-554
-654
-754
-854
-954
175
-171
-172
-173
-176
-177
-179
-185
-195
-275
-285
-295
-375
-385
-395
-115
-125
-145
-165
-475
-575
-675
-775
-875
-975
193
-191
-192
-196
-197
-199
-183
-273
-283
-293
-373
-383
-393
-113
-123
-143
-163
-493
-593
-693
-793
-893
-993
223
-221
-222
-224
-225
-226
-227
-229
-213
-233
-313
-323
-333
-243
-253
-263
-423
-523
-623
-723
-823
-923
231
-232
-234
-235
-236
-237
-239
-111
-121
-211
-311
-321
-331
-241
-251
-261
-271
-281
-291
-431
-531
-631
-731
-831
-931
246
-242
-245
-247
-248
-249
-146
-166
-256
-266
-346
-356
-366
-216
-276
-286
-296
-446
-546
-646
-746
-846
-946
312
-314
-315
-316
-317
-319
-112
-122
-212
-322
-332
-342
-352
-362
-372
-382
-392
-412
-512
-612
-712
-812
-912
465
-461
-462
-463
-464
-466
-467
-468
-469
-445
-455
-545
-555
-565
-645
-655
-665
-415
-425
-435
-485
-495
-265
-365
-765
-865
-965
539
-532
-533
-534
-535
-536
-537
-419
-429
-439
-519
-529
-619
-629
-639
-549
-559
-569
-579
-589
-599
-339
-739
-839
-939
551
-552
-553
-556
-557
-558
-441
-451
-541
-561
-641
-651
-661
-511
-521
-571
-581
-591
-351
-751
-851
-951
578
-572
-573
-574
-576
-577
-478
-488
-498
-588
-598
-678
-688
-698
-518
-528
-548
-568
-278
-378
-778
-878
-978
644
-642
-643
-647
-648
-649
-444
-544
-564
-664
-614
-624
-634
-674
-684
-694
-744
-844
-944
797
-791
-792
-794
-795
-796
-798
-799
-777
-787
-877
-887
-897
-977
-987
-997
-717
-727
-737
-747
-757
-767
-297
-397
-497
-597
-697
867
-861
-862
-863
-864
-866
-868
-869
-847
-857
-947
-957
-967
-817
-827
-837
-167
-267
-367
-567
-667
876
-871
-872
-873
-874
-879
-776
-786
-886
-896
-976
-986
-996
-816
-826
-836
-856
-376
-476
-676
882
-881
-883
-884
-885
-888
-889
-772
-782
-892
-972
-982
-992
-822
-832
-842
-852
-182
-282
-482
-582
-682
918
-911
-913
-914
-915
-916
-917
-919
-718
-728
-818
-828
-928
-948
-958
-968
-988
-998
-418
-618
935
-932
-933
-934
-936
-937
-715
-725
-735
-815
-825
-835
-925
927
-921
-922
-924
-926
-929
-945
-955
-985
-995
-127
-327
-427
-527
-627
-335
-635
959
-952
-953
-956
-749
-759
-769
-849
-859
-949
-969
966
-961
-962
-963
-964
764
-761
-762
-763
-766
-768
-756
-714
-724
-734
-774
-784
942
-941
-943
-742
-752
-979
-989
-999
-142
162
-161
-169
-252
-262
-442
-542
-259
-359
-459
-659
361
-363
-368
-369
-141
-341
181
-186
-187
-189
-371
-381
-391
-562
-662
-566
563
-443
-453
-543
547
-653
-663
-447
-457
-657
-513
-583
-517
-587
-147
149
-269
268
-258
-348
-358
-349
117
-116
-119
-217
-337
126
-129
-326
-336
334
-214
-324
-288
-298
-374
-384
-394
-417
-617
-426
-526
-626
-726
-434
-834
833
-713
-733
-813
-843
-853
-433
-633
-347
-449
448
-458
-658
-668
669
-666
-428
628
-621
-622
-625
-679
-689
-699
-748
-848
-481
-681
-781
-981
971
-973
-974
-771
-891
-991
994
-894
-984
983
-773
779
-783
-789
-899
-719
-729
-471
-671
-279
-379
377
-277
-287
-387
257
-255
-357
215
-219
-325
329
-389
-399
-515
-615
525
-522
-524
592
-594
-595
-596
-472
-492
-672
-692
-585
819
-811
-814
824
-821
-829
841
-845
-741
-424
272
-274
-292
474
-473
-477
-479
-484
-494
-584
586
-486
-496
-686
-696
-414
514
-516
673
-677
-483
-683
413
-411
-416
-613
284
-289
-294
299
-386
388
396
-398
-788
785
-895
898
-745
743
-753
-755
758
855
-858
-343
345
353
-355
-685
687
695
-691
491
-499
-487
489
-421
422
611
-616
-432
-632
-452
456
652
-656
-436
437
636
-637
-711
716
721
-722
732
-736
