177
-171
-172
-173
-174
-175
-176
-178
-179
-187
-197
-277
-287
-297
-377
-387
-397
-117
-127
-137
-147
-157
-167
-477
-577
-677
-777
-877
-977
194
-191
-192
-193
-195
-196
-198
-199
-184
-274
-284
-294
-374
-384
-394
-114
-124
-134
-144
-154
-164
-494
-594
-694
-794
-894
-994
236
-231
-232
-233
-234
-235
-237
-238
-239
-116
-126
-136
-216
-226
-316
-326
-336
-246
-256
-266
-276
-286
-296
-436
-536
-636
-736
-836
-936
247
-241
-242
-243
-244
-245
-248
-249
-257
-267
-347
-357
-367
-217
-227
-447
-547
-647
-747
-847
-947
281
-282
-283
-285
-288
-289
-181
-271
-291
-371
-381
-391
-211
-221
-251
-261
-481
-581
-681
-781
-881
-981
333
-331
-332
-334
-335
-337
-338
-339
-113
-123
-133
-213
-223
-313
-323
-343
-353
-363
-373
-383
-393
-433
-533
-633
-733
-833
-933
341
-342
-344
-345
-346
-348
-349
-141
-151
-161
-351
-361
-311
-321
-441
-541
-641
-741
-841
-941
359
-352
-354
-355
-356
-358
-149
-159
-169
-259
-269
-369
-319
-329
-379
-389
-399
-459
-559
-659
-759
-859
-959
386
-382
-385
-388
-186
-376
-396
-366
-486
-586
-686
-786
-886
-986
431
-432
-434
-435
-437
-438
-439
-411
-421
-511
-521
-531
-611
-621
-631
-451
-461
-471
-491
-131
-731
-831
-931
456
-452
-453
-454
-455
-457
-458
-446
-466
-546
-556
-566
-646
-656
-666
-416
-426
-476
-496
-156
-756
-856
-956
495
-492
-493
-497
-498
-499
-475
-485
-575
-585
-595
-675
-685
-695
-415
-425
-445
-465
-295
-395
-795
-895
-995
542
-543
-544
-545
-548
-549
-442
-462
-552
-562
-642
-652
-662
-512
-522
-532
-572
-582
-592
-142
-742
-842
-942
563
-561
-564
-565
-567
-568
-569
-443
-463
-553
-643
-653
-663
-513
-523
-573
-583
-593
-163
-263
-763
-863
-963
618
-612
-613
-614
-615
-616
-617
-619
-418
-428
-518
-528
-538
-628
-638
-648
-658
-668
-678
-688
-698
-118
-218
-318
-718
-818
-918
651
-654
-655
-657
-551
-661
-671
-691
-751
-851
-951
674
-672
-673
-676
-679
-474
-484
-574
-584
-684
-624
-634
-644
-664
-774
-874
-974
682
-683
-687
-689
-472
-482
-692
-622
-632
-182
-782
-882
-982
722
-721
-723
-724
-725
-726
-727
-728
-729
-712
-732
-812
-822
-832
-912
-922
-932
-752
-762
-772
-792
-122
-222
-322
-422
412
-413
-414
-417
-419
-112
-212
-312
132
-135
-138
-139
-152
-162
755
-753
-754
-757
-758
-745
-765
-845
-855
-865
-945
-955
-965
-715
-735
-775
-785
-155
-255
-555
768
-761
-764
-766
-767
-769
-748
-848
-858
-868
-948
-958
-968
-738
-778
-788
-798
-168
-268
-368
-468
773
-771
-776
-779
-783
-793
-873
-883
-893
-973
-983
-993
-713
-743
-273
-473
825
-821
-823
-824
-826
-827
-828
-829
-815
-835
-915
-925
-935
-875
-885
-125
-225
-325
-525
-625
862
-861
-864
-866
-867
-869
961
-962
-964
-966
-967
-969
-852
-952
-872
-892
-911
-921
-971
-991
121
-128
-129
-111
252
-253
-254
-258
-262
-362
-272
-292
293
-298
-299
-183
166
-165
-146
483
-487
-488
-489
-693
-423
623
-626
-627
-629
696
-697
-699
-576
-596
-923
-796
-896
-996
871
-876
-878
-879
-791
-891
976
-972
-975
-978
-979
992
-997
-998
-999
985
-984
-987
-988
-989
711
-714
-716
-717
-719
-811
746
-744
-749
-846
-946
816
-813
-814
-817
-819
913
-914
-916
-917
-919
-926
-943
-953
-516
526
-524
-527
-529
-571
591
-597
-598
-599
587
-588
-589
-517
-537
-557
317
-314
-315
-327
372
-375
-378
-392
398
-188
-278
228
-224
-229
-328
324
-214
264
-265
-364
365
-145
514
-515
-519
-424
-534
-554
558
-448
478
-479
-578
579
535
-539
-635
-924
-928
938
-934
-937
-939
-838
645
-649
-665
148
-143
153
-158
843
-844
-849
-853
949
-944
954
-957
-854
857
-837
-887
-897
927
-929
-737
-427
429
637
-639
467
-464
-469
444
-449
-667
669
275
-279
-185
189
115
-119
-215
219
-787
797
-799
888
-884
-889
784
-789
-898
899
-734
739
834
-839
