144
-141
-142
-143
-145
-146
-147
-148
-149
-154
-164
-244
-254
-264
-344
-354
-364
-114
-124
-134
-174
-184
-194
-444
-544
-644
-744
-844
-944
158
-151
-152
-153
-155
-156
-157
-159
-168
-248
-258
-268
-348
-358
-368
-118
-128
-138
-178
-188
-198
-458
-558
-658
-758
-858
-958
166
-161
-162
-163
-165
-167
-169
-246
-256
-266
-346
-356
-366
-116
-126
-136
-176
-186
-196
-466
-566
-666
-766
-866
-966
261
-262
-263
-265
-267
-269
-241
-251
-341
-351
-361
-211
-221
-231
-271
-281
-291
-461
-561
-661
-761
-861
-961
295
-292
-293
-294
-296
-297
-298
-299
-175
-185
-195
-275
-285
-375
-385
-395
-215
-225
-235
-245
-255
-495
-595
-695
-795
-895
-995
338
-331
-332
-333
-334
-335
-336
-337
-339
-218
-228
-238
-318
-328
-378
-388
-398
-438
-538
-638
-738
-838
-938
373
-371
-372
-374
-376
-377
-379
-173
-183
-193
-273
-283
-383
-393
-313
-323
-343
-353
-363
-473
-573
-673
-773
-873
-973
396
-391
-392
-394
-397
-399
-276
-286
-386
-316
-326
-496
-596
-696
-796
-896
-996
413
-411
-412
-414
-415
-416
-417
-418
-419
-423
-433
-513
-523
-533
-613
-623
-633
-443
-453
-463
-483
-493
-113
-213
-713
-813
-913
442
-441
-445
-446
-447
-448
-449
-452
-462
-542
-552
-562
-642
-652
-662
-422
-432
-472
-482
-492
-242
-342
-742
-842
-942
471
-474
-475
-476
-477
-478
-479
-481
-491
-571
-581
-591
-671
-681
-691
-421
-431
-451
-171
-771
-871
-971
487
-484
-485
-486
-488
-489
-497
-577
-587
-597
-677
-687
-697
-427
-437
-457
-467
-187
-287
-387
-787
-887
-987
532
-531
-534
-535
-536
-537
-539
-512
-522
-612
-622
-632
-572
-582
-592
-132
-232
-732
-832
-932
541
-543
-545
-546
-547
-548
-549
-551
-641
-651
-511
-521
-741
-841
-941
555
-553
-554
-556
-557
-559
-455
-465
-565
-645
-655
-665
-515
-525
-575
-585
-355
-755
-855
-955
564
-563
-567
-568
-569
-454
-464
-654
-664
-514
-524
-574
-584
-594
-764
-864
-964
579
-576
-578
-499
-589
-599
-679
-689
-699
-519
-529
-179
-279
-779
-879
-979
631
-634
-635
-636
-637
-639
-611
-621
-131
-731
-831
-931
663
-667
-668
-669
-643
-653
-683
-693
-763
-863
-963
694
-692
-698
-494
498
-674
-684
-588
-598
593
-583
586
-676
-686
-678
-688
-428
-468
469
648
-646
-647
-649
657
-656
-659
456
-459
-426
-436
-429
-439
-516
-526
-614
-624
-617
-627
-618
-628
-748
-848
-948
-756
-856
-956
-257
-357
-757
-857
-957
-369
-769
-869
-969
-786
-886
-986
-793
-893
-993
-794
-894
-994
-798
-898
-998
718
-711
-712
-714
-715
-716
-717
-719
-728
-818
-828
-918
-928
-768
-778
-788
-518
517
-527
528
-117
-217
-317
-817
-917
733
-734
-735
-736
-737
-739
-723
-823
-833
-923
-933
-743
-753
-783
-133
123
-121
-122
-125
-127
-129
-223
-233
772
-774
-775
-776
-777
-782
-792
-872
-882
-892
-972
-982
-992
-722
-752
-762
-172
177
-197
-277
-137
-272
-672
675
682
-685
-615
-625
-875
-975
-877
-977
-182
-282
-382
192
-191
-199
-112
816
-811
-812
-814
-815
-819
-726
-826
-836
-916
-926
-936
746
-745
-747
-749
-846
-946
-876
976
-974
-978
-216
-616
619
626
-629
-119
-219
-319
-919
-226
236
-234
-237
-239
847
-843
-845
-849
-767
765
-865
-945
-965
-867
-947
-967
-725
-785
-827
-837
-897
937
-934
-935
-939
-727
-927
797
-791
-799
-997
345
-347
-349
-365
-315
-325
-247
367
-362
227
-222
-224
-229
-327
943
-949
-853
-953
883
-881
-884
-885
-888
-889
-983
985
-981
-984
-988
-989
878
-874
784
-781
-789
-724
-754
-868
862
-852
-952
-962
968
-822
-915
-925
115
-111
-135
139
-329
181
-189
-381
-839
-243
249
253
-252
-259
352
-359
212
-214
-312
-322
-289
389
-384
-912
922
-921
-924
-929
274
-278
-284
288
951
-954
-959
-751
759
-851
854
-859
721
-729
-821
-911
914
-824
-834
835
-825
829
891
-899
-991
999
311
-314
-321
324
-424
425
434
-435
