137
-131
-132
-133
-134
-135
-136
-138
-139
-117
-127
-217
-227
-237
-317
-327
-337
-147
-157
-167
-177
-187
-197
-437
-537
-637
-737
-837
-937
143
-141
-142
-144
-145
-146
-148
-149
-153
-163
-243
-253
-263
-343
-353
-363
-113
-123
-173
-183
-193
-443
-543
-643
-743
-843
-943
222
-221
-223
-224
-225
-226
-228
-229
-112
-122
-212
-232
-312
-322
-332
-242
-252
-262
-272
-282
-292
-422
-522
-622
-722
-822
-922
291
-293
-294
-295
-296
-297
-298
-299
-171
-181
-191
-271
-281
-371
-381
-391
-211
-231
-241
-251
-261
-491
-591
-691
-791
-891
-991
316
-311
-313
-314
-315
-318
-319
-116
-126
-216
-236
-326
-336
-346
-356
-366
-376
-386
-396
-416
-516
-616
-716
-816
-916
324
-321
-323
-325
-328
-329
-114
-124
-214
-234
-334
-344
-354
-364
-374
-384
-394
-424
-524
-624
-724
-824
-924
369
-361
-362
-365
-367
-368
-159
-169
-249
-259
-269
-349
-359
-339
-379
-389
-399
-469
-569
-669
-769
-869
-969
387
-382
-383
-385
-388
-277
-287
-377
-397
-347
-357
-487
-587
-687
-787
-887
-987
412
-411
-413
-414
-415
-417
-418
-419
-432
-512
-532
-612
-632
-442
-452
-462
-472
-482
-492
-712
-812
-912
453
-451
-454
-455
-456
-457
-458
-459
-463
-553
-563
-653
-663
-423
-433
-473
-483
-493
-753
-853
-953
465
-461
-464
-466
-467
-468
-445
-545
-555
-565
-645
-655
-665
-425
-435
-475
-485
-495
-165
-265
-765
-865
-965
517
-511
-513
-514
-515
-518
-519
-427
-527
-617
-627
-547
-557
-567
-577
-597
-717
-817
-917
539
-531
-533
-534
-535
-536
-538
-429
-439
-529
-619
-629
-639
-549
-559
-579
-589
-599
-239
-739
-839
-939
576
-571
-572
-573
-574
-575
-578
-476
-486
-496
-586
-596
-676
-686
-696
-526
-546
-556
-566
-176
-276
-776
-876
-976
593
-592
-594
-595
-598
-583
-673
-683
-693
-523
-393
-793
-893
-993
649
-641
-642
-644
-646
-647
-648
-449
-659
-679
-689
-699
-749
-849
-949
651
-652
-654
-656
-657
-658
-441
-541
-551
-561
-661
-611
-621
-631
-671
-681
-151
-351
-751
-851
-951
698
-692
-694
-695
-697
-478
-488
-498
-588
-678
-688
-618
-628
-638
-668
-198
-398
-798
-898
-998
728
-721
-723
-725
-726
-727
-729
-718
-738
-818
-828
-838
-918
-928
-938
-748
-758
-768
-778
-788
-128
-428
-528
438
-431
-434
-436
-448
-238
-338
747
-741
-742
-744
-745
-746
-757
-767
-847
-857
-867
-947
-957
-967
-777
-797
-247
-447
667
-662
-664
-666
446
-444
-426
421
-521
525
-615
-625
-635
-471
-481
581
-582
-584
-585
-677
-121
-821
-921
-125
129
-119
-219
-179
-189
-199
-825
-925
-829
-929
-246
-846
-946
257
-254
-255
-256
-258
-267
-781
-881
-981
789
-782
-783
-784
-785
-786
-779
-799
-879
-889
-899
-979
-989
-999
-719
-759
-289
279
-273
-274
-275
-278
-479
-489
484
-474
477
-494
-674
-684
-497
499
-877
-977
-184
-284
-884
-984
796
-792
-794
-795
-886
-896
-986
-996
-736
-756
-766
-196
814
-811
-813
-815
-819
-714
-734
-834
-914
-934
919
-911
-913
-915
-844
-854
-864
-874
-894
859
-852
-855
-856
-858
-959
-614
613
-623
626
-633
634
-636
-213
-713
-826
-926
883
-882
-885
-888
-773
-873
-973
-983
-823
827
-927
923
-733
-833
-933
763
-761
-762
-764
-863
-963
-897
997
-992
-994
-995
373
-372
-375
-378
-283
233
-235
-333
194
-192
-195
-174
-154
-164
962
-961
-964
-966
-968
-752
-842
-862
-942
-952
-932
-972
-982
-162
-562
978
-971
-974
-975
774
-771
-772
-775
871
-872
-875
-878
892
-895
985
-988
732
-731
-735
-832
711
-715
-831
-931
-754
755
-845
-945
-955
-841
848
-868
-948
-958
-861
866
941
-944
954
-956
835
-836
-935
936
-111
331
-335
161
-166
-168
-341
-248
-348
358
-352
-355
-158
-268
-548
-554
-155
156
-152
342
-345
245
-244
264
-266
-186
286
-285
-288
-215
218
115
-118
-175
-185
395
-392
-542
544
552
-558
-564
568
675
-672
682
-685
172
-178
-182
188
