123
-121
-122
-124
-125
-126
-127
-128
-129
-113
-133
-213
-223
-233
-313
-323
-333
-143
-153
-163
-173
-183
-193
-423
-523
-623
-723
-823
-923
172
-171
-174
-175
-176
-177
-178
-179
-182
-192
-272
-282
-292
-372
-382
-392
-112
-132
-142
-152
-162
-472
-572
-672
-772
-872
-972
199
-191
-194
-195
-196
-197
-198
-189
-279
-289
-299
-379
-389
-399
-119
-139
-149
-159
-169
-499
-599
-699
-799
-899
-999
232
-231
-234
-235
-236
-237
-238
-239
-212
-222
-312
-322
-332
-242
-252
-262
-432
-532
-632
-732
-832
-932
255
-251
-253
-254
-256
-257
-258
-259
-145
-155
-165
-245
-265
-345
-355
-365
-215
-225
-275
-285
-295
-455
-555
-655
-755
-855
-955
271
-273
-274
-276
-277
-278
-181
-281
-291
-371
-381
-391
-211
-221
-241
-261
-471
-571
-671
-771
-871
-971
339
-331
-334
-335
-336
-337
-338
-219
-229
-319
-329
-349
-359
-369
-439
-539
-639
-739
-839
-939
351
-352
-353
-354
-356
-357
-358
-141
-151
-161
-341
-361
-311
-321
-451
-551
-651
-751
-851
-951
385
-383
-384
-386
-387
-388
-185
-375
-395
-315
-325
-485
-585
-685
-785
-885
-985
397
-393
-394
-396
-398
-187
-287
-297
-377
-317
-327
-347
-367
-497
-597
-697
-797
-897
-997
417
-411
-412
-413
-414
-415
-416
-418
-419
-427
-437
-517
-527
-537
-617
-627
-637
-447
-457
-467
-477
-487
-117
-217
-717
-817
-917
464
-461
-462
-463
-465
-466
-468
-469
-444
-454
-544
-554
-564
-644
-654
-664
-424
-434
-474
-484
-494
-164
-264
-364
-764
-864
-964
483
-481
-482
-486
-488
-489
-473
-493
-573
-583
-593
-673
-683
-693
-433
-443
-453
-283
-783
-883
-983
491
-492
-495
-496
-498
-581
-591
-681
-691
-421
-431
-441
-791
-891
-991
552
-553
-556
-557
-558
-559
-442
-452
-542
-562
-642
-652
-662
422
-425
-426
-428
-429
-512
-522
-612
-622
-582
-592
-722
-822
-922
-752
-852
-952
645
-641
-643
-646
-647
-648
-649
-445
-545
-565
-665
-615
-625
-635
-675
-695
-745
-845
-945
676
-674
-677
-678
-679
-476
-576
-586
-596
-686
-696
-616
-626
-636
-656
-666
-376
-776
-876
-976
713
-711
-712
-714
-715
-716
-718
-719
-733
-813
-833
-913
-933
-743
-753
-763
-773
-793
-513
-613
798
-792
-794
-795
-796
-778
-788
-878
-888
-898
-978
-988
-998
-728
-738
-748
-758
-768
-298
-598
-698
829
-821
-824
-825
-826
-827
-828
-729
-819
-919
-929
-849
-859
-869
-879
-889
-529
-629
861
-862
-863
-865
-866
-867
-868
-741
-761
-841
-941
-961
-811
-831
-881
541
-543
-546
-547
-548
-549
-561
-661
-511
-521
-531
948
-942
-943
-944
-946
-947
-949
-848
-858
-958
-968
-918
-928
-938
-148
-248
-348
-448
956
-953
-954
-957
-959
-746
-756
-766
-846
-856
-966
-916
-926
-936
-986
-996
-156
-456
962
-963
-965
-967
-969
-742
-762
-842
765
-767
-769
782
-781
-784
-786
-787
-789
981
-982
-984
-987
-989
-882
-892
-992
-725
-735
-775
812
-814
-815
-816
-818
-912
838
-834
-835
-836
-837
-911
-921
-931
979
-973
-974
-975
-977
-779
993
-994
-995
-873
-893
-138
-438
-538
-638
342
-343
-344
-346
-362
373
-374
-378
-293
-363
-479
-579
-682
692
-694
-111
131
-134
-135
-136
-137
115
-114
-116
-118
227
-224
-226
-228
-247
-267
611
-614
-618
-619
-621
-631
519
-514
-515
-516
-518
-569
-589
689
-684
-687
-688
-659
-669
-915
914
-724
-734
-924
-934
-214
-314
324
-326
-328
721
-726
-727
-731
736
-737
-524
-624
628
-528
634
-633
533
-534
-535
-536
-563
-658
-668
526
-525
435
-436
-475
478
-578
-588
446
-449
-566
459
-458
568
-567
925
-927
-935
937
-146
-246
158
-154
-157
-168
-268
-368
366
-166
167
-266
-147
144
-244
-184
186
-188
-286
-296
294
-284
288
216
-218
-316
318
-744
-844
-759
749
-747
847
-843
853
-854
-857
754
-757
-774
777
-877
-887
243
-249
-263
269
-653
657
663
-667
-577
587
-584
884
-886
-874
875
-894
-895
896
574
-575
-594
595
