134
-131
-132
-133
-135
-136
-137
-138
-139
-114
-124
-214
-224
-234
-314
-324
-334
-144
-154
-164
-174
-184
-194
-434
-534
-634
-734
-834
-934
199
-191
-192
-193
-195
-196
-197
-198
-179
-189
-279
-289
-299
-379
-389
-399
-119
-129
-149
-159
-169
-499
-599
-699
-799
-899
-999
212
-211
-213
-215
-216
-217
-218
-219
-112
-122
-222
-232
-312
-322
-332
-242
-252
-262
-272
-282
-292
-412
-512
-612
-712
-812
-912
239
-231
-233
-235
-236
-237
-238
-229
-319
-329
-339
-249
-259
-269
-439
-539
-639
-739
-839
-939
247
-241
-243
-244
-245
-246
-248
-147
-157
-167
-257
-267
-347
-357
-367
-227
-277
-287
-297
-447
-547
-647
-747
-847
-947
328
-321
-323
-325
-326
-327
-118
-128
-228
-318
-338
-348
-358
-368
-378
-388
-398
-428
-528
-628
-728
-828
-928
353
-351
-352
-354
-355
-356
-359
-143
-153
-163
-253
-263
-343
-363
-313
-333
-373
-383
-393
-453
-553
-653
-753
-853
-953
381
-382
-384
-385
-386
-387
-171
-181
-271
-281
-291
-371
-391
-311
-331
-341
-361
-481
-581
-681
-781
-881
-981
397
-392
-394
-395
-396
-177
-187
-377
-317
-337
-497
-597
-697
-797
-897
-997
449
-441
-442
-443
-444
-445
-446
-448
-459
-469
-549
-559
-569
-649
-659
-669
-419
-429
-479
-489
-349
369
-362
-364
-365
-366
-749
-849
-949
-769
-869
-969
462
-461
-463
-464
-465
-466
-467
-468
-452
-542
-552
-562
-642
-652
-662
-422
-432
-472
-482
-492
-162
-762
-862
-962
483
-484
-485
-486
-487
-488
-473
-493
-573
-583
-593
-673
-683
-693
-413
-423
-433
-183
-283
-783
-883
-983
541
-543
-544
-545
-546
-548
-451
-551
-561
-641
-651
-661
-511
-521
-531
-571
-591
-141
-741
-841
-941
565
-563
-564
-566
-567
-568
-455
-555
-645
-655
-665
-515
-525
-535
-575
-585
-595
-165
-265
-765
-865
-965
625
-621
-622
-623
-624
-626
-627
-629
-415
-425
-435
-615
-635
-675
-685
-695
-125
-225
-725
-825
-925
643
-644
-646
-648
-663
-613
-633
-743
-843
-943
664
-666
-667
-668
-454
-554
-654
-614
-674
-684
-694
-264
-764
-864
-964
692
-691
-696
-698
-572
-582
-592
-672
-682
-632
-792
-892
-992
715
-711
-713
-714
-716
-717
-718
-719
-735
-815
-835
-915
-935
-745
-755
-775
-785
-795
-115
-315
316
335
-336
-116
-126
-226
-345
-375
-346
-376
-416
-516
-616
-816
-916
727
-721
-722
-723
-724
-726
-729
-737
-817
-827
-837
-917
-927
-937
-757
-767
-777
-787
-127
117
-111
-113
-417
-517
-617
-427
-527
759
-751
-752
-754
-756
-758
-859
-959
-779
-789
786
-782
-784
-788
-776
-796
-876
-886
-896
-976
-986
-996
-736
-746
-766
-186
-286
-586
-686
867
-861
-863
-866
-868
-857
-957
-967
-877
-887
871
-872
-873
-874
-875
-878
-879
-771
-791
-891
-971
-991
-811
-821
-831
-851
-471
-671
491
-494
-495
-496
-498
475
-474
-476
-477
-478
-411
-421
-431
-175
-275
-975
894
-893
-895
-898
-774
-794
-884
-974
-984
-994
744
-742
-748
-844
-854
-944
-954
-814
-824
-344
342
-142
-152
254
-251
-255
-256
-258
-274
-284
-294
374
-372
-842
-942
-574
584
-587
-588
-589
-594
-514
-524
919
-911
-913
-914
-918
924
-921
-922
-923
-926
-929
-819
-829
889
-882
-885
-888
-979
-989
611
-618
-619
-631
414
-418
-424
426
-436
-526
-536
-636
-456
-519
529
-522
-523
532
-533
-537
-538
513
-518
-579
-813
818
-738
-838
-938
-848
-858
822
-823
-826
-732
-832
-932
772
-773
-778
-972
-982
-852
952
-951
-955
-956
-958
833
-836
-733
731
-931
-933
936
-761
961
-963
-966
-968
763
-768
948
-945
-946
-793
798
-978
-988
-998
-148
151
-155
-156
-158
-161
-261
145
-146
-121
123
221
-223
-173
-185
-845
846
855
-856
-172
182
-188
679
-676
-677
-678
-689
656
-657
-658
-556
-298
-598
596
-576
-296
977
-973
993
-995
985
-987
273
-276
-278
-293
295
-285
288
176
-178
-166
168
266
-268
-577
578
687
-688
557
-558
-457
458
437
-438
-637
638
