123
-121
-122
-124
-125
-126
-127
-128
-129
-113
-133
-213
-223
-233
-313
-323
-333
-143
-153
-163
-173
-183
-193
-423
-523
-623
-723
-823
-923
154
-151
-152
-155
-156
-157
-158
-159
-144
-164
-244
-254
-264
-344
-354
-364
-114
-134
-174
-184
-194
-454
-554
-654
-754
-854
-954
161
-162
-165
-166
-167
-168
-169
-141
-241
-251
-261
-341
-351
-361
-111
-131
-171
-181
-191
-461
-561
-661
-761
-861
-961
215
-211
-212
-214
-216
-217
-218
-219
-115
-135
-225
-235
-315
-325
-335
-245
-255
-265
-275
-285
-295
-415
-515
-615
-715
-815
-915
272
-271
-273
-274
-276
-277
-278
-279
-172
-182
-192
-282
-292
-372
-382
-392
-222
-232
-242
-252
-262
-472
-572
-672
-772
-872
-972
367
-362
-363
-365
-366
-368
-369
-147
-247
-257
-267
-347
-357
-317
-327
-337
-377
-387
-397
-467
-567
-667
-767
-867
-967
416
-411
-412
-413
-414
-417
-418
-419
-426
-436
-516
-526
-536
-616
-626
-636
-446
-456
-466
-476
-486
-496
-116
-316
-716
-816
-916
432
-431
-433
-434
-435
-437
-438
-439
-422
-512
-522
-532
-612
-622
-632
-442
-452
-462
-482
-492
-132
-332
-732
-832
-932
443
-441
-444
-445
-447
-448
-449
-453
-463
-543
-553
-563
-643
-653
-663
-473
-483
-493
-243
-343
-743
-843
-943
587
-581
-582
-583
-584
-585
-586
-588
-589
-477
-487
-497
-577
-597
-677
-687
-697
-517
-527
-537
-547
-557
-187
-287
-787
-887
-987
591
-592
-593
-594
-595
-596
-598
-599
-471
-481
-491
-571
-671
-681
-691
-511
-521
-531
-541
-551
-291
-391
-791
-891
-991
658
-651
-652
-655
-656
-657
-659
-458
-468
-548
-558
-568
-648
-668
-618
-628
-638
-678
-688
-698
-258
-358
-758
-858
-958
742
-741
-744
-745
-746
-747
-748
-749
-752
-762
-842
-852
-862
-942
-952
-962
-712
-722
-782
-792
-142
112
-117
-118
-119
-312
-322
-812
-912
-342
352
-353
-355
-356
-359
-542
-642
-552
562
-564
-565
-566
-569
-662
776
-771
-773
-774
-775
-777
-778
-779
-786
-796
-876
-886
-896
-976
-986
-996
-726
-736
-756
-766
-176
-376
-576
-676
821
-822
-824
-825
-826
-827
-828
-829
-711
-721
-731
-811
-831
-911
-921
-931
922
-924
-925
-926
-927
-928
-929
-841
-851
-871
-881
-982
-992
-221
-321
-421
451
-455
-457
-459
-641
647
-644
-645
-646
-649
427
-424
-425
-428
-429
-617
-627
-637
-621
-227
-727
941
-944
-945
-946
-947
-948
-949
-751
-951
781
-783
-784
-785
-788
-789
-971
-981
-847
371
-373
-374
-375
-378
-379
-281
-381
231
-234
-236
-237
-238
-239
-311
-331
137
-136
-138
-139
-177
-197
297
-293
-294
-296
-298
-299
611
-613
-614
-619
-631
-737
-837
-937
-797
-897
-997
884
-882
-883
-885
-888
-889
892
-893
-894
-895
-898
-899
-794
-874
-974
-984
-994
-814
-834
-844
-864
544
-545
-546
-549
-464
-664
-514
-524
-534
-574
556
-555
-559
-666
-256
-856
-956
682
-683
-684
-685
-686
-689
-692
696
-693
-694
-695
-699
-284
224
-226
-228
-229
-314
-324
-334
-624
634
-633
-635
-639
673
-674
-675
-679
-573
-724
326
-328
-329
-336
-346
-386
-396
-734
-934
-873
-973
474
-475
-478
-479
-484
-494
-384
394
-393
-395
-398
-399
383
-385
-388
-389
-283
345
-348
-349
-145
-845
-983
-196
913
-914
-917
-918
-919
-713
-733
-813
-833
-933
714
-717
-718
-719
817
-818
-819
-764
964
-963
-965
-966
-968
-969
757
-753
-755
-759
-857
-957
-877
977
-975
-978
-979
-953
-993
793
-795
-798
-799
-763
936
-935
-938
-939
-836
-513
533
-535
-538
-539
-146
186
-185
-188
-189
-286
-148
149
-249
-259
253
-263
-269
-179
-199
289
-288
-849
-853
863
-865
-866
-868
-869
846
-848
768
-765
-769
-728
-738
838
-835
-839
-878
528
-525
-529
625
-629
-518
519
575
-578
-579
-485
-495
465
-469
-665
669
318
-319
-338
339
-725
729
735
-739
-246
248
266
-268
-175
178
195
-198
-875
879
-989
-999
855
-859
-955
959
985
-988
-995
998
488
-489
-498
499
