147
-141
-142
-143
-144
-145
-146
-148
-149
-157
-167
-247
-257
-267
-347
-357
-367
-117
-127
-137
-177
-187
-197
-447
-547
-647
-747
-847
-947
152
-151
-153
-154
-155
-156
-158
-159
-162
-242
-252
-262
-342
-352
-362
-112
-122
-132
-172
-182
-192
-452
-552
-652
-752
-852
-952
183
-181
-184
-185
-186
-188
-189
-173
-193
-273
-283
-293
-373
-383
-393
-113
-123
-133
-163
-483
-583
-683
-783
-883
-983
211
-212
-213
-214
-215
-216
-217
-218
-219
-111
-121
-131
-221
-231
-311
-321
-331
-241
-251
-261
-271
-281
-291
-411
-511
-611
-711
-811
-911
238
-232
-233
-234
-235
-236
-237
-239
-118
-128
-138
-228
-318
-328
-338
-248
-258
-268
-278
-288
-298
-438
-538
-638
-738
-838
-938
377
-371
-372
-374
-375
-376
-378
-379
-277
-287
-297
-387
-397
227
-222
-223
-224
-225
-226
-229
-317
-327
-337
-427
-527
-627
-727
-827
-927
-477
-577
-677
-777
-877
-977
415
-412
-413
-414
-416
-417
-418
-419
-425
-435
-515
-525
-535
-615
-625
-635
-445
-455
-465
-475
-485
-495
-115
-315
-715
-815
-915
474
-471
-472
-473
-476
-478
-479
-484
-494
-574
-584
-594
-674
-684
-694
-424
-434
-444
-454
-464
-174
-274
-774
-874
-974
491
-492
-493
-496
-497
-498
-499
-481
-571
-581
-591
-671
-681
-691
-421
-431
-441
-451
-461
-191
-391
-791
-891
-991
526
-521
-522
-523
-524
-528
-529
-426
-436
-516
-536
-616
-626
-636
-546
-556
-566
-576
-586
-596
-126
-326
-726
-826
-926
532
-531
-533
-534
-537
-539
-422
-432
-512
-612
-622
-632
-542
-562
-572
-582
-592
-332
-732
-832
-932
553
-551
-554
-555
-557
-558
-559
-443
-453
-463
-543
-563
-643
-653
-663
-513
-573
-593
-253
-353
-753
-853
-953
723
-721
-722
-724
-725
-728
-729
-713
-733
-813
-823
-833
-913
-923
-933
-743
-763
-773
-793
-323
-423
433
-437
-439
-613
-623
-633
313
-312
-314
-316
-319
322
-324
-325
-329
-333
-382
-392
-343
-363
-822
-922
782
-781
-784
-785
-786
-787
-788
-789
-772
-792
-872
-882
-892
-972
-982
-992
-712
-742
-762
-282
-482
-682
798
-794
-795
-796
-797
-799
-778
-878
-888
-898
-978
-988
-998
-718
-748
-758
-768
-198
-398
-598
-698
814
-812
-816
-817
-818
-819
912
-914
-916
-917
-918
-919
-714
-734
-824
-834
-924
-934
-844
-854
-864
-884
-894
-942
-962
-114
-514
-614
841
-842
-843
-845
-846
-848
-849
-741
-751
-761
-851
-861
-941
-951
-961
862
-863
-865
-866
-867
-868
-869
-821
-831
-871
-881
-341
-541
561
-564
-565
-567
-568
-569
-641
-651
-661
544
-545
-548
-549
-644
-654
-664
-244
-344
-744
-944
351
-354
-355
-356
-358
-359
-161
-361
171
-175
-176
-178
-179
-381
388
-384
-385
-386
-389
168
-164
-165
-166
-169
-348
-368
-462
442
-446
-448
-449
-642
-662
-468
-668
-968
-771
731
-735
-736
-737
-739
-921
-931
621
-624
-628
-629
-631
634
-637
-639
124
-125
-129
-134
-334
-194
-971
981
-984
-985
-986
-987
-989
994
-993
-995
-996
-997
-999
-954
-964
284
-285
-286
-289
-294
-394
-254
-264
364
-365
-366
-369
754
-755
-756
-757
-759
-764
-488
-588
-688
116
-119
-136
-336
-196
-716
-135
139
335
-339
195
-199
-275
-295
-395
-345
-835
-935
-839
-939
-595
-695
-895
243
-245
-246
-249
-263
-943
963
-965
-966
-967
-969
-973
-255
265
-266
-269
-665
-765
256
-259
-346
349
-276
-296
396
-399
-649
-749
-949
-456
-656
-856
-956
-696
-896
-272
279
292
-299
672
-673
-675
-676
-678
-679
-692
693
-697
-699
578
-575
-579
585
-587
-589
-685
-518
618
-617
-619
517
-519
-428
429
458
-457
-459
-648
-658
-469
-489
-597
599
-689
-717
719
-829
-929
767
-766
-769
-857
-957
-779
937
-936
836
-837
-876
-886
948
-945
-946
746
-745
-858
-958
775
-776
-875
-885
-975
976
-979
828
-825
925
-928
855
-859
-955
959
645
-646
-655
657
-659
-467
466
-666
-667
669
-486
487
686
-687
873
-879
-893
-887
889
897
-899
