122
-121
-123
-124
-125
-126
-127
-128
-129
-112
-132
-212
-222
-232
-312
-322
-332
-142
-152
-162
-172
-182
-192
-422
-522
-622
-722
-822
-922
143
-141
-144
-145
-146
-147
-148
-149
-153
-163
-243
-253
-263
-343
-353
-363
-113
-133
-173
-183
-193
-443
-543
-643
-743
-843
-943
278
-271
-272
-273
-274
-275
-276
-277
-279
-178
-188
-198
-288
-298
-378
-388
-398
-218
-228
-238
-248
-258
-268
-478
-578
-678
-778
-878
-978
294
-291
-292
-293
-295
-296
-297
-299
-174
-184
-194
-284
-374
-384
-394
-214
-224
-234
-244
-254
-264
-494
-594
-694
-794
-894
-994
333
-331
-334
-335
-336
-337
-338
-339
-213
-223
-233
-313
-323
283
-281
-282
-285
-286
-287
-289
-373
-383
-393
-433
-533
-633
-733
-833
-933
-483
-583
-683
-783
-883
-983
375
-371
-372
-376
-377
-379
-175
-185
-195
-385
-395
-315
-325
-345
-355
-365
-475
-575
-675
-775
-875
-975
442
-441
-444
-445
-446
-447
-448
-449
-452
-462
-542
-552
-562
-642
-652
-662
-412
-432
-472
-482
-492
-242
-342
-742
-842
-942
487
-481
-484
-485
-486
-488
-489
-477
-497
-577
-587
-597
-677
-687
-697
-417
-427
-437
-457
-467
-187
-387
-787
-887
-987
515
-511
-512
-513
-514
-516
-517
-518
-519
-415
-425
-435
-525
-535
-615
-625
-635
-545
-555
-565
-585
-595
-115
-215
-715
-815
-915
576
-571
-572
-573
-574
-579
-476
-496
-586
-596
-676
-686
-696
-526
-536
-546
-556
-566
-176
-776
-876
-976
641
-644
-645
-646
-647
-648
-649
-451
-461
-541
-551
-561
-651
-661
-611
-621
-631
-671
-681
-691
-241
-341
-741
-841
-941
721
-723
-724
-725
-726
-727
-728
-729
-711
-731
-811
-821
-831
-911
-921
-931
-751
-761
-771
-781
-791
-221
-321
-421
-521
767
-762
-763
-764
-765
-766
-768
-769
-747
-757
-847
-857
-867
-947
-957
-967
-717
-737
-777
-797
-167
-267
-367
-567
-667
782
-784
-785
-786
-788
-789
-772
-792
-872
-882
-892
-972
-982
-992
-712
-732
-752
672
-673
-674
-679
-582
-592
-682
-692
532
-531
-534
-537
-538
-539
-612
-632
-832
-932
-382
392
-391
-396
-397
-399
-352
-362
818
-812
-813
-814
-816
-817
-819
912
-913
-914
-916
-917
-918
-919
-718
-738
-828
-838
-928
-938
-848
-858
-868
-888
-898
-952
-962
-118
-318
-418
-618
856
-851
-852
-853
-854
-855
-859
862
-861
-863
-864
-865
-866
-869
-746
-756
-846
-946
-956
-966
-826
-836
-886
-896
252
-251
-255
-256
-257
-259
-262
-156
-356
-456
-656
955
-951
-953
-954
-958
-959
961
-963
-964
-965
-968
-969
753
-754
-755
-758
-759
-745
-845
-945
-713
-773
-793
-971
-981
-991
-925
-935
-985
-995
245
-246
-247
-249
-155
-165
-265
135
-131
-134
-136
-137
-138
-139
-225
-235
328
-324
-326
-327
-329
-348
-358
-368
825
-823
-824
-827
-829
923
-924
-926
-927
-929
-735
-835
795
-796
-798
-799
-885
-895
748
-744
-749
-948
-973
-993
-423
-523
-623
-428
-528
-628
346
-344
-347
-349
-166
-266
-366
-316
-386
547
-544
-548
-549
-557
-657
-527
-453
-553
-653
-455
-655
-161
-261
269
-159
-169
-359
-369
-219
-229
-239
-361
364
-154
-164
168
-354
-158
114
-111
-116
-117
-119
-314
319
-311
-317
357
-351
151
-157
-171
-181
-191
381
-389
-414
-614
-714
-419
-619
-719
716
-736
-936
-216
-416
-616
-464
-564
-664
-468
-568
-668
-469
-569
563
-463
-663
-593
-669
-581
591
-598
-599
-471
-491
871
-873
-874
-877
-879
-881
-891
893
-897
-899
837
-834
-839
-937
-237
-637
473
-474
-479
-493
-693
-413
411
-431
613
-617
627
-624
-626
-629
-211
217
231
-236
226
-227
-426
685
-684
-688
-689
584
-588
-589
-495
-695
465
-466
-665
666
436
-434
-438
-439
-636
638
-634
-639
-524
529
424
-429
-454
-554
654
-658
-659
558
-559
-458
459
498
-499
-698
699
-884
889
-779
774
-974
-984
-979
977
-997
-989
-999
-734
739
934
-939
844
-849
-944
949
-177
179
197
-196
-199
186
-189
-986
988
996
-998
