134
-131
-132
-133
-135
-136
-137
-138
-139
-114
-124
-214
-224
-234
-314
-324
-334
-144
-154
-164
-174
-184
-194
-434
-534
-634
-734
-834
-934
165
-161
-162
-163
-166
-167
-168
-169
-145
-155
-245
-255
-265
-345
-355
-365
-115
-125
-175
-185
-195
-465
-565
-665
-765
-865
-965
198
-191
-192
-193
-196
-197
-199
-178
-188
-278
-288
-298
-378
-388
-398
-118
-128
-148
-158
-498
-598
-698
-798
-898
-998
225
-221
-222
-223
-226
-227
-228
-229
-215
-235
-315
-325
-335
-275
-285
-295
-425
-525
-625
-725
-825
-925
256
-251
-252
-253
-254
-257
-258
-259
-146
-156
-246
-266
-346
-356
-366
-216
-236
-276
-286
-296
-456
-556
-656
-756
-856
-956
261
-262
-263
-264
-267
-268
-269
-141
-151
-241
-341
-351
-361
-211
-231
-271
-281
-291
-461
-561
-661
-761
-861
-961
318
-311
-312
-313
-316
-317
-319
-218
-238
-328
-338
248
-242
-243
-244
-247
-249
-348
-358
-368
-418
-518
-618
-718
-818
-918
-448
-548
-648
-748
-848
-948
326
-321
-322
-323
-327
-329
-116
-126
-336
-376
-386
-396
-426
-526
-626
-726
-826
-926
357
-352
-353
-354
-359
-147
-157
-347
-367
-337
-377
-387
-397
-457
-557
-657
-757
-857
-957
392
-391
-393
-394
-395
-399
-172
-182
-272
-282
-292
-372
-382
-332
-342
-362
-492
-592
-692
-792
-892
-992
424
-421
-422
-423
-427
-428
-429
-414
-514
-524
-614
-624
-444
-454
-464
-474
-484
-494
-724
-824
-924
487
-481
-482
-483
-485
-486
-488
-489
-477
-497
-577
-587
-597
-677
-687
-697
-417
-437
-447
-467
-187
-287
-787
-887
-987
499
-491
-493
-495
-496
-479
-579
-589
-599
-679
-689
-699
-419
-439
-449
-459
-469
-299
-799
-899
-999
516
-511
-512
-513
-515
-517
-519
-416
-436
-536
-616
-636
-546
-566
-576
-586
-596
-716
-816
-916
591
-593
-594
-595
-471
-571
-581
-671
-681
-691
-521
-531
-541
-551
-791
-891
-991
611
-612
-613
-615
-617
-619
-411
-431
-621
-631
-641
-651
-111
-711
-811
-911
627
-622
-623
-628
-629
-527
-537
-637
-647
-667
-127
-727
-827
-927
682
-683
-684
-685
-686
-688
-472
-572
-582
-672
-632
-642
-652
-662
-782
-882
-982
714
-712
-713
-715
-717
-719
-814
-914
-744
-754
-764
-774
-784
-794
755
-751
-752
-753
-758
-759
-745
-845
-855
-945
-955
-735
-775
-785
-795
-455
-555
-655
781
-783
-786
-788
-789
-771
-871
-881
-971
-981
-721
-731
-741
-181
-381
797
-793
-796
-777
-877
-897
-977
-997
-737
-747
-767
-297
841
-842
-843
-844
-846
-847
-849
-851
-941
-951
-821
-831
-441
451
-452
-453
-458
858
-852
-853
-854
-859
-768
-868
-958
-968
-828
-838
-878
-888
-558
-658
886
-883
-884
-885
-889
-776
-876
-896
-976
-986
-996
-836
-866
-186
176
-171
-173
-177
-179
371
-373
-374
-375
-379
385
-383
-384
-389
277
-273
-274
-279
121
-122
-123
-129
-331
117
-112
-113
-119
-217
-237
-817
-917
-921
931
-932
-933
-935
-936
-937
-938
-939
736
-732
-733
-738
-739
837
-832
-833
-835
-839
-746
-766
-867
-476
-676
696
-693
-694
-695
-646
-666
-585
-985
912
-913
-915
-919
-722
-812
-822
-922
815
-813
-819
-875
-895
-942
-952
-962
-972
-212
232
-233
-239
-412
-415
413
-433
-523
-533
-633
-443
-463
-473
-213
219
333
-339
-289
189
-183
-149
-159
-343
-363
522
-528
-529
-432
-532
-542
-552
-562
152
-153
-142
143
-543
-643
-743
-943
-989
995
-993
-994
-975
946
-944
-947
-949
-966
967
-963
-964
-969
-446
466
-462
-468
442
-445
-742
749
-769
-869
-959
-729
-779
547
-544
-545
-549
645
-644
-649
-567
-635
-675
344
-349
-364
369
-569
-669
978
-973
-974
-979
-778
-988
879
-872
-873
-874
772
-773
-762
763
862
-863
-864
-953
954
-723
728
-928
894
-893
983
-984
823
-829
-923
929
-554
-654
-563
-663
-478
475
-575
-435
438
535
-538
-539
-638
639
559
-553
653
-659
-673
573
-574
-578
-583
674
-678
-584
588
564
-568
-664
668
-283
284
293
-294
