123
-121
-122
-124
-125
-126
-127
-128
-129
-113
-133
-213
-223
-233
-313
-323
-333
-143
-153
-163
-173
-183
-193
-423
-523
-623
-723
-823
-923
145
-141
-142
-144
-146
-147
-148
-149
-155
-165
-245
-255
-265
-345
-355
-365
-115
-135
-175
-185
-195
-445
-545
-645
-745
-845
-945
158
-151
-152
-154
-156
-157
-159
-168
-248
-258
-268
-348
-358
-368
-118
-138
-178
-188
-198
-458
-558
-658
-758
-858
-958
281
-282
-283
-284
-285
-286
-287
-288
-289
-171
-181
-191
-271
-291
-371
-381
-391
-211
-221
-231
-241
-251
-261
-481
-581
-681
-781
-881
-981
299
-292
-293
-294
-295
-296
-297
-298
-179
-189
-199
-279
-379
-389
-399
-219
-229
-239
-249
-259
-269
-499
-599
-699
-799
-899
-999
387
-382
-383
-384
-385
-386
-388
-177
-187
-197
-277
-377
-397
-317
-327
-337
-347
-357
-367
-487
-587
-687
-787
-887
-987
414
-411
-412
-413
-415
-416
-417
-418
-419
-424
-434
-514
-524
-534
-614
-624
-634
-444
-454
-464
-474
-484
-494
-114
-214
-314
-714
-814
-914
428
-421
-422
-425
-426
-427
-429
-438
-518
-528
-538
-618
-628
-638
-448
-468
-478
-488
-498
-228
-328
-728
-828
-928
472
-471
-473
-475
-476
-477
-479
-482
-492
-572
-582
-592
-672
-682
-692
-432
-442
-452
-462
-172
-272
-372
-772
-872
-972
546
-541
-542
-543
-544
-547
-548
-549
-446
-456
-466
-556
-566
-646
-656
-666
-516
-526
-536
-576
-586
-596
-246
-346
-746
-846
-946
561
-562
-563
-564
-565
-567
-568
-569
-441
-451
-461
-551
-641
-651
-661
-511
-521
-531
-571
-591
-161
-361
-761
-861
-961
711
-712
-713
-715
-716
-717
-718
-719
-721
-731
-811
-821
-831
-911
-921
-931
-741
-751
-771
-791
-111
131
-132
-134
-136
-137
-139
-311
-321
-331
-611
621
-622
-625
-626
-627
-629
-431
-631
491
-493
-495
-496
-497
-671
-691
-891
-991
736
-732
-733
-734
-735
-737
-738
-739
-726
-816
-826
-836
-916
-926
-936
-756
-766
-776
-786
-796
-236
-336
-436
486
-483
-485
-489
-676
-686
-696
-636
616
-612
-613
-615
-617
-619
-116
-216
-316
-186
-886
-986
754
-752
-753
-755
-757
-759
-744
-764
-844
-854
-864
-944
-954
-964
-724
-774
-784
-794
-254
-354
-554
-654
842
-841
-843
-847
-848
-849
-742
-762
-852
-862
-942
-952
-962
-812
-822
-832
-882
-892
-242
-342
-642
873
-871
-874
-875
-876
-877
-878
-879
971
-973
-974
-975
-976
-977
-978
-979
-773
-783
-793
-883
-893
-983
-993
851
-853
-855
-856
-857
-859
-941
-951
-813
-833
-863
341
-343
-344
-349
-351
-273
-373
393
-392
-394
-395
-396
-398
-353
-363
-573
-673
-593
-693
917
-912
-913
-915
-918
-919
933
-932
-934
-935
-937
-938
-939
-727
-817
-827
-837
-927
-943
-953
-963
-947
-957
-967
-997
513
-512
-515
-517
-519
-433
-533
-633
-553
-583
683
-684
-685
-688
-689
-643
-653
-663
-117
167
-162
-164
-166
-169
-247
-257
-267
119
-112
-319
-329
-339
-217
-819
-467
-667
-767
-867
747
-743
-748
-749
763
-765
-768
-769
-777
-797
897
-894
-895
-896
-898
996
-992
-994
-995
-998
866
-865
-868
-869
-956
-966
-447
-647
-263
-463
-266
-366
-196
176
-174
-276
-376
-597
-697
182
-184
-192
194
-274
-374
-782
-982
792
-795
-798
-722
922
-924
-925
-929
984
-985
-988
-989
-884
-222
-322
-522
-584
-594
574
-575
-577
-578
-579
-674
-694
677
-675
-678
-679
589
-585
-588
598
-595
695
-698
-529
-539
-559
-635
-655
-665
-637
-657
779
-775
-778
-789
-889
788
-785
885
-888
725
-729
-815
818
-825
-835
-838
-218
-318
-225
-325
-525
527
-437
-537
457
-453
-455
-459
443
-449
-557
-227
237
-232
-234
-235
-238
338
-332
-334
-335
278
-275
375
-378
215
-212
312
-315
-352
-362
829
-824
834
-839
-243
244
253
-252
-256
262
-264
-364
369
356
-359
-224
226
324
-326
-644
664
-662
-668
-669
648
-649
-948
949
968
-965
-969
955
-959
-555
552
-652
659
465
-469
-435
439
535
-532
632
-639
