146
-141
-142
-143
-144
-145
-147
-148
-149
-156
-166
-246
-256
-266
-346
-356
-366
-116
-126
-136
-176
-186
-196
-446
-546
-646
-746
-846
-946
169
-161
-162
-163
-164
-165
-167
-168
-159
-249
-259
-269
-349
-359
-369
-119
-129
-139
-179
-189
-199
-469
-569
-669
-769
-869
-969
177
-171
-172
-173
-174
-175
-178
-187
-197
-277
-287
-297
-377
-387
-397
-117
-127
-137
-157
-477
-577
-677
-777
-877
-977
194
-191
-192
-193
-195
-198
-184
-274
-284
-294
-374
-384
-394
-114
-124
-134
-154
-494
-594
-694
-794
-894
-994
213
-211
-212
-214
-215
-216
-217
-218
-219
-113
-123
-133
-223
-233
-313
-323
-333
-243
-253
-263
-273
-283
-293
-413
-513
-613
-713
-813
-913
288
-281
-282
-285
-286
-289
-188
-278
-298
-378
-388
-398
-228
-238
-248
-258
-268
-488
-588
-688
-788
-888
-988
341
-342
-343
-344
-345
-347
-348
-151
-241
-251
-261
-351
-361
-311
-321
-331
-371
-381
-391
-441
-541
-641
-741
-841
-941
415
-411
-412
-414
-416
-417
-418
-419
-425
-435
-515
-525
-535
-615
-625
-635
-445
-455
-465
-475
-485
-495
-115
-315
-715
-815
-915
447
-442
-443
-444
-448
-449
-457
-467
-547
-557
-567
-647
-657
-667
-427
-437
-487
-497
-247
-747
-847
-947
476
-471
-472
-473
-474
-478
-479
-486
-496
-576
-586
-596
-676
-686
-696
-426
-436
-456
-466
-276
-376
-776
-876
-976
518
-511
-512
-514
-516
-517
-519
-428
-438
-528
-538
-618
-628
-638
-548
-558
-568
-578
-598
-118
-318
-718
-818
-918
532
-531
-533
-534
-536
-537
-539
-422
-432
-522
-612
-622
-632
-542
-552
-562
-572
-582
-592
-132
-232
-332
-732
-832
-932
758
-751
-752
-753
-754
-755
-756
-757
-759
-748
-768
-848
-858
-868
-948
-958
-968
-728
-738
-778
-798
648
-642
-643
-644
-645
-649
-458
-468
-658
-668
498
-491
-492
-493
-499
-678
-698
-158
-358
368
-362
-363
-364
-365
-367
-328
-338
-898
-998
785
-781
-782
-783
-784
-786
-787
-789
-775
-795
-875
-885
-895
-975
-985
-995
-725
-735
-745
-765
-185
-385
-585
-685
826
-821
-822
-823
-824
-825
-827
-828
-829
-716
-726
-736
-816
-836
-916
-926
-936
-856
-866
-886
-896
-226
-326
-526
-626
859
-851
-852
-853
-854
-855
-857
-749
-849
-949
-959
-819
-839
-879
-889
-899
549
-543
-544
-545
-459
-559
-659
-529
-579
-589
-599
921
-922
-923
-924
-925
-927
-928
-929
-711
-721
-731
-811
-831
-911
-931
-951
-961
-971
-981
-991
-121
-221
-421
-521
-621
128
-122
-125
-138
-111
112
-222
-312
-322
-152
-182
611
-614
-616
-617
-619
-431
-631
636
-633
-634
-637
-639
-651
-661
-671
-681
-691
-656
-666
-712
-812
-912
722
-723
-724
-727
-729
-742
-762
-772
-792
316
-314
-317
-319
-236
-336
296
-291
-292
-295
-299
-386
-396
986
-982
-983
-984
-987
-989
-796
-996
766
-761
-763
-764
-767
861
-862
-863
-864
-865
-867
-956
-966
-871
-881
-891
556
-551
-553
-554
-555
-566
451
-452
-453
-454
-461
-561
-481
131
-135
-231
-181
183
271
-272
-275
-279
-373
-383
-393
-153
155
353
-352
-354
-355
-357
-245
-255
-265
-653
-953
-655
-955
-571
-771
791
-793
-797
-799
581
-583
-584
-587
-591
-483
-683
-883
-224
225
-227
-229
-235
-325
-335
239
-234
-237
-329
-339
-439
-739
-939
242
-244
-252
-262
-842
-942
254
-257
-264
267
-654
652
-462
-662
482
-484
-489
-672
-682
-692
429
-423
-424
-629
-952
962
-963
-964
-965
-967
957
-954
-972
-992
-917
-937
-997
-382
389
-379
-399
-882
-689
324
-327
-334
337
-524
-624
434
-433
463
-464
-563
-663
-734
-834
-934
-737
733
-833
-933
-743
744
-844
-944
-773
-714
-774
779
-979
-999
993
-873
-893
-973
717
-719
-817
814
-914
919
-837
843
-845
-943
945
-874
-884
887
974
-978
-897
892
-872
878
835
-838
-935
938
372
-375
-392
395
-574
564
-565
-664
665
-675
-695
-674
684
-687
575
-573
-595
673
-679
-593
597
-693
-697
699
523
-527
-623
627
