121
-122
-123
-124
-125
-126
-127
-128
-129
-111
-131
-211
-221
-231
-311
-321
-331
-141
-151
-161
-171
-181
-191
-421
-521
-621
-721
-821
-921
136
-132
-133
-134
-135
-137
-138
-139
-116
-216
-226
-236
-316
-326
-336
-146
-156
-166
-176
-186
-196
-436
-536
-636
-736
-836
-936
247
-241
-242
-243
-244
-245
-246
-248
-249
-147
-157
-167
-257
-267
-347
-357
-367
-217
-227
-237
-277
-287
-297
-447
-547
-647
-747
-847
-947
259
-251
-252
-253
-254
-255
-256
-258
-149
-159
-169
-269
-349
-359
-369
-219
-229
-239
-279
-289
-299
-459
-559
-659
-759
-859
-959
285
-281
-282
-283
-284
-286
-288
-175
-185
-195
-275
-295
-375
-385
-395
-215
-225
-235
-265
-485
-585
-685
-785
-885
-985
329
-322
-323
-324
-325
-327
-328
-119
-319
-339
-379
-389
-399
-429
-529
-629
-729
-829
-929
344
-341
-342
-343
-345
-346
-348
-144
-154
-164
-264
-354
-364
-314
-334
-374
-384
-394
-444
-544
-644
-744
-844
-944
386
-381
-382
-383
-387
-388
-276
-296
-376
-396
266
-261
-262
-263
-268
-356
-366
-466
-566
-666
-766
-866
-966
-486
-586
-686
-786
-886
-986
416
-411
-412
-413
-414
-415
-417
-418
-419
-426
-516
-526
-616
-626
-446
-456
-476
-496
-716
-816
-916
424
-422
-423
-425
-427
-428
-434
-514
-524
-534
-614
-624
-634
-454
-464
-474
-484
-494
-224
-724
-824
-924
465
-461
-462
-463
-467
-468
-469
-445
-455
-545
-555
-565
-645
-655
-665
-435
-475
-495
-165
-365
-765
-865
-965
478
-471
-472
-473
-477
-479
-488
-498
-578
-588
-598
-678
-688
-698
-438
-448
-458
-178
-278
-378
-778
-878
-978
481
-482
-483
-487
-489
-491
-571
-581
-591
-671
-681
-691
-431
-441
-451
-781
-881
-981
543
-541
-542
-546
-548
-549
-443
-453
-553
-563
-643
-653
-663
-513
-523
-533
-573
-583
-593
-143
-743
-843
-943
568
-561
-562
-564
-567
-569
-558
-648
-658
-668
-518
-528
-538
-168
-368
-768
-868
-968
576
-572
-574
-575
-577
-579
-596
-676
-696
-556
-776
-876
-976
628
-622
-623
-625
-627
-618
-638
-228
-728
-828
-928
639
-631
-632
-633
-635
-637
-439
-519
-539
-619
-649
-669
449
-442
-499
-679
-689
-699
-739
-839
-939
-749
-849
-949
641
-642
-646
-551
-651
-661
656
-652
-654
-657
-611
-741
-841
-941
-756
-856
-956
683
-682
-684
-687
-493
-673
-693
433
-432
-437
-613
-233
-333
-733
-833
-933
-183
-783
-883
-983
697
-692
-694
-695
-497
492
-582
-592
-672
-587
-597
-677
-452
457
-557
-667
-617
-757
-857
-957
-192
-292
-392
-792
-892
-992
-197
-397
-797
-897
-997
723
-722
-725
-726
-727
-713
-813
-823
-913
-923
-753
-763
-773
-793
-223
222
-112
-212
-232
-312
-332
-272
-522
-822
-922
769
-761
-762
-764
-767
-869
-969
-719
-779
-789
-799
784
-782
-787
-788
-774
-794
-874
-884
-894
-974
-984
-994
-714
-734
-754
-184
-584
589
-599
-189
-889
-989
826
-825
-827
-926
-846
-896
852
-851
-853
-854
-855
-858
-742
-752
-842
-862
-942
-952
-962
-812
-832
-872
-882
142
-145
-148
-152
-162
163
-352
-362
-153
-353
-363
361
-351
-172
-182
372
-371
-373
-377
-113
-173
-193
-391
-552
554
662
-664
-594
595
674
-675
-515
-525
527
-517
-537
-535
615
-612
-115
155
-158
-355
358
-318
-338
-398
393
-273
-293
213
-214
-218
-313
-315
317
335
-337
-117
-715
-815
-915
-717
-817
-917
925
-927
-735
-835
-935
-945
-955
-975
-995
953
-951
-954
-958
-863
-963
-973
-993
751
-755
-758
-861
-961
-711
-731
-771
-791
-772
-972
982
-987
-988
-912
-932
873
-871
-875
-877
-879
-893
-174
-274
271
-291
-971
775
-777
-795
-895
-745
845
-848
737
-732
-738
712
-718
-837
-937
-512
511
-531
532
-811
-911
864
-867
-964
967
-814
-834
887
-888
-977
979
-899
-999
819
-818
-919
177
-179
-187
188
-198
-298
294
-194
199
114
-118
-234
238
-914
918
934
-931
-938
831
-838
-891
898
991
-996
-998
796
-798
-746
748
946
-948
