131
-132
-133
-134
-135
-136
-137
-138
-139
-111
-121
-211
-221
-231
-311
-321
-331
-141
-151
-161
-171
-181
-191
-431
-531
-631
-731
-831
-931
153
-152
-154
-155
-156
-157
-158
-159
-143
-163
-243
-253
-263
-343
-353
-363
-113
-123
-173
-183
-193
-453
-553
-653
-753
-853
-953
226
-222
-223
-224
-225
-227
-228
-229
-116
-126
-216
-236
-316
-326
-336
-246
-256
-266
-276
-286
-296
-426
-526
-626
-726
-826
-926
239
-232
-233
-234
-235
-237
-238
-119
-129
-219
-319
-329
-339
-249
-259
-269
-279
-289
-299
-439
-539
-639
-739
-839
-939
258
-251
-252
-254
-255
-257
-148
-168
-248
-268
-348
-358
-368
-218
-278
-288
-298
-458
-558
-658
-758
-858
-958
265
-261
-262
-264
-267
-145
-165
-245
-345
-355
-365
-215
-275
-285
-295
-465
-565
-665
-765
-865
-965
277
-271
-272
-273
-274
-177
-187
-197
-287
-297
-377
-387
-397
-217
-247
-477
-577
-677
-777
-877
-977
328
-322
-323
-324
-325
-327
-118
-128
-318
-338
-378
-388
-398
-428
-528
-628
-728
-828
-928
374
-371
-372
-373
-375
-376
-379
-174
-184
-194
-284
-294
-384
-394
-314
-334
-344
-354
-364
-474
-574
-674
-774
-874
-974
386
-381
-382
-383
-385
-389
-176
-186
-196
-396
-346
-356
-366
-486
-586
-686
-786
-886
-986
435
-432
-433
-434
-436
-437
-438
-415
-425
-515
-525
-535
-615
-625
-635
-445
-455
-475
-485
-495
-335
-735
-835
-935
452
-451
-454
-456
-457
-459
-442
-462
-542
-552
-562
-642
-652
-662
-412
-422
-472
-482
-492
-352
-752
-852
-952
469
-461
-463
-464
-466
-467
-468
-449
-549
-559
-569
-649
-659
-669
-419
-429
-479
-489
-499
-169
-369
-769
-869
-969
523
-521
-522
-524
-527
-529
-413
-423
-513
-533
-613
-623
-633
-543
-563
-573
-583
-593
-723
-823
-923
589
-581
-582
-584
-585
-587
-588
-579
-599
-679
-689
-699
-519
-189
-789
-889
-989
645
-641
-643
-644
-646
-647
-648
-545
-555
-655
-675
-685
-695
-745
-845
-945
657
-651
-654
-656
-447
-547
-557
-567
-667
-617
-627
-637
-687
-697
-357
-757
-857
-957
676
-671
-672
-673
-678
-476
-496
-576
-596
-696
-616
-636
-666
-776
-876
-976
721
-722
-724
-725
-727
-729
-711
-811
-821
-911
-921
-741
-751
-761
-771
-781
-791
-421
-621
738
-732
-733
-734
-736
-737
-718
-818
-838
-918
-938
-748
-768
-778
-788
-798
-538
-638
787
-782
-783
-784
-785
-797
-887
-897
-987
-997
-717
-747
-767
-487
834
-832
-833
-836
-837
-714
-814
-824
-914
-924
-934
-844
-854
-864
-884
-894
-534
-634
632
-512
-532
-612
-622
-682
-692
-332
-932
849
-841
-842
-843
-846
-847
-848
-749
-759
-859
-949
-959
-819
-829
-879
-899
-149
-349
359
-351
-399
855
-851
-856
-755
-955
-815
-825
-875
-885
-895
873
-871
-872
-878
-773
-793
-883
-893
-973
-983
-993
-813
-863
-473
888
-881
-882
-898
-978
-988
-998
-868
-188
-488
-688
951
-954
-956
-861
-941
-961
891
-892
-896
-971
-981
-991
-551
-291
-391
281
-282
-283
-241
-481
-681
-491
-591
-691
972
-975
-979
-772
-792
-982
-992
-912
-922
-942
-962
-172
-572
592
-594
-595
-597
-598
575
-571
-578
471
-478
497
-493
-494
-498
698
-693
-694
-411
-441
-417
-427
424
-414
-514
-614
-624
629
-619
-444
-484
483
-683
684
-443
663
-661
-664
-668
611
-618
-511
-124
-929
-763
-963
-175
-775
779
-799
-999
-719
919
-913
-915
-916
-917
178
-179
-198
199
-192
-195
182
-185
-292
293
-392
-393
395
-112
-122
-142
-162
-213
-315
822
-827
-712
-812
-862
-984
985
-795
-995
715
-713
-716
933
-936
-937
-925
927
816
-817
743
-742
-744
-746
762
-764
-766
-943
-866
867
-947
-967
313
-312
-317
212
-214
-333
337
114
-115
-117
125
-127
-144
-164
244
-242
-347
-367
-416
418
-518
446
-448
-546
-556
554
-544
-564
-566
-516
517
536
-537
342
-341
361
-362
541
-548
-561
568
-944
-146
147
166
-167
-946
948
-968
-754
756
964
-966
794
-796
-994
996
