139
-131
-132
-133
-134
-135
-136
-137
-138
-119
-129
-219
-229
-239
-319
-329
-339
-149
-159
-169
-179
-189
-199
-439
-539
-639
-739
-839
-939
164
-161
-162
-163
-165
-166
-167
-168
-144
-154
-244
-254
-264
-344
-354
-364
-114
-124
-174
-184
-194
-464
-564
-664
-764
-864
-964
171
-172
-173
-175
-176
-177
-178
-181
-191
-271
-281
-291
-371
-381
-391
-111
-121
-141
-151
-471
-571
-671
-771
-871
-971
185
-182
-183
-186
-187
-188
-195
-275
-285
-295
-375
-385
-395
-115
-125
-145
-155
-485
-585
-685
-785
-885
-985
215
-211
-212
-213
-214
-216
-217
-218
-225
-235
-315
-325
-335
-245
-255
-265
-415
-515
-615
-715
-815
-915
268
-261
-262
-263
-266
-267
-269
-148
-158
-248
-258
-348
-358
-368
-228
-238
-278
-288
-298
-468
-568
-668
-768
-868
-968
286
-282
-283
-284
-287
-289
-196
-276
-296
-376
-386
-396
-226
-236
-246
-256
-486
-586
-686
-786
-886
-986
349
-341
-342
-343
-345
-346
-347
-249
-259
-359
-369
-379
-389
-399
-449
-549
-649
-749
-849
-949
387
-382
-383
-384
-388
-197
-277
-297
-377
-397
-317
-327
-337
-357
-367
-487
-587
-687
-787
-887
-987
392
-393
-394
-398
-192
-272
-292
-372
-312
-322
-332
-352
-362
-492
-592
-692
-792
-892
-992
429
-421
-422
-423
-424
-425
-426
-427
-428
-419
-519
-529
-619
-629
-459
-469
-479
-489
-499
-729
-829
-929
435
-431
-432
-433
-434
-436
-437
-438
-525
-535
-625
-635
-445
-455
-465
-475
-495
-735
-835
-935
453
-451
-452
-454
-456
-457
-458
-443
-463
-543
-553
-563
-643
-653
-663
-413
-473
-483
-493
-153
-253
-353
-753
-853
-953
461
-462
-466
-467
-441
-541
-551
-561
-641
-651
-661
-411
-481
-491
-361
-761
-861
-961
531
-532
-533
-534
-536
-537
-538
-511
-521
-611
-621
-631
-581
-591
-231
-331
-731
-831
-931
547
-542
-544
-545
-546
-548
-447
-557
-567
-647
-657
-667
-517
-527
-577
-597
-147
-247
-747
-847
-947
562
-565
-566
-569
-442
-552
-642
-652
-662
-512
-522
-572
-582
-762
-862
-962
576
-573
-574
-575
-578
-579
-476
-496
-596
-676
-696
-516
-526
-556
-776
-876
-976
648
-644
-645
-646
-448
-558
-658
-618
-628
-638
-678
-688
-698
-748
-848
-948
654
-655
-656
-659
-444
446
-554
-666
-416
-614
-624
-634
-674
-684
-694
-146
-746
-846
-946
-754
-854
-954
672
-673
-675
-677
-679
-472
-482
-682
412
-414
-417
-418
-612
-622
-632
-112
-712
-812
-912
-772
-872
-972
681
-683
-689
-691
-781
-881
-981
713
-711
-714
-716
-717
-718
-719
-723
-733
-813
-823
-833
-913
-923
-933
-743
-763
-773
-783
-793
-113
-313
-513
-613
721
-722
-724
-725
-726
-727
-728
-811
-821
-911
-921
-741
-751
-791
311
-314
-316
-318
-221
-321
-351
769
-765
-766
-767
-759
-859
-869
-959
-969
-779
-789
-799
559
-555
665
-669
595
-593
-594
-598
-599
-695
-589
699
-693
-697
583
-584
-588
-523
-365
355
-356
-755
-855
-955
-865
-965
-883
-983
-795
-895
-995
-299
279
-273
-274
-879
-979
-899
-999
825
-822
-824
-826
-827
-828
-925
-845
-875
844
-841
-842
-843
-744
-944
-814
-834
-874
-884
-894
897
-891
-893
-896
-898
991
-993
-994
-996
-997
-998
796
-794
-797
-798
-777
-877
-977
-736
-756
851
-852
-856
-857
-858
-941
-951
-817
-837
-867
241
-242
-243
-251
967
-963
-966
-757
-957
737
-732
-734
-738
-917
-927
-937
-237
-637
477
-474
-478
-497
924
-922
-926
-928
-914
-934
-974
-984
514
-518
-524
528
-224
-324
-128
-328
932
-936
-938
-832
882
-888
-889
-782
-982
989
-988
819
-816
-818
-919
-942
-952
-232
943
-945
-863
866
745
-742
752
-758
-956
958
-775
975
-973
-978
873
-878
-836
838
916
-918
-116
-616
617
-627
-117
118
-338
-198
193
-293
294
-373
-374
378
-123
-143
142
-152
-252
257
363
-366
156
-157
-122
222
-223
-227
127
-126
233
-234
-323
326
-333
334
-336
623
-626
-633
636
774
-778
-784
788
484
-488
-494
498
