123
-121
-122
-124
-125
-126
-127
-128
-129
-113
-133
-213
-223
-233
-313
-323
-333
-143
-153
-163
-173
-183
-193
-423
-523
-623
-723
-823
-923
134
-131
-132
-135
-136
-137
-138
-139
-114
-214
-224
-234
-314
-324
-334
-144
-154
-164
-174
-184
-194
-434
-534
-634
-734
-834
-934
171
-172
-175
-176
-177
-178
-179
-181
-191
-271
-281
-291
-371
-381
-391
-111
-141
-151
-161
-471
-571
-671
-771
-871
-971
227
-221
-222
-225
-226
-228
-229
-117
-217
-237
-317
-327
-337
-247
-257
-267
-277
-287
-297
-427
-527
-627
-727
-827
-927
262
-261
-263
-264
-265
-266
-268
-269
-142
-152
-162
-242
-252
-342
-352
-362
-212
-232
-272
-282
-292
-462
-562
-662
-762
-862
-962
295
-293
-294
-296
-298
-299
-185
-195
-275
-285
-375
-385
-395
-215
-235
-245
-255
-495
-595
-695
-795
-895
-995
344
-341
-343
-345
-346
-347
-348
-349
-244
-254
-354
-364
-374
-384
-394
-444
-544
-644
-744
-844
-944
359
-351
-353
-355
-356
-357
-358
-149
-159
-169
-249
-259
-369
-319
-329
-339
-379
-389
-399
-459
-559
-659
-759
-859
-959
383
-382
-386
-387
-388
-273
-283
-373
-393
-363
-483
-583
-683
-783
-883
-983
458
-451
-452
-453
-454
-455
-456
-457
-448
-468
-548
-558
-568
-648
-658
-668
-418
-428
-438
-478
-488
-498
-158
-258
-758
-858
-958
474
-472
-473
-475
-476
-477
-479
-484
-494
-574
-584
-594
-674
-684
-694
-414
-424
-464
-274
284
-286
-288
-289
-774
-874
-974
-784
-884
-984
524
-521
-522
-525
-526
-528
-529
-514
-614
-624
-554
-564
-724
-824
-924
543
-541
-542
-545
-546
-547
-549
-443
-463
-553
-563
-643
-653
-663
-513
-533
-573
-593
-243
253
-251
-256
-743
-843
-943
-753
-853
-953
569
-561
-565
-566
-567
-449
-469
-649
-669
-519
-539
-579
-589
-599
-769
-869
-969
582
-581
-585
-586
-587
-588
-482
-492
-572
-592
-672
-682
-692
-512
-532
-552
-182
-782
-882
-982
632
-631
-633
-635
-636
-637
-638
-639
-412
-422
-432
-612
-622
442
-441
-445
-446
-447
-642
-652
-332
-732
-832
-932
-742
-842
-942
655
-651
-654
-656
-657
664
-661
-665
-666
-667
-465
-555
-645
-615
-625
-675
-685
-155
-755
-855
-955
-764
-864
-964
729
-721
-722
-725
-726
-728
-719
-739
-819
-829
-839
-919
-929
-939
-749
-779
-789
-799
-429
-629
752
-751
-754
-756
-757
-852
-952
-712
-772
-792
765
-761
-763
-766
-767
-768
-745
-845
-865
-945
-965
-715
-735
-775
-785
145
-146
-147
-148
-165
-365
-115
813
-811
-812
-814
-815
-816
-817
-818
-713
-733
-833
-913
-933
-863
963
-961
-966
-967
-968
-873
-893
-973
-993
-413
-613
433
-431
-435
-436
-437
-439
-493
239
-231
-236
-238
-119
-219
-279
846
-841
-847
-848
-849
-746
-856
-866
-946
-956
949
-941
-947
-948
-826
-836
-876
-886
-896
-979
-989
-999
-246
-646
888
-881
-885
-887
-889
-778
-788
-798
-878
-898
-978
-988
-998
-828
-838
-868
748
-741
-747
-718
-738
647
-641
-467
-557
-617
-677
-687
-697
241
-248
-361
-211
-188
-688
938
-931
-935
-936
-937
-918
-928
-338
-538
975
-972
-976
-977
-875
-985
-915
-925
-575
485
-481
-486
-487
-489
-415
-425
981
-986
-987
-781
-791
-891
-991
-911
-921
-951
-681
112
-116
-118
-312
-322
-192
-912
156
-157
-166
-366
-186
-196
-556
551
-461
466
-416
-426
421
-411
-511
-531
-611
-621
-491
-496
-591
691
-693
-696
-698
-699
673
-676
-678
-679
-321
-821
-851
861
-867
-831
-773
793
-794
-796
-797
714
-711
-716
-717
731
-736
-737
-914
311
-315
-316
-318
-331
515
-516
-517
-518
-535
879
-872
-877
-899
372
-376
-377
-378
-392
-167
168
367
-368
-198
-397
187
-189
-197
199
-787
786
-776
777
-996
-897
-997
-577
-686
689
-499
497
-597
-417
419
537
-536
-619
917
-916
926
-922
822
-825
835
-837
-892
894
992
-994
-854
857
954
-957
325
-326
-328
-335
336
-216
218
276
-278
-396
398
616
-618
-626
628
-576
578
596
-598
