123
-121
-122
-124
-125
-126
-127
-128
-129
-113
-133
-213
-223
-233
-313
-323
-333
-143
-153
-163
-173
-183
-193
-423
-523
-623
-723
-823
-923
136
-131
-132
-134
-135
-137
-138
-139
-116
-216
-226
-236
-316
-326
-336
-146
-156
-166
-176
-186
-196
-436
-536
-636
-736
-836
-936
199
-191
-192
-194
-195
-197
-198
-179
-189
-279
-289
-299
-379
-389
-399
-119
-149
-159
-169
-499
-599
-699
-799
-899
-999
224
-221
-222
-225
-227
-228
-229
-114
-214
-234
-314
-324
-334
-244
-254
-264
-274
-284
-294
-424
-524
-624
-724
-824
-924
287
-281
-282
-283
-285
-286
-288
-177
-187
-277
-297
-377
-387
-397
-217
-237
-247
-257
-267
-487
-587
-687
-787
-887
-987
317
-311
-312
-315
-318
-319
-117
-327
-337
-347
-357
-367
-417
-517
-617
-717
-817
-917
331
-332
-335
-338
-339
-111
-211
-231
-321
-341
-351
-361
-371
-381
-391
-431
-531
-631
-731
-831
-931
348
-342
-343
-344
-345
-346
-349
-148
-158
-168
-248
-258
-268
-358
-368
-328
-378
-388
-398
-448
-548
-648
-748
-848
-948
355
-352
-353
-354
-356
-359
-145
-155
-165
-245
-255
-265
-365
-325
-375
-385
-395
-455
-555
-655
-755
-855
-955
369
-362
-363
-364
-366
-249
-259
-269
-329
322
-112
-212
-232
-372
-382
-392
-422
-522
-622
-722
-822
-922
-469
-569
-669
-769
-869
-969
435
-432
-433
-434
-437
-438
-439
-415
-425
-515
-525
-535
-615
-625
-635
-445
-465
-475
-485
-495
-235
-735
-835
-935
464
-461
-462
-463
-466
-467
-468
-444
-454
-544
-554
-564
-644
-654
-664
-414
-474
-484
-494
-164
-764
-864
-964
541
-542
-543
-545
-546
-547
-549
-441
-451
-551
-561
-641
-651
-661
-511
-521
-571
-581
-591
-141
-241
-741
-841
-941
553
-552
-556
-557
-558
-559
-443
-453
-563
-643
-653
-663
-513
-533
-573
-583
-593
-253
-753
-853
-953
565
-562
-566
-567
-568
-645
-665
-575
-585
-595
-765
-865
-965
582
-584
-586
-588
-589
-472
-482
-492
-572
-592
-672
-682
-692
-512
-532
-182
-782
-882
-982
649
-642
-646
-647
-449
-459
-659
-619
-629
-639
-679
-689
-749
-849
-949
673
-671
-674
-675
-676
-677
-678
-473
-483
-493
-683
-693
413
-411
-412
-416
-418
-419
-613
-633
-713
-813
-913
-273
-373
-773
-873
-973
745
-742
-743
-744
-746
-747
-845
-945
-715
-725
-775
-785
-795
757
-751
-752
-754
-756
-758
-759
-767
-847
-857
-867
-947
-957
-967
-727
-737
-777
-797
-157
-457
-657
762
-761
-763
-766
-768
-842
-852
-862
-942
-952
-962
-712
-732
-772
-792
-162
-262
-662
779
-771
-774
-776
-778
-789
-879
-889
-979
-989
-719
-729
-739
-479
-579
489
-481
-486
-488
-429
791
-793
-794
-796
-798
-781
-871
-881
-891
-971
-981
-991
-711
-721
-291
-491
-691
825
-821
-826
-827
-828
-829
-815
-915
-925
-875
-885
-895
888
-883
-884
-886
-788
-878
-898
-978
-988
-998
-818
-838
-858
-868
-188
-688
911
-912
-914
-916
-918
-919
-811
-921
-951
-961
-611
974
-972
-975
-976
-977
-784
-874
-894
-984
-994
-934
-944
-954
-174
-374
376
-276
-296
-386
-396
-574
-476
-576
-876
985
-983
-986
-995
-185
-685
695
-694
-696
-697
-698
-295
115
-118
-215
-175
275
-271
-272
-278
178
-171
-172
181
-184
292
-293
-298
-151
-161
167
-147
-242
-252
447
-442
-446
-667
452
-456
-458
-652
-427
-477
-497
142
-144
-152
154
844
-843
-846
-854
-814
-834
471
-478
-681
-421
621
-626
-627
-628
637
-632
-634
-638
612
-614
-616
-618
-527
-537
684
-686
-594
-812
927
-926
-928
-929
-837
-937
-997
529
-526
-528
-519
-539
872
-877
-892
-992
897
-893
-896
-832
932
-933
-938
-939
959
-956
-958
968
-963
-966
-859
658
-656
666
-668
-266
-866
577
-578
-597
-384
383
-393
394
-783
786
993
-996
733
-734
-738
-833
839
714
-716
-718
728
-726
816
-819
863
-861
851
-856
-943
946
-514
534
-538
-516
518
426
-428
-496
498
596
-598
-218
219
238
-239
243
-246
-263
261
-251
256
