145
-141
-142
-143
-144
-146
-147
-148
-149
-155
-165
-245
-255
-265
-345
-355
-365
-115
-125
-135
-175
-185
-195
-445
-545
-645
-745
-845
-945
181
-182
-183
-184
-186
-187
-188
-189
-171
-191
-271
-281
-291
-371
-381
-391
-111
-121
-131
-151
-161
-481
-581
-681
-781
-881
-981
219
-211
-212
-213
-214
-215
-216
-217
-218
-119
-129
-139
-229
-239
-319
-329
-339
-249
-259
-269
-279
-289
-299
-419
-519
-619
-719
-819
-919
258
-251
-252
-253
-254
-256
-257
-158
-168
-248
-268
-348
-358
-368
-228
-238
-278
-288
-298
-458
-558
-658
-758
-858
-958
314
-311
-312
-313
-315
-316
-317
-318
-114
-124
-134
-224
-234
-324
-334
-344
-354
-364
-374
-384
-394
-414
-514
-614
-714
-814
-914
459
-451
-452
-453
-454
-455
-456
-457
-449
-469
-549
-559
-569
-649
-659
-669
-429
-439
-479
-489
-499
-159
-359
-759
-859
-959
476
-471
-472
-473
-474
-475
-477
-478
-486
-496
-576
-586
-596
-676
-686
-696
-416
-426
-436
-446
-466
-176
-276
-376
-776
-876
-976
528
-521
-522
-523
-524
-525
-526
-527
-529
-418
-428
-438
-518
-538
-618
-628
-638
-548
-568
-578
-588
-598
-128
-328
-728
-828
-928
554
-551
-552
-553
-555
-556
-557
-444
-464
-544
-564
-644
-654
-664
-534
-574
-584
-594
-154
-754
-854
-954
621
-622
-623
-624
-625
-626
-627
-629
-411
-421
-431
-511
-531
-611
-631
-641
-651
-661
-671
-691
-221
-321
-721
-821
-921
683
-682
-684
-685
-687
-688
-689
-483
-493
-573
-583
-593
-673
-693
-613
-633
-643
-653
-663
-283
-383
-783
-883
-983
727
-722
-723
-724
-725
-726
-729
-717
-737
-817
-827
-837
-917
-927
-937
-747
-757
-767
-777
-787
-797
-127
-227
-327
-427
743
-741
-742
-744
-746
-748
-749
-753
-763
-843
-853
-863
-943
-953
-963
-713
-733
-773
-793
-243
-343
-443
-543
812
-811
-813
-815
-816
-818
-712
-732
-822
-832
-912
-922
-932
-842
-852
-862
-872
-882
-892
-112
-412
-512
-612
874
-871
-873
-875
-877
-878
-879
-774
-784
-794
-884
-894
-974
-984
-994
-824
-834
-844
-864
-174
-274
-674
941
-942
-944
-946
-947
-948
-949
-751
-761
-841
-851
-861
-951
-961
-911
-931
-971
-991
711
-715
-716
-718
-731
-831
-771
-791
891
-893
-895
-896
-897
-898
-899
-241
-341
-441
-541
244
-242
-246
-247
-164
-264
194
-192
-193
-196
-197
-198
-199
-284
-294
351
-352
-353
-356
-357
-261
-361
231
-232
-233
-235
-236
-237
-331
153
-152
-156
-157
-163
-263
-363
-113
-123
-133
-173
571
-572
-575
-577
-579
-491
-591
461
-462
-463
-465
-467
-468
-561
563
-562
-565
-566
-567
-513
-533
484
-482
-485
-487
-488
-494
-694
-424
-434
634
-632
-635
-636
-637
-639
539
-532
-535
-536
-537
-589
-599
924
-923
-925
-926
-929
-734
-934
764
-762
-765
-766
-768
-769
-964
829
-823
-825
-826
-739
-839
-939
833
-835
-836
-838
-913
-933
-849
-869
969
-962
-965
-966
-967
-968
-889
-979
-989
-999
413
-415
-417
-423
-433
-333
349
-342
-346
-347
-169
-369
179
-172
-177
-178
-379
-389
-399
-679
699
-692
-695
-697
-698
-779
789
-782
-785
-786
-788
-799
975
-972
-973
-977
-978
993
-992
-995
-996
-997
-998
-775
-795
-885
-985
-915
-935
735
-736
-738
-755
-955
-335
-435
-275
-375
-675
-293
-393
-116
117
-118
-137
-337
-167
138
-132
-136
-338
-517
-617
437
-432
422
-425
-442
-492
495
-497
-498
-585
-595
678
-672
-677
-447
448
-648
-668
515
-516
-615
616
546
-542
-547
-646
-656
-666
-916
918
936
-938
-956
-986
-988
-122
126
-226
-326
-336
332
-222
-322
162
-166
-262
-362
-372
-382
-392
642
-647
-652
-662
-846
847
-848
-857
-867
-957
952
-752
756
-856
855
-865
-866
868
-796
886
-887
-888
987
-982
-655
657
665
-667
-378
-778
772
-792
798
-272
-286
-386
-287
-387
-587
582
-592
597
-282
285
292
-295
-296
-297
-385
388
-395
396
-397
-398
-225
223
-323
325
-273
277
373
-377
266
-267
-366
367
