138
-131
-132
-133
-134
-135
-136
-137
-139
-118
-128
-218
-228
-238
-318
-328
-338
-148
-158
-168
-178
-188
-198
-438
-538
-638
-738
-838
-938
223
-221
-222
-224
-225
-226
-227
-229
-113
-123
-213
-233
-313
-323
-333
-243
-253
-263
-273
-283
-293
-423
-523
-623
-723
-823
-923
258
-251
-252
-254
-255
-256
-257
-259
-248
-268
-348
-358
-368
-278
-288
-298
-458
-558
-658
-758
-858
-958
266
-261
-262
-264
-265
-267
-269
-146
-156
-166
-246
-346
-356
-366
-216
-236
-276
-286
-296
-466
-566
-666
-766
-866
-966
297
-291
-292
-294
-295
-299
-177
-187
-197
-277
-287
-377
-387
-397
-217
-237
-247
-497
-597
-697
-797
-897
-997
344
-341
-342
-343
-345
-347
-349
-144
-154
-164
-244
-354
-364
-314
-324
-334
-374
-384
-394
-444
-544
-644
-744
-844
-944
433
-431
-432
-434
-435
-436
-437
-439
-413
-513
-533
-613
-633
-443
-453
-463
-473
-483
-493
-733
-833
-933
451
-452
-454
-455
-456
-457
-459
-441
-461
-541
-551
-561
-641
-651
-661
-411
-421
-471
-481
-491
-151
-351
-751
-851
-951
526
-521
-522
-524
-525
-527
-528
-529
-416
-426
-516
-536
-616
-626
-636
-546
-556
-576
-586
-596
-126
-326
-726
-826
-926
572
-571
-573
-574
-575
-577
-578
-579
-472
-482
-492
-582
-592
-672
-682
-692
-512
-532
-542
-552
-562
-172
-272
-372
-772
-872
-972
595
-591
-593
-594
-598
-599
-475
-485
-495
-585
-675
-685
-695
-515
-535
-545
-555
-565
-195
-395
-795
-895
-995
667
-662
-663
-664
-665
-668
-669
-447
-467
-547
-557
-567
-647
-657
-617
-627
-637
-677
-687
-167
-367
-767
-867
-967
676
-671
-673
-674
-678
-679
-476
-486
-496
-686
-696
446
-442
-445
-448
-449
-646
-656
-746
-846
-946
-176
-376
-776
-876
-976
698
-691
-693
-694
-699
-478
-488
-498
-588
-688
-618
-628
-648
-398
-798
-898
-998
724
-721
-722
-725
-727
-728
-729
-714
-734
-814
-824
-834
-914
-924
-934
-754
-764
-774
-784
-794
-124
-424
-624
737
-731
-732
-735
-736
-739
-717
-817
-827
-837
-917
-927
-937
-747
-757
-777
-787
-337
-537
763
-761
-762
-765
-768
-769
-743
-753
-843
-853
-863
-943
-953
-963
-713
-773
-783
-793
-163
-363
-563
785
-781
-782
-786
-788
-789
-775
-875
-885
-975
-985
-715
-745
-755
-185
-285
-385
847
-841
-842
-845
-848
-849
-857
-947
-957
-877
-887
-147
865
-861
-862
-864
-868
-869
-855
-945
-955
-965
-815
-825
-835
-165
-365
-465
871
-873
-874
-878
-879
-771
-791
-881
-891
-971
-981
-991
-811
-821
-831
-171
-271
-371
913
-911
-912
-915
-916
-918
-919
-813
-973
-983
-993
931
-932
-935
-936
-939
-711
-921
925
-922
-928
-929
741
-742
-748
-749
-941
-961
-125
-325
-425
415
-412
-414
-417
-418
-419
-615
-625
-635
-115
-215
-315
-231
-331
-531
-631
-141
-241
987
-982
-984
-986
-988
-989
-977
477
-474
-479
-487
-587
-427
517
-511
-514
-518
-519
428
-422
-429
462
-464
-468
-469
-642
-652
581
-583
-584
-589
-681
683
-684
-689
-643
-653
-117
-317
-828
-162
-362
-962
-181
-281
211
-212
-214
-219
-111
-121
-311
-321
-611
621
-622
-629
-381
-183
-383
-883
893
-892
-894
-896
-899
-193
-393
112
-114
-116
-119
-122
-232
-312
-322
-332
234
-235
-239
335
-336
-339
316
-319
-142
-152
-182
-192
-274
-284
-355
-375
-386
-396
-612
632
-634
-639
-712
-812
614
-619
-534
539
-549
-559
-569
-654
-716
-816
836
-832
-839
822
-829
-852
-882
-856
-886
186
-184
-189
-196
-127
129
327
-329
157
-153
-155
-159
-357
-149
-169
161
-361
369
-249
-359
-191
391
-392
-399
-179
-199
194
-174
-379
-389
655
-659
-645
649
-949
-969
974
-978
-979
-884
-994
854
-859
-954
-964
968
-948
942
-752
-952
792
-796
-799
-992
996
-999
756
-759
-956
959
-242
245
352
-353
143
-145
-173
175
373
-378
-275
279
388
-382
282
-289
-543
548
553
-554
564
-568
778
-779
-888
889
-718
719
818
-819
484
-489
-494
499
