133
-131
-132
-134
-135
-136
-137
-138
-139
-113
-123
-213
-223
-233
-313
-323
-333
-143
-153
-163
-173
-183
-193
-433
-533
-633
-733
-833
-933
172
-171
-174
-175
-176
-177
-178
-179
-182
-192
-272
-282
-292
-372
-382
-392
-112
-122
-142
-152
-162
-472
-572
-672
-772
-872
-972
265
-261
-262
-263
-264
-266
-267
-268
-269
-145
-155
-165
-245
-255
-345
-355
-365
-215
-225
-235
-275
-285
-295
-465
-565
-665
-765
-865
-965
287
-281
-283
-284
-286
-288
-289
-187
-197
-277
-297
-377
-387
-397
-217
-227
-237
-247
-257
-487
-587
-687
-787
-887
-987
321
-322
-324
-325
-326
-327
-328
-329
-111
-121
-211
-221
-231
-311
-331
-341
-351
-361
-371
-381
-391
-421
-521
-621
-721
-821
-921
359
-352
-353
-354
-356
-357
-358
-149
-159
-169
-249
-259
-349
-369
-319
-339
-379
-389
-399
-459
-559
-659
-759
-859
-959
366
-362
-363
-364
-367
-368
-146
-156
-166
-246
-256
-346
-316
-336
-376
-386
-396
-466
-566
-666
-766
-866
-966
385
-383
-384
-388
-185
-195
-375
-395
-315
-335
-485
-585
-685
-785
-885
-985
411
-412
-413
-414
-415
-416
-417
-418
-419
-431
-511
-531
-611
-631
-441
-451
-461
-471
-481
-491
-711
-811
-911
435
-432
-434
-436
-437
-438
-439
-425
-515
-525
-535
-615
-625
-635
-445
-455
-475
-495
-735
-835
-935
452
-453
-454
-456
-457
-458
-442
-462
-542
-552
-562
-642
-652
-662
-422
-482
-492
-252
-752
-852
-952
486
-483
-484
-488
-489
-476
-496
-576
-586
-596
-676
-686
-696
-426
-446
-186
-786
-886
-986
497
-493
-494
-498
-499
-477
-577
-597
-677
-697
-427
-447
-467
-797
-897
-997
556
-551
-553
-554
-555
-557
-558
-546
-646
-656
-516
-526
-536
-756
-856
-956
617
-612
-613
-614
-616
-618
-619
-517
-527
-537
-627
-637
-647
-657
-667
-117
-317
-717
-817
-917
622
-623
-624
-626
-628
-629
-512
-522
-532
-632
636
-634
-638
-639
-682
-692
-222
-722
-822
-922
-236
-736
-836
-936
655
-651
-653
-654
-658
-545
-645
-675
-695
-755
-855
-955
674
-671
-673
-678
-679
-474
-574
-584
-594
-684
-694
-644
-664
-274
-374
-774
-874
-974
691
-693
-698
-699
-571
-581
-591
-681
-641
-661
-191
-291
-791
-891
-991
725
-723
-724
-726
-727
-728
-729
-715
-815
-825
-915
-925
-745
-775
-795
115
-114
-116
-118
-119
-125
744
-741
-742
-743
-746
-747
-748
-749
-754
-764
-844
-854
-864
-944
-954
-964
-714
-734
-784
-794
-144
-244
-344
-444
-544
758
-751
-753
-757
-768
-848
-858
-868
-948
-958
-968
-718
-738
-778
-788
-798
-158
-258
782
-781
-783
-789
-792
-882
-892
-982
-992
-712
-732
-762
-582
592
-593
-595
-598
-599
575
-573
-578
-579
-875
-975
826
-823
-824
-827
-828
-829
-716
-816
-916
-926
-846
946
-941
-942
-943
-945
-947
-949
845
-841
-842
-843
-847
-849
-895
995
-993
-994
-996
-998
-999
-876
-896
-976
216
-212
-214
-218
-219
-126
-226
196
-194
-198
-199
-276
-296
776
-771
-773
-777
-779
-796
939
-931
-932
-934
-937
-938
-719
713
-813
-913
-923
-739
-819
-839
-919
-929
-763
-793
799
-879
-889
-899
-979
-989
-769
869
-861
-862
-863
-867
962
-961
-963
-967
-969
-912
-513
519
-514
-518
-429
-529
-539
-549
-569
-589
-239
-469
-669
-299
978
-971
-973
-977
877
-871
-873
-878
-888
-898
-988
-837
-857
-918
914
-814
-834
-924
-984
-928
927
-737
731
-831
-761
767
-957
-314
-127
337
-332
-334
-338
394
-393
-398
-184
-294
-347
157
-151
-154
-147
-167
547
-541
-543
-548
561
-563
-564
-567
-568
464
-463
-468
-424
254
-251
-253
-164
124
-128
-129
-224
-234
229
-228
189
-181
-188
271
-273
-278
-279
-241
-524
534
-538
141
-148
-161
168
-248
-348
663
-668
-443
-643
-683
-378
373
-293
298
243
-242
342
-343
232
-238
-312
318
812
-818
-832
838
-473
583
-588
423
-428
-523
528
-478
479
688
-689
448
-449
-648
649
-883
-983
981
-881
884
893
-894
851
-853
-951
953
