144
-141
-142
-143
-145
-146
-147
-148
-149
-154
-164
-244
-254
-264
-344
-354
-364
-114
-124
-134
-174
-184
-194
-444
-544
-644
-744
-844
-944
157
-151
-152
-153
-155
-156
-158
-159
-167
-247
-257
-267
-347
-357
-367
-117
-127
-137
-177
-187
-197
-457
-557
-657
-757
-857
-957
175
-171
-172
-173
-176
-178
-179
-185
-195
-275
-285
-295
-375
-385
-395
-115
-125
-135
-165
-475
-575
-675
-775
-875
-975
216
-211
-212
-213
-214
-215
-217
-218
-219
-116
-126
-136
-226
-236
-316
-326
-336
-246
-256
-266
-276
-286
-296
-416
-516
-616
-716
-816
-916
223
-221
-222
-224
-225
-227
-228
-229
-113
-123
-133
-233
-313
-323
-333
-243
-253
-263
-273
-283
-293
-423
-523
-623
-723
-823
-923
462
-461
-463
-464
-465
-466
-467
-468
-469
-442
-452
-542
-552
-562
-642
-652
-662
-412
-422
-432
-472
-482
-492
-162
-262
-362
-762
-862
-962
483
-481
-484
-485
-486
-487
-488
-489
-473
-493
-573
-583
-593
-673
-683
-693
-413
-433
-443
-453
-183
-383
-783
-883
-983
491
-494
-495
-496
-497
-498
-499
-471
-571
-581
-591
-671
-681
-691
-411
-421
-431
-441
-451
-191
-291
-391
-791
-891
-991
514
-511
-512
-513
-515
-517
-518
-519
-414
-424
-434
-524
-534
-614
-624
-634
-554
-564
-574
-584
-594
-314
-714
-814
-914
538
-531
-532
-533
-535
-536
-537
-539
-418
-428
-438
-528
-618
-628
-638
-548
-558
-568
-578
-588
-598
-138
-238
-338
-738
-838
-938
556
-551
-553
-555
-559
-446
-456
-546
-566
-646
-656
-666
-526
-576
-586
-596
-356
-756
-856
-956
685
-682
-684
-686
-687
-688
-689
-585
-595
-695
-615
-625
-635
-645
-655
-665
-785
-885
-985
737
-731
-732
-733
-734
-735
-736
-739
-717
-727
-817
-827
-837
-917
-927
-937
-747
-767
-777
-787
-797
-237
-337
-437
-637
774
-771
-772
-773
-776
-778
-779
-784
-794
-874
-884
-894
-974
-984
-994
-724
-754
-764
-274
-374
-474
454
-455
-458
-459
-654
-664
-854
-954
-674
694
-692
-696
-697
-698
-699
-294
-394
821
-822
-824
-825
-826
-828
-829
-711
-721
-811
-831
-911
-921
-931
-841
-851
-861
-871
-881
-121
-321
-521
-621
863
-864
-865
-866
-867
-868
-869
-743
-753
-763
-843
-853
-943
-953
-963
964
-961
-965
-966
-967
-968
-969
-813
-833
-873
-893
834
-832
-835
-836
-839
-924
-934
324
-322
-325
-327
-328
-329
-234
-334
317
-311
-312
-315
-318
-319
284
-281
-282
-287
-288
-289
-384
-377
-387
-397
-417
-617
-163
193
-192
-196
-198
-199
-373
-393
-363
-563
543
-541
-545
-547
-549
-643
-653
-663
561
-565
-567
-569
-641
-651
-661
445
-447
-448
-449
-415
419
-429
-439
-529
-619
-629
-639
-425
-435
436
525
-522
-527
-426
427
-626
-636
-627
622
-612
-632
-476
676
-672
-677
-678
-679
478
-477
-479
-119
-719
-819
-919
-122
-722
-922
-725
-925
-936
-343
353
-351
-352
-355
-358
-359
-245
-345
-745
-845
-945
-161
-261
-361
-761
667
-668
-669
-647
973
-971
-972
-976
-977
-978
-979
-793
-993
713
-712
-715
-718
-913
-933
-613
611
-631
633
-111
-376
-876
-278
-378
-878
942
-941
-946
-947
-948
-949
-742
-752
-842
-852
-952
847
-846
-848
-849
-877
-887
-897
-912
-932
812
-815
-818
-872
879
-789
-799
-889
-899
-989
-999
-882
-892
-859
-982
-992
-112
118
-128
129
-139
-239
-339
-168
-188
-169
166
-346
-366
-186
-189
915
-918
-935
939
-729
-929
-955
-995
-959
-242
-342
252
-251
-255
-258
-259
-232
-272
-292
746
-741
-748
-749
-766
-726
728
926
-928
-786
-796
-758
-768
-788
-798
-986
-996
-279
-379
-579
131
-132
-231
235
-331
332
-335
-181
182
-372
371
-271
277
-381
-382
-392
-297
241
-248
-249
-341
-265
365
-368
-369
-765
769
-759
659
-658
648
-649
-348
349
268
-269
-298
299
-389
-399
572
-577
-582
-592
-782
781
-981
792
-795
895
-896
-898
886
-888
-751
755
951
-958
-855
858
-386
388
396
-398
-988
987
-997
998
-587
589
597
-599
