136
-131
-132
-133
-134
-135
-137
-138
-139
-116
-126
-216
-226
-236
-316
-326
-336
-146
-156
-166
-176
-186
-196
-436
-536
-636
-736
-836
-936
143
-141
-142
-144
-145
-147
-148
-149
-153
-163
-243
-253
-263
-343
-353
-363
-113
-123
-173
-183
-193
-443
-543
-643
-743
-843
-943
172
-171
-174
-175
-177
-178
-179
-182
-192
-272
-282
-292
-372
-382
-392
-112
-122
-152
-162
-472
-572
-672
-772
-872
-972
211
-212
-213
-214
-215
-217
-218
-219
-111
-121
-221
-231
-311
-321
-331
-241
-251
-261
-271
-281
-291
-411
-511
-611
-711
-811
-911
225
-222
-223
-224
-227
-228
-229
-115
-125
-235
-315
-325
-335
-245
-255
-265
-275
-285
-295
-425
-525
-625
-725
-825
-925
254
-252
-256
-257
-258
-259
-154
-164
-244
-264
-344
-354
-364
-234
-274
-284
-294
-454
-554
-654
-754
-854
-954
414
-412
-413
-415
-416
-417
-418
-419
-424
-434
-514
-524
-534
-614
-624
-634
-444
-464
-474
-484
-494
-114
-314
-714
-814
-914
458
-451
-452
-453
-455
-456
-457
-459
-448
-468
-548
-558
-568
-648
-658
-668
-428
-438
-478
-488
-498
-158
-358
-758
-858
-958
461
-462
-463
-465
-466
-467
-469
-441
-541
-551
-561
-641
-651
-661
-421
-431
-471
-481
-491
-161
-361
-761
-861
-961
522
-521
-523
-526
-527
-528
-529
-422
-432
-512
-532
-612
-622
-632
-542
-552
-562
-582
-592
-322
-722
-822
-922
576
-571
-573
-574
-575
-577
-578
-579
-476
-486
-496
-586
-596
-676
-686
-696
-516
-546
-556
-566
-276
-376
-776
-876
-976
746
-741
-742
-744
-745
-747
-748
-749
-756
-766
-846
-856
-866
-946
-956
-966
-716
-726
-786
-796
-246
-346
-446
426
-423
-427
-429
-616
-626
-826
-926
-646
767
-762
-763
-764
-765
-768
-769
-757
-847
-857
-867
-947
-957
-967
-717
-727
-737
-777
-787
-797
-167
-267
-367
-567
-667
773
-771
-774
-775
-778
-779
-783
-793
-873
-883
-893
-973
-983
-993
-713
-723
-733
-753
-273
-373
-473
-673
818
-812
-813
-815
-816
-817
-819
916
-912
-913
-915
-917
-918
-919
-718
-728
-738
-828
-838
-928
-938
-848
-868
-878
-888
-898
-986
-996
-118
-318
-518
-618
881
-882
-884
-885
-886
-887
-889
-781
-791
-871
-891
-971
-981
-991
896
-892
-894
-895
-897
-899
-821
-831
-841
-851
-181
-381
-581
-681
-296
-396
942
-941
-944
-945
-948
-949
-752
-842
-852
-862
-952
-962
968
-963
-964
-965
-969
832
-833
-834
-835
-837
-839
-712
-732
-932
-982
-992
-978
-988
-998
312
-313
-317
-319
-232
-332
-342
-352
-362
341
-345
-347
-348
-349
-151
-351
191
-194
-195
-197
-198
-199
-371
-391
-242
262
-266
-268
-269
286
-283
-287
-288
-289
-386
-442
-642
248
-247
-249
-168
-368
-238
-278
-298
652
-653
-655
-656
-657
-659
-662
666
-663
-664
-665
-669
-682
-692
356
-355
-357
-359
-366
157
-155
-159
-117
119
-129
-239
-329
-339
-127
-187
-169
165
-365
369
-185
-189
-379
-389
-399
-519
-619
-719
715
-735
-935
-755
-785
-795
-515
-615
-557
-565
-865
-569
-869
671
-674
-675
-677
-678
-679
-591
-691
531
-533
-535
-537
-538
-539
-621
-631
-731
-931
378
-374
-375
-377
-188
184
-384
-394
-388
-398
-124
128
-328
-338
-628
638
-633
-635
-637
-639
435
-433
-437
-439
629
-623
-627
-445
-475
-485
-495
-688
-698
-649
-689
-699
-729
-829
-929
-584
-684
-784
-984
-233
237
-327
-337
293
-297
-299
-383
-393
279
-277
-937
-479
477
-487
-497
-587
-597
-687
-697
-447
449
-549
-559
-489
-499
-849
-877
827
-823
-824
-927
-977
-879
859
-853
-855
-759
751
-951
-959
-721
724
921
-923
-924
933
-934
-939
-734
739
-794
-789
-799
863
-864
-953
955
844
-845
-874
875
-975
-985
-995
323
-324
-333
334
-544
-644
564
-563
553
-555
-513
517
613
-617
-583
-593
-594
694
-693
-695
-547
545
-645
647
-585
-595
685
-683
974
-979
-994
483
-482
492
-493
782
-788
-792
798
-385
387
395
-397
-987
989
997
-999
588
-589
-598
599
