122
-121
-123
-124
-125
-126
-127
-128
-129
-112
-132
-212
-222
-232
-312
-322
-332
-142
-152
-162
-172
-182
-192
-422
-522
-622
-722
-822
-922
144
-141
-143
-145
-146
-147
-148
-149
-154
-164
-244
-254
-264
-344
-354
-364
-114
-134
-174
-184
-194
-444
-544
-644
-744
-844
-944
186
-181
-183
-185
-187
-188
-189
-176
-196
-276
-286
-296
-376
-386
-396
-116
-136
-156
-166
-486
-586
-686
-786
-886
-986
191
-193
-195
-197
-198
-199
-171
-271
-281
-291
-371
-381
-391
-111
-131
-151
-161
-491
-591
-691
-791
-891
-991
213
-211
-214
-215
-216
-217
-218
-219
-113
-133
-223
-233
-313
-323
-333
-243
-253
-263
-273
-283
-293
-413
-513
-613
-713
-813
-913
255
-251
-252
-256
-257
-258
-259
-155
-165
-245
-265
-345
-355
-365
-225
-235
-275
-285
-295
-455
-555
-655
-755
-855
-955
384
-382
-383
-385
-387
-388
-389
-274
-284
-294
-374
-394
-314
-324
-334
-484
-584
-684
-784
-884
-984
457
-451
-452
-453
-454
-456
-458
-459
-447
-467
-547
-557
-567
-647
-657
-667
-417
-427
-437
-477
-487
-497
-157
-357
-757
-857
-957
473
-471
-472
-474
-475
-476
-478
-479
-483
-493
-573
-583
-593
-673
-683
-693
-423
-433
-443
-463
-173
-373
393
-392
-395
-397
-398
-399
-343
-353
-363
-773
-873
-973
-793
-893
-993
524
-521
-523
-525
-526
-527
-528
-529
-414
-424
-434
-514
-534
-614
-624
-634
-554
-564
-574
-594
-224
234
-231
-236
-237
-238
-239
-724
-824
-924
-734
-834
-934
546
-541
-542
-543
-545
-548
-549
-446
-466
-556
-566
-646
-656
-666
-516
-536
-576
-596
-246
-346
-746
-846
-946
626
-621
-623
-625
-627
-628
-629
-416
-426
-436
-616
-636
496
-492
-494
-495
-498
-499
-676
-696
464
-461
-462
-465
-468
-469
-654
-664
-226
266
-261
-262
-267
-268
-269
-356
-366
-326
-726
-826
-926
-764
-864
-964
-766
-866
-966
-796
-896
-996
717
-711
-712
-714
-715
-716
-718
-719
-727
-737
-817
-827
-837
-917
-927
-937
-747
-767
-777
-787
-797
-117
-317
-517
-617
753
-751
-752
-754
-756
-758
-759
-743
-763
-843
-853
-863
-943
-953
-963
-723
-733
-783
643
-641
-642
-645
-648
-649
-553
-563
-653
-663
533
-531
-532
-535
-537
-538
-539
-633
637
-631
-632
-635
-638
-639
-677
-687
-697
-833
-933
-137
-337
-153
163
-167
-168
-169
177
-175
-178
-179
375
-372
-377
-378
-379
-277
-287
-297
-315
-325
-335
-575
-675
-775
-875
-975
-577
-877
-977
815
-811
-812
-814
-816
-818
-819
914
-911
-912
-915
-916
-918
-919
-725
-735
-825
-835
-925
-935
-845
-865
-885
-895
-954
854
-851
-852
-856
-858
-859
956
-951
-952
-958
-959
-874
-894
-974
-994
-936
-976
-115
135
-138
-139
-415
-515
-615
316
-311
-318
-319
-336
425
-421
-428
-429
-435
-445
-485
878
-871
-872
-876
-879
776
-771
-772
-774
-778
-779
794
-792
-795
-798
-799
-788
-888
-898
-978
-988
-998
-736
836
-831
-832
-838
-839
-828
-848
-868
674
-671
-672
-678
-679
-694
-278
-578
941
-942
-945
-947
-948
-949
-741
-761
-841
-861
-961
-921
-931
-971
-981
-241
221
-227
-228
-229
-321
-331
327
-328
-329
247
-242
-248
-249
-347
-367
-721
-821
731
-732
-738
-739
932
-938
-939
-781
881
-882
-883
-887
-889
983
-982
-985
-987
-989
823
-829
-923
-962
-972
979
-789
-899
-999
-992
-929
928
-728
729
-749
-769
-968
-969
-431
-432
-341
-441
745
-742
-748
-765
-965
967
-847
-867
768
-762
782
-785
-892
897
995
-997
-368
-568
-668
571
-572
-579
-481
-581
-681
411
-412
-418
-419
-511
-611
-551
-561
272
-279
-282
-292
-482
442
-448
-449
-552
-562
-652
-662
-342
-842
849
862
-869
348
-349
-158
159
-358
-359
-369
118
-119
-338
339
-518
-618
438
-439
-488
489
-589
-599
-689
-699
352
-351
361
-362
651
-658
-659
-661
558
-559
-588
-598
-582
-682
587
-585
-597
685
-688
-595
592
-692
-695
698
-512
519
612
-619
565
-569
-665
669
288
-289
-298
299
