146
-141
-142
-143
-144
-145
-147
-148
-149
-156
-166
-246
-256
-266
-346
-356
-366
-116
-126
-136
-176
-186
-196
-446
-546
-646
-746
-846
-946
174
-171
-172
-173
-175
-177
-178
-179
-184
-194
-274
-284
-294
-374
-384
-394
-114
-124
-134
-154
-164
-474
-574
-674
-774
-874
-974
237
-231
-232
-233
-234
-235
-236
-238
-239
-117
-127
-137
-217
-227
-317
-327
-337
-247
-257
-267
-277
-287
-297
-437
-537
-637
-737
-837
-937
263
-261
-262
-264
-265
-268
-269
-153
-163
-243
-253
-343
-353
-363
-213
-223
-273
-283
-293
-463
-563
-663
-763
-863
-963
295
-291
-292
-296
-298
-299
-185
-195
-275
-285
-375
-385
-395
-215
-225
-245
-255
-495
-595
-695
-795
-895
-995
329
-321
-322
-323
-324
-325
-326
-328
-119
-129
-139
-219
-229
-319
-339
-349
-359
-369
-379
-389
-399
-429
-529
-629
-729
-829
-929
331
-332
-333
-334
-335
-336
-338
-111
-121
-131
-211
-221
-311
-341
-351
-361
-371
-381
-391
-431
-531
-631
-731
-831
-931
354
-352
-355
-357
-358
-244
-254
-344
-364
-314
-454
-554
-654
-754
-854
-954
441
-442
-443
-444
-445
-447
-448
-449
-451
-461
-541
-551
-561
-641
-651
-661
-411
-421
-471
-481
-491
-241
-741
-841
-941
494
-492
-493
-496
-497
-498
-499
-484
-584
-594
-684
-694
-414
-424
-434
-464
-794
-894
-994
532
-533
-534
-535
-536
-538
-539
-412
-422
-432
-512
-522
-612
-622
-632
-542
-552
-562
-572
-582
-592
-132
-732
-832
-932
557
-553
-555
-556
-558
-559
-457
-467
-547
-567
-647
-657
-667
-517
-527
-577
-587
-597
-157
-757
-857
-957
571
-573
-575
-576
-578
-579
-581
-591
-671
-681
-691
-511
-521
-271
-771
-871
-971
616
-611
-613
-614
-615
-617
-618
-619
621
-623
-624
-625
-626
-627
-628
-416
-426
-436
-516
-526
-636
-656
-666
-676
-686
-696
-216
-316
226
-222
-224
-228
214
-212
-218
-276
-286
-514
-714
-814
-914
-716
-816
-916
-721
-821
-921
-726
-826
-926
675
-672
-673
-677
-678
-679
-475
-485
-585
-685
-635
-645
-655
-665
-775
-875
-975
715
-711
-712
-713
-717
-718
-719
-725
-735
-815
-825
-835
-915
-925
-935
-745
-755
-765
-785
-115
-315
-415
-515
728
-722
-723
-724
-727
-738
-818
-828
-838
-918
-928
-938
-748
-758
-768
-778
-788
-798
-128
-428
-528
776
-772
-773
-777
-779
-786
-796
-876
-886
-896
-976
-986
-996
-736
-756
-766
-376
-476
789
-781
-782
-783
-784
-787
-799
-879
-889
-899
-979
-989
-999
-739
-749
-759
-769
-189
-289
-489
-589
-689
792
-791
-793
-797
-872
-882
-892
-972
-982
-992
-742
-752
-762
-192
-392
-692
848
-842
-843
-844
-845
-847
-849
-858
-868
-948
-958
-968
-878
-888
-898
-248
-348
-548
-648
912
-911
-913
-917
-919
811
-812
-813
-817
-819
-822
-922
-851
-861
-881
-891
-942
-952
-962
-112
-312
122
-123
-125
135
-133
-138
-152
-162
-182
-155
-165
417
-413
-418
-419
-427
-477
-487
519
-513
-518
-439
-639
-549
-569
-599
-435
113
-118
-313
318
-183
-193
-368
-378
-388
-398
-151
-158
159
-169
-249
242
-252
-342
-362
-259
-199
279
-272
-278
-282
-642
-459
-659
-859
-959
-479
699
-693
-697
-698
687
-682
-683
-688
469
-462
-465
-466
-468
-649
-669
949
-943
-944
-945
-947
-869
-969
839
-833
-834
-836
936
-933
-934
-939
-956
-966
-187
-387
-887
-987
161
-167
-168
-251
258
-181
188
-198
-288
281
-191
197
-377
-397
-458
-658
-761
751
-753
-951
-961
-981
991
-993
-997
-998
-488
-588
-988
978
-973
-977
877
-873
-897
893
-883
-983
-823
-853
-827
824
-734
733
-923
-924
927
-743
953
-955
-864
-884
885
984
-985
-855
-865
965
-964
-967
-867
-524
634
-633
-638
438
-433
-478
598
-593
-596
-568
668
-662
-664
652
-653
-452
643
-644
-453
-543
-852
856
862
-866
455
-456
-545
544
-564
-565
566
-425
423
-523
525
-473
472
-482
-483
486
583
-586
-744
747
764
-767
345
-347
-365
367
-372
373
382
-383
-386
-393
396
