132
-131
-133
-134
-135
-136
-137
-138
-139
-112
-122
-212
-222
-232
-312
-322
-332
-142
-152
-162
-172
-182
-192
-432
-532
-632
-732
-832
-932
145
-141
-143
-144
-146
-147
-148
-149
-155
-165
-245
-255
-265
-345
-355
-365
-115
-125
-175
-185
-195
-445
-545
-645
-745
-845
-945
167
-161
-163
-164
-166
-168
-169
-157
-247
-257
-267
-347
-357
-367
-117
-127
-177
-187
-197
-467
-567
-667
-767
-867
-967
198
-191
-193
-194
-196
-199
-178
-188
-278
-288
-298
-378
-388
-398
-118
-128
-158
-498
-598
-698
-798
-898
-998
234
-231
-233
-235
-236
-237
-238
-239
-114
-124
-214
-224
-314
-324
-334
-244
-254
-264
-274
-284
-294
-434
-534
-634
-734
-834
-934
269
-261
-262
-263
-266
-268
-159
-249
-259
-349
-359
-369
-219
-229
-279
-289
-299
-469
-569
-669
-769
-869
-969
376
-371
-372
-373
-374
-375
-377
-379
-176
-186
-276
-286
-296
-386
-396
-316
-326
-336
-346
-356
-366
-476
-576
-676
-776
-876
-976
395
-391
-392
-393
-394
-397
-399
-275
-285
-295
-385
-315
-325
-335
-495
-595
-695
-795
-895
-995
416
-411
-412
-413
-414
-415
-417
-418
-419
-426
-436
-516
-526
-536
-616
-626
-636
-446
-456
-466
-486
-496
-116
-216
-716
-816
-916
441
-442
-443
-444
-447
-448
-449
-451
-461
-541
-551
-561
-641
-651
-661
-421
-431
-471
-481
-491
-241
-341
-741
-841
-941
488
-482
-483
-484
-485
-487
-489
-478
-578
-588
-678
-688
-428
-438
-458
-468
-788
-888
-988
512
-511
-513
-514
-515
-517
-518
-519
-422
-522
-612
-622
-542
-552
-562
-572
-582
-592
-712
-812
-912
531
-533
-535
-537
-538
-539
-521
-611
-621
-631
-571
-581
-591
-331
-731
-831
-931
573
-574
-575
-577
-579
-473
-493
-583
-593
-673
-683
-693
-523
-543
-553
-563
-173
-273
-773
-873
-973
597
-594
-596
-599
-477
-497
-587
-677
-687
-697
-527
-547
-557
-297
-797
-897
-997
627
-623
-624
-625
-628
-629
-427
-437
-617
-637
457
-452
-453
-454
-455
-459
-647
-657
-227
-327
-727
-827
-927
-757
-857
-957
668
-662
-663
-664
-665
-666
-548
-558
-568
-648
-658
528
-524
-525
-529
-618
-638
-228
-328
-728
-828
-928
-368
-768
-868
-968
696
-691
-692
-694
-699
-586
-686
-646
-656
-796
-896
-996
714
-711
-713
-715
-717
-718
-719
-724
-814
-824
-914
-924
-744
-754
-764
-774
-784
-794
-614
424
-423
-425
-429
-464
-474
-494
736
-733
-735
-737
-738
-739
-726
-826
-836
-926
-936
-746
-756
-766
-786
843
-842
-844
-846
-847
-848
-849
-743
-753
-763
-853
-863
-943
-953
-963
-813
-823
-833
-883
-893
-243
-343
-643
879
-871
-872
-874
-875
-877
-878
-779
-789
-799
-889
-899
-979
-989
-999
-819
-829
-839
-859
-179
-479
-679
499
-492
-589
-689
-439
919
-911
-913
-915
-917
-918
-729
-929
-939
-949
-959
-119
-319
-619
639
-633
-635
-649
-659
-339
944
-942
-946
-947
-948
-854
-864
-954
-964
747
-742
-748
-749
759
-751
-752
-755
-758
-777
-787
778
-771
-772
-775
-978
-974
-984
-994
-344
-544
-644
642
-462
-652
472
-475
-672
-682
-242
-342
348
-248
246
-156
-256
-258
-358
126
-121
-123
-129
-226
329
-321
-323
189
-181
-183
-184
-389
218
-211
-213
-215
-217
225
-221
-223
-318
-338
-818
-725
-825
-925
-546
549
-559
-272
-972
894
-891
-892
-884
961
-962
-965
-966
-761
-851
-861
-951
-921
-971
-981
-991
-361
977
-975
-887
-987
-937
675
-671
-674
681
-684
-685
584
-585
-554
-564
654
-653
-655
463
-465
-433
435
613
-615
-113
111
-311
-151
-171
174
-384
153
-154
-253
-353
-363
-811
-313
317
333
-337
-383
-387
815
-817
-835
-935
837
-838
938
-933
-855
-865
-885
858
-852
-856
-958
-354
364
-362
271
-277
-281
-291
-381
382
-282
-292
293
-283
287
-251
252
351
-352
-952
-781
-881
791
-792
-793
-721
821
-822
-782
-882
886
-986
862
-866
-762
765
-955
956
722
-723
-922
923
783
-785
-983
-993
992
-982
985
555
-556
-565
566
