123
-121
-122
-124
-125
-126
-127
-128
-129
-113
-133
-213
-223
-233
-313
-323
-333
-143
-153
-163
-173
-183
-193
-423
-523
-623
-723
-823
-923
138
-131
-132
-134
-135
-136
-137
-139
-118
-218
-228
-238
-318
-328
-338
-148
-158
-168
-178
-188
-198
-438
-538
-638
-738
-838
-938
147
-141
-142
-144
-145
-146
-149
-157
-167
-247
-257
-267
-347
-357
-367
-117
-177
-187
-197
-447
-547
-647
-747
-847
-947
181
-182
-184
-185
-186
-189
-171
-191
-271
-281
-291
-371
-381
-391
-111
-151
-161
-481
-581
-681
-781
-881
-981
196
-192
-194
-195
-199
-176
-276
-286
-296
-376
-386
-396
-116
-156
-166
-496
-596
-696
-796
-896
-996
221
-222
-224
-225
-226
-227
-229
-211
-231
-311
-321
-331
-241
-251
-261
-421
-521
-621
-721
-821
-921
234
-232
-235
-236
-237
-239
-114
-214
-314
-324
-334
-244
-254
-264
-274
-284
-294
-434
-534
-634
-734
-834
-934
248
-242
-243
-245
-246
-249
-258
-268
-348
-358
-368
-278
-288
-298
-448
-548
-648
-748
-848
-948
272
-273
-275
-277
-279
-172
-282
-292
-372
-382
-392
-212
-252
-262
-472
-572
-672
-772
-872
-972
346
-341
-342
-343
-344
-345
-349
-256
-266
-356
-366
216
-215
-217
-219
-316
-326
-336
-416
-516
-616
-716
-816
-916
-446
-546
-646
-746
-846
-946
378
-373
-374
-375
-377
-379
-388
-398
-478
-578
-678
-778
-878
-978
449
-441
-442
-443
-444
-445
-459
-469
-549
-559
-569
-649
-659
-669
-419
-429
-439
-479
-489
-499
-749
-849
-949
486
-482
-483
-484
-485
-487
-488
-476
-576
-586
-676
-686
-426
-436
-456
-466
-786
-886
-986
494
-491
-492
-493
-495
-497
-498
-474
-574
-584
-594
-674
-684
-694
-414
-424
-454
-464
-394
-794
-894
-994
589
-582
-583
-585
-587
-588
-579
-599
-679
-689
-699
-519
-529
-539
-289
-389
-789
-889
-989
618
-611
-612
-613
-614
-615
-617
-619
-418
-428
-518
-528
-628
-658
-668
-688
-698
598
-591
-592
-593
-595
-597
-558
-568
-718
-818
-918
-798
-898
-998
626
-622
-624
-625
-627
-629
-526
-536
-636
639
-631
-632
-633
-635
-637
-656
-666
-726
-826
-926
-339
-739
-839
-939
665
-661
-662
-663
-664
-667
-455
-465
-545
-555
-565
-645
-655
-675
-685
-695
-165
-265
-365
-765
-865
-965
732
-731
-733
-735
-736
-737
-712
-722
-812
-822
-832
-912
-922
-932
-742
-752
-762
-782
-792
-332
-432
-532
766
-761
-763
-764
-767
-768
-769
-756
-856
-866
-956
-966
-776
556
-551
-552
-553
-554
-557
-566
833
-831
-835
-836
-837
-713
-813
-913
-933
936
-931
-935
-937
-843
-853
-863
-873
-883
-893
876
-871
-874
-875
-877
-879
-976
-433
-533
869
-861
-862
-864
-867
-868
-759
-859
-959
-969
-819
-829
-899
-169
-269
263
-253
-353
-363
-283
-293
-463
-563
-963
-369
888
-882
-884
-885
-887
-788
-988
-828
-858
919
-911
-914
-915
-917
-719
-729
-929
-979
-999
-119
-319
329
-322
-325
-327
-359
-399
928
-924
-925
-927
-728
758
-751
-753
-754
-755
-757
-958
-968
-458
468
-461
-462
-467
967
-961
-962
-964
-857
-957
-977
-987
-997
-567
973
-971
-974
-975
-773
-783
-793
-983
-993
743
-741
-744
-745
-943
-953
-543
-643
-473
-573
513
-511
-512
-514
-515
-517
-413
524
-522
-525
-527
453
-451
-452
-457
-653
657
-651
-652
-654
-544
-564
644
-641
-642
-677
-687
-697
422
-425
-427
-412
-724
-824
-844
-944
-673
671
-471
-571
-691
-771
985
-982
-984
-775
-785
-795
-895
-995
954
-951
-952
-955
-854
814
-811
-815
-817
711
-714
-715
-717
-791
725
-727
-825
827
-897
-945
-411
431
-435
-437
-531
845
-841
-842
-855
-154
-354
682
-683
-692
693
383
-384
-385
-387
-393
174
-175
-179
299
-295
-297
-164
162
-152
-352
-362
364
-361
351
-355
-112
115
312
-315
-317
-335
337
-155
159
255
-259
-285
287
395
-397
-415
417
535
-537
475
-477
-575
577
-851
852
941
-942
891
-892
-991
992
-541
542
561
-562
-774
784
-787
-777
779
797
-799
