122
-121
-123
-124
-125
-126
-127
-128
-129
-112
-132
-212
-222
-232
-312
-322
-332
-142
-152
-162
-172
-182
-192
-422
-522
-622
-722
-822
-922
141
-143
-144
-145
-146
-147
-148
-149
-151
-161
-241
-251
-261
-341
-351
-361
-111
-131
-171
-181
-191
-441
-541
-641
-741
-841
-941
195
-193
-194
-196
-197
-198
-199
-175
-185
-275
-285
-295
-375
-385
-395
-115
-135
-155
-165
-495
-595
-695
-795
-895
-995
221
-223
-224
-225
-226
-227
-228
-229
-211
-231
-311
-321
-331
-271
-281
-291
-421
-521
-621
-721
-821
-921
238
-233
-234
-235
-236
-237
-239
-118
-138
-218
-318
-328
-338
-248
-258
-268
-278
-288
-298
-438
-538
-638
-738
-838
-938
242
-243
-244
-245
-246
-247
-249
-252
-262
-342
-352
-362
-272
-282
-292
-442
-542
-642
-742
-842
-942
344
-343
-345
-346
-347
-348
-349
-154
-164
-254
-264
-354
-364
-314
-324
-334
-374
-384
-394
-444
-544
-644
-744
-844
-944
377
-371
-372
-373
-376
-378
-379
-177
-187
-277
-287
-297
-387
-397
-317
-327
-337
-357
-367
-477
-577
-677
-777
-877
-977
382
-381
-383
-386
-388
-389
391
-392
-393
-396
-398
-399
-482
-582
-682
-782
-882
-982
-491
-591
-691
-791
-891
-991
412
-411
-413
-414
-415
-416
-417
-418
-419
-432
-512
-532
-612
-632
-452
-462
-472
-492
-712
-812
-912
426
-423
-424
-425
-427
-428
-429
-436
-516
-526
-536
-616
-626
-636
-446
-456
-466
-476
-486
-496
-326
-726
-826
-926
478
-471
-473
-474
-475
-479
-488
-498
-578
-588
-598
-678
-688
-698
-448
-458
-468
-178
188
-183
-184
-186
-189
-158
-168
-778
-878
-978
-788
-888
-988
481
-483
-484
-485
-487
-489
-571
-581
-671
-681
-431
-451
-461
-781
-881
-981
519
-511
-513
-514
-515
-517
-518
-439
-529
-539
-619
-629
-639
-549
-559
-569
-579
-589
-599
-119
-219
-319
-719
-819
-919
543
-545
-546
-547
-548
-443
-453
-463
-553
-563
-643
-653
-663
-523
-533
-573
-583
-593
-743
-843
-943
561
-562
-564
-565
-566
-567
-568
-551
-651
-661
-531
-761
-861
-961
572
-574
-575
-576
-592
-672
-692
-552
-772
-872
-972
611
-613
-614
-615
-617
-618
-631
-711
-811
-911
649
-645
-646
-647
-648
-449
-459
-469
-659
-669
499
-493
-494
-497
-679
-689
-699
433
-434
-435
-437
-623
-633
-133
-333
-733
-833
-933
-749
-849
-949
-299
-799
-899
-999
662
-664
-665
-666
-667
-668
-652
-762
-862
-962
714
-713
-715
-716
-717
-718
-724
-734
-814
-824
-834
-914
-924
-934
-754
-764
-774
-784
-794
-114
-214
134
-136
-137
-139
-174
-534
-634
731
-732
-735
-736
-737
-739
-831
-931
-751
-771
773
-775
-776
-779
-783
-793
-873
-883
-893
-973
-983
-993
-723
-753
-763
-173
-273
-673
792
-796
-797
-798
-892
-992
-752
815
-813
-816
-817
-818
-725
-825
-835
-915
-925
-935
-845
-855
-865
-875
-885
-215
-315
918
-913
-916
-917
-728
-828
-928
-948
-958
-968
-998
898
-894
-896
-897
-848
-858
-868
748
-745
-746
-747
-758
-768
368
-363
-365
-366
-369
-358
832
-836
-837
-839
-932
936
-937
-939
-852
952
-951
-953
-954
-955
-956
-957
-959
851
-853
-854
-856
-857
-859
-871
971
-974
-975
-976
-979
-946
-966
-986
-996
-336
339
-335
325
-323
-329
-355
-359
-525
-625
846
-847
-756
-766
-866
786
-785
-787
-789
985
-984
-987
-989
-876
-886
-945
947
-757
-767
-867
-967
727
-729
-827
-927
887
-884
-889
-997
994
-874
879
864
-863
-869
963
-964
-965
-969
823
-829
-923
929
-527
-627
445
-447
-455
-465
-555
-655
-163
-263
-464
467
-457
454
-554
-654
-557
-657
-167
-267
675
-674
-676
-585
-685
535
-537
-635
637
-687
-697
274
-276
-279
-284
-294
176
-179
-286
-296
293
-283
289
-116
-156
-166
169
-159
-259
-269
-213
-253
759
-755
765
-769
255
-256
-257
-265
266
-356
353
-153
157
113
-117
-313
316
-216
217
683
-684
-686
-693
584
-586
-587
-594
-694
696
-596
597
-524
528
624
-628
556
-558
-656
658
