136
-131
-132
-133
-134
-135
-137
-138
-139
-116
-126
-216
-226
-236
-316
-326
-336
-146
-156
-166
-176
-186
-196
-436
-536
-636
-736
-836
-936
185
-181
-182
-183
-184
-187
-188
-189
-175
-195
-275
-285
-295
-375
-385
-395
-115
-125
-145
-155
-165
-485
-585
-685
-785
-885
-985
211
-212
-213
-214
-215
-217
-218
-219
-111
-121
-221
-231
-311
-321
-331
-241
-251
-261
-271
-281
-291
-411
-511
-611
-711
-811
-911
222
-223
-224
-225
-227
-228
-229
-112
-122
-232
-312
-322
-332
-242
-252
-262
-272
-282
-292
-422
-522
-622
-722
-822
-922
253
-254
-255
-256
-257
-258
-259
-143
-153
-163
-243
-263
-343
-353
-363
-233
-273
-283
-293
-453
-553
-653
-753
-853
-953
325
-323
-324
-327
-328
-329
-235
-315
-335
-345
-355
-365
-425
-525
-625
-725
-825
-925
333
-334
-337
-338
-339
-113
-123
-313
-373
-383
-393
-433
-533
-633
-733
-833
-933
341
-342
-344
-346
-347
-348
-349
-141
-151
-161
-351
-361
-371
-381
-391
-441
-541
-641
-741
-841
-941
431
-432
-434
-435
-437
-438
-439
-421
-521
-531
-621
-631
-451
-461
-471
-481
-491
-731
-831
-931
449
-442
-443
-444
-445
-446
-447
-448
-459
-469
-549
-559
-569
-649
-659
-669
-419
-429
-479
-489
-499
-149
-249
-749
-849
-949
452
-454
-455
-456
-457
-458
-462
-542
-552
-562
-642
-652
-662
-412
-472
-482
-492
-152
-352
-752
-852
-952
477
-473
-474
-475
-476
-478
-487
-497
-577
-587
-597
-677
-687
-697
-417
-427
-467
-177
-277
-377
-777
-877
-977
515
-512
-513
-514
-516
-517
-518
-519
-415
-535
-615
-635
-545
-555
-565
-575
-595
-715
-815
-915
548
-543
-544
-546
-547
-468
-558
-568
-648
-658
-668
-528
-538
-578
-588
-598
-148
-248
-748
-848
-948
561
-563
-564
-566
-567
-551
-651
-661
-571
-581
-591
-761
-861
-961
596
-592
-593
-594
-599
-486
-496
-576
-586
-676
-686
-696
-526
-556
-296
-396
-796
-896
-996
639
-632
-634
-637
-638
-529
-539
-619
-629
-679
-689
-699
-239
-739
-839
-939
655
-654
-656
-657
-465
-645
-665
495
-493
-494
-498
-675
-695
-755
-855
-955
-795
-895
-995
666
-663
-664
-667
-466
-646
-616
-626
-266
-366
-766
-866
-966
678
-671
-672
-673
-674
-488
-688
-698
-618
-628
-178
-278
-378
-778
-878
-978
769
-762
-763
-764
-765
-767
-768
-759
-859
-869
-959
-969
-719
-729
-779
-789
-799
-169
-269
-369
776
-771
-772
-773
-774
-775
-786
-876
-886
-976
-986
-716
-726
-746
-756
-276
-376
787
-781
-782
-783
-784
-788
-797
-887
-897
-987
-997
-717
-727
-737
-747
-757
-287
-387
856
-851
-854
-857
-858
-846
-946
-956
-816
-826
246
-244
-245
-247
265
-264
-267
-268
-356
-286
386
-382
-384
-388
-389
-865
-965
883
-881
-882
-884
-888
-889
-793
-873
-893
-973
-983
-993
-813
-823
-843
-863
-483
484
-574
-584
-684
-694
-414
-424
-464
463
-643
-413
-423
-963
-583
-683
-284
-984
899
-891
-892
-894
-898
-879
-979
-989
-999
-819
-829
-199
-299
-399
929
-921
-923
-924
-926
-927
-928
916
-912
-913
-914
-917
-918
-919
943
-942
-944
-945
-947
-743
-416
418
426
-428
-118
-318
-718
-818
-129
972
-971
-974
-975
-792
-872
-982
-992
875
-871
-874
821
-824
-827
-828
-721
-835
-845
745
-742
-744
-735
935
-932
-934
-937
-938
-962
171
-172
-173
-174
-179
-191
193
-192
-194
-197
-198
-372
392
-394
-397
-398
297
-294
-298
288
-289
-237
-238
234
-114
-124
-314
128
-127
-158
-168
-274
279
374
-379
-362
-354
-364
-728
-534
-734
-834
-572
573
-579
-693
589
-582
532
-537
-612
-523
-732
738
-838
712
-713
-714
-812
-832
837
723
-724
814
-817
-758
-798
-844
-864
-847
842
-862
-867
868
-958
-968
613
-614
-617
-623
-142
162
-164
-167
358
-357
-359
-368
367
-147
144
-154
-157
159
117
-119
-317
319
-644
647
554
-557
-524
527
624
-627
-754
751
-951
-791
794
-994
-954
957
964
-967
682
-681
691
-692
981
-988
-991
998
