147
-141
-142
-143
-144
-145
-146
-148
-149
-157
-167
-247
-257
-267
-347
-357
-367
-117
-127
-137
-177
-187
-197
-447
-547
-647
-747
-847
-947
155
-151
-152
-153
-154
-156
-158
-159
-165
-245
-255
-265
-345
-355
-365
-115
-125
-135
-175
-185
-195
-455
-555
-655
-755
-855
-955
176
-171
-172
-173
-174
-178
-179
-186
-196
-276
-286
-296
-376
-386
-396
-116
-126
-136
-166
-476
-576
-676
-776
-876
-976
221
-222
-223
-224
-225
-226
-227
-228
-229
-111
-121
-131
-211
-231
-311
-321
-331
-241
-251
-261
-271
-281
-291
-421
-521
-621
-721
-821
-921
288
-282
-283
-284
-285
-287
-289
-188
-198
-278
-298
-378
-388
-398
-218
-238
-248
-258
-268
-488
-588
-688
-788
-888
-988
414
-411
-412
-413
-415
-416
-417
-418
-419
-424
-434
-514
-524
-534
-614
-624
-634
-444
-454
-464
-474
-484
-494
-114
-214
-314
-714
-814
-914
441
-442
-443
-445
-446
-448
-449
-451
-461
-541
-551
-561
-641
-651
-661
-431
-471
-481
-491
-341
-741
-841
-941
468
-462
-463
-465
-466
-467
-469
-458
-548
-558
-568
-648
-658
-668
-428
-438
-478
-498
-168
-368
-768
-868
-968
516
-511
-512
-513
-515
-517
-518
-519
-426
-436
-526
-536
-616
-626
-636
-546
-556
-566
-586
-596
-216
-316
-716
-816
-916
572
-571
-573
-574
-575
-577
-578
-579
-472
-482
-492
-582
-592
-672
-682
-692
-522
-532
-542
-552
-562
-272
-372
-772
-872
-972
643
-642
-644
-645
-646
-649
-453
-543
-553
-563
-653
-663
-613
-623
-633
-673
-683
-693
-243
-343
-743
-843
-943
715
-711
-712
-713
-717
-718
-719
-725
-735
-815
-825
-835
-915
-925
-935
-745
-765
-775
-785
-795
-215
-315
-615
737
-731
-732
-733
-734
-736
-738
-739
-727
-817
-827
-837
-917
-927
-937
-757
-767
-777
-787
-797
-237
-337
-437
-537
-637
752
-751
-753
-754
-756
-758
-759
-742
-762
-842
-852
-862
-942
-952
-962
-722
-782
-792
-252
-352
-452
-652
662
-664
-665
-666
-667
-669
-612
-622
-632
-162
-262
-362
864
-861
-863
-865
-866
-867
-869
-744
-764
-844
-854
-944
-954
-964
-824
-834
-874
-884
-894
-164
-264
-364
-564
883
-881
-882
-885
-886
-887
-889
-773
-783
-793
-873
-893
-973
-983
-993
-813
-823
-833
-853
-183
-383
-483
-583
891
-892
-895
-896
-897
-898
-899
-771
-781
-791
-871
-971
-981
-991
761
-763
-766
-769
-851
-951
-961
723
-724
-726
-728
-729
-913
-923
-933
-811
-831
-123
-323
-423
-523
351
-353
-354
-356
-358
-359
-161
-361
348
-342
-344
-346
-349
242
-244
-246
-249
254
-253
-256
-259
-212
-232
-292
-234
-274
-294
-371
-381
-391
-318
-328
-338
544
-545
-549
-554
-654
565
-567
-569
-584
-594
-525
-535
-585
-595
-748
-848
-948
953
-956
-957
-958
-959
-963
858
-856
-857
-859
967
-965
-966
-969
877
-875
-878
-879
-977
-987
-997
845
-846
-849
-945
-818
-828
-838
671
-674
-675
-677
-678
-679
-581
-591
-681
-691
531
-533
-538
-539
-611
-631
433
-432
-435
-439
422
-425
-427
-429
-473
-493
593
-597
-598
-599
698
-694
-695
-696
-697
-699
684
-685
-686
-687
-689
528
-527
-529
-618
-628
-638
656
-657
-659
-456
911
-912
-918
-919
-931
118
-112
-113
-119
-128
-138
-122
-322
-822
-922
-928
938
-932
-934
-936
-939
924
-926
-929
-974
-984
-994
-978
-998
-124
129
-139
-219
-239
-319
-329
-339
-169
163
-263
-363
-133
-193
-189
-199
-324
-629
-829
826
-836
-326
-233
-333
-277
-377
-477
778
-774
-779
-798
374
-373
-375
-379
-184
-194
-384
-394
134
-132
-334
273
-275
-279
-293
-393
-213
217
313
-312
-317
332
-335
-336
236
-235
325
-327
295
-297
-299
-385
-395
-266
269
366
-369
-382
-392
812
-819
-832
839
-617
619
627
-625
635
-639
181
-182
-191
192
982
-985
-986
-989
-992
-784
794
-796
-799
485
-486
-487
-489
-475
479
-495
496
-497
-499
587
-589
457
-459
-557
559
975
-979
-995
786
-789
-996
999
-746
749
946
-949
-387
389
397
-399
