122
-121
-123
-124
-125
-126
-127
-128
-129
-112
-132
-212
-222
-232
-312
-322
-332
-142
-152
-162
-172
-182
-192
-422
-522
-622
-722
-822
-922
148
-141
-143
-144
-145
-146
-147
-149
-158
-168
-248
-258
-268
-348
-358
-368
-118
-138
-178
-188
-198
-448
-548
-648
-748
-848
-948
161
-163
-164
-165
-166
-167
-169
-151
-241
-251
-261
-341
-351
-361
-111
-131
-171
-181
-191
-461
-561
-661
-761
-861
-961
197
-193
-194
-195
-196
-199
-177
-187
-277
-287
-297
-377
-387
-397
-117
-137
-157
-497
-597
-697
-797
-897
-997
225
-221
-223
-224
-226
-227
-228
-229
-115
-135
-215
-235
-315
-325
-335
-245
-255
-265
-275
-285
-295
-425
-525
-625
-725
-825
-925
316
-311
-313
-314
-317
-318
-319
-116
-136
-216
-236
-326
-336
-346
-356
-366
-376
-386
-396
-416
-516
-616
-716
-816
-916
359
-352
-353
-354
-355
-357
-159
-249
-259
-269
-349
-369
-329
-339
-379
-389
-399
-459
-559
-659
-759
-859
-959
394
-391
-392
-393
-395
-398
-174
-184
-274
-284
-294
-374
-384
-324
-334
-344
-364
-494
-594
-694
-794
-894
-994
436
-431
-432
-433
-434
-435
-437
-438
-439
-426
-526
-536
-626
-636
-446
-456
-466
-476
-486
-496
-736
-836
-936
482
-481
-483
-484
-485
-487
-488
-489
-472
-492
-572
-582
-592
-672
-682
-692
-412
-442
-452
-462
-282
-382
-782
-882
-982
515
-511
-512
-513
-514
-517
-518
-519
-415
-535
-615
-635
-545
-555
-565
-575
-585
-595
-715
-815
-915
528
-521
-523
-524
-527
-529
-418
-428
-538
-618
-628
-638
-558
-568
-578
-588
-598
-328
-728
-828
-928
552
-551
-553
-554
-556
-557
-542
-562
-642
-652
-662
-532
-252
-752
-852
-952
586
-581
-583
-584
-587
-589
-576
-596
-676
-686
-696
-546
-566
-186
-286
-786
-886
-986
591
-593
-599
-471
-491
-571
-671
-681
-691
-531
-541
-291
-791
-891
-991
621
-623
-624
-627
-629
-411
-421
-611
-631
-641
-651
-321
-721
-821
-921
646
-643
-644
-645
-647
-649
-656
-666
-246
-746
-846
-946
674
-673
-675
-677
-678
-679
-474
-574
-684
-614
-634
-654
-664
-774
-874
-974
719
-711
-712
-713
-714
-717
-718
-729
-739
-819
-829
-839
-919
-929
-939
-749
-769
-779
-789
-799
-119
-219
-419
-619
429
-423
-424
-427
-539
-639
-449
-469
-479
-499
756
-751
-753
-754
-755
-757
-758
-766
-856
-866
-956
-966
-726
-776
-796
-156
176
-173
-175
-179
-276
-296
-256
266
-262
-263
-264
-267
-876
-976
792
-793
-795
-798
-772
-872
-892
-972
-992
-732
-742
-762
-292
888
-881
-883
-884
-885
-887
-889
-778
-788
-878
-898
-978
-988
-998
-818
-838
-858
-868
-288
-388
-688
911
-912
-913
-914
-917
-918
-731
-811
-831
-931
-941
-951
-971
-981
-211
218
-213
-214
-217
-238
-338
-278
-298
378
-371
-372
-373
-375
272
-271
-273
-279
-242
-478
945
-942
-943
-944
-947
-949
-745
-765
-845
-855
-865
-955
-965
-935
-975
-985
-995
-345
-445
967
-962
-963
-964
-968
-969
-747
-767
-847
-857
-867
-957
932
-933
-934
-937
-938
-812
-832
738
-733
-734
-735
-737
835
-833
-834
-837
-768
958
-953
-954
-875
-895
-927
-977
-987
612
-613
-617
-632
-458
-658
-367
-467
-567
-667
984
-983
-989
-784
-924
113
-114
-133
-233
-323
327
-333
-237
-337
331
-231
-153
-183
281
-283
-289
-381
-347
-413
-813
-727
-827
817
-814
-877
414
-417
-534
-444
-454
-464
-781
-134
139
234
-239
154
-155
-244
-254
365
-362
-363
342
-343
185
-189
-385
383
-293
299
-842
862
-863
-864
-869
849
-841
-843
-844
-879
-899
-549
-854
824
-823
-826
-724
723
-923
926
-743
-763
764
853
-851
741
-744
-771
871
-873
-773
-783
-893
896
-996
-441
451
-453
-455
-457
544
-543
-547
-564
-253
257
243
-247
-443
447
-657
-477
-653
655
-465
-665
-685
-695
-683
-785
787
775
-777
-475
473
-493
-573
-693
495
-498
698
-699
-463
468
-668
-973
979
993
-999
577
-579
-687
689
-537
533
-633
637
-563
569
663
-669
