137
-131
-132
-133
-134
-135
-136
-138
-139
-117
-127
-217
-227
-237
-317
-327
-337
-147
-157
-167
-177
-187
-197
-437
-537
-637
-737
-837
-937
169
-161
-162
-163
-164
-165
-166
-168
-149
-159
-249
-259
-269
-349
-359
-369
-119
-129
-179
-189
-199
-469
-569
-669
-769
-869
-969
195
-191
-192
-193
-194
-196
-198
-175
-185
-275
-285
-295
-375
-385
-395
-115
-125
-145
-155
-495
-595
-695
-795
-895
-995
231
-232
-233
-234
-235
-236
-238
-239
-111
-121
-211
-221
-311
-321
-331
-241
-251
-261
-271
-281
-291
-431
-531
-631
-731
-831
-931
255
-252
-253
-254
-256
-257
-258
-245
-265
-345
-355
-365
-215
-225
-455
-555
-655
-755
-855
-955
323
-322
-324
-325
-326
-328
-329
-113
-123
-213
-223
-313
-333
-343
-353
-363
-373
-383
-393
-423
-523
-623
-723
-823
-923
358
-351
-352
-354
-356
-357
-148
-158
-248
-268
-348
-368
-318
-338
-378
-388
-398
-458
-558
-658
-758
-858
-958
371
-372
-374
-376
-377
-379
-171
-181
-381
-391
-341
-361
-471
-571
-671
-771
-871
-971
426
-421
-422
-424
-425
-427
-428
-429
-416
-436
-516
-526
-536
-616
-626
-636
-446
-456
-466
-476
-486
-496
-126
-226
-726
-826
-926
451
-452
-453
-454
-457
-459
-441
-461
-541
-551
-561
-641
-651
-661
-411
-481
-491
-151
141
-142
-143
-144
-146
-741
-841
-941
-751
-851
-951
465
-462
-463
-464
-467
-468
-445
-545
-565
-645
-665
-415
-435
-475
-485
-765
-865
-965
525
-521
-522
-524
-527
-528
-529
-515
-535
-615
-625
-635
-575
-585
-725
-825
-925
539
-532
-533
-534
-538
-419
-439
-519
-619
-629
-639
-549
-559
-579
-589
-599
-339
-739
-839
-939
546
-542
-543
-544
-547
-548
-556
-566
-646
-656
-666
-576
-586
-596
-246
-346
-746
-846
-946
563
-562
-564
-567
-568
-443
-553
-643
-653
-663
-513
-573
-583
-593
-263
-763
-863
-963
578
-572
-574
-577
-478
-488
-498
-588
-598
-678
-688
-698
-518
-178
-278
-778
-878
-978
581
-582
-584
-587
-591
-681
-691
-511
-781
-881
-981
647
-642
-644
-648
-649
-447
-557
-657
-667
-617
-627
-677
-687
-697
-247
-347
-747
-847
-947
659
-652
-654
-449
-679
-689
-699
-759
-859
-959
684
-682
-683
-685
-686
-474
-484
-494
-594
-674
-694
675
-672
-673
-676
696
-692
-693
-614
-624
-634
-664
-775
-875
-975
-184
-284
-384
-784
-884
-984
-296
-396
-796
-896
-996
734
-732
-733
-735
-736
-738
-714
-724
-814
-824
-834
-914
-924
-934
-744
-754
-764
-774
-794
-334
-434
783
-782
-785
-786
-787
-788
-789
-773
-793
-873
-883
-893
-973
-983
-993
-713
-743
-753
-183
-283
-483
856
-852
-853
-854
-857
-756
-766
-866
-956
-966
-816
-836
-876
-886
-156
872
-874
-877
-879
-772
-792
-882
-892
-972
-982
-992
-812
-822
-832
-842
-862
-172
-272
-472
916
-911
-912
-913
-915
-917
-918
-919
-716
-936
776
-777
-779
-976
-986
-116
-216
-316
336
-332
-335
315
-312
-314
-319
-366
266
-262
-264
-267
367
-362
-364
-276
-286
-386
-387
-397
-715
745
-742
-748
-749
-845
-945
-815
-767
-867
-967
-176
186
-182
-188
948
-942
-943
-944
-949
-768
-848
-868
-968
849
-843
-844
953
-952
-954
-957
757
-752
-717
-727
-797
-819
-829
-889
-899
-933
-928
-938
-988
-998
243
-242
-244
-153
173
-174
-273
-293
-448
668
-662
-618
-628
-638
-473
493
-492
-497
-499
-413
-433
977
-974
-979
-887
-897
-987
-997
-927
827
-821
-828
-817
274
-277
-279
-294
-394
-214
-224
344
-342
152
-154
-112
-122
124
-128
-114
118
-218
-228
-418
438
-432
-718
-818
728
-721
-722
-729
-838
-798
442
-444
-552
554
-412
-482
592
-597
414
-417
-514
517
-512
-477
479
487
-489
-287
297
-292
-298
-299
288
-282
-289
382
-389
-392
399
-888
885
-985
989
898
-891
-894
994
-991
-999
791
-799
-711
-761
762
-962
-712
719
-929
864
-861
961
-964
811
-813
-921
922
-932
935
833
-835
-611
621
-622
613
-612
632
-633
212
-219
-222
229
