122
-121
-123
-124
-125
-126
-127
-128
-129
-112
-132
-212
-222
-232
-312
-322
-332
-142
-152
-162
-172
-182
-192
-422
-522
-622
-722
-822
-922
137
-131
-133
-134
-135
-136
-138
-139
-117
-217
-227
-237
-317
-327
-337
-147
-157
-167
-177
-187
-197
-437
-537
-637
-737
-837
-937
183
-181
-184
-185
-186
-188
-189
-173
-193
-273
-283
-293
-373
-383
-393
-113
-143
-153
-163
-483
-583
-683
-783
-883
-983
248
-241
-242
-243
-244
-245
-246
-247
-249
-148
-158
-168
-258
-268
-348
-358
-368
-218
-228
-238
-278
-288
-298
-448
-548
-648
-748
-848
-948
261
-262
-263
-264
-265
-266
-267
-269
-141
-151
-161
-251
-341
-351
-361
-211
-221
-231
-271
-281
-291
-461
-561
-661
-761
-861
-961
457
-451
-452
-453
-454
-455
-456
-458
-459
-447
-467
-547
-557
-567
-647
-657
-667
-417
-427
-477
-487
-497
-257
-357
-757
-857
-957
473
-471
-472
-474
-475
-476
-478
-479
-493
-573
-593
-673
-693
-413
-423
-433
-443
-463
-773
-873
-973
482
-481
-484
-485
-486
-488
-489
-492
-572
-582
-592
-672
-682
-692
-412
-432
-442
-462
-282
-382
-782
-882
-982
514
-511
-512
-513
-515
-516
-517
-518
-519
-414
-424
-434
-524
-534
-614
-624
-634
-544
-554
-564
-574
-584
-594
-114
-214
-314
-714
-814
-914
526
-521
-523
-525
-527
-528
-529
-416
-426
-436
-536
-616
-626
-636
-546
-556
-566
-576
-586
-596
-226
-326
-726
-826
-926
618
-611
-612
-613
-615
-617
-619
627
-621
-623
-625
-628
-629
-418
-428
-438
-538
-638
-677
-687
-697
-658
-668
-678
-688
-698
-118
-318
-718
-818
-918
-727
-827
-927
645
-641
-642
-643
-644
-646
-649
-445
-465
-545
-555
-565
-655
-665
-635
-675
-685
-695
-145
-345
-745
-845
-945
711
-712
-713
-715
-716
-717
-719
-721
-731
-811
-821
-831
-911
-921
-931
-741
-751
-771
-781
-791
-111
-311
-411
746
-742
-743
-744
-747
-749
-756
-766
-846
-856
-866
-946
-956
-966
-736
-776
-786
-796
-146
-346
-446
798
-792
-793
-794
-795
-797
-799
-778
-788
-878
-888
-898
-978
-988
-998
-728
-738
-758
-768
-198
178
-171
-174
-175
-176
-179
-378
-388
-398
191
-194
-195
-196
-199
-371
-381
-391
-578
588
-581
-585
-587
-589
-498
-598
468
-464
-466
-469
-558
-568
496
-491
-494
-495
-499
-676
-686
-696
444
-441
-449
-654
-664
-144
149
-159
-169
-259
-349
-359
-369
-119
-344
-844
-944
-549
-849
-949
-868
-968
-591
-691
-891
-991
-296
-396
-896
-996
852
-851
-853
-854
-855
-858
-859
-752
-762
-842
-862
-942
-952
-962
958
-951
-953
-954
-955
-959
-812
-832
-872
-892
-928
-938
912
-913
-915
-916
-917
-919
-732
-932
817
-813
-815
-816
-819
772
-774
-775
-777
-779
-972
-992
-847
-867
-877
-887
-897
-252
-352
-552
-652
-272
292
-294
-295
-297
-299
-372
-392
975
-971
-974
-976
-977
-979
-785
-875
-885
-895
-985
-995
-925
-935
-965
-275
-375
-575
595
-597
-599
577
-571
-579
-535
-277
287
-284
-285
-286
-289
-377
-387
-397
385
-384
-386
-389
-395
-315
-325
-335
-355
-365
-787
767
-763
-764
-765
-769
-947
-967
347
-342
-343
362
-363
-364
-366
-367
542
-541
-543
-562
-662
-532
632
-631
-633
-639
533
-531
-539
551
-553
-559
-651
-563
569
-659
-669
-233
-333
-733
-833
-933
759
-753
-754
-755
865
-863
-864
-869
964
-963
-969
723
-724
-725
-729
-823
-923
735
-734
-739
-825
-835
784
-789
-874
-884
-894
-984
-994
-924
929
-829
-839
-939
-934
936
-836
-986
-989
-999
-223
-323
-229
-329
-429
-235
-435
-236
-336
663
-666
-653
656
-156
-256
-356
166
-164
-165
154
-155
-254
-354
353
-253
255
115
-116
-215
-225
224
-234
239
-324
-334
-219
-319
-339
213
-216
-313
316
-274
276
-279
-376
-415
419
425
-421
431
-439
321
-328
-331
338
-824
828
834
-838
-876
886
-881
-889
-684
-987
981
-871
879
997
-993
893
-899
841
-843
-941
943
671
-674
-679
-681
689
694
-699
374
-379
-394
399
