131
-132
-133
-134
-135
-136
-137
-138
-139
-111
-121
-211
-221
-231
-311
-321
-331
-141
-151
-161
-171
-181
-191
-431
-531
-631
-731
-831
-931
183
-182
-184
-185
-186
-187
-188
-189
-173
-193
-273
-283
-293
-373
-383
-393
-113
-123
-143
-153
-163
-483
-583
-683
-783
-883
-983
254
-251
-252
-253
-255
-256
-257
-258
-259
-144
-154
-164
-244
-264
-344
-354
-364
-214
-224
-234
-274
-284
-294
-454
-554
-654
-754
-854
-954
287
-281
-282
-285
-286
-288
-289
-177
-197
-277
-297
-377
-387
-397
-217
-227
-237
-247
-267
-487
-587
-687
-787
-887
-987
318
-312
-313
-314
-315
-316
-317
-319
-118
-128
-218
-228
-238
-328
-338
-348
-358
-368
-378
-388
-398
-418
-518
-618
-718
-818
-918
357
-351
-352
-353
-355
-356
-359
-147
-157
-167
-347
-367
-327
-337
-457
-557
-657
-757
-857
-957
379
-371
-372
-374
-375
-376
-179
-199
-279
-299
-389
-399
-329
-339
-349
-369
-479
-579
-679
-779
-879
-979
415
-411
-412
-413
-414
-416
-417
-419
-425
-435
-515
-525
-535
-615
-625
-635
-445
-455
-465
-475
-485
-495
-115
-215
-715
-815
-915
426
-421
-422
-423
-424
-427
-428
-429
-436
-516
-526
-536
-616
-626
-636
-446
-456
-466
-476
-486
-496
-126
-226
-326
-726
-826
-926
464
-461
-462
-463
-467
-468
-469
-444
-544
-564
-644
-664
-434
-474
-484
-494
-764
-864
-964
541
-542
-543
-545
-546
-547
-548
-549
-441
-451
-551
-561
-641
-651
-661
-511
-521
-571
-581
-591
-241
-341
-741
-841
-941
555
-552
-553
-556
-558
-559
-565
-645
-655
-665
-575
-585
-595
-155
-755
-855
-955
567
-562
-563
-566
-568
-569
-447
-647
-667
-517
-527
-537
-577
-597
-767
-867
-967
572
-573
-574
-576
-578
-472
-482
-492
-582
-592
-672
-682
-692
-512
-522
-532
-172
-272
-772
-872
-972
611
-612
-613
-614
-617
-619
-621
-671
-681
-691
-711
-811
-911
632
-633
-634
-637
-638
-639
-432
-622
-642
-652
-662
-232
-332
-732
-832
-932
643
-646
-648
-649
-443
-453
-653
-663
-623
-673
-693
-243
-343
-743
-843
-943
753
-751
-752
-756
-758
-759
-763
-853
-863
-953
-963
-713
-723
-733
-773
-793
788
-781
-782
-784
-785
-786
-789
-778
-798
-878
-888
-898
-978
-988
-998
-728
-738
-748
-768
-488
-588
-688
834
-833
-835
-836
-837
-838
-839
-714
-724
-734
-814
-824
-914
-924
-934
-844
-874
-884
-894
-334
-534
899
-891
-892
-893
-895
-896
-897
-799
-889
-989
-999
-819
-829
-849
-859
-869
-499
-599
-699
917
-912
-913
-916
-919
-717
-727
-737
-817
-827
-927
-937
-947
-977
-997
-117
127
-122
-124
-125
-129
-627
437
-433
-438
-439
-477
-497
922
-921
-923
-925
-928
-929
-712
-722
-812
-822
-942
-952
-962
-982
-992
-222
-322
948
-944
-945
-946
-949
744
-742
-745
-746
-747
-749
847
-842
-845
-846
-848
-858
-868
-958
-968
-774
-794
-877
828
-821
-823
-825
721
-725
-729
-938
-761
-771
-791
-528
-628
538
-533
-539
-598
-148
-248
-448
969
-961
-965
-966
-769
-959
-939
-169
-269
-669
995
-991
-993
-994
-996
-775
-795
-875
-885
-975
-985
865
-861
-862
-866
-765
735
-736
-739
-935
719
-716
-119
-219
-519
-235
-335
239
-233
-236
-229
-249
-165
-265
-365
-195
-295
-395
-695
-112
212
-213
-216
-242
-262
-292
114
-116
-324
336
-333
-174
-194
-346
-366
-386
-396
-514
513
-523
-593
-813
816
933
-936
873
-871
-876
-973
-856
-886
-473
493
-491
-498
-142
-145
175
-176
-178
-275
-385
-675
685
-684
-686
-689
-146
149
-159
246
-245
345
-342
-156
-166
-266
196
-192
-198
-276
-296
225
-223
323
-325
263
-261
-268
361
-362
-363
-381
-391
442
-449
-452
291
-298
-271
278
-478
471
-481
489
-589
458
-459
-658
-668
666
-656
659
529
-524
624
-629
-674
-694
-676
-696
956
-951
851
-852
762
-766
-792
882
-881
-976
-986
152
-158
-162
168
-971
974
981
-984
776
-777
-796
797
677
-678
-697
698
-382
384
392
-394
-584
586
594
-596
