146
-141
-142
-143
-144
-145
-147
-148
-149
-156
-166
-246
-256
-266
-346
-356
-366
-116
-126
-136
-176
-186
-196
-446
-546
-646
-746
-846
-946
162
-161
-163
-164
-165
-167
-168
-169
-152
-242
-252
-262
-342
-352
-362
-112
-122
-132
-172
-182
-192
-462
-562
-662
-762
-862
-962
187
-181
-183
-184
-185
-188
-189
-177
-197
-277
-287
-297
-377
-387
-397
-117
-127
-137
-157
-487
-587
-687
-787
-887
-987
228
-221
-222
-223
-224
-225
-226
-227
-229
-118
-128
-138
-218
-238
-318
-328
-338
-248
-258
-268
-278
-288
-298
-428
-528
-628
-728
-828
-928
231
-232
-233
-234
-235
-236
-237
-239
-111
-121
-131
-211
-311
-321
-331
-241
-251
-261
-271
-281
-291
-431
-531
-631
-731
-831
-931
274
-272
-273
-275
-276
-279
-174
-194
-284
-294
-374
-384
-394
-214
-244
-254
-264
-474
-574
-674
-774
-874
-974
417
-411
-412
-413
-414
-415
-416
-418
-419
-427
-437
-517
-527
-537
-617
-627
-637
-447
-457
-467
-477
-497
-217
-317
-717
-817
-917
445
-441
-442
-443
-444
-448
-449
-455
-465
-545
-555
-565
-645
-655
-665
-425
-435
-475
-485
-495
-245
-345
-745
-845
-945
486
-481
-482
-483
-484
-488
-489
-476
-496
-576
-586
-596
-676
-686
-696
-426
-436
-456
-466
-286
-386
-786
-886
-986
514
-511
-512
-513
-515
-516
-518
-519
-424
-434
-524
-534
-614
-624
-634
-544
-554
-564
-584
-594
-114
-314
-714
-814
-914
551
-552
-553
-556
-557
-558
-559
-451
-461
-541
-561
-641
-651
-661
-521
-571
-581
-591
-151
-351
-751
-851
-951
593
-592
-595
-597
-598
-599
-473
-493
-573
-583
-673
-683
-693
-523
-533
-543
-563
-193
-293
-393
-793
-893
-993
758
-752
-753
-754
-755
-756
-757
-759
-748
-768
-848
-858
-868
-948
-958
-968
-718
-738
-778
-788
-798
-158
-358
-458
-658
771
-772
-773
-775
-776
-777
-779
-781
-791
-871
-881
-891
-971
-981
-991
-711
-721
-741
-761
-171
191
-195
-198
-199
-371
-381
-391
178
-173
-175
-179
-378
-388
-398
-471
-671
-478
-578
-678
-878
-978
681
-682
-684
-685
-688
-689
-491
-691
421
-422
-423
-429
-611
-621
-821
-921
816
-811
-812
-813
-815
-818
-819
911
-912
-913
-915
-916
-918
-919
-716
-726
-736
-826
-836
-926
-936
-856
-866
-876
-896
-941
-961
-216
296
-292
-295
-299
-376
-396
-316
-616
618
-612
-613
-615
-619
-438
-538
-638
-648
-668
-698
976
-972
-973
-975
-977
-979
-796
-996
766
-763
-764
-765
-767
-769
-956
-966
656
-652
-653
-654
-657
-659
-566
-666
-626
-636
843
-841
-842
-844
-847
-849
861
-863
-864
-865
-867
-869
-743
-853
-943
-953
-963
-823
-833
-873
-883
341
-343
-344
-347
-348
-349
-361
368
-363
-364
-365
-367
-369
-243
-643
548
-542
-547
-549
-468
-568
498
-492
-494
-499
694
-692
-695
-697
-699
-588
-644
-664
373
-372
-375
-379
-283
-383
-313
-323
-333
-353
-794
-894
-994
-898
-998
925
-922
-923
-924
-927
-929
-715
-725
-735
-825
-835
-935
-955
-965
855
-852
-854
-857
-859
-875
-885
-895
-985
-995
-125
-325
-525
-625
-155
-255
-355
265
-263
-267
-269
-215
-285
-113
115
-119
-135
-315
-335
-123
124
-129
-134
-324
-334
-154
354
-357
-359
-724
-824
-454
464
-463
-469
-954
663
-667
-669
-453
433
-432
-439
-623
-633
723
-722
-727
-729
-713
-733
-933
-783
983
-982
-984
-988
-989
888
-882
-884
-889
784
-782
-785
-789
795
-792
-797
-799
-734
-744
834
-832
-837
-838
-839
-934
938
-932
-937
-939
213
-212
-219
-133
139
-319
312
-322
-332
-329
-339
153
-159
-253
282
-289
-382
-392
-712
719
-739
-829
-749
-539
-639
944
-942
-947
-949
-964
-582
-395
399
385
-389
-585
589
-479
472
-572
-672
-579
-679
-452
459
642
-647
-649
567
-569
-577
575
-675
677
-535
635
-632
-529
629
-622
-742
747
952
-957
-959
-967
969
732
-737
-822
827
-877
-897
997
-992
-999
522
-526
-532
536
326
-327
-336
337
-247
249
257
-259
-872
879
892
-899
