149
-141
-142
-143
-144
-145
-146
-147
-148
-159
-169
-249
-259
-269
-349
-359
-369
-119
-129
-139
-179
-189
-199
-449
-549
-649
-749
-849
-949
155
-151
-152
-153
-154
-156
-157
-158
-165
-245
-255
-265
-345
-355
-365
-115
-125
-135
-175
-185
-195
-455
-555
-655
-755
-855
-955
166
-161
-162
-163
-164
-167
-168
-246
-256
-266
-346
-356
-366
-116
-126
-136
-176
-186
-196
-466
-566
-666
-766
-866
-966
284
-281
-282
-283
-285
-286
-287
-288
-289
-174
-184
-194
-274
-294
-374
-384
-394
-214
-224
-234
-244
-254
-264
-484
-584
-684
-784
-884
-984
311
-312
-313
-314
-315
-316
-317
-318
-319
-111
-121
-131
-211
-221
-231
-321
-331
-341
-351
-361
-371
-381
-391
-411
-511
-611
-711
-811
-911
333
-332
-334
-335
-336
-337
-338
-339
-113
-123
-133
-213
-223
-233
-323
-343
-353
-363
-373
-383
-393
-433
-533
-633
-733
-833
-933
348
-342
-344
-347
-248
-258
-268
-358
-368
-328
-378
-388
-398
-448
-548
-648
-748
-848
-948
367
-362
-364
354
-352
-357
-247
-257
-267
-324
-327
-377
-387
-397
-454
-554
-654
-754
-854
-954
-467
-567
-667
-767
-867
-967
386
-382
-385
-389
-276
-296
-376
-396
-326
-486
-586
-686
-786
-886
-986
434
-431
-432
-435
-436
-437
-438
-439
-414
-424
-514
-524
-534
-614
-624
-634
-444
-464
-474
-494
-134
-734
-834
-934
462
-461
-463
-465
-468
-469
-442
-452
-542
-552
-562
-642
-652
-662
-412
-422
-472
-482
-492
-262
-762
-862
-962
476
-471
-473
-475
-477
-478
-479
-496
-576
-596
-676
-696
-416
-426
-446
-456
-776
-876
-976
485
-481
-483
-487
-488
-489
-495
-575
-585
-595
-675
-685
-695
-415
-425
-445
-785
-885
-985
525
-521
-522
-523
-526
-527
-528
-529
-515
-535
-615
-625
-635
-545
-565
-225
-325
-725
-825
-925
581
-582
-583
-587
-588
-589
-491
-571
-591
-671
-681
-691
-531
-541
-551
-561
-181
-781
-881
-981
622
-621
-623
-626
-627
-628
-629
-512
-532
-612
-632
-672
-682
-692
-122
-222
-322
329
-219
-229
-239
-379
-399
-722
-822
-922
-429
-729
-829
-929
639
-631
-636
-637
-638
421
-423
-427
-428
-419
-519
-539
-619
-441
-451
-659
-669
-679
-689
-699
-721
-821
-921
-739
-839
-939
645
-641
-643
-644
-646
-647
-665
-745
-845
-945
673
-674
-677
-678
-493
-573
-593
-683
-693
-613
-653
-663
-173
-273
-773
-873
-973
726
-723
-724
-727
-728
-716
-736
-816
-826
-836
-916
-926
-936
-746
-756
-796
-226
741
-742
-743
-744
-747
-751
-761
-841
-851
-861
-941
-951
-961
-731
-771
-791
-241
768
-763
-764
-765
-769
-758
-858
-868
-958
-968
-718
-738
-778
-788
-798
-568
-668
777
-772
-774
-775
-779
-787
-797
-877
-887
-897
-977
-987
-997
-717
-737
-757
-177
-277
-577
793
-792
-794
-795
-799
-783
-883
-893
-983
-993
-713
-753
714
-712
-715
-719
-814
-824
-914
-924
735
-732
-815
-835
-915
-935
-114
124
-127
-128
215
-212
-216
-217
-218
-235
236
-232
-237
-238
-275
-295
-536
183
-182
-187
-188
-193
-293
687
-688
-497
-597
-697
-617
-657
828
-823
-827
-818
-838
-918
-928
-938
-878
-888
-898
923
-927
-813
-913
-943
-953
-963
227
-228
-117
-137
197
-191
-192
-198
-297
171
-172
-178
-271
-291
-871
-971
988
-982
-989
-978
-998
947
-942
-944
-946
-847
-857
-957
-917
-937
-447
443
-453
-543
-553
-563
-413
513
-516
-517
-518
616
-618
-656
-243
242
-252
-272
-292
-842
-843
-547
956
-952
-959
-846
844
-864
-964
-856
-874
-894
896
-891
-892
-895
-899
991
-992
-994
-995
-996
-999
974
-972
-975
-979
875
-872
-879
831
-832
-837
-931
932
-812
-912
919
817
-819
-865
965
-969
112
-118
-132
138
-417
418
537
-538
457
-458
-459
-557
-498
499
-579
-599
-544
546
-556
-574
-375
372
-392
395
-572
578
592
-594
-598
694
-698
564
-569
-664
661
-651
658
-558
559
251
-253
-261
263
853
-852
-859
752
-759
-863
869
-782
789
882
-889
-278
279
298
-299
