122
-121
-123
-124
-125
-126
-127
-128
-129
-112
-132
-212
-222
-232
-312
-322
-332
-142
-152
-162
-172
-182
-192
-422
-522
-622
-722
-822
-922
176
-171
-173
-174
-175
-177
-178
-179
-186
-196
-276
-286
-296
-376
-386
-396
-116
-136
-146
-156
-166
-476
-576
-676
-776
-876
-976
184
-181
-183
-185
-187
-188
-189
-194
-274
-284
-294
-374
-384
-394
-114
-134
-144
-154
-164
-484
-584
-684
-784
-884
-984
223
-221
-224
-225
-226
-227
-228
-229
-113
-133
-213
-233
-313
-323
-333
-243
-253
-263
-273
-283
-293
-423
-523
-623
-723
-823
-923
255
-251
-252
-254
-256
-257
-258
-259
-145
-155
-165
-245
-265
-345
-355
-365
-215
-235
-275
-285
-295
-455
-555
-655
-755
-855
-955
358
-351
-352
-353
-354
-356
-357
-359
-148
-158
-168
-248
-268
-348
-368
-318
-328
-338
-378
-388
-398
-458
-558
-658
-758
-858
-958
431
-432
-433
-434
-435
-436
-437
-438
-439
-411
-421
-511
-521
-531
-611
-621
-631
-441
-451
-461
-471
-481
-491
-131
-231
-331
-731
-831
-931
446
-442
-443
-444
-445
-447
-448
-449
-456
-466
-546
-556
-566
-646
-656
-666
-416
-426
-486
-496
-246
-346
-746
-846
-946
542
-541
-543
-544
-545
-547
-548
-549
-452
-462
-552
-562
-642
-652
-662
-512
-532
-572
-582
-592
-242
-342
-742
-842
-942
593
-591
-594
-595
-596
-597
-598
-599
-473
-483
-493
-573
-583
-673
-683
-693
-513
-533
-553
-563
-193
-393
-793
-893
-993
618
-612
-613
-614
-615
-616
-617
-619
-418
-428
-518
-528
-538
-628
-638
-648
-668
-678
-688
-698
-118
-218
-718
-818
-918
685
-681
-682
-686
-687
-689
-475
-485
-495
-575
-585
-675
-695
-625
-635
-645
-665
-385
-785
-885
-985
711
-712
-713
-714
-715
-716
-717
-719
-721
-811
-821
-911
-921
-741
-751
-761
-771
-781
-791
-111
-211
-311
321
-324
-325
-326
-327
-329
-341
-361
-371
-381
-391
759
-752
-753
-754
-756
-757
-749
-769
-849
-859
-869
-949
-959
-969
-729
-739
-779
-789
-799
-159
-459
-559
-659
847
-841
-843
-844
-845
-848
-747
-767
-857
-867
-947
-957
-967
-817
-827
-837
-877
-887
-897
-147
-247
-347
-647
872
-871
-873
-874
-875
-878
-879
-772
-782
-792
-882
-892
-972
-982
-992
-812
-832
-852
-862
952
-951
-953
-954
-956
-762
-962
732
-733
-734
-735
-736
-737
-738
-912
-932
412
-413
-414
-415
-417
-419
-632
633
-634
-636
-637
-639
-472
-482
-492
-643
-653
-663
-833
-933
856
-851
-853
-854
-766
-866
-966
-816
-826
-836
-886
-896
-272
-372
-672
692
-691
-694
-696
-697
-699
586
-581
-587
-588
-589
-516
-526
-536
626
-624
-627
-629
-726
-926
-786
796
-794
-795
-797
-798
-986
-996
-292
-392
915
-913
-914
-916
-917
-919
813
-814
-815
-819
-725
-825
-835
-925
-935
936
-934
-937
-938
-939
-863
-883
-945
-965
-975
-995
-115
-315
-515
-236
-336
745
-743
-744
-748
-765
-865
-775
895
-891
-894
-898
-899
948
-941
-943
-944
-768
-868
-968
-928
-978
-988
-998
375
-373
-377
-379
383
-382
-387
-389
282
-281
-287
-288
-289
-195
-395
135
-137
-138
-139
-335
238
-234
-237
-239
198
-191
-197
-199
-278
-298
-262
362
-363
-364
-366
-367
-369
266
-261
-264
-267
-269
-216
316
-314
-317
-319
-343
-535
-838
143
-141
-149
-153
-163
453
-454
-457
-463
-783
-983
-498
-117
119
-219
-339
-169
-519
151
-157
-161
167
-241
641
-644
-649
-551
-561
-651
-661
571
-574
-577
-578
-579
-671
568
-564
-565
-567
-569
465
-464
-467
-468
-469
669
-664
-667
-425
525
-524
-527
-529
539
-534
-537
-429
-679
337
-334
214
-217
-244
249
344
-349
-279
-299
399
-397
-514
517
424
-427
-474
-494
674
-677
554
-557
-654
657
-724
-824
-924
834
-839
-864
861
-961
-881
-271
277
291
-297
-971
-774
764
-763
963
-964
773
-777
-778
-973
-974
994
-991
-997
-999
981
-987
-989
-477
-977
979
787
-788
888
-889
-727
728
927
-929
-828
829
478
-479
-488
-487
489
497
-499
