137
-131
-132
-133
-134
-135
-136
-138
-139
-117
-127
-217
-227
-237
-317
-327
-337
-147
-157
-167
-177
-187
-197
-437
-537
-637
-737
-837
-937
155
-151
-152
-153
-154
-156
-158
-159
-145
-165
-245
-255
-265
-345
-355
-365
-115
-125
-175
-185
-195
-455
-555
-655
-755
-855
-955
191
-192
-193
-194
-196
-198
-199
-171
-181
-271
-281
-291
-371
-381
-391
-111
-121
-141
-161
-491
-591
-691
-791
-891
-991
214
-211
-212
-213
-215
-216
-218
-219
-114
-124
-224
-234
-314
-324
-334
-244
-254
-264
-274
-284
-294
-414
-514
-614
-714
-814
-914
275
-272
-273
-276
-277
-278
-279
-285
-295
-375
-385
-395
-225
-235
-475
-575
-675
-775
-875
-975
286
-282
-283
-287
-288
-289
-176
-186
-296
-376
-386
-396
-226
-236
-246
-256
-266
-486
-586
-686
-786
-886
-986
336
-331
-332
-333
-335
-338
-339
-116
-126
-316
-326
-346
-356
-366
-436
-536
-636
-736
-836
-936
361
-362
-363
-364
-367
-368
-369
-241
-251
-261
-341
-351
-311
-321
-461
-561
-661
-761
-861
-961
374
-372
-373
-377
-378
-379
-174
-184
-384
-394
-344
-354
-474
-574
-674
-774
-874
-974
458
-451
-452
-453
-454
-456
-457
-459
-448
-468
-548
-558
-568
-648
-658
-668
-418
-428
-438
-478
-488
-498
-258
-358
-758
-858
-958
464
-462
-463
-465
-466
-467
-469
-444
-544
-554
-564
-644
-654
-664
-424
-434
-484
-494
-164
144
-142
-143
-146
-148
-149
166
-162
-163
-168
-169
-744
-844
-944
-764
-864
-964
-566
-666
-766
-866
-966
483
-481
-482
-485
-487
-489
-473
-493
-573
-583
-593
-673
-683
-693
-413
-423
-433
-443
-183
-383
-783
-883
-983
518
-511
-512
-513
-515
-516
-517
-519
-528
-538
-618
-628
-638
-578
-588
-598
-118
-318
-718
-818
-918
597
-592
-594
-595
-596
-599
-477
-497
-577
-587
-677
-687
-697
-527
-547
-557
-567
-297
-397
387
-382
-388
-389
-347
-357
-787
-887
-987
-797
-897
-997
625
-621
-622
-623
-624
-626
-627
-629
-415
-425
-435
-525
-535
-615
-635
-645
-665
-685
-695
-325
315
-312
-313
-319
-715
-815
-915
-725
-825
-925
641
-642
-643
-646
-647
-649
-441
-541
-551
-651
-611
-631
-671
-681
-741
-841
-941
659
-652
-653
-656
-657
-449
-549
-559
-569
-669
-619
-639
-679
-689
-699
-259
-359
-759
-859
-959
722
-721
-723
-724
-726
-727
-728
-729
-712
-732
-812
-822
-832
-912
-922
-932
-742
-752
-762
-772
-782
-792
-122
-222
-322
-422
-522
738
-731
-733
-734
-735
-739
-828
-838
-928
-938
-748
-768
-778
-788
-798
-238
746
-743
-745
-747
-749
-756
-846
-856
-946
-956
-716
-776
-796
-446
-546
556
-552
-553
-526
-576
773
-771
-777
-779
-793
-873
-893
-973
-993
-713
-753
-763
-173
824
-821
-823
-826
-827
-829
-834
-924
-934
-854
-884
-894
-524
831
-833
-835
-839
-711
-811
-911
-921
-931
935
-933
-939
-851
-871
-881
-945
-965
-985
-995
411
-412
-416
-417
-419
-421
-431
-521
-531
-471
221
-223
-228
-229
-231
896
-892
-895
-898
-899
-876
-976
-996
-816
-496
-696
919
-913
-916
-917
926
-923
-927
-929
813
-817
-819
717
-719
-757
-767
-843
-853
-863
-949
-969
-979
-989
-999
-113
123
-128
-129
-233
-323
328
-329
-348
-398
-613
616
-612
-617
-426
427
-429
476
-472
-479
-676
-447
667
-662
-663
633
-632
-634
-523
529
-533
534
-532
-539
432
-439
-442
445
-545
-565
-492
-495
499
585
-581
-582
-584
-589
571
-572
-579
112
-119
-232
239
-172
-182
-249
-269
349
-342
-343
-299
-399
-845
-849
-267
-867
-967
-971
-785
-885
795
-794
-799
-765
769
865
-862
-868
-869
-789
951
-952
-953
-954
-957
-751
754
781
-784
-981
972
-977
-978
-872
-882
-982
-992
877
-878
-879
889
-888
-847
-857
852
-842
848
-942
-962
947
-943
-948
963
-968
-247
257
-252
-253
-248
268
-262
-263
-298
-352
353
242
-243
-292
293
392
-393
-542
543
562
-563
-672
678
-688
-698
-178
179
188
-189
682
-684
-692
694
984
-988
-994
998
