133
-131
-132
-134
-135
-136
-137
-138
-139
-113
-123
-213
-223
-233
-313
-323
-333
-143
-153
-163
-173
-183
-193
-433
-533
-633
-733
-833
-933
188
-181
-182
-184
-185
-186
-187
-189
-178
-198
-278
-288
-298
-378
-388
-398
-118
-128
-148
-158
-168
-488
-588
-688
-788
-888
-988
199
-191
-192
-194
-195
-196
-197
-179
-279
-289
-299
-379
-389
-399
-119
-129
-149
-159
-169
-499
-599
-699
-799
-899
-999
217
-211
-212
-214
-215
-216
-218
-219
-117
-127
-227
-237
-317
-327
-337
-247
-257
-267
-277
-287
-297
-417
-517
-617
-717
-817
-917
256
-251
-252
-253
-254
-255
-258
-259
-146
-156
-166
-246
-266
-346
-356
-366
-226
-236
-276
-286
-296
-456
-556
-656
-756
-856
-956
262
-261
-263
-264
-265
-268
-269
-142
-152
-162
-242
-342
-352
-362
-222
-232
-272
-282
-292
-462
-562
-662
-762
-862
-962
383
-381
-382
-384
-385
-386
-387
-273
-283
-293
-373
-393
243
-241
-244
-245
-248
-249
-343
-353
-363
-443
-543
-643
-743
-843
-943
-483
-583
-683
-783
-883
-983
438
-431
-432
-434
-435
-436
-437
-439
-418
-428
-518
-528
-538
-618
-628
-638
-448
-458
-468
-478
-498
-238
228
-221
-224
-225
-229
-318
-328
-338
239
-231
-234
-235
-319
-329
-339
-728
-828
-928
-738
-838
-938
-539
-639
-739
-839
-939
534
-531
-532
-535
-536
-537
-414
-424
-514
-524
-614
-624
-634
-544
-554
-564
-574
-584
-594
-334
-734
-834
-934
567
-561
-563
-565
-566
-568
-569
-447
-457
-467
-547
-557
-647
-657
-667
-527
-577
-587
-597
-167
-367
-767
-867
-967
582
-581
-585
-586
-589
-472
-482
-492
-572
-592
-672
-682
-692
-512
-522
-542
-552
-782
-882
-982
621
-622
-623
-625
-626
-627
-629
-411
-421
-511
-521
-611
-631
-641
-651
-661
-671
-681
-691
-121
-321
-721
-821
-921
654
-652
-653
-655
-658
-659
-444
-454
-464
-644
-664
-674
-684
-694
-154
-354
-754
-854
-954
696
-693
-695
-697
-698
-476
-486
-496
-576
-596
-676
-686
-616
-636
-646
-666
-396
-796
-896
-996
725
-722
-723
-724
-726
-727
-729
-715
-735
-815
-825
-835
-915
-925
-935
-745
-755
-765
-775
-785
-795
-125
-325
-425
-525
793
-791
-792
-794
-797
-798
-773
-873
-893
-973
-993
-713
-753
-763
-493
-593
818
-811
-812
-813
-814
-816
-819
-718
-918
-848
-858
-868
-878
-898
822
-823
-824
-826
-827
-829
-712
-732
-832
-912
-922
-932
-842
-852
-872
-892
-122
-322
-422
849
-841
-844
-845
-846
-847
-749
-759
-769
-859
-869
-949
-959
-969
-879
-889
-349
-449
-549
-649
863
-861
-864
-865
-866
-853
-953
-963
-463
-663
887
-881
-884
-885
-886
-777
-787
-877
-897
-977
-987
-997
-837
-857
-487
-687
891
-894
-895
-771
-781
-871
-971
-981
-991
-831
836
-716
-736
-916
-926
-936
-851
855
-945
-955
-965
874
-875
-876
-774
-784
-974
-984
-994
-336
-155
-355
-455
-555
-174
-274
-374
-474
-291
-391
-491
-591
941
-942
-944
-946
-947
-948
-741
-751
-761
-951
-961
-911
-931
937
-737
731
-711
-927
-957
427
-423
-426
-429
-637
-477
-497
677
-673
-675
-678
-679
613
-612
-615
-619
-413
-513
-523
-913
923
-924
-929
529
-526
-419
-519
-559
-579
-331
-141
-341
-441
-541
-177
-377
397
-392
-394
-395
-347
-357
992
-995
-998
-772
-972
-952
958
-748
-758
-768
-968
778
-776
-779
-978
-358
-558
-578
598
-595
-548
989
-985
-986
975
-976
-979
786
-789
-746
-766
764
-744
-964
966
-714
719
914
-919
-114
-314
-164
-364
-466
-175
-275
271
-171
-281
-371
-471
-571
481
-484
-485
-489
494
-495
-451
-461
551
-553
453
-452
-459
-473
573
-575
-151
157
-147
747
-742
752
-757
-351
359
-369
-375
-475
479
685
-689
-469
465
-445
-545
546
-645
-665
-446
442
-642
648
-668
669
-412
632
-635
-415
416
515
-516
-115
-315
335
-332
-345
-365
-116
-316
145
-144
344
-348
-165
161
-361
368
-111
112
311
-312
-172
176
372
-376
124
-126
-324
326
284
-285
-294
295
