144
-141
-142
-143
-145
-146
-147
-148
-149
-154
-164
-244
-254
-264
-344
-354
-364
-114
-124
-134
-174
-184
-194
-444
-544
-644
-744
-844
-944
158
-151
-152
-153
-155
-156
-157
-159
-168
-248
-258
-268
-348
-358
-368
-118
-128
-138
-178
-188
-198
-458
-558
-658
-758
-858
-958
161
-162
-163
-165
-166
-167
-169
-241
-251
-261
-341
-351
-361
-111
-121
-131
-171
-181
-191
-461
-561
-661
-761
-861
-961
214
-211
-212
-213
-215
-216
-217
-218
-219
-224
-234
-314
-324
-334
-274
-284
-294
-414
-514
-614
-714
-814
-914
282
-281
-283
-285
-286
-287
-288
-289
-172
-182
-192
-272
-292
-372
-382
-392
-222
-232
-242
-252
-262
-482
-582
-682
-782
-882
-982
421
-422
-423
-424
-425
-426
-427
-428
-429
-411
-431
-511
-521
-531
-611
-621
-631
-441
-451
-471
-481
-491
-221
-321
-721
-821
-921
435
-432
-433
-434
-436
-437
-438
-439
-415
-515
-525
-535
-615
-625
-635
-445
-455
-465
-475
-485
-495
-135
-235
-335
-735
-835
-935
547
-541
-542
-543
-545
-546
-548
-549
-447
-457
-467
-557
-567
-647
-657
-667
-517
-527
-537
-577
-587
-597
-247
-347
-747
-847
-947
589
-581
-583
-584
-585
-586
-588
-479
-489
-499
-579
-599
-679
-689
-699
-519
-529
-539
-559
-569
-189
-389
-789
-889
-989
628
-622
-623
-624
-626
-627
-629
-418
-518
-528
-538
-618
-638
-648
-668
-678
-688
-698
-228
-328
-728
-828
-928
717
-711
-712
-713
-715
-716
-718
-719
-727
-737
-817
-827
-837
-917
-927
-937
-757
-767
-777
-787
-797
-117
-317
-417
-617
637
-632
-633
-634
-636
-639
-677
-687
-697
-137
-237
-337
742
-741
-743
-745
-746
-748
-749
-752
-762
-842
-852
-862
-942
-952
-962
-722
-732
-772
-792
-342
-442
-642
766
-763
-764
-765
-768
-769
-756
-846
-856
-866
-946
-956
-966
-726
-736
-776
-786
-796
-266
-366
-466
-566
-666
855
-851
-853
-854
-857
-859
-755
-845
-865
-945
-955
-965
-815
-825
-875
-885
-895
-255
-355
-555
-655
871
-872
-873
-874
-876
-877
-878
-879
-771
-781
-791
-881
-891
-971
-981
-991
-811
-831
-841
-271
-371
-571
-671
978
-972
-973
-974
-975
-976
-977
-979
-778
-788
-798
-888
-898
-988
-998
738
-731
-733
-734
-739
-818
-838
-918
-938
751
-753
-754
-759
-941
-951
-948
-968
318
-311
-312
-313
-315
-316
-319
-238
-338
-378
-388
-398
911
-912
-913
-915
-916
-919
-931
115
-112
-113
-116
-119
-125
-225
-325
-175
-185
-195
641
-643
-645
-646
-649
-551
-651
591
-592
-593
-594
-595
-596
-598
-681
-691
-278
298
-291
-293
-295
-296
-297
-299
231
-233
-236
-239
-331
-478
-578
568
-562
-563
-564
-565
665
-662
-663
-664
-669
-448
-468
575
-572
-573
-574
-576
-675
-685
-695
848
-843
-849
-868
-265
-365
-275
245
-243
-246
-249
-345
-375
-775
381
-383
-384
-385
-386
-387
-391
395
-393
-394
-396
-397
-399
374
-373
-376
-377
-379
-474
-674
-774
488
-483
-484
-486
-487
-498
-795
-995
993
-992
-994
-996
-997
-999
892
-893
-894
-896
-897
-899
-773
779
-783
-793
-883
-983
-799
794
-784
785
-884
-984
-985
723
-724
-725
-729
-813
-823
-833
-923
-933
925
-922
-924
-926
-929
-812
-822
-832
932
-934
-936
-939
863
-864
-867
-869
-943
949
-953
-963
-959
-969
887
-886
986
-987
-123
-223
-323
-523
-132
122
-126
-127
-129
-322
-332
-522
-532
-349
-449
-263
-363
-463
-179
-279
199
-193
-196
-197
-139
684
-683
-686
-494
-694
-654
183
-186
-187
-173
-273
-133
136
333
-336
-339
-226
-326
-176
177
276
-277
253
-256
-257
-259
-343
346
-353
-356
-533
-536
534
-524
526
-416
-516
-616
-554
-556
816
-819
-826
-836
824
-829
-834
839
443
-446
-453
-553
552
-452
-462
-652
-653
-413
-473
-493
-512
513
-613
-352
362
-367
-369
673
-672
-676
-693
472
-476
-477
-492
-692
696
-496
497
-412
419
612
-619
456
-454
-459
464
-469
-656
659
954
-957
-964
967
357
-359
-267
269
227
-229
-327
329
