135
-131
-132
-133
-134
-136
-137
-138
-139
-115
-125
-215
-225
-235
-315
-325
-335
-145
-155
-165
-175
-185
-195
-435
-535
-635
-735
-835
-935
152
-151
-153
-154
-156
-157
-158
-159
-142
-162
-242
-252
-262
-342
-352
-362
-112
-122
-172
-182
-192
-452
-552
-652
-752
-852
-952
187
-181
-183
-184
-186
-188
-189
-177
-197
-277
-287
-297
-377
-387
-397
-117
-127
-147
-167
-487
-587
-687
-787
-887
-987
222
-221
-223
-224
-226
-227
-228
-229
-212
-232
-312
-322
-332
-272
-282
-292
-422
-522
-622
-722
-822
-922
245
-241
-243
-244
-246
-247
-248
-249
-255
-265
-345
-355
-365
-275
-285
-295
-445
-545
-645
-745
-845
-945
329
-321
-323
-324
-326
-327
-328
-119
-129
-219
-239
-319
-339
-349
-359
-369
-379
-389
-399
-429
-529
-629
-729
-829
-929
337
-331
-333
-334
-336
-338
-217
-237
-317
-347
-357
-367
-437
-537
-637
-737
-837
-937
346
-341
-343
-344
-348
-146
-166
-256
-266
-356
-366
-316
-376
-386
-396
-446
-546
-646
-746
-846
-946
391
-392
-393
-394
-395
-398
-171
-191
-271
-281
-291
-371
-381
-311
-351
-361
-491
-591
-691
-791
-891
-991
421
-423
-424
-425
-426
-427
-428
-411
-431
-511
-521
-531
-611
-621
-631
-441
-451
-461
-471
-481
-121
-721
-821
-921
436
-432
-433
-434
-438
-439
-416
-516
-526
-536
-616
-626
-636
-456
-466
-476
-486
-496
-236
-736
-836
-936
449
-442
-443
-444
-447
-448
-459
-469
-549
-559
-569
-649
-659
-669
-419
-479
-489
-499
-149
-749
-849
-949
514
-512
-513
-515
-517
-518
-519
-414
-524
-534
-614
-624
-634
-544
-554
-564
-574
-584
-594
-114
-214
-314
-714
-814
-914
597
-592
-593
-595
-596
-598
-599
-477
-497
-577
-677
-697
-527
-547
-557
-567
-797
-897
-997
663
-661
-662
-664
-665
-666
-667
-668
-453
-463
-543
-553
-563
-643
-653
-613
-623
-633
-673
-683
-693
-163
-263
-363
-763
-863
-963
676
-671
-672
-674
-675
-678
-679
-576
-586
-686
-696
-656
-176
-276
-776
-876
-976
684
-681
-682
-685
-688
-689
-474
-484
-494
-694
-644
-654
-284
-384
-784
-884
-984
716
-711
-712
-713
-715
-717
-718
-719
-726
-816
-826
-916
-926
-756
-766
-786
-796
-116
-216
126
-123
-124
-128
234
-231
-233
-238
-196
-254
-264
-274
-294
-734
-834
-934
767
-761
-762
-764
-765
-768
-769
-747
-757
-847
-857
-867
-947
-957
-967
-727
-777
647
-641
-642
-648
-457
-467
-657
417
-412
-413
-415
-418
-617
-627
651
-655
-658
-541
-551
-561
-817
-917
-251
-751
-851
-951
257
-253
-258
-259
-267
775
-771
-772
-773
-774
-778
-779
-785
-795
-875
-885
-895
-975
-985
-995
-725
-755
-375
385
-382
-383
-388
372
-373
-374
-378
-472
-572
-872
-972
-475
-575
-485
-585
783
-781
-782
-788
-789
-793
-873
-883
-893
-973
-983
-993
-723
-733
-743
-753
-283
-483
-583
865
-861
-862
-864
-866
-868
-869
-855
-955
-965
-815
-825
-465
-565
889
-881
-882
-886
-888
-799
-879
-899
-979
-989
-999
-819
-839
-859
-289
-589
924
-923
-925
-927
-928
-724
728
-824
915
-911
-912
-913
-918
-919
827
-823
-828
-738
-818
-838
-938
-748
-758
-798
-877
977
-971
-974
-978
-944
-954
-964
-994
-615
619
-612
-618
-539
-639
579
-571
-573
-578
581
-582
-588
-699
812
-811
-813
-732
-832
-932
-842
-892
523
-525
-528
-533
625
-628
555
-556
-558
-455
566
-562
-568
495
-492
-493
-498
473
-478
-695
-966
871
-874
-878
-981
-831
833
-933
-841
-843
-853
-173
-273
174
-178
-179
-194
-144
-164
278
-279
-198
-288
286
-296
-298
-218
-268
-986
958
-953
-956
-959
943
-941
-942
-948
856
-854
-858
-848
844
-744
-754
759
-968
-969
794
-792
-894
742
-741
961
-962
731
-739
-931
939
-896
898
996
-992
-998
982
-988
141
-143
-148
-161
-261
269
353
-354
-358
364
-368
168
-169
-111
211
-213
-118
113
-313
318
-193
199
293
-299
-542
548
462
-464
-468
454
-458
-482
488
692
-698
532
-538
-632
638
