148
-141
-142
-143
-144
-145
-146
-147
-149
-158
-168
-248
-258
-268
-348
-358
-368
-118
-128
-138
-178
-188
-198
-448
-548
-648
-748
-848
-948
196
-191
-192
-193
-194
-195
-197
-199
-176
-186
-276
-286
-296
-376
-386
-396
-116
-126
-136
-156
-166
-496
-596
-696
-796
-896
-996
221
-222
-223
-224
-225
-226
-227
-228
-229
-111
-121
-131
-211
-231
-311
-321
-331
-241
-251
-261
-271
-281
-291
-421
-521
-621
-721
-821
-921
254
-252
-253
-255
-256
-257
-259
-154
-164
-244
-264
-344
-354
-364
-214
-234
-274
-284
-294
-454
-554
-654
-754
-854
-954
325
-322
-323
-324
-326
-327
-328
-329
-115
-125
-135
-215
-235
-315
-335
-345
-355
-365
-375
-385
-395
-425
-525
-625
-725
-825
-925
457
-451
-452
-453
-455
-456
-458
-459
-447
-467
-547
-557
-567
-647
-657
-667
-417
-427
-437
-477
-487
-497
-157
-357
-757
-857
-957
475
-471
-472
-473
-474
-476
-478
-479
-485
-495
-575
-585
-595
-675
-685
-695
-415
-435
-445
-465
-175
-275
-775
-875
-975
481
-482
-483
-484
-486
-488
-489
-491
-571
-581
-591
-671
-681
-691
-411
-431
-441
-461
-181
-381
-781
-881
-981
516
-511
-512
-513
-514
-515
-517
-518
-519
-416
-426
-436
-526
-536
-616
-626
-636
-546
-556
-566
-576
-586
-216
-316
-716
-816
-916
542
-541
-543
-544
-545
-549
-442
-462
-552
-562
-642
-652
-662
-522
-532
-572
-582
-592
-242
-342
-742
-842
-942
613
-611
-612
-614
-615
-617
-618
-619
-413
-423
-433
-523
-533
-623
-633
-643
-653
-663
-673
-683
-693
-113
-213
-313
-713
-813
-913
677
-672
-674
-676
-678
-679
686
-682
-684
-687
-688
-689
-577
-587
-597
-697
-646
-656
-666
-627
-637
-177
-277
-377
-777
-877
-977
-786
-886
-986
718
-711
-712
-714
-715
-717
-719
-728
-738
-818
-828
-838
-918
-928
-938
-758
-768
-778
-788
-798
-218
-318
-418
746
-741
-743
-744
-745
-747
-749
-756
-766
-846
-856
-866
-946
-956
-966
-726
-736
-776
-246
-346
-446
466
-463
-464
-468
-469
356
-351
-352
-353
-359
-266
-366
236
-232
-233
-237
-238
-239
-336
338
-332
-333
-334
-337
-339
-378
-388
-398
-836
-936
-438
-538
-638
763
-761
-762
-764
-765
-767
-769
-753
-843
-853
-863
-943
-953
-963
-723
-733
-773
-783
-793
-163
-263
-363
-563
862
-861
-864
-865
-867
-868
-869
-752
-852
-952
-962
-812
-822
-832
-872
-882
-892
152
-151
-153
-155
-159
-162
-262
-362
-112
-122
-132
-172
-182
553
-551
-555
-558
-559
-443
493
-492
-494
-498
-499
692
-694
-698
-699
-573
-583
-593
428
-422
-424
-429
-528
-628
-622
-632
-292
-392
-792
-992
-293
-393
-893
-993
971
-972
-973
-974
-976
-978
-979
-771
-791
-871
-891
-991
876
-873
-874
-878
-879
-826
926
-922
-923
-924
-927
-929
-911
-931
-941
-951
-961
811
-814
-815
-817
-819
-731
-831
751
-755
-759
-841
-851
915
-912
-914
-917
-919
-735
-835
-935
-945
-955
-965
-985
-995
722
-724
-727
-729
-732
-932
-772
-782
982
-983
-984
-987
-988
-989
883
-884
-885
-887
-888
-889
-823
-833
933
-934
-937
-939
123
-124
-127
-129
-133
-173
-183
432
-434
-439
-412
-651
-171
161
-165
-167
-169
-341
-361
185
-184
-187
-189
-285
-295
641
-644
-645
-649
-561
-661
531
-534
-535
-537
-539
-631
635
-634
-639
527
-524
-529
565
-564
-568
-569
-655
-665
-827
855
-858
-859
-845
-895
898
-894
-897
-899
-998
245
-243
-247
-249
343
-347
-349
-265
-373
-383
-371
391
-394
-397
-399
273
-272
-278
-279
-283
372
-374
-379
-282
-382
212
-217
-219
-312
578
-574
-579
-588
-598
-785
795
-794
-797
-799
288
-287
-289
-298
-114
117
-119
-137
-317
-134
139
314
-319
174
-179
-384
-414
419
624
-629
444
-449
-664
-824
829
-739
-839
-849
-844
847
-947
-967
834
-837
-734
737
-787
997
-994
-999
-944
949
964
-968
-969
958
-959
-658
659
668
-669
-774
779
784
-789
-584
589
594
-599
387
-389
-297
299
267
-269
-367
369
