174
-171
-172
-173
-175
-176
-177
-178
-179
-184
-194
-274
-284
-294
-374
-384
-394
-114
-124
-134
-144
-154
-164
-474
-574
-674
-774
-874
-974
197
-191
-192
-193
-195
-196
-198
-199
-187
-277
-287
-297
-377
-387
-397
-117
-127
-137
-147
-157
-167
-497
-597
-697
-797
-897
-997
211
-212
-213
-214
-215
-216
-217
-218
-219
-111
-121
-131
-221
-231
-311
-321
-331
-241
-251
-261
-271
-281
-291
-411
-511
-611
-711
-811
-911
242
-243
-244
-245
-246
-247
-248
-249
-142
-152
-162
-252
-262
-342
-352
-362
-222
-232
-272
-282
-292
-442
-542
-642
-742
-842
-942
286
-283
-285
-288
-289
-186
-276
-296
-376
-386
-396
-226
-236
-256
-266
-486
-586
-686
-786
-886
-986
329
-322
-323
-324
-325
-326
-327
-328
-119
-129
-139
-229
-239
-319
-339
-349
-359
-369
-379
-389
-399
-429
-529
-629
-729
-829
-929
348
-341
-343
-344
-345
-346
-347
-148
-158
-168
-258
-268
-358
-368
-318
-338
-378
-388
-398
-448
-548
-648
-748
-848
-948
381
-382
-383
-385
-181
-371
-391
-351
-361
-481
-581
-681
-781
-881
-981
419
-412
-413
-414
-415
-416
-417
-418
-439
-519
-539
-619
-639
-449
-459
-469
-479
-489
-499
-719
-819
-919
425
-421
-422
-423
-424
-426
-427
-428
-435
-515
-525
-535
-615
-625
-635
-445
-455
-465
-475
-485
-495
-125
-225
-725
-825
-925
441
-443
-444
-446
-447
-451
-461
-541
-551
-561
-641
-651
-661
-431
-471
-491
-141
-741
-841
-941
478
-472
-473
-476
-477
-488
-498
-578
-588
-598
-678
-688
-698
-438
-458
-468
-278
-778
-878
-978
537
-531
-532
-533
-534
-536
-538
-437
-517
-527
-617
-627
-637
-547
-557
-567
-577
-587
-237
-337
-737
-837
-937
552
-553
-554
-555
-556
-558
-559
-452
-462
-562
-652
-662
-512
-522
-572
-582
-592
-752
-852
-952
576
-571
-573
-575
-579
-496
-596
-676
-696
-516
-526
-546
-566
-776
-876
-976
632
-631
-633
-634
-636
-638
-432
-612
-622
-672
-682
-692
-132
-332
-732
-832
-932
666
-663
-664
-665
-667
-668
-669
-456
-466
-646
-656
436
-433
-434
-616
-626
-136
-336
-736
-836
-936
-166
-366
-766
-866
-966
689
-683
-684
-685
-687
-589
-599
-679
-699
-649
-659
-189
-789
-889
-989
694
-691
-693
-695
-484
-494
-584
-594
-614
-624
-644
-654
-794
-894
-994
722
-721
-723
-724
-726
-727
-728
-712
-812
-822
-912
-922
-762
-772
-782
-792
-122
761
-763
-764
-765
-767
-768
-769
-751
-851
-861
-951
-961
-731
-771
-791
151
-153
-155
-156
-159
-161
787
-783
-784
-785
-788
-777
-877
-887
-977
-987
-717
-747
-757
677
-671
-673
-675
591
-593
-595
585
-583
-487
-521
621
-623
-628
-545
-565
-647
-657
-821
-921
-185
-885
-985
-891
-991
824
-823
-826
-827
-828
-714
-734
-814
-834
-914
-924
-934
-844
-854
-864
-884
984
-982
-983
-988
-944
-954
-964
-224
-524
514
-513
-518
-544
-564
-314
744
-743
-745
-746
-749
-754
868
-862
-863
-865
-867
-869
962
-963
-965
-967
-968
-969
-758
-858
-958
-818
-838
-888
-898
-972
-992
658
-653
-655
645
-643
-568
528
-523
613
-618
-113
-313
-713
-813
-913
-128
-228
-928
-145
-845
-945
188
-182
-183
-298
112
-115
-116
-118
-312
-138
238
-233
-234
-235
334
-333
-335
-354
-364
-738
-938
899
-892
-893
-895
-896
-779
-799
-879
-979
-999
-839
-849
-859
279
-273
-275
-299
-259
-269
916
-915
-917
-918
-716
-816
-926
718
-715
-798
998
-993
-995
-996
796
-793
-795
-756
-946
-956
-316
126
-123
-146
356
-353
-355
-357
846
-843
-847
-856
947
-943
-949
-857
-957
817
-815
-927
923
-733
-833
-933
-953
-973
315
-317
-135
133
-223
227
-143
149
-169
-163
165
-255
-265
-365
295
-293
-375
-395
-257
-267
367
-363
543
-549
-453
-463
-563
569
457
-454
464
-467
254
-253
263
-264
931
-935
-939
-831
835
-735
739
-759
959
-955
871
-872
-873
-875
-971
975
882
-883
773
-775
-753
755
853
-855
372
-373
-392
393
-482
483
492
-493
