149
-141
-142
-143
-144
-145
-146
-147
-148
-159
-169
-249
-259
-269
-349
-359
-369
-119
-129
-139
-179
-189
-199
-449
-549
-649
-749
-849
-949
153
-151
-152
-154
-155
-156
-157
-158
-163
-243
-253
-263
-343
-353
-363
-113
-123
-133
-173
-183
-193
-453
-553
-653
-753
-853
-953
282
-281
-283
-284
-285
-286
-287
-288
-289
-172
-182
-192
-272
-292
-372
-382
-392
-212
-222
-232
-242
-252
-262
-482
-582
-682
-782
-882
-982
298
-291
-293
-294
-295
-296
-297
-299
-178
-188
-198
-278
-378
-388
-398
-218
-228
-238
-248
-258
-268
-498
-598
-698
-798
-898
-998
321
-322
-323
-324
-325
-326
-327
-328
-329
-111
-121
-131
-211
-221
-231
-311
-331
-341
-351
-361
-371
-381
-391
-421
-521
-621
-721
-821
-921
352
-354
-355
-356
-357
-358
-162
-342
-362
-312
-332
-452
-552
-652
-752
-852
-952
375
-373
-374
-376
-377
-379
-175
-185
-195
-275
-385
-395
-315
-335
-345
-365
-475
-575
-675
-775
-875
-975
387
-383
-384
-386
-389
-177
-187
-197
-277
-397
-317
-337
-347
-367
-487
-587
-687
-787
-887
-987
418
-411
-412
-413
-414
-415
-416
-417
-419
-428
-438
-518
-528
-538
-618
-628
-638
-448
-458
-468
-478
-488
-118
-318
-718
-818
-918
435
-431
-432
-433
-434
-436
-437
-439
-425
-515
-525
-535
-615
-625
-635
-445
-455
-465
-485
-495
-135
-235
-735
-835
-935
467
-461
-462
-463
-464
-466
-469
-447
-457
-547
-557
-567
-647
-657
-667
-427
-477
-497
-167
-267
-767
-867
-967
492
-491
-493
-494
-496
-499
-472
-572
-592
-672
-692
-422
-442
-792
-892
-992
537
-531
-532
-533
-534
-536
-539
-517
-527
-617
-627
-637
-577
-597
-137
-237
-737
-837
-937
573
-571
-574
-576
-578
-579
-473
-483
-583
-593
-673
-683
-693
-513
-523
-543
-563
-273
393
-394
-396
-399
279
-271
-274
-276
-219
-229
-239
-313
-333
-773
-873
-973
-479
-679
-779
-879
-979
-793
-893
-993
613
-611
-612
-614
-616
-619
-423
-623
-633
443
-441
-444
-446
-643
-663
-213
-713
-813
-913
-743
-843
-943
677
-671
-674
-676
-678
-697
-777
-877
-977
695
-691
-694
-696
-699
-585
-595
-685
-645
-655
-665
-795
-895
-995
728
-722
-723
-724
-725
-726
-727
-729
-738
-828
-838
-928
-938
-748
-758
-768
-778
-788
-128
731
-732
-733
-734
-736
-739
-711
-811
-831
-911
-931
-741
-751
-761
-771
-781
-791
511
-512
-514
-516
-519
-631
-541
-551
-561
-581
-591
755
-754
-756
-757
-759
-745
-765
-845
-855
-865
-945
-955
-965
-715
-785
-255
-555
786
-783
-784
-789
-776
-796
-876
-886
-896
-976
-986
-996
763
-762
-764
-766
-769
-863
-963
-716
-746
-186
-486
-586
-686
814
-812
-815
-816
-817
-819
-714
-824
-834
-914
-924
-934
-844
-854
-864
-874
-884
-894
-114
-214
-314
826
-822
-823
-825
-827
-829
-836
-916
-926
-936
885
-881
-883
-888
-889
983
-981
-984
-985
-988
-989
833
-832
-839
-923
-933
-846
-856
-866
223
-224
-225
-226
-227
-233
-126
-426
-526
-626
636
-632
-634
-639
-646
-656
-666
-136
-236
234
-124
-134
-334
-244
-254
-264
-336
951
-954
-956
-957
-958
-959
-841
-851
-861
-941
-961
-971
-991
-251
-451
-651
969
-962
-964
-966
-968
946
-942
-944
-947
-948
744
-742
-747
-859
-869
-774
772
-872
-972
-712
-794
899
-891
-897
871
-878
978
-974
994
-997
-999
797
-799
-717
719
-919
-929
-939
932
-912
-922
112
-115
-116
-117
-122
-132
138
-338
339
-319
316
-216
127
-125
215
-217
165
-161
-164
-166
-168
-245
-265
-346
-366
-915
917
925
-927
-344
348
364
-368
-544
-644
545
-542
-546
-548
-565
-246
-648
-848
-564
-664
-569
-669
-171
-471
481
-484
-489
-681
-181
184
191
-194
-196
-174
176
474
-476
-584
-594
-684
596
-599
-424
429
-529
-629
-454
456
-459
-556
-566
-256
257
266
-261
241
-247
-641
642
661
-662
-668
-562
568
-558
-658
522
-524
-622
624
554
-559
-654
659
-588
589
688
-689
-842
847
862
-868
-857
858
