133
-131
-132
-134
-135
-136
-137
-138
-139
-113
-123
-213
-223
-233
-313
-323
-333
-143
-153
-163
-173
-183
-193
-433
-533
-633
-733
-833
-933
154
-151
-152
-155
-156
-157
-158
-159
-144
-164
-244
-254
-264
-344
-354
-364
-114
-124
-174
-184
-194
-454
-554
-654
-754
-854
-954
172
-171
-175
-176
-177
-178
-179
-182
-192
-272
-282
-292
-372
-382
-392
-112
-122
-142
-162
-472
-572
-672
-772
-872
-972
263
-261
-262
-265
-266
-267
-268
-269
-243
-253
-343
-353
-363
-273
-283
-293
-463
-563
-663
-763
-863
-963
286
-281
-284
-285
-287
-288
-289
-186
-196
-276
-296
-376
-386
-396
-216
-226
-236
-246
-256
-486
-586
-686
-786
-886
-986
312
-311
-314
-315
-316
-317
-318
-319
-212
-222
-232
-322
-332
-342
-352
-362
-412
-512
-612
-712
-812
-912
337
-331
-334
-335
-336
-338
-339
-117
-127
-217
-227
-237
-327
-347
-357
-367
-377
-387
-397
-437
-537
-637
-737
-837
-937
345
-341
-346
-348
-349
-145
-165
-245
-255
-355
-365
-325
-375
-385
-395
-445
-545
-645
-745
-845
-945
373
-371
-374
-378
-379
-383
-393
-473
-573
-673
-773
-873
-973
444
-441
-442
-443
-446
-447
-448
-449
-464
-544
-564
-644
-664
-414
-424
-434
-474
-484
-494
-744
-844
-944
487
-481
-482
-483
-485
-488
-489
-477
-497
-577
-587
-597
-677
-687
-697
-417
-427
-457
-467
-187
-787
-887
-987
511
-513
-514
-515
-516
-517
-518
-519
-411
-421
-431
-521
-531
-611
-621
-631
-541
-551
-561
-571
-581
-591
-111
-211
-711
-811
-911
532
-534
-535
-536
-538
-539
-422
-432
-522
-622
-632
-542
-552
-562
-582
-592
-732
-832
-932
557
-553
-555
-556
-558
-559
-547
-567
-647
-657
-667
-527
-257
-757
-857
-957
578
-574
-575
-576
-579
-478
-498
-588
-598
-678
-688
-698
-528
-548
-568
-278
-778
-878
-978
599
-593
-594
-595
-596
-479
-499
-589
-679
-689
-699
-529
-549
-569
-199
-299
-399
-799
-899
-999
625
-623
-624
-626
-627
-628
-629
-415
-425
-435
-525
-615
-635
617
-613
-614
-616
-618
-619
-655
-665
-675
-685
-695
-717
-817
-917
-125
-225
-725
-825
-925
662
-661
-666
-668
-669
-452
-462
-642
-652
492
-491
-493
-495
-496
-682
-692
-762
-862
-962
-792
-892
-992
738
-731
-734
-735
-736
-739
-718
-728
-818
-828
-838
-918
-928
-938
-748
-758
-768
-788
-798
-238
-438
-638
761
-764
-765
-766
-767
-769
-741
-751
-841
-851
-861
-941
-951
-961
-721
-771
-781
-791
-161
-361
-461
776
-774
-775
-777
-779
-796
-876
-896
-976
-996
-716
-726
-746
-756
-476
-676
696
-691
-693
-694
-636
-646
-656
785
-782
-783
-784
-789
-795
-875
-885
-895
-975
-985
-995
-715
-755
-185
-585
475
-471
451
-453
-455
-456
-458
-459
-641
-651
-465
565
-566
-251
-351
-865
-965
-275
794
-793
-797
-874
-884
-894
-974
-984
-994
-714
-724
-294
-394
822
-821
-823
-824
-826
-827
-829
-722
-922
-842
-852
-882
982
-981
-983
-988
-989
-942
-952
848
-843
-846
-847
-849
-858
-868
-948
-958
-968
-888
-898
998
-991
-993
-997
-148
-248
-648
658
-653
-659
-468
-258
-358
893
-891
-897
-883
-813
-853
-198
-298
-398
391
-181
-191
-271
-291
-381
-321
935
-931
-934
-936
-939
-815
-835
-915
855
-856
-859
-955
-235
953
-956
-959
-743
-753
-943
-913
-923
356
-359
-146
-166
-366
-326
971
-977
-979
-871
-881
889
877
-879
831
-834
-836
-839
-921
-867
-819
-869
-231
436
-439
-416
-426
-526
-466
469
546
-543
643
-649
-419
-429
639
-634
524
-523
583
-584
-683
-224
-324
384
-388
-389
-274
188
-189
279
-277
-118
-128
-168
368
-369
-219
-229
-239
234
-214
-249
-259
252
-242
-328
329
-119
-129
-924
-729
-929
742
-747
-749
-752
759
-949
-969
727
-723
713
-719
-927
926
-816
814
-914
-916
919
-864
866
964
-966
-967
-946
947
-413
418
423
-428
116
-115
215
-218
-126
121
-221
228
-141
241
-247
195
-197
-295
297
-147
149
167
-169
-671
674
681
-684
