137
-131
-132
-133
-134
-135
-136
-138
-139
-117
-127
-217
-227
-237
-317
-327
-337
-147
-157
-167
-177
-187
-197
-437
-537
-637
-737
-837
-937
235
-231
-232
-233
-234
-236
-238
-239
-115
-125
-215
-225
-315
-325
-335
-245
-255
-265
-275
-285
-295
-435
-535
-635
-735
-835
-935
274
-271
-272
-273
-276
-277
-278
-279
-174
-184
-194
-284
-294
-374
-384
-394
-214
-224
-244
-254
-264
-474
-574
-674
-774
-874
-974
286
-281
-282
-283
-287
-288
-289
-176
-186
-196
-296
-376
-386
-396
-216
-226
-246
-256
-266
-486
-586
-686
-786
-886
-986
339
-331
-332
-333
-334
-336
-338
-119
-129
-219
-229
-319
-329
-349
-359
-369
-379
-389
-399
-439
-539
-639
-739
-839
-939
356
-351
-352
-353
-354
-355
-357
-358
-146
-156
-166
-346
-366
-316
-326
-456
-556
-656
-756
-856
-956
362
-361
-363
-364
-365
-367
-368
-142
-152
-162
-242
-252
-262
-342
-312
-322
-372
-382
-392
-462
-562
-662
-762
-862
-962
385
-381
-383
-387
-388
-175
-185
-195
-375
-395
-345
-485
-585
-685
-785
-885
-985
426
-421
-422
-423
-424
-425
-427
-428
-429
-416
-436
-516
-526
-536
-616
-626
-636
-446
-466
-476
-496
-126
116
-111
-112
-113
-114
-118
-716
-816
-916
-726
-826
-926
567
-561
-563
-564
-565
-566
-568
-569
-447
-457
-467
-547
-557
-647
-657
-667
-517
-527
-577
-587
-597
-267
-767
-867
-967
572
-571
-573
-575
-576
-578
-579
-472
-482
-492
-582
-592
-672
-682
-692
-512
-522
-532
-542
-552
-172
-772
-872
-972
629
-621
-622
-623
-624
-625
-627
-628
-419
-519
-529
-619
-649
-659
-669
-679
-689
-699
-729
-829
-929
631
-632
-633
-634
-638
-411
-431
-511
-521
-531
-611
-641
-651
-661
-671
-681
-691
-731
-831
-931
666
-663
-664
-665
-668
-546
-646
596
-591
-593
-594
-595
-598
-599
-676
-696
-766
-866
-966
-796
-896
-996
688
-683
-684
-687
-478
-488
-498
-588
-678
-698
-618
-648
-658
-188
-788
-888
-988
695
-693
-694
-697
-475
-495
-675
-615
-645
-655
-795
-895
-995
793
-791
-792
-794
-797
-798
-799
-773
-783
-873
-883
-893
-973
-983
-993
-713
-723
-733
-743
-753
-763
-193
-293
-393
-493
825
-821
-822
-823
-824
-827
-828
-715
-725
-815
-915
-925
-845
-855
-865
-875
-525
859
-851
-852
-853
-854
-857
-858
-749
-759
-769
-849
-869
-949
-959
-969
-819
-879
-889
-899
-159
-259
-459
-559
918
-911
-912
-913
-914
-917
-919
-718
-728
-738
-818
-838
-928
-938
719
-711
-712
-714
-717
-779
-789
-948
-958
-968
-978
-998
-218
-318
-418
-518
943
-941
-942
-944
-945
-946
-947
-843
-863
-953
-963
-923
-933
-143
-243
-343
-443
-543
-643
951
-952
-954
-955
-957
-741
-751
-761
-841
-861
-961
-921
-971
-981
-991
-151
-251
-451
-551
977
-975
-976
-979
775
-771
-776
-777
-778
876
-871
-877
-878
-787
-887
-897
-987
-997
898
-891
-892
-894
-745
-755
-765
965
-964
-836
-846
746
-742
-744
-747
-748
-736
936
-932
-934
-848
-868
864
-754
-764
768
-844
-758
-814
-834
-884
-927
727
-721
-722
-724
811
-812
-813
-817
833
-832
781
-782
-784
-881
882
-982
-992
734
-732
922
-924
752
-757
-842
847
-211
-311
-122
-222
212
-213
-292
-412
-612
432
-433
-434
-438
-442
-452
-533
-534
538
-528
-548
-558
642
-644
-652
-247
-347
257
-253
-258
-297
-164
-464
-165
-465
-168
-268
-468
-377
397
-391
-398
-477
-677
673
-473
-483
-583
-613
-653
654
-444
-454
-544
-554
-614
617
-417
-154
-173
-373
183
-181
-182
-189
192
-191
-198
-199
-123
-153
-163
263
-261
-269
-223
-463
-481
-581
541
-545
-549
-441
-461
469
-449
-479
471
-491
-489
-499
589
-584
-141
-241
-341
161
-169
-121
-171
-371
378
291
-298
-299
-178
179
-149
249
-248
-221
228
321
-323
-324
-328
313
-314
124
-128
-144
344
-348
-413
453
-455
-458
-553
555
-445
448
415
-414
-515
-513
514
523
-524
145
-148
-155
158
487
-484
494
-497
984
-989
-994
999
