121
-122
-123
-124
-125
-126
-127
-128
-129
-111
-131
-211
-221
-231
-311
-321
-331
-141
-151
-161
-171
-181
-191
-421
-521
-621
-721
-821
-921
135
-132
-133
-134
-136
-137
-138
-139
-115
-215
-225
-235
-315
-325
-335
-145
-155
-165
-175
-185
-195
-435
-535
-635
-735
-835
-935
152
-153
-154
-156
-157
-158
-159
-142
-162
-242
-252
-262
-342
-352
-362
-112
-172
-182
-192
-452
-552
-652
-752
-852
-952
247
-241
-243
-244
-245
-246
-248
-249
-147
-167
-257
-267
-347
-357
-367
-217
-227
-237
-277
-287
-297
-447
-547
-647
-747
-847
-947
274
-271
-272
-273
-275
-276
-278
-279
-174
-184
-194
-284
-294
-374
-384
-394
-214
-224
-234
-254
-264
-474
-574
-674
-774
-874
-974
328
-322
-323
-324
-326
-327
-329
-118
-218
-228
-238
-318
-338
-348
-358
-368
-378
-388
-398
-428
-528
-628
-728
-828
-928
416
-411
-412
-413
-414
-415
-417
-418
-419
-426
-436
-516
-526
-536
-616
-626
-636
-446
-456
-466
-476
-486
-496
-116
-216
-316
-716
-816
-916
443
-441
-442
-444
-445
-448
-449
-453
-463
-543
-553
-563
-643
-653
-663
-423
-433
-473
-483
-493
-143
-343
-743
-843
-943
464
-461
-462
-465
-467
-468
-469
-454
-544
-554
-564
-644
-654
-664
-424
-434
-484
-494
-164
-364
-764
-864
-964
519
-511
-512
-513
-514
-515
-517
-518
-429
-439
-529
-539
-619
-629
-639
-549
-559
-569
-579
-589
-599
-119
-219
-319
-719
-819
-919
588
-581
-582
-583
-584
-585
-586
-587
-478
-488
-498
-578
-598
-678
-688
-698
-538
-548
-558
-568
-188
-288
-788
-888
-988
691
-692
-693
-694
-695
-696
-697
-699
-471
-481
-491
-571
-591
-671
-681
-611
-631
-641
-651
-661
-291
-391
-791
-891
-991
751
-753
-754
-755
-756
-757
-758
-759
-741
-761
-841
-851
-861
-941
-951
-961
-711
-731
-771
-781
-251
-351
-451
431
-432
-437
-438
-531
458
-455
-457
-459
-648
-658
-668
-831
-931
-551
-258
-858
-958
785
-782
-783
-784
-786
-787
-789
-775
-795
-875
-885
-895
-975
-985
-995
-715
-725
-745
-765
-285
-385
-485
-685
813
-811
-812
-814
-815
-817
-818
911
-912
-913
-914
-915
-917
-918
-713
-723
-733
-823
-833
-923
-933
-853
-863
-873
-883
-893
-971
-981
-113
-213
212
-222
-232
-312
-332
-282
-292
-612
-712
-313
-613
615
-614
-617
-618
-425
-525
-625
638
-632
-633
-634
-637
-645
-655
-665
-675
718
-714
-717
-738
-838
-938
-748
-768
-778
-798
876
-871
-872
-877
-878
-879
881
-882
-884
-886
-887
-889
-776
-796
-896
-976
-986
-996
-826
-836
-846
-856
-866
371
-372
-373
-375
-376
-377
-379
-281
-381
261
-263
-265
-266
-268
-269
-341
-361
298
-293
-295
-296
-299
395
-392
-393
-396
-397
-399
382
-383
-386
-387
-389
-178
-198
255
-253
-256
-259
-345
-355
-365
541
-542
-545
-546
-561
-555
565
-562
-566
-567
-575
-595
-855
-955
-865
-965
475
-472
-477
-479
-495
-176
-576
-676
978
-972
-973
-977
-979
-898
-998
-948
-968
-482
-682
-982
944
-942
-945
-946
-949
-744
-844
-854
-954
845
-842
-848
-849
868
-862
-867
-869
-825
925
-922
-924
-926
-927
-929
-934
-984
-994
-144
114
-117
-314
317
-334
-337
-344
354
-353
-356
-359
148
-146
-149
-168
953
-956
-957
-959
-763
-963
-983
-993
684
-683
-686
-687
-689
-594
596
-592
-593
-597
-556
557
-657
-667
-527
-537
-577
-624
656
-659
-646
-666
-857
859
-749
-769
-969
-829
-839
-899
-196
163
-166
-169
-363
-173
-183
-193
283
-286
-289
186
-187
-189
-223
-233
333
-336
-339
-533
793
-792
-794
-797
-799
-773
894
-892
-897
-824
-834
-177
179
197
-199
-679
-779
-497
-997
226
-229
-236
239
-726
729
-722
-724
-727
734
-732
-736
-737
-739
936
-932
-937
-939
-966
524
-522
-523
623
-622
-627
-534
532
-422
427
492
-499
-572
573
-672
-673
677
-487
489
822
-827
-832
837
772
-777
-992
999
987
-989
-742
746
-766
-762
767
962
-967
642
-649
-662
669
-346
349
366
-369
