148
-141
-142
-143
-144
-145
-146
-147
-149
-158
-168
-248
-258
-268
-348
-358
-368
-118
-128
-138
-178
-188
-198
-448
-548
-648
-748
-848
-948
154
-151
-152
-153
-155
-156
-157
-159
-164
-244
-254
-264
-344
-354
-364
-114
-124
-134
-174
-184
-194
-454
-554
-654
-754
-854
-954
183
-181
-182
-185
-186
-187
-189
-173
-193
-273
-283
-293
-373
-383
-393
-113
-123
-133
-163
-483
-583
-683
-783
-883
-983
195
-191
-192
-196
-197
-199
-175
-275
-285
-295
-375
-385
-395
-115
-125
-135
-165
-495
-595
-695
-795
-895
-995
272
-271
-274
-276
-277
-278
-279
-172
-282
-292
-372
-382
-392
-212
-222
-232
-242
-252
-262
-472
-572
-672
-772
-872
-972
328
-321
-322
-323
-324
-325
-326
-327
-329
-218
-228
-238
-318
-338
-378
-388
-398
-428
-528
-628
-728
-828
-928
339
-331
-332
-333
-334
-335
-336
-337
-119
-129
-139
-219
-229
-239
-319
-349
-359
-369
-379
-389
-399
-439
-539
-639
-739
-839
-939
418
-411
-412
-413
-414
-415
-416
-417
-419
-438
-518
-538
-618
-638
-458
-468
-478
-488
-498
-718
-818
-918
422
-421
-423
-424
-425
-426
-427
-429
-432
-512
-522
-532
-612
-622
-632
-442
-452
-462
-482
-492
-122
-722
-822
-922
444
-441
-443
-445
-446
-447
-449
-464
-544
-564
-644
-664
-434
-474
-484
-494
-744
-844
-944
546
-541
-542
-543
-545
-547
-549
-456
-466
-556
-566
-646
-656
-666
-516
-526
-536
-576
-586
-596
-246
-346
-746
-846
-946
562
-561
-563
-565
-567
-568
-569
-552
-642
-652
-662
-582
-592
-162
-362
-762
-862
-962
598
-591
-593
-594
-597
-599
-578
-588
-678
-688
-698
-558
-298
288
-281
-284
-286
-287
-289
-788
-888
-988
-798
-898
-998
611
-613
-614
-615
-616
-617
-619
-431
-511
-521
-531
-621
-631
-641
-651
-661
-671
-681
-691
-111
-211
-311
-711
-811
-911
675
-673
-674
-676
-677
-679
-475
-485
-575
-585
-685
-625
-635
-645
-655
-665
-775
-875
-975
712
-713
-714
-715
-716
-717
-719
-732
-812
-832
-912
-932
-742
-752
-782
-792
-112
132
-131
-136
-137
-312
721
-723
-724
-725
-726
-727
-729
-731
-821
-831
-921
-931
-741
-751
-761
-771
-781
-791
-121
-221
231
-233
-234
-235
-236
-237
-241
-251
-261
-291
755
-753
-756
-757
-758
-759
-745
-765
-845
-855
-865
-945
-955
-965
-735
-785
-255
-355
-455
-555
465
-461
-463
-467
-469
-435
-265
-365
794
-793
-796
-797
-799
-774
-784
-874
-884
-894
-974
-984
-994
-734
-764
-294
-394
-694
829
-823
-824
-825
-826
-827
-819
-919
-929
-849
-859
-869
-879
-889
-899
519
-513
-514
-515
-517
-529
-629
-559
-579
-589
847
-841
-842
-843
-747
-767
-857
-867
-947
-957
-967
-817
-837
-877
-887
-897
-247
-347
-647
873
-871
-876
-878
-773
-893
-973
-993
-813
-833
-853
-863
-473
-573
953
-951
-952
-956
-958
-959
-743
749
-763
-943
-963
-769
-949
-969
733
-736
-737
-738
-913
-923
-933
-779
-789
-433
-533
-633
-249
-649
643
-453
-553
-653
-663
493
-491
-496
-497
-499
-693
523
-524
-525
-527
-623
535
-534
-537
-223
-835
-935
-243
245
-345
-215
-225
315
-313
-314
-316
-317
213
-214
-216
-217
224
-226
-227
-253
-263
-815
885
-881
-882
-886
-985
-915
925
-924
-926
-927
-624
634
-636
-637
-684
-834
-934
-343
-353
363
-361
-366
-367
979
-971
-976
-977
-978
778
-776
-777
-989
-999
787
-786
-987
-997
766
-768
-856
-866
-966
-166
-266
-179
299
-296
-297
169
-161
-167
-259
-269
267
-257
256
-356
-357
171
-176
-177
-371
-381
-391
-667
-669
668
-658
858
-851
-852
942
-941
-868
-968
892
-891
-896
-982
-992
861
-864
-961
964
814
-816
-914
836
-838
-916
917
-936
-937
938
116
-117
-126
127
626
-627
-436
437
-457
-477
-487
-686
-696
341
-342
-351
352
-471
-571
-479
476
-486
-376
682
-687
-689
-692
-387
-587
489
-481
581
-584
574
-577
697
-699
451
-459
-551
557
-657
659
-374
377
384
-386
396
-397
-981
986
991
-996
