132
-131
-133
-134
-135
-136
-137
-138
-139
-112
-122
-212
-222
-232
-312
-322
-332
-142
-152
-162
-172
-182
-192
-432
-532
-632
-732
-832
-932
163
-161
-164
-165
-166
-167
-168
-169
-143
-153
-243
-253
-263
-343
-353
-363
-113
-123
-173
-183
-193
-463
-563
-663
-763
-863
-963
223
-221
-224
-225
-226
-227
-228
-229
-213
-233
-313
-323
-333
-273
-283
-293
-423
-523
-623
-723
-823
-923
244
-241
-242
-245
-246
-247
-248
-249
-144
-154
-254
-264
-344
-354
-364
-214
-234
-274
-284
-294
-444
-544
-644
-744
-844
-944
252
-251
-255
-256
-257
-258
-259
-262
-342
-352
-362
-272
-282
-292
-452
-552
-652
-752
-852
-952
369
-361
-365
-366
-367
-368
-149
-159
-269
-349
-359
-319
-329
-339
-379
-389
-399
-469
-569
-669
-769
-869
-969
396
-391
-392
-393
-394
-395
-397
-398
-176
-186
-196
-276
-286
-296
-376
-386
-316
-326
-336
-346
-356
-496
-596
-696
-796
-896
-996
419
-411
-412
-413
-414
-415
-416
-417
-418
-429
-439
-519
-529
-539
-619
-629
-639
-449
-459
-479
-489
-499
-119
-219
-719
-819
-919
427
-421
-422
-424
-425
-426
-428
-437
-517
-527
-537
-617
-627
-637
-447
-457
-467
-477
-487
-497
-127
-327
-727
-827
-927
461
-462
-464
-465
-466
-468
-441
-451
-541
-551
-561
-641
-651
-661
-431
-471
-481
-491
-261
-761
-861
-961
474
-472
-473
-475
-476
-478
-484
-494
-574
-584
-594
-674
-684
-694
-434
-454
-174
-374
-774
-874
-974
516
-511
-512
-513
-514
-515
-518
-436
-526
-536
-616
-626
-636
-546
-556
-566
-576
-586
-116
-216
-716
-816
-916
534
-531
-533
-535
-538
-524
-614
-624
-634
-554
-564
-334
-734
-834
-934
557
-553
-555
-558
-559
-547
-567
-647
-657
-667
-577
-587
-597
-157
-357
-757
-857
-957
575
-571
-572
-573
-578
-579
-485
-495
-585
-595
-675
-685
-695
-525
-545
-565
-175
-275
-375
-775
-875
-975
593
-591
-592
-598
-599
-483
-493
-583
-673
-683
-693
-543
-793
-893
-993
633
-631
-635
-638
-433
-613
-643
-653
-733
-833
-933
645
-642
-646
-648
-649
-445
-455
-655
-665
435
-438
-615
-625
-235
-335
-735
-835
-935
-145
-345
-745
-845
-945
689
-681
-682
-686
-687
-688
-589
-679
-699
549
-542
-548
-659
-749
-849
-949
-189
-289
-789
-889
-989
691
-692
-697
-698
-581
-671
677
-672
-676
-678
486
-482
-488
-446
-456
521
-522
-528
-611
-621
-121
-321
-721
-821
-921
-177
-277
-377
-777
-877
-977
-786
-886
-986
-191
-291
-791
-891
-991
711
-712
-713
-714
-715
-717
-718
-731
-811
-831
-911
-931
-741
-751
-771
-781
-111
-211
-311
743
-742
-746
-747
-748
-753
-843
-853
-943
-953
-773
-783
-443
453
-458
856
-851
-854
-855
-858
-859
-756
-766
-846
-866
-946
-956
-966
-826
-836
-876
146
-141
-147
-148
-156
-266
-126
236
-231
-237
-238
-239
331
-337
-338
129
-124
-125
-128
-179
-199
-341
-351
151
-155
-158
-171
178
-188
-198
-278
-288
-298
-378
-388
-181
-118
-371
-381
-729
-829
-929
-736
-936
-951
-656
666
-662
-664
-668
654
-658
-754
-954
-778
-878
-978
862
-864
-865
-867
-868
-762
-842
-942
-962
-812
-822
-872
-882
-892
442
-448
-562
568
-492
498
582
-588
-268
218
-215
-217
-318
-328
-618
612
-622
628
-912
-818
-918
-728
-828
-928
-768
-968
-382
372
-373
383
-384
-385
-387
-772
-972
-782
-982
-883
-983
-798
-898
-998
885
-881
-884
-887
-888
-785
-795
-895
-985
-995
-815
-825
824
-724
-814
-914
-924
-894
-324
325
-115
-315
314
-317
-114
117
-187
-197
-355
358
265
-267
347
-348
-285
-295
915
-913
-917
813
-817
-725
-925
-873
973
-971
-976
-979
776
-779
-726
722
-922
926
-792
992
-994
-997
-999
-955
-965
-847
-947
755
-758
-759
-765
959
-958
-939
-185
184
-194
195
-784
-984
794
-797
-799
-764
767
964
-967
-737
-787
788
-988
-738
739
-839
948
-941
841
-848
-871
879
981
-987
897
-899
-837
838
937
-938
271
-279
-281
287
-297
299
