122
-121
-123
-124
-125
-126
-127
-128
-129
-112
-132
-212
-222
-232
-312
-322
-332
-142
-152
-162
-172
-182
-192
-422
-522
-622
-722
-822
-922
153
-151
-154
-155
-156
-157
-158
-159
-143
-163
-243
-253
-263
-343
-353
-363
-113
-133
-173
-183
-193
-453
-553
-653
-753
-853
-953
174
-171
-175
-176
-177
-178
-179
-184
-194
-274
-284
-294
-374
-384
-394
-114
-134
-144
-164
-474
-574
-674
-774
-874
-974
245
-241
-242
-244
-246
-247
-248
-249
-145
-165
-255
-265
-345
-355
-365
-215
-225
-235
-275
-285
-295
-445
-545
-645
-745
-845
-945
287
-281
-282
-283
-286
-288
-289
-187
-197
-277
-297
-377
-387
-397
-217
-227
-237
-257
-267
-487
-587
-687
-787
-887
-987
311
-313
-314
-315
-316
-317
-318
-319
-111
-131
-211
-221
-231
-321
-331
-341
-351
-361
-371
-381
-391
-411
-511
-611
-711
-811
-911
428
-421
-423
-424
-425
-426
-427
-429
-418
-438
-518
-528
-538
-618
-628
-638
-448
-458
-468
-478
-488
-498
-228
-328
-728
-828
-928
452
-451
-454
-455
-456
-457
-459
-442
-462
-542
-552
-562
-642
-652
-662
-412
-432
-472
-482
-492
-252
-352
-752
-852
-952
464
-461
-463
-465
-466
-467
-469
-444
-544
-554
-564
-644
-654
-664
-414
-434
-484
-494
-264
-364
-764
-864
-964
585
-581
-582
-583
-584
-586
-588
-589
-475
-485
-495
-575
-595
-675
-685
-695
-515
-525
-535
-555
-565
-185
-385
-785
-885
-985
591
-592
-593
-594
-596
-597
-598
-599
-471
-481
-491
-571
-671
-681
-691
-521
-531
-541
-551
-561
-191
-291
-791
-891
-991
715
-712
-713
-714
-716
-717
-718
-719
-725
-735
-815
-825
-835
-915
-925
-935
-755
-765
-775
-795
-115
-415
435
-431
-433
-436
-437
-439
-615
-625
-635
441
-443
-446
-447
-449
-641
-651
-661
325
-323
-324
-326
-327
-329
-135
-335
195
-196
-198
-199
-375
-395
-141
-741
-841
-941
-895
-995
737
-731
-732
-733
-734
-736
-738
-739
-727
-817
-827
-837
-917
-927
-937
-747
-757
-767
-777
-797
-137
-337
117
-116
-118
-119
-147
-167
-417
-517
-617
-537
-637
746
-742
-743
-744
-748
-749
-756
-766
-846
-856
-866
-946
-956
-966
-726
-776
-786
-796
-146
-346
-546
-646
867
-861
-862
-863
-865
-868
-869
-847
-857
-947
-957
-967
-877
-897
-367
-567
-667
872
-871
-873
-875
-876
-878
-879
-772
-782
-792
-882
-892
-972
-982
-992
975
-971
-973
-976
-977
-978
-979
997
-993
-994
-996
-998
-999
762
-761
-763
-768
-769
-842
-942
-962
-812
-832
855
-851
-854
-858
-859
-955
-965
342
-344
-347
-348
-349
-262
-362
357
-354
-356
-358
-359
254
-251
-256
-258
-259
-214
-224
-234
334
-333
-336
-338
-339
-372
-382
-392
-534
-634
-834
-934
-754
-954
-655
665
-663
-666
-668
-669
-557
-657
-272
292
-293
-296
-298
-299
-572
-672
682
-683
-684
-686
-688
-689
-692
694
-693
-696
-697
-698
-699
-612
-632
-614
-624
-794
-894
-497
477
-473
-476
-479
-577
-677
916
-912
-913
-914
-918
-919
932
-931
-933
-936
-938
-939
-816
-826
-836
-926
-986
512
-513
-514
-516
-519
-532
524
-523
-526
-527
-529
627
-621
-623
-626
-629
631
-633
-636
-639
547
-543
-548
-549
-647
814
-813
-818
-819
-724
-824
-924
838
-831
-833
-839
784
-781
-783
-788
-789
-884
-984
-844
944
-943
-948
-949
-848
-888
-898
-216
-416
-616
536
-533
-539
-556
-566
656
-658
-659
-576
-676
218
-213
-219
-138
-238
-268
-278
226
-223
-229
233
-236
-239
-136
139
-149
148
-168
-368
-188
-169
-189
-273
-266
-276
-648
678
-673
-679
-578
376
-373
-378
-379
-186
181
-271
279
-386
-396
-389
-399
-161
166
261
-269
-366
369
-961
-569
-969
771
-773
-778
-779
-881
-981
-721
-751
951
-958
-959
821
-823
-829
-921
573
-579
-483
-493
413
-419
-613
619
-563
568
643
-649
-558
559
-843
849
963
-968
758
-759
-798
988
-983
-989
-889
-899
799
-793
723
-729
-923
929
-388
383
-393
398
-883
886
893
-896
-486
489
496
-499
