122
-121
-123
-124
-125
-126
-127
-128
-129
-112
-132
-212
-222
-232
-312
-322
-332
-142
-152
-162
-172
-182
-192
-422
-522
-622
-722
-822
-922
148
-141
-143
-144
-145
-146
-147
-149
-158
-168
-248
-258
-268
-348
-358
-368
-118
-138
-178
-188
-198
-448
-548
-648
-748
-848
-948
161
-163
-164
-165
-166
-167
-169
-151
-241
-251
-261
-341
-351
-361
-111
-131
-171
-181
-191
-461
-561
-661
-761
-861
-961
273
-271
-272
-274
-275
-276
-277
-278
-279
-173
-183
-193
-283
-293
-373
-383
-393
-213
-223
-233
-243
-253
-263
-473
-573
-673
-773
-873
-973
284
-281
-282
-285
-286
-287
-288
-289
-174
-184
-194
-294
-374
-384
-394
-214
-224
-234
-244
-254
-264
-484
-584
-684
-784
-884
-984
421
-423
-424
-425
-426
-427
-428
-429
-411
-431
-511
-521
-531
-611
-621
-631
-441
-451
-471
-481
-491
-221
-321
-721
-821
-921
438
-432
-433
-434
-435
-436
-437
-439
-418
-518
-528
-538
-618
-628
-638
-458
-468
-478
-488
-498
-238
-338
-738
-838
-938
492
-493
-494
-495
-496
-497
-499
-472
-482
-572
-582
-592
-672
-682
-692
-412
-442
-452
-462
-292
-392
-792
-892
-992
553
-551
-552
-554
-555
-556
-557
-558
-559
-443
-453
-463
-543
-563
-643
-653
-663
-513
-523
-533
-583
-593
-153
-353
-753
-853
-953
575
-571
-574
-576
-577
-578
-579
-475
-485
-585
-595
-675
-685
-695
-515
-525
-535
-545
-565
-175
-375
-775
-875
-975
713
-711
-712
-714
-715
-716
-717
-718
-719
-723
-733
-813
-823
-833
-913
-923
-933
-743
-763
-783
-793
-113
133
-134
-135
-136
-137
-139
-313
-323
-333
-413
483
-486
-487
-489
-683
-693
-613
623
-624
-625
-626
-627
-629
-633
-883
-983
737
-731
-732
-734
-735
-736
-739
-727
-817
-827
-837
-917
-927
-937
-747
-757
-767
-777
-787
-797
-237
-337
-537
-637
754
-751
-752
-755
-756
-758
-759
-744
-764
-844
-854
-864
-944
-954
-964
-724
-774
-794
-154
114
-115
-116
-117
-119
-314
-324
-334
-414
-514
-614
-814
-914
-354
-454
-654
846
-841
-842
-843
-845
-847
-849
-746
-766
-856
-866
-946
-956
-966
-816
-826
-836
-876
-886
-896
-246
-346
-446
-546
-646
881
-882
-885
-887
-888
-889
-771
-781
-791
-871
-891
-971
-981
-991
741
-742
-745
-749
-851
-941
-951
-811
-831
-541
-641
651
-652
-655
-656
-657
-658
-659
-671
-681
-691
371
-372
-376
-377
-378
-379
-291
-381
-391
382
-385
-386
-387
-388
-389
-311
-331
-342
-352
-362
-581
591
-594
-596
-597
-598
-599
-782
-982
895
-893
-894
-897
-898
-899
993
-994
-995
-996
-997
-998
-999
-785
-795
-985
863
-862
-865
-867
-868
-869
-943
-963
-815
-825
-835
-855
343
-344
-345
-347
-349
-363
364
-365
-366
-367
-369
-464
-564
-664
185
-186
-187
-189
-195
-295
-395
-155
694
-696
-697
-698
-699
-474
-674
444
-445
-447
-449
-544
-644
-634
919
-911
-912
-915
-916
-918
931
-932
-934
-935
-936
-939
-729
-819
-829
-839
-929
-949
-959
-969
-979
-989
211
-215
-216
-217
-218
-219
-231
-319
-419
-519
-619
156
-157
-159
-256
-266
-356
-176
-196
-456
-177
179
-199
197
-297
-397
-299
-399
-479
-679
-779
-879
859
-852
-857
-858
-769
877
-872
-874
-878
974
-972
-976
-977
-978
772
-776
-778
-987
-762
-924
958
-952
-955
-957
-768
765
-945
-965
-968
-725
925
-926
-928
726
-728
-786
-796
986
-988
-225
-325
-226
-326
-526
252
-255
-257
-259
-242
-262
-359
-459
469
-465
-466
-467
-549
-569
-649
-669
249
-245
-247
-269
-229
-239
645
-642
-647
-455
457
-665
-547
542
-562
-662
-567
-667
415
-416
-417
-615
-635
476
-477
-586
-676
-686
-512
-532
-315
-942
947
962
-967
355
-357
-265
267
235
-236
-335
296
-298
-396
398
-227
228
-318
-328
818
-812
832
-834
824
-828
612
-616
-617
-632
-524
534
-536
-539
-677
678
-588
-688
568
-566
666
-668
516
-517
-636
639
527
-529
-587
589
687
-689
-316
317
336
-339
-327
329
788
-789
-798
799
