139
-131
-132
-133
-134
-135
-136
-137
-138
-119
-129
-219
-229
-239
-319
-329
-339
-149
-159
-169
-179
-189
-199
-439
-539
-639
-739
-839
-939
155
-151
-152
-153
-154
-156
-157
-158
-145
-165
-245
-255
-265
-345
-355
-365
-115
-125
-175
-185
-195
-455
-555
-655
-755
-855
-955
297
-291
-292
-293
-294
-295
-296
-298
-299
-177
-187
-197
-277
-287
-377
-387
-397
-217
-227
-237
-247
-257
-267
-497
-597
-697
-797
-897
-997
328
-321
-322
-323
-324
-325
-326
-327
-118
-128
-218
-228
-238
-318
-338
-348
-358
-368
-378
-388
-398
-428
-528
-628
-728
-828
-928
337
-331
-332
-333
-334
-335
-336
-117
-127
-317
-347
-357
-367
-437
-537
-637
-737
-837
-937
362
-361
-363
-364
-366
-369
-142
-162
-242
-252
-262
-342
-352
-312
-372
-382
-392
-462
-562
-662
-762
-862
-962
384
-381
-383
-385
-386
-389
-174
-184
-194
-274
-284
-374
-394
-314
-344
-354
-484
-584
-684
-784
-884
-984
496
-491
-492
-493
-494
-495
-498
-499
-476
-486
-576
-586
-596
-676
-686
-696
-416
-426
-436
-446
-456
-466
-196
-396
-796
-896
-996
545
-541
-542
-543
-544
-546
-547
-548
-549
-445
-465
-565
-645
-665
-515
-525
-535
-575
-585
-595
-745
-845
-945
557
-551
-552
-553
-554
-556
-558
-559
-447
-457
-467
-567
-647
-657
-667
-517
-527
-577
-587
-757
-857
-957
568
-561
-563
-564
-566
-569
-448
-458
-468
-648
-658
-668
-518
-538
-578
-588
-598
-168
-268
-768
-868
-968
581
-582
-583
-589
-471
-481
-571
-591
-671
-681
-691
-511
-521
-531
-181
-281
-781
-881
-981
611
-612
-613
-614
-615
-616
-617
-618
-619
-411
-421
-431
-621
-631
-641
-651
-661
-111
-211
-311
-711
-811
-911
623
-622
-624
-625
-626
-627
-629
-413
-423
-433
-513
-523
-533
-633
-643
-653
-663
-673
-683
-693
-123
-223
-723
-823
-923
652
-654
-656
-659
-442
-452
-642
-632
-672
-682
-692
-752
-852
-952
688
-685
-687
-689
-478
-488
-678
-698
677
-674
-675
-679
-477
-487
-638
-777
-877
-977
-188
-288
-788
-888
-988
695
-694
-699
-475
-485
-635
-395
-795
-895
-995
733
-731
-732
-734
-735
-736
-738
-713
-813
-833
-913
-933
-743
-753
-763
-773
-783
-793
-233
816
-812
-814
-815
-817
-818
-819
-716
-726
-826
-836
-916
-926
-936
-846
-856
-866
-876
-886
-116
-216
-316
-516
847
-841
-842
-843
-844
-848
-849
-747
-767
-867
-947
-967
-827
-887
-147
167
-161
-163
-164
-166
854
-851
-853
-858
-859
-744
-754
-764
-864
-944
-954
-964
-824
-834
-874
-894
-254
-454
893
-891
-892
-898
-899
-873
-883
-973
-983
-993
-863
-193
-393
-593
573
-572
-574
-579
-473
-483
-173
-273
-373
959
-951
-953
-956
-958
-749
-759
-769
-869
-949
-969
-919
-929
-979
-989
-999
-259
-359
-459
972
-971
-974
-975
-976
-978
-772
-782
-792
-872
-882
-982
-992
-912
-922
-932
-942
742
-741
-746
-748
-712
-722
-172
-272
-472
-112
-113
114
-124
-214
-224
-234
-144
-414
-514
-714
-914
-121
-122
126
-226
-236
-146
-176
-186
-526
536
-532
-534
-636
634
-424
-434
-524
594
-592
-599
482
-489
-474
479
-412
-422
-432
-419
-429
-449
-469
-644
-664
-934
774
-771
-775
-776
-778
-779
-794
-994
-724
924
-921
-925
-927
-279
-379
-879
-182
183
-283
192
-191
-198
-282
-143
-141
148
-248
-258
171
-178
-271
-371
-391
399
278
-275
-276
-289
-349
-948
758
-751
-756
-718
-798
-871
376
-375
285
-286
-215
-225
-235
315
-313
213
-212
-243
-253
-263
-346
-356
512
-519
-522
529
-415
-715
-915
719
-717
-729
-829
-789
-799
791
-991
998
-878
875
-785
-885
889
-985
-721
-761
-825
-835
-865
861
-941
-961
-821
822
-832
-831
838
931
-935
-938
725
-727
917
-918
-765
766
965
-963
-966
943
-946
-786
787
986
-987
-417
418
427
-425
435
-438
221
-222
-231
232
-241
-251
256
-246
-266
-261
-343
341
-351
353
-441
-443
444
-464
-244
249
264
-269
646
-649
-666
669
451
-453
-461
463
