131
-132
-133
-134
-135
-136
-137
-138
-139
-111
-121
-211
-221
-231
-311
-321
-331
-141
-151
-161
-171
-181
-191
-431
-531
-631
-731
-831
-931
154
-152
-153
-155
-156
-157
-158
-159
-144
-164
-244
-254
-264
-344
-354
-364
-114
-124
-174
-184
-194
-454
-554
-654
-754
-854
-954
243
-241
-242
-245
-246
-247
-248
-249
-143
-163
-253
-263
-343
-353
-363
-213
-223
-233
-273
-283
-293
-443
-543
-643
-743
-843
-943
276
-271
-272
-274
-275
-277
-278
-279
-176
-186
-196
-286
-296
-376
-386
-396
-216
-226
-236
-256
-266
-476
-576
-676
-776
-876
-976
415
-411
-412
-413
-414
-416
-417
-418
-419
-425
-435
-515
-525
-535
-615
-625
-635
-445
-455
-465
-475
-485
-495
-115
-215
-315
-715
-815
-915
481
-482
-483
-484
-486
-487
-488
-489
-471
-491
-571
-581
-591
-671
-681
-691
-421
-441
-451
-461
-281
-381
-781
-881
-981
494
-492
-493
-496
-497
-498
-499
-474
-574
-584
-594
-674
-684
-694
-424
-434
-444
-464
-294
-394
-794
-894
-994
528
-521
-522
-523
-524
-526
-527
-529
-428
-438
-518
-538
-618
-628
-638
-548
-558
-568
-578
-588
-598
-128
-228
-328
-728
-828
-928
542
-541
-544
-545
-546
-547
-549
-442
-452
-462
-552
-562
-642
-652
-662
-512
-532
-572
-582
-592
-142
-342
-742
-842
-942
689
-682
-683
-685
-686
-687
-688
-479
-579
-589
-599
-679
-699
-619
-629
-639
-649
-659
-669
-189
-289
-389
-789
-889
-989
716
-711
-712
-713
-714
-717
-718
-719
-726
-736
-816
-826
-836
-916
-926
-936
-746
-756
-766
-786
-796
-116
-316
-516
-616
723
-721
-722
-724
-725
-727
-729
-733
-813
-823
-833
-913
-923
-933
-753
-763
-773
-783
-793
-123
-323
-423
-623
772
-771
-774
-775
-777
-778
-779
-782
-792
-872
-882
-892
-972
-982
-992
-732
-752
-762
-172
-372
-472
-672
692
-693
-695
-696
-697
-698
-612
-622
-632
-192
-292
-392
817
-811
-812
-814
-818
-819
-737
-827
-837
-917
-927
-937
-847
-857
-867
-877
-887
-897
-117
-217
-317
-517
-617
861
-862
-863
-864
-865
-866
-868
-869
-741
-751
-761
-841
-851
-941
-951
-961
791
-795
-797
-798
-799
-871
-891
-971
-991
-821
-261
-361
-561
-661
371
-373
-374
-375
-377
-378
-379
-291
-391
251
-252
-255
-257
-258
-259
-341
-351
641
-644
-645
-646
-647
-648
-551
-651
511
-513
-514
-519
-611
-621
-911
921
-922
-924
-925
-929
959
-952
-953
-955
-956
-957
-958
-749
-759
-769
-849
-859
-949
-969
739
-734
-735
-738
-829
-839
-919
-939
-979
-999
-239
-339
-439
-539
429
-422
-426
-427
432
-433
-436
-437
-449
-459
-469
-129
-229
-329
-232
-332
-832
-932
-359
-559
569
-563
-564
-565
-566
-567
664
-663
-665
-666
-667
-668
534
-533
-536
-537
-614
613
-633
-624
-634
-653
-673
-113
-313
333
-334
-335
-336
-337
-338
-383
-393
-234
-834
-934
636
-637
-626
627
-656
-657
-677
-127
-227
-327
237
-235
-238
-267
-287
-297
-764
-964
-169
-269
-369
975
-973
-974
-977
-978
-785
-875
-885
-895
-985
-995
-935
938
-838
835
-825
-918
-845
-855
-945
-965
-948
-968
-988
-998
874
-873
-878
-879
-784
-884
-984
899
-893
-896
-898
744
-745
-747
-748
-844
-944
-824
822
-912
914
-852
962
-963
-966
-967
853
-856
-858
-883
-214
-314
-122
-222
-322
352
-355
-356
-357
-358
-162
-262
-362
-312
-382
-453
-553
463
-466
-467
-468
-473
-175
-575
-675
678
-478
477
-577
573
-583
-593
-587
-597
-447
-457
557
-555
-556
655
-658
-755
765
-767
-768
456
-458
-446
448
-148
-348
-848
846
-946
947
-757
758
787
-788
-987
-997
888
-886
-146
-346
-147
-347
-165
-265
268
-168
-368
-218
-288
-298
-365
-173
-177
-178
179
-199
-299
295
-185
-195
-285
-385
-395
-399
-119
-149
145
-345
349
-125
126
-326
-166
167
366
-367
-187
-197
-225
224
-324
325
-284
282
-182
384
-387
-388
397
-398
112
-118
-212
219
318
-319
585
-586
-595
596
986
-983
993
-996
183
-188
-193
198
