121
-122
-123
-124
-125
-126
-127
-128
-129
-111
-131
-211
-221
-231
-311
-321
-331
-141
-151
-161
-171
-181
-191
-421
-521
-621
-721
-821
-921
132
-133
-134
-135
-136
-137
-138
-139
-112
-212
-222
-232
-312
-322
-332
-142
-152
-162
-172
-182
-192
-432
-532
-632
-732
-832
-932
158
-153
-154
-155
-156
-157
-159
-148
-168
-248
-258
-268
-348
-358
-368
-118
-178
-188
-198
-458
-558
-658
-758
-858
-958
249
-241
-242
-243
-244
-245
-246
-247
-149
-169
-259
-269
-349
-359
-369
-219
-229
-239
-279
-289
-299
-449
-549
-649
-749
-849
-949
283
-281
-282
-284
-285
-286
-287
-288
-173
-183
-193
-273
-293
-373
-383
-393
-213
-223
-233
-253
-263
-483
-583
-683
-783
-883
-983
447
-441
-442
-443
-444
-445
-446
-448
-457
-467
-547
-557
-567
-647
-657
-667
-417
-427
-437
-477
-487
-497
-147
-347
-747
-847
-947
471
-472
-473
-474
-475
-476
-478
-479
-481
-491
-571
-581
-591
-671
-681
-691
-411
-431
-451
-461
-271
-371
-771
-871
-971
492
-493
-494
-495
-496
-498
-499
-482
-572
-582
-592
-672
-682
-692
-412
-422
-452
-462
-292
-392
-792
-892
-992
519
-511
-512
-513
-514
-515
-516
-517
-518
-419
-429
-439
-529
-539
-619
-629
-639
-559
-569
-579
-589
-599
-119
-319
-719
-819
-919
524
-522
-523
-525
-526
-527
-528
-414
-424
-434
-534
-614
-624
-634
-544
-554
-564
-574
-584
-594
-224
-324
-724
-824
-924
546
-541
-542
-543
-545
-548
-456
-466
-556
-566
-646
-656
-666
-536
-576
-586
-596
-146
-346
-746
-846
-946
678
-673
-674
-675
-676
-677
-679
-488
-578
-588
-598
-688
-698
-618
-628
-638
-648
-668
-278
-378
-778
-878
-978
713
-711
-712
-714
-715
-716
-717
-718
-723
-733
-813
-823
-833
-913
-923
-933
-743
-753
-763
-773
-793
-113
-313
-413
-613
786
-781
-782
-784
-785
-787
-788
-789
-776
-796
-876
-886
-896
-976
-986
-996
-726
-736
-756
-766
-186
-386
-486
-686
696
-693
-694
-695
-697
-699
-616
-626
-636
-196
-296
-396
816
-811
-812
-814
-815
-817
-818
-826
-836
-916
-926
-936
-856
-866
-116
-216
-316
-416
865
-861
-862
-863
-864
-867
-868
-869
-745
-755
-765
-845
-855
-945
-955
-965
-825
-835
-875
-885
-895
-165
-265
-365
-465
-565
-665
951
-952
-953
-954
-956
-957
-959
-741
-751
-761
-841
-851
-941
-961
966
-962
-963
-964
-967
-968
-969
-911
-931
-981
-991
611
-612
-615
-617
-531
-631
622
-623
-625
-627
-641
-651
-661
-642
-652
-662
912
-914
-915
-917
-918
-722
-822
-922
-942
-972
-982
341
-342
-343
-344
-345
-251
-261
-351
-361
291
-294
-295
-297
-298
-381
-391
-551
561
-562
-563
-568
552
-553
-555
468
-463
-464
-469
-418
415
-425
-435
-535
-635
-455
-485
-428
-438
538
-533
-537
637
-633
-687
-115
-215
-315
-237
-337
-737
-837
-937
-238
-338
-738
-838
-938
-252
-352
-752
-852
-166
176
-174
-175
-177
-179
-276
-376
-266
-366
-768
881
-882
-884
-887
-888
-889
-791
-891
731
-734
-735
-739
-831
382
-384
-385
-387
-388
-389
-272
-372
398
-394
-395
-397
-399
262
-264
-267
-362
-318
-328
218
-214
-217
-228
-762
988
-984
-985
-987
-989
-798
-898
-998
-928
-948
114
-117
-234
-314
317
-334
-227
-327
-144
-164
-184
-194
-357
-367
-377
-143
145
-255
-355
163
-167
-353
-363
364
-254
-354
356
-256
257
-185
-195
274
-275
-277
-374
375
-379
-325
-335
-326
-336
-645
655
-653
-654
-659
-685
-757
-857
767
-764
-769
-727
-777
-797
-663
643
-644
-453
-843
-943
944
853
-854
-859
-744
-754
759
-844
-729
-779
-799
-873
-893
-934
834
-839
-874
-894
-974
-994
454
-459
-664
669
-484
489
684
-689
-774
794
-795
-575
-775
772
-872
-742
748
842
-848
725
-728
-925
-935
939
828
-827
-829
927
-929
-977
-997
-979
-999
-225
226
235
-236
-426
423
-433
436
-323
329
333
-339
-975
973
-993
995
-573
577
593
-595
-597
585
-587
-877
879
897
-899
187
-189
-197
199
