174
-171
-172
-173
-175
-176
-177
-178
-179
-184
-194
-274
-284
-294
-374
-384
-394
-114
-124
-134
-144
-154
-164
-474
-574
-674
-774
-874
-974
196
-191
-192
-193
-195
-197
-198
-199
-186
-276
-286
-296
-376
-386
-396
-116
-126
-136
-146
-156
-166
-496
-596
-696
-796
-896
-996
243
-241
-242
-244
-245
-246
-247
-248
-249
-143
-153
-163
-253
-263
-343
-353
-363
-213
-223
-233
-273
-283
-293
-443
-543
-643
-743
-843
-943
267
-261
-262
-264
-265
-266
-268
-269
-147
-157
-167
-257
-347
-357
-367
-217
-227
-237
-277
-287
-297
-467
-567
-667
-767
-867
-967
281
-282
-285
-288
-289
-181
-271
-291
-371
-381
-391
-211
-221
-231
-251
-481
-581
-681
-781
-881
-981
342
-341
-344
-345
-346
-348
-349
-142
-152
-162
-252
-352
-362
-312
-322
-332
-372
-382
-392
-442
-542
-642
-742
-842
-942
368
-361
-364
-365
-366
-369
-148
-158
-168
-258
-358
-318
-328
-338
-378
-388
-398
-468
-568
-668
-768
-868
-968
397
-393
-395
-399
-187
-377
-387
-317
-327
-337
-497
-597
-697
-797
-897
-997
418
-411
-412
-413
-414
-415
-416
-417
-419
-428
-438
-518
-528
-538
-618
-628
-638
-448
-458
-478
-488
-498
-118
-218
-718
-818
-918
472
-471
-473
-475
-476
-477
-479
-482
-492
-572
-582
-592
-672
-682
-692
-422
-432
-452
-462
-272
-772
-872
-972
486
-483
-484
-485
-487
-489
-576
-586
-676
-686
-426
-436
-446
-456
-466
-786
-886
-986
524
-521
-522
-523
-525
-526
-527
-529
-424
-434
-514
-534
-614
-624
-634
-544
-554
-564
-584
-594
-224
-324
-724
-824
-924
545
-541
-546
-547
-548
-549
-445
-455
-465
-555
-565
-645
-655
-665
-515
-535
-575
-585
-595
-145
-745
-845
-945
561
-562
-563
-566
-569
-441
-451
-461
-551
-641
-651
-661
-511
-531
-571
-591
-161
-761
-861
-961
587
-583
-588
-589
-577
-677
-687
-517
-537
-557
-787
-887
-987
625
-621
-622
-623
-626
-627
-629
-425
-435
-615
-635
495
-491
-493
-494
-499
-675
-685
-695
-125
-225
-325
-725
-825
-925
-295
-795
-895
-995
639
-631
-632
-633
-636
-637
-429
-439
-519
-539
-619
-649
-659
-669
-679
-689
-699
-139
-239
-339
-739
-839
-939
691
-693
-694
-698
-671
684
-683
-688
-611
-644
-654
-664
-784
-884
-984
-791
-891
-991
711
-712
-713
-714
-715
-716
-717
-719
-721
-731
-811
-821
-831
-911
-921
-931
-741
-751
-771
-111
-311
747
-744
-746
-748
-749
-757
-847
-857
-947
-957
-727
-737
-777
-447
-647
764
-762
-763
-765
-766
-769
-754
-844
-854
-864
-944
-954
-964
-734
-794
444
-449
-454
-464
823
-822
-826
-827
-828
-829
-723
-733
-813
-833
-913
-923
-933
-853
-863
-873
-883
-893
-123
-323
-423
848
-841
-846
-849
-758
-858
-948
-958
-838
-878
-888
-898
-648
646
-556
-656
-666
-616
-946
862
-865
-866
-869
-752
-852
-952
-962
-812
-832
-882
-892
-662
663
-453
-463
469
-553
-653
-459
457
-657
-559
433
-431
-437
421
-427
-513
-533
-613
617
-612
652
-658
-552
558
-578
-598
678
-673
-117
-817
-917
-121
-321
-133
-333
-963
966
-965
-969
-756
-856
-956
-916
-926
-936
-976
165
-169
-155
-255
-355
-115
-135
-185
-278
-778
-978
912
-914
-915
-919
-722
-732
-922
-932
-982
-992
-112
-212
-512
516
532
-536
-216
-316
-816
-132
-232
935
-934
-937
-938
-735
-815
-835
994
-993
-998
-999
-894
899
-779
-789
-799
-879
-889
885
-775
-785
-875
-975
-985
-979
-989
755
-753
-759
953
-951
-955
-959
-855
729
-726
-728
-819
814
-834
-929
-859
851
-941
949
-871
971
-973
-977
877
-876
776
-773
-736
738
836
-837
927
-928
-788
-798
988
-983
-214
-314
-127
137
-131
-138
331
-334
-335
-336
234
-235
-236
-238
-254
354
-351
-356
-359
256
-259
-226
326
-329
-129
-229
141
-149
-151
159
-119
113
-313
-183
-189
-385
-188
182
-292
298
-299
-122
128
222
-228
-782
783
792
-793
-383
389
373
-375
-379
275
-279
-215
219
315
-319
-573
579
593
-599
