122
-121
-123
-124
-125
-126
-127
-128
-129
-112
-132
-212
-222
-232
-312
-322
-332
-142
-152
-162
-172
-182
-192
-422
-522
-622
-722
-822
-922
145
-141
-143
-144
-146
-147
-148
-149
-155
-165
-245
-255
-265
-345
-355
-365
-115
-135
-175
-185
-195
-445
-545
-645
-745
-845
-945
159
-151
-153
-154
-156
-157
-158
-169
-249
-259
-269
-349
-359
-369
-119
-139
-179
-189
-199
-459
-559
-659
-759
-859
-959
273
-271
-272
-274
-275
-276
-277
-278
-279
-173
-183
-193
-283
-293
-373
-383
-393
-213
-223
-233
-243
-253
-263
-473
-573
-673
-773
-873
-973
291
-292
-294
-295
-296
-297
-298
-299
-171
-181
-191
-281
-371
-381
-391
-211
-221
-231
-241
-251
-261
-491
-591
-691
-791
-891
-991
336
-331
-333
-334
-335
-337
-338
-339
-116
-136
-216
-226
-236
-316
-326
-346
-356
-366
-376
-386
-396
-436
-536
-636
-736
-836
-936
463
-461
-462
-464
-465
-466
-467
-468
-469
-443
-453
-543
-553
-563
-643
-653
-663
-413
-423
-433
-483
-493
-163
-363
-763
-863
-963
477
-471
-472
-474
-475
-476
-478
-479
-487
-497
-577
-587
-597
-677
-687
-697
-417
-427
-437
-447
-457
-177
-377
-777
-877
-977
511
-512
-513
-514
-515
-516
-517
-518
-519
-411
-421
-431
-521
-531
-611
-621
-631
-541
-551
-561
-571
-581
-111
-311
-711
-811
-911
546
-542
-544
-547
-548
-549
-446
-456
-556
-566
-646
-656
-666
-526
-576
-586
-596
-246
-746
-846
-946
625
-623
-624
-626
-627
-628
-629
-415
-425
-435
-525
-535
-615
-635
-655
-665
-675
-685
-695
-225
-325
-725
-825
-925
682
-681
-683
-684
-686
-688
-689
-482
-492
-572
-582
-592
-672
-692
-612
-632
-642
-652
-662
-282
-382
-782
-882
-982
718
-712
-713
-714
-715
-716
-717
-719
-728
-738
-818
-828
-838
-918
-928
-938
-748
-758
-768
-778
-788
-798
-118
-218
-318
-418
-618
737
-731
-732
-733
-734
-735
-739
-727
-817
-827
-837
-917
-927
-937
-747
-757
-767
-787
-797
-137
-237
-537
-637
844
-841
-842
-843
-847
-848
-849
-744
-754
-764
-854
-864
-944
-954
-964
-814
-824
-834
-874
-884
-894
-244
-344
-444
-644
885
-881
-883
-886
-887
-888
-889
-775
-785
-795
-875
-895
-975
-985
-995
-815
-835
-855
-865
-285
-385
-485
-585
913
-912
-914
-915
-916
-919
-723
-813
-823
-833
-923
-933
935
-931
-932
-934
-939
-943
-953
-983
-993
-955
-965
-113
133
-131
-134
-138
321
-323
-324
-327
-328
-329
-313
161
-164
-166
-167
-168
-341
-351
-361
-613
-721
-821
-921
831
-832
-839
812
-816
-819
-851
-861
-871
-852
-862
-872
-892
-412
523
-524
-527
-528
-529
-533
-633
617
-614
-616
-619
-583
-593
693
-694
-696
-698
-699
676
-671
-674
-678
-679
481
-484
-486
-488
-489
-496
-441
-451
-647
-657
-667
416
-414
-419
-426
-117
114
-214
-224
-234
-314
-174
-184
-194
-217
-317
227
-228
-229
238
-235
-239
215
-219
-315
319
-247
-257
-267
-287
-248
242
-252
-262
-342
-352
-362
-258
-268
-288
289
-284
-286
-379
-389
-399
428
-424
-429
-438
-538
-638
-448
-458
-498
-442
449
-569
-649
-669
-439
-499
639
-634
-539
-742
-942
-749
-949
-661
-761
-961
-176
178
-188
-198
-378
-388
-398
-776
-876
-976
-578
-878
879
-779
-789
-799
-899
-979
-989
-999
-829
826
-726
-926
-856
-866
-896
-869
-978
-579
-781
-981
783
-784
-786
-793
-893
-743
741
-751
-941
-951
-771
971
-972
-974
-753
853
-857
-858
-641
648
651
-654
-658
-558
-568
-668
664
-454
-554
-564
343
-347
-348
-353
947
-948
-867
868
-957
-967
-958
-968
897
-898
-987
-997
358
-354
-357
367
-364
-368
-387
384
-374
-394
-397
254
-256
-264
266
557
-552
-555
-567
-766
-966
-584
-984
187
-186
196
-197
986
-988
-796
-996
998
-992
-994
756
-752
-755
765
-762
-769
-956
952
-962
969
729
-724
924
-929
-452
455
562
-565
432
-434
-532
534
494
-495
-574
575
-594
-595
774
-772
792
-794
372
-375
-392
395
588
-589
-598
599
