135
-131
-132
-133
-134
-136
-137
-138
-139
-115
-125
-215
-225
-235
-315
-325
-335
-145
-155
-165
-175
-185
-195
-435
-535
-635
-735
-835
-935
226
-221
-222
-223
-224
-227
-228
-229
-116
-126
-216
-236
-316
-326
-336
-246
-256
-266
-276
-286
-296
-426
-526
-626
-726
-826
-926
241
-242
-243
-244
-245
-247
-248
-249
-141
-151
-161
-251
-261
-341
-351
-361
-211
-231
-271
-281
-291
-441
-541
-641
-741
-841
-941
264
-262
-263
-265
-267
-268
-269
-144
-154
-164
-254
-344
-354
-364
-214
-234
-274
-284
-294
-464
-564
-664
-764
-864
-964
279
-272
-273
-275
-277
-278
-179
-189
-199
-289
-299
-379
-389
-399
-219
-239
-259
-479
-579
-679
-779
-879
-979
282
-283
-285
-287
-288
-172
-182
-192
-292
-372
-382
-392
-212
-232
-252
-482
-582
-682
-782
-882
-982
295
-293
-297
-298
-375
-385
-395
-255
-495
-595
-695
-795
-895
-995
324
-321
-322
-323
-327
-328
-329
-114
-124
-314
-334
-374
-384
-394
-424
-524
-624
-724
-824
-924
363
-362
-365
-366
-367
-368
-369
-143
-153
-163
-253
-343
-353
-313
-333
-373
-383
-393
-463
-563
-663
-763
-863
-963
387
-381
-386
-388
-177
-187
-197
-377
-397
-317
-337
-347
-357
-487
-587
-687
-787
-887
-987
415
-411
-412
-413
-414
-416
-417
-418
-419
-425
-515
-525
-615
-625
-445
-455
-465
-475
-485
-715
-815
-915
451
-452
-453
-454
-456
-457
-458
-459
-461
-551
-561
-651
-661
-421
-431
-471
-481
-491
-751
-851
-951
477
-472
-473
-474
-476
-478
-497
-577
-597
-677
-697
-427
-437
-447
-467
-777
-877
-977
547
-542
-543
-544
-545
-546
-548
-549
-557
-567
-647
-657
-667
-517
-527
-537
-147
-747
-847
-947
568
-562
-565
-566
-569
-448
-468
-558
-648
-658
-668
-518
-528
-538
-578
-588
-598
-168
-768
-868
-968
638
-631
-632
-633
-634
-636
-637
-639
-428
-438
-618
-628
-678
-688
-698
-238
-338
-738
-838
-938
653
-652
-654
-655
-656
-659
-443
-553
-643
-613
-623
-673
-683
-693
-753
-853
-953
694
-691
-692
-696
-699
-484
-494
-574
-584
-594
-674
-684
-614
-644
-194
-794
-894
-994
722
-721
-723
-725
-727
-728
-729
-712
-732
-812
-822
-832
-912
-922
-932
-742
-752
-762
-772
-792
-122
-422
-522
-622
748
-743
-744
-745
-746
-749
-758
-848
-858
-948
-958
-718
-778
-788
-798
-148
-348
785
-781
-783
-784
-786
-789
-775
-875
-885
-975
-985
-755
-765
-585
-685
818
-811
-813
-814
-816
-817
-819
-828
-918
-928
-878
-888
-898
-118
-218
258
-257
-158
-358
-318
128
-121
-123
-127
-129
-178
-188
-198
825
-821
-823
-827
-829
-925
-845
-855
-865
837
-831
-833
-834
-836
-839
-717
-737
-917
-927
-937
-857
-867
-897
627
-621
-629
-617
-237
233
-113
-213
217
-117
-433
-533
-733
-933
842
-843
-844
-846
-849
-852
-862
-942
-952
-962
943
-944
-945
-946
-949
-872
-892
-913
-923
713
-711
-714
-716
-719
-773
-793
-973
-983
-993
-513
-142
-342
-442
-642
444
-446
-449
-554
-434
866
-861
-869
-756
-766
-856
-956
-966
-876
-886
-896
-166
-466
-666
881
-883
-884
-889
-771
-791
-871
-891
-971
-981
-991
-181
-581
-681
978
-972
-974
-976
992
-996
-997
-998
-999
797
-796
-799
-988
-757
-767
-378
398
-391
-396
488
-483
-486
-489
-498
-492
-592
-111
112
-119
-312
-332
-152
-162
352
-355
-356
-359
345
-346
-349
376
-371
-176
-186
-196
-512
-612
-645
-552
-576
-676
-776
774
-874
873
-893
899
-984
986
-989
-734
-754
759
-769
761
-961
-859
854
-954
-959
-969
-731
736
-739
-916
-936
-436
496
-493
-499
-586
-596
-686
689
-589
583
-573
-593
-599
591
-571
-671
423
-429
-523
-511
-521
529
-439
432
-532
-519
-539
-619
-462
469
662
-665
-669
555
-556
-559
646
-649
-531
611
-616
572
-575
-672
675
-311
319
331
-339
-911
516
-514
534
-536
914
-919
-934
921
-929
-931
939
-146
149
156
-157
-159
167
-169
-955
957
965
-967
171
-173
-174
-191
193
-183
184
