135
-131
-132
-133
-134
-136
-137
-138
-139
-115
-125
-215
-225
-235
-315
-325
-335
-145
-155
-165
-175
-185
-195
-435
-535
-635
-735
-835
-935
143
-141
-142
-144
-146
-147
-148
-149
-153
-163
-243
-253
-263
-343
-353
-363
-113
-123
-173
-183
-193
-443
-543
-643
-743
-843
-943
156
-151
-152
-154
-157
-158
-159
-166
-246
-256
-266
-346
-356
-366
-116
-126
-176
-186
-196
-456
-556
-656
-756
-856
-956
181
-182
-184
-187
-188
-189
-171
-191
-271
-281
-291
-371
-381
-391
-111
-121
-161
-481
-581
-681
-781
-881
-981
199
-192
-194
-197
-198
-179
-279
-289
-299
-379
-389
-399
-119
-129
-169
-499
-599
-699
-799
-899
-999
213
-211
-212
-214
-216
-217
-218
-219
-223
-233
-313
-323
-333
-273
-283
-293
-413
-513
-613
-713
-813
-913
255
-251
-252
-254
-257
-258
-259
-245
-265
-345
-355
-365
-275
-285
-295
-455
-555
-655
-755
-855
-955
274
-272
-276
-277
-278
-174
-284
-294
-374
-384
-394
-224
-234
-244
-264
-474
-574
-674
-774
-874
-974
288
-282
-286
-287
-178
-298
-378
-388
-398
-228
-238
-248
-268
-488
-588
-688
-788
-888
-988
412
-411
-414
-415
-416
-417
-418
-419
-422
-432
-512
-522
-532
-612
-622
-632
-442
-452
-462
-472
-482
-492
-112
-312
-712
-812
-912
429
-421
-423
-424
-425
-426
-427
-428
-439
-519
-529
-539
-619
-629
-639
-449
-459
-469
-479
-489
-229
-329
-729
-829
-929
436
-431
-433
-434
-437
-438
-516
-526
-536
-616
-626
-636
-446
-466
-476
-486
-496
-236
-336
-736
-836
-936
445
-441
-444
-447
-448
-465
-545
-565
-645
-665
-475
-485
-495
-745
-845
-945
461
-463
-464
-467
-468
-451
-541
-551
-561
-641
-651
-661
-471
-491
-261
-361
-761
-861
-961
558
-552
-553
-554
-557
-559
-458
-548
-568
-648
-658
-668
-518
-528
-538
-578
-598
-358
-758
-858
-958
649
-642
-644
-646
-647
-549
-569
-659
-669
-679
-689
-249
-349
-749
-849
-949
664
-662
-663
-666
-667
-454
-544
-564
-654
-614
-624
-634
-684
-694
-164
-364
-764
-864
-964
676
-671
-672
-673
-675
-677
-678
-576
-586
-596
-686
-696
-376
-776
-876
-976
683
-682
-685
-687
-473
-483
-493
-573
-583
-593
-693
453
-457
-563
-653
-623
-633
-753
-853
-953
-383
-783
-883
-983
692
-691
-695
-697
-698
-572
-582
-592
-652
657
-547
-567
-617
-627
-637
-357
-757
-857
-957
-292
-392
-792
-892
-992
823
-821
-822
-824
-825
-826
-827
-828
-723
-733
-833
-923
-933
-863
-873
-893
-523
533
-531
-534
-537
834
-831
-832
-837
-838
-839
-714
-724
-734
-814
-914
-924
-934
-844
-854
-884
-894
-334
859
-851
-852
-759
-769
-869
-959
-969
-819
-879
-889
-359
891
-895
-896
-897
-898
-771
-791
-871
-971
-991
-811
-841
571
-575
-577
-579
-591
589
-584
-585
-587
595
-594
-597
-511
-521
-515
-525
-789
-989
-395
-795
-995
919
-911
-915
-916
-917
-918
-719
-739
-939
779
-772
-773
-775
-777
-778
-979
-319
927
-921
-922
-925
-926
-928
-717
-727
-737
-817
-937
-947
-967
-977
-987
-997
-127
-227
-327
-527
524
-514
517
-117
-317
-124
114
-118
-314
-324
954
-951
-952
-744
-754
-944
-984
-994
344
-341
-342
-347
-348
-354
962
-963
-965
-966
-968
-742
-752
751
-741
-941
-762
-842
-862
-942
763
-765
-766
-767
-768
865
-866
-867
-868
-711
-721
-731
931
-932
-938
-793
-815
-875
-885
-972
-982
-231
-331
-631
638
-618
-628
-338
-738
732
-722
-782
-232
-332
241
-242
-247
-351
352
-162
-262
-362
-221
222
-226
-122
128
-322
-318
-328
172
-177
-372
-382
167
-168
-267
269
-367
368
-369
296
-297
-386
-396
237
-239
-337
339
-728
542
-546
-562
566
-872
882
-886
-887
-796
-996
973
-975
-978
-993
998
-798
-878
877
-787
-797
794
-784
747
-746
-748
-847
718
-715
-716
725
-726
816
-818
-785
786
985
-986
-846
848
946
-948
615
-611
621
-625
311
-316
-321
326
-373
393
-397
375
-377
-385
387
-477
478
-498
484
-487
-494
497
