122
-121
-123
-124
-125
-126
-127
-128
-129
-112
-132
-212
-222
-232
-312
-322
-332
-142
-152
-162
-172
-182
-192
-422
-522
-622
-722
-822
-922
189
-181
-183
-184
-185
-186
-187
-188
-179
-199
-279
-289
-299
-379
-389
-399
-119
-139
-149
-159
-169
-489
-589
-689
-789
-889
-989
217
-211
-213
-214
-215
-216
-218
-219
-117
-137
-227
-237
-317
-327
-337
-247
-257
-267
-277
-287
-297
-417
-517
-617
-717
-817
-917
233
-231
-234
-235
-236
-238
-239
-113
-133
-223
-313
-323
-333
-243
-253
-263
-273
-283
-293
-433
-533
-633
-733
-833
-933
266
-261
-262
-264
-265
-268
-269
-146
-156
-166
-246
-256
-346
-356
-366
-226
-276
-286
-296
-466
-566
-666
-766
-866
-966
298
-291
-292
-294
-295
-178
-198
-278
-288
-378
-388
-398
-228
-248
-258
-498
-598
-698
-798
-898
-998
336
-331
-334
-335
-338
-339
-116
-136
-316
-326
-376
-386
-396
-436
-536
-636
-736
-836
-936
374
-371
-372
-373
-375
-377
-174
-194
-274
-284
-384
-394
-314
-324
-344
-354
-364
-474
-574
-674
-774
-874
-974
393
-391
-392
-395
-397
-173
-193
-383
-343
-353
-363
-493
-593
-693
-793
-893
-993
428
-421
-423
-424
-425
-426
-427
-429
-418
-438
-518
-528
-538
-618
-628
-638
-448
-458
-468
-478
-488
-328
-728
-828
-928
481
-482
-483
-484
-485
-486
-487
-471
-491
-571
-581
-591
-671
-681
-691
-411
-431
-441
-451
-461
-281
-381
-781
-881
-981
525
-521
-523
-524
-526
-527
-529
-415
-435
-515
-535
-615
-625
-635
-545
-555
-565
-575
-585
-595
-225
-325
-725
-825
-925
568
-561
-562
-563
-564
-567
-569
-548
-558
-648
-658
-668
-578
-588
-168
-368
-768
-868
-968
596
-592
-594
-597
-599
-476
-496
-576
-586
-676
-686
-696
-516
-546
-556
-196
176
-171
-175
-177
-776
-876
-976
-796
-896
-996
653
-651
-652
-654
-655
-656
-657
-659
-443
-453
-463
-543
-553
-643
-663
-613
-623
-673
-683
-153
-753
-853
-953
714
-711
-712
-713
-715
-716
-718
-719
-724
-734
-814
-824
-834
-914
-924
-934
-744
-754
-764
-784
-794
-114
-414
-514
-614
749
-741
-742
-743
-745
-746
-747
-748
-759
-769
-849
-859
-869
-949
-959
-969
-729
-739
-779
-799
-249
-349
-449
-549
-649
826
-821
-823
-827
-829
-726
-816
-916
-926
-846
-856
-886
-626
841
-842
-843
-844
-845
-847
-848
-751
-761
-851
-861
-941
-951
-961
-811
-831
-871
-891
-141
-241
-341
-541
-641
858
-852
-854
-855
-857
-758
-948
-958
-818
-838
-878
-888
-158
-358
862
-863
-864
-865
-867
-752
-762
-942
-952
-962
-812
-832
-872
-882
-892
-362
-462
-662
885
-883
-884
-887
-775
-785
-795
-875
-895
-975
-985
-995
894
-897
-899
-984
-994
-815
-835
-285
282
-272
-382
-242
-252
-582
-682
-782
-982
-385
387
-197
-347
-357
-367
-685
-587
-687
-787
-987
-494
-694
921
-923
-927
-929
-721
-731
-911
-931
-971
-991
-221
-321
329
-229
224
-134
-319
-244
245
-145
-155
-165
-255
-345
-355
-365
-254
-275
271
-191
195
-115
-135
315
-311
-318
-251
259
-359
-369
361
-151
-161
-351
352
-342
348
-148
-915
-621
723
-727
-813
819
-913
-839
837
-737
-937
-919
-939
-763
-773
-783
873
-877
-879
-973
-983
-419
-519
-619
-624
627
-629
-437
-537
-637
-647
-667
-677
-697
-445
-645
-945
551
-552
-554
-557
-559
-661
-511
-531
-452
-459
-771
791
-792
-797
-473
413
-412
-416
-513
512
-432
-532
-612
-632
616
-611
631
-634
-639
-542
-572
-646
111
-118
-131
138
-912
918
-738
-938
-978
-988
986
-786
788
-778
756
-755
-757
-946
-956
446
-442
-444
-447
642
-644
-456
-672
-692
-573
583
-584
684
-688
678
-675
-679
-664
475
-472
-477
-479
492
-495
-497
-499
-695
699
577
-579
-455
-465
665
-669
469
-464
-467
457
-454
544
-547
434
-439
-534
539
-144
-944
955
-954
-957
964
-963
-965
-967
943
-947
-765
767
735
-732
932
-935
772
-777
-972
-992
-143
147
163
-164
-167
154
-157
-977
979
997
-999
