145
-141
-142
-143
-144
-146
-147
-148
-149
-155
-165
-245
-255
-265
-345
-355
-365
-115
-125
-135
-175
-185
-195
-445
-545
-645
-745
-845
-945
187
-181
-182
-183
-184
-186
-188
-189
-177
-197
-277
-287
-297
-377
-387
-397
-117
-127
-137
-157
-167
-487
-587
-687
-787
-887
-987
216
-211
-212
-213
-214
-215
-217
-218
-219
-116
-126
-136
-226
-236
-316
-326
-336
-246
-256
-266
-276
-286
-296
-416
-516
-616
-716
-816
-916
252
-251
-253
-254
-257
-258
-259
-152
-162
-242
-262
-342
-352
-362
-222
-232
-272
-282
-292
-452
-552
-652
-752
-852
-952
381
-382
-383
-384
-385
-386
-388
-389
-171
-191
-271
-281
-291
-371
-391
-311
-321
-331
-341
-351
-361
-481
-581
-681
-781
-881
-981
413
-411
-412
-414
-415
-417
-418
-419
-423
-433
-513
-523
-533
-613
-623
-633
-443
-453
-463
-473
-483
-493
-113
-313
-713
-813
-913
432
-431
-434
-435
-436
-437
-438
-439
-422
-512
-522
-532
-612
-622
-632
-442
-462
-472
-482
-492
-132
-332
-732
-832
-932
476
-471
-474
-475
-477
-478
-479
-486
-496
-576
-586
-596
-676
-686
-696
-426
-446
-456
-466
-176
-376
-776
-876
-976
579
-571
-572
-573
-574
-575
-577
-578
-489
-499
-589
-599
-679
-689
-699
-519
-529
-539
-549
-559
-569
-179
-279
-379
-779
-879
-979
627
-621
-624
-625
-626
-628
-629
-427
-517
-527
-537
-617
-637
-647
-657
-667
-677
-697
-227
-327
-727
-827
-927
714
-711
-712
-715
-717
-718
-719
-724
-734
-814
-824
-834
-914
-924
-934
-744
-754
-764
-774
-784
-794
-114
-314
-514
-614
772
-771
-773
-775
-777
-778
-782
-792
-872
-882
-892
-972
-982
-992
-722
-742
-762
-172
-372
-672
793
-791
-795
-796
-797
-798
-799
-783
-873
-883
-893
-973
-983
-993
-723
-733
-743
-753
-763
-193
-293
-393
-593
-693
825
-821
-822
-823
-826
-828
-829
-725
-735
-815
-835
-915
-925
-935
-855
-865
-875
-885
-895
-225
-325
-425
-525
847
-841
-842
-843
-844
-846
-848
-849
-747
-757
-767
-857
-867
-947
-957
-967
737
-731
-736
-738
-739
-817
-837
-917
-937
-877
-897
317
-312
-315
-318
-319
-237
-337
-347
-357
-367
-247
267
-261
-263
-264
-268
-269
-447
-547
-467
-567
977
-971
-974
-975
-978
-997
861
-862
-863
-864
-866
-868
-869
-741
-751
-761
-851
-941
-951
-961
721
-726
-728
-729
-811
-831
-911
-921
-931
-871
-891
991
-994
-995
-996
-998
-999
812
-818
-819
-912
-922
-112
-121
-221
-421
-521
-161
-461
-561
-661
671
-673
-674
-675
-678
-491
-591
-691
-611
-631
-641
-651
948
-942
-943
-944
-946
-949
962
-963
-964
-965
-966
-968
-969
-748
-758
-768
-858
-958
788
-785
-786
-789
985
-984
-986
-988
-989
-878
874
-884
-894
-888
-898
-854
954
-953
-955
-956
-959
853
-856
-859
-833
838
-836
-839
-918
919
-928
-938
-929
-939
-119
-619
-138
-238
-338
-538
-638
-248
-348
-448
-548
-648
-153
-353
-553
-653
-154
-354
-454
-554
-654
-562
-662
-174
-274
-374
-285
-485
-585
-685
886
-889
-896
899
-288
-488
484
-494
-584
-594
-684
-694
-424
-444
-464
-284
-588
-688
289
-283
-199
-299
-399
-229
-239
-249
-111
118
-128
-228
-328
-158
-168
-178
173
-273
-373
-123
-133
-163
-198
511
-515
-518
-531
-541
-551
615
-618
-535
-635
-655
-665
-695
122
-124
-129
-322
-192
392
-394
-395
-396
-398
196
-194
294
-295
-298
-156
-166
-224
223
-233
-323
-333
-243
-234
-244
241
-151
159
-169
164
-344
-364
-349
-359
-369
131
-134
-139
-231
235
-335
-275
278
375
-378
-923
926
933
-936
-526
-441
449
451
-455
-457
-458
-459
557
-555
-556
-558
-469
-649
-659
-669
497
-495
-498
595
-592
-597
-598
698
-692
465
-468
-565
428
-429
-528
524
-534
536
-634
-636
639
-544
-564
-546
-566
568
-563
-658
656
-646
-666
-668
-324
329
334
-339
644
-642
-643
542
-543
663
-664
-582
583
682
-683
343
-346
-363
746
-749
-756
-766
755
-759
-765
769
-356
358
366
-368
