121
-122
-123
-124
-125
-126
-127
-128
-129
-111
-131
-211
-221
-231
-311
-321
-331
-141
-151
-161
-171
-181
-191
-421
-521
-621
-721
-821
-921
144
-142
-143
-145
-146
-147
-148
-149
-154
-164
-244
-254
-264
-344
-354
-364
-114
-134
-174
-184
-194
-444
-544
-644
-744
-844
-944
168
-162
-163
-165
-166
-167
-169
-158
-248
-258
-268
-348
-358
-368
-118
-138
-178
-188
-198
-468
-568
-668
-768
-868
-968
216
-212
-213
-214
-215
-217
-218
-219
-116
-136
-226
-236
-316
-326
-336
-246
-256
-266
-276
-286
-296
-416
-516
-616
-716
-816
-916
275
-271
-272
-273
-274
-277
-278
-279
-175
-185
-195
-285
-295
-375
-385
-395
-225
-235
-245
-255
-265
-475
-575
-675
-775
-875
-975
292
-291
-293
-294
-297
-298
-299
-172
-182
-192
-282
-372
-382
-392
-222
-232
-242
-252
-262
-492
-592
-692
-792
-892
-992
412
-411
-413
-414
-415
-417
-418
-419
-422
-432
-512
-522
-532
-612
-622
-632
-442
-452
-462
-472
-482
-112
-312
-712
-812
-912
456
-451
-453
-454
-455
-457
-458
-459
-446
-466
-546
-556
-566
-646
-656
-666
-426
-436
-476
-486
-496
-156
-356
-756
-856
-956
537
-531
-533
-534
-535
-536
-538
-539
-427
-437
-517
-527
-617
-627
-637
-547
-557
-567
-577
-587
-597
-137
-237
-337
-737
-837
-937
584
-581
-582
-583
-585
-586
-588
-589
-474
-484
-494
-574
-594
-674
-684
-694
-514
-524
-554
-564
-284
-384
-784
-884
-984
633
-631
-634
-635
-636
-638
-639
-423
-433
-513
-523
-613
-623
-643
-653
-663
-673
-683
-693
-133
-233
-333
-733
-833
-933
724
-722
-723
-725
-726
-727
-728
-729
-714
-734
-814
-824
-834
-914
-924
-934
-754
-764
-774
-794
-224
234
-238
-239
-314
-324
-334
614
-611
-615
-618
-619
-424
-434
-624
464
-461
-463
-465
-467
-469
-654
-664
-864
-964
788
-781
-782
-783
-785
-786
-787
-789
-778
-798
-878
-888
-898
-978
-988
-998
-718
-738
-748
-758
-288
228
-223
-227
-229
-318
-328
-338
-428
-528
-628
-828
-928
-388
-488
-688
852
-851
-853
-854
-855
-857
-858
-859
-742
-752
-762
-842
-862
-942
-952
-962
954
-951
-953
-955
-957
-958
-959
-822
-832
-872
-882
-974
-994
-152
132
-135
-139
-322
-332
922
-923
-925
-926
-927
-929
-732
-932
772
-771
-773
-776
-777
-779
-972
-982
-352
-552
-652
-572
-672
682
-681
-685
-686
-687
-689
-642
-662
877
-871
-873
-874
-876
-879
894
-891
-893
-895
-896
-897
-899
-797
-887
-977
-987
-997
-817
-827
-847
-867
327
-323
-325
-329
-117
-317
-347
-357
-367
-377
-387
-397
823
-825
-826
-829
-713
-813
-913
-843
-863
-883
374
-371
-373
-376
-378
-379
-394
398
-391
-393
-396
-399
-177
-477
-677
-498
-598
-698
911
-915
-917
-918
-919
-711
-731
-811
-831
-931
717
-715
-719
-747
-757
-767
-941
-961
-971
-981
-991
-511
431
-435
-438
-439
518
-515
-519
-441
-471
-481
-491
-548
-558
-578
-818
658
-651
-655
-657
-659
-448
-648
478
-473
-479
-678
949
-943
-945
-946
-947
-948
967
-963
-965
-966
-969
848
-841
-845
-846
-849
-749
-759
-769
-869
-838
938
-935
-936
-939
-979
-989
-999
-249
-349
-449
-549
-649
-267
-667
113
-115
-119
-313
-153
-173
-183
-193
155
-157
-159
-345
-355
-365
-555
-755
257
-251
-253
-259
-247
-287
176
-179
-186
-196
-386
-576
-676
-976
973
-793
-983
-993
-573
187
-189
-197
199
-289
-389
269
-261
-263
-359
-369
559
-551
-553
-569
-669
-529
-579
571
-591
-671
679
-691
-489
-499
-599
-699
429
-425
-629
-541
-561
-487
889
-881
-885
-886
791
-795
-796
-799
-741
-751
753
-743
-763
-761
861
-865
-866
739
-735
-736
836
-835
-839
815
-819
-315
319
335
-339
351
-353
-241
243
-341
-361
-343
-363
281
-283
-381
383
641
-645
-647
-661
665
-445
-545
-565
447
-443
-497
697
-695
-696
596
-593
-595
525
-526
-625
626
-543
542
-562
563
-342
346
362
-366
745
-746
-765
766
-483
485
493
-495
-985
986
995
-996
