122
-121
-123
-124
-125
-126
-127
-128
-129
-112
-132
-212
-222
-232
-312
-322
-332
-142
-152
-162
-172
-182
-192
-422
-522
-622
-722
-822
-922
143
-141
-144
-145
-146
-147
-148
-149
-153
-163
-243
-253
-263
-343
-353
-363
-113
-133
-173
-183
-193
-443
-543
-643
-743
-843
-943
158
-151
-154
-155
-156
-157
-159
-168
-248
-258
-268
-348
-358
-368
-118
-138
-178
-188
-198
-458
-558
-658
-758
-858
-958
166
-161
-164
-165
-167
-169
-246
-256
-266
-346
-356
-366
-116
-136
-176
-186
-196
-466
-566
-666
-766
-866
-966
187
-181
-184
-185
-189
-177
-197
-277
-287
-297
-377
-387
-397
-117
-137
-487
-587
-687
-787
-887
-987
278
-271
-272
-273
-274
-275
-276
-279
-288
-298
-378
-388
-398
-218
-228
-238
-478
-578
-678
-778
-878
-978
292
-291
-293
-294
-295
-296
-299
-282
-372
-382
-392
-242
-252
-262
-492
-592
-692
-792
-892
-992
318
-311
-313
-314
-315
-316
-317
-319
-328
-338
-418
-518
-618
-718
-818
-918
359
-351
-352
-354
-355
-357
-249
-259
-269
-349
-369
-329
-339
-379
-389
-399
-459
-559
-659
-759
-859
-959
412
-411
-413
-414
-415
-416
-417
-419
-432
-512
-532
-612
-632
-442
-452
-462
-472
-482
-712
-812
-912
446
-441
-444
-445
-447
-448
-449
-456
-546
-556
-646
-656
-426
-436
-476
-486
-496
-746
-846
-946
457
-451
-453
-454
-455
-467
-547
-557
-567
-647
-657
-667
-427
-437
-477
-497
-257
-757
-857
-957
481
-483
-484
-485
-488
-489
-471
-491
-571
-581
-591
-671
-681
-691
-421
-431
-461
-281
-381
-781
-881
-981
529
-521
-523
-524
-525
-526
-527
-528
-429
-439
-519
-539
-619
-629
-639
-549
-569
-579
-589
-599
-229
-729
-829
-929
535
-531
-533
-534
-536
-537
-538
-425
-435
-515
-615
-625
-635
-545
-555
-565
-575
-585
-595
-135
-235
-335
-735
-835
-935
574
-572
-573
-576
-577
-474
-494
-584
-594
-674
-684
-694
-514
-544
-554
-564
-174
-374
-774
-874
-974
586
-582
-583
-588
-596
-676
-686
-696
-516
-286
-386
-786
-886
-986
624
-621
-623
-626
-627
-628
-424
-434
-614
-634
464
-463
-465
-468
-469
-644
-654
-664
-224
-324
-724
-824
-924
-264
-364
-764
-864
-964
655
-651
-652
-653
-645
-665
-675
-685
-695
-255
-755
-855
-955
669
-661
-662
-663
-668
-649
-679
-689
-699
-769
-869
-969
756
-751
-752
-753
-754
-856
-956
-716
-726
-736
-776
-796
797
-791
-793
-794
-795
-798
-799
-777
-877
-897
-977
-997
-717
-727
-737
-747
-767
677
-672
-673
682
-683
-688
-597
-697
517
-511
-513
-617
-637
-642
-217
-817
-917
-782
-882
-982
814
-811
-813
-815
-816
-819
-714
-734
-834
-914
-934
-844
-854
-884
-894
-114
-214
831
-832
-833
-836
-837
-838
-839
-711
-721
-731
-821
-911
-921
-931
-841
-851
-861
-871
-891
-131
-231
-331
-631
611
-613
-616
636
-633
-638
-641
648
-548
-568
598
-593
-498
-698
693
-473
-493
-111
-211
-236
-336
-936
-748
-848
-948
-393
-893
-993
-898
-998
926
-923
-925
-927
-928
-826
-916
-976
-996
216
-213
-215
-219
-226
-326
941
-942
-944
-945
-947
-949
-741
-761
-951
-961
771
-772
-773
-775
-779
-971
-991
-241
-341
-541
542
-552
-562
-342
362
-361
-365
-367
-742
-842
-762
732
-733
-738
-739
-932
-862
-962
-171
191
-194
-195
-199
-371
-391
134
-139
-234
-334
321
-323
-325
-327
-221
953
-952
-954
852
-853
-763
-863
-963
744
-745
-749
849
-845
-847
-784
-872
972
-973
-975
-979
-879
-889
-899
-913
-933
-983
713
-715
-719
-723
-823
-783
789
-785
-788
-989
-999
-244
-344
254
-251
261
-265
-267
-284
551
-553
-561
563
-289
179
-175
115
-119
-225
239
-233
-237
-915
919
-939
-479
475
-495
499
-375
-875
968
-965
-967
867
-865
-868
765
-768
-725
728
825
-827
-828
937
-938
-885
-895
896
-876
873
-883
888
-988
227
-223
333
-337
283
-285
-373
376
-383
-396
245
-247
-345
347
423
-428
-433
438
985
-984
994
-995
384
-385
-394
395
