138
-131
-132
-133
-134
-135
-136
-137
-139
-118
-128
-218
-228
-238
-318
-328
-338
-148
-158
-168
-178
-188
-198
-438
-538
-638
-738
-838
-938
152
-151
-153
-154
-155
-156
-157
-159
-142
-162
-242
-252
-262
-342
-352
-362
-112
-122
-172
-182
-192
-452
-552
-652
-752
-852
-952
164
-161
-163
-165
-166
-167
-169
-144
-244
-254
-264
-344
-354
-364
-114
-124
-174
-184
-194
-464
-564
-664
-764
-864
-964
189
-181
-183
-185
-186
-187
-179
-199
-279
-289
-299
-379
-389
-399
-119
-129
-149
-489
-589
-689
-789
-889
-989
213
-211
-212
-214
-215
-216
-217
-219
-113
-123
-223
-233
-313
-323
-333
-243
-253
-263
-273
-283
-293
-413
-513
-613
-713
-813
-913
282
-281
-284
-285
-286
-287
-288
-272
-292
-372
-382
-392
-222
-232
-482
-582
-682
-782
-882
-982
359
-351
-353
-355
-356
-357
-358
-249
-259
-269
-349
-369
-319
-329
-339
-459
-559
-659
-759
-859
-959
373
-371
-374
-375
-376
-377
-378
-173
-193
-383
-393
143
-141
-145
-146
-147
-343
-363
-443
-543
-643
-743
-843
-943
-473
-573
-673
-773
-873
-973
386
-381
-384
-385
-387
-388
-176
-196
-276
-296
-396
-316
-326
-336
-346
-366
-486
-586
-686
-786
-886
-986
395
-391
-394
-397
-398
-175
-195
-275
-295
-315
-325
-335
-345
-365
-495
-595
-695
-795
-895
-995
415
-411
-412
-414
-416
-417
-418
-419
-425
-435
-515
-525
-535
-615
-625
-635
-445
-455
-465
-475
-485
-115
125
-121
-126
-127
-225
-235
116
-111
-117
-226
-236
-715
-815
-915
-516
-616
-716
-816
-916
-725
-825
-925
444
-441
-442
-446
-447
-448
-449
-454
-544
-554
-644
-654
-424
-434
-474
-484
-494
-744
-844
-944
547
-541
-542
-545
-546
-548
-549
-457
-467
-557
-567
-647
-657
-667
-517
-527
-537
-577
-587
-597
-247
-347
-747
-847
-947
568
-561
-562
-563
-565
-566
-569
-458
-468
-558
-648
-658
-668
-518
-528
-578
-588
-598
-268
-368
348
-341
-248
-258
-748
-848
-948
-768
-868
-968
612
-611
-614
-617
-618
-619
-422
-432
-512
-522
-532
-622
-632
-642
-662
462
-461
-463
-466
-469
-472
-492
-672
-692
-312
-712
-812
-912
-762
-862
-962
661
-663
-665
-666
-669
-451
-551
-641
-651
649
-645
-646
-621
-631
-671
-681
-691
-629
-639
-679
-699
-749
-849
-949
-261
-361
367
-257
-267
-317
-327
-337
-761
-861
-961
-767
-867
-967
693
-694
-696
-697
-698
-483
-493
-583
-593
-683
-623
-633
-653
-793
-893
-993
711
-714
-717
-718
-719
-721
-731
-811
-821
-831
-911
-921
-931
-741
-751
-771
-781
-791
-311
314
-224
-234
-324
-334
-511
-514
519
-429
-439
-529
-539
-579
-599
-814
-914
-819
-919
723
-722
-724
-726
-727
-728
-729
-733
-823
-833
-923
-933
-753
-763
-783
-423
-523
735
-732
-734
-736
-737
-739
-835
-935
-745
-755
-765
-775
-785
754
-756
-757
-758
-854
-954
-774
-784
-794
824
-822
-826
-827
-828
-829
-834
-924
-934
-874
-884
-894
-524
-624
899
-891
-892
-896
-897
-898
-779
-799
-879
-979
-999
769
-766
-869
-969
-839
479
-471
-476
-477
-478
-499
922
-926
-927
-928
-929
-832
-932
939
-936
-937
836
-837
-846
-856
-866
-876
-942
-972
-992
-322
321
-221
-231
-331
332
-421
-521
526
-426
-436
-536
-626
-636
-556
-576
-596
229
-227
237
-239
-277
-297
-437
-637
634
-534
-674
-684
945
-941
-946
-845
-855
-865
863
-853
-953
-963
-955
-965
966
-746
742
-842
841
-851
-951
-956
-772
-792
872
-871
-875
-877
-878
-881
-883
983
-981
-984
-985
-987
-988
885
-887
-888
-975
-976
-996
-241
251
-255
-256
-271
-291
-245
246
265
-266
-572
592
-591
-594
584
-581
-585
-574
481
-487
-488
-491
-571
575
-675
-685
-431
433
531
-533
-453
456
553
-555
655
-656
-496
676
-677
-678
-776
796
-797
-798
958
-957
857
-858
-817
818
917
-918
-977
-997
-978
-998
971
-974
-991
994
-171
177
191
-197
274
-278
-294
298
-777
778
787
-788
-687
688
497
-498
-427
428
627
-628
