134
-131
-132
-133
-135
-136
-137
-138
-139
-114
-124
-214
-224
-234
-314
-324
-334
-144
-154
-164
-174
-184
-194
-434
-534
-634
-734
-834
-934
146
-141
-142
-143
-145
-147
-148
-149
-156
-166
-246
-256
-266
-346
-356
-366
-116
-126
-176
-186
-196
-446
-546
-646
-746
-846
-946
182
-181
-183
-185
-187
-188
-189
-172
-192
-272
-282
-292
-372
-382
-392
-112
-122
-152
-162
-482
-582
-682
-782
-882
-982
219
-211
-212
-213
-215
-216
-217
-218
-119
-129
-229
-239
-319
-329
-339
-249
-259
-269
-279
-289
-299
-419
-519
-619
-719
-819
-919
276
-271
-273
-274
-275
-277
-278
-286
-296
-376
-386
-396
-226
-236
-476
-576
-676
-776
-876
-976
321
-322
-323
-325
-326
-327
-328
-111
-121
-221
-231
-311
-331
-341
-351
-361
-371
-381
-391
-421
-521
-621
-721
-821
-921
347
-342
-343
-344
-345
-348
-349
-157
-167
-247
-257
-267
-357
-367
-317
-337
-377
-387
-397
-447
-547
-647
-747
-847
-947
354
-352
-353
-355
-358
-359
-244
-254
-264
-364
-374
-384
-394
-454
-554
-654
-754
-854
-954
379
-373
-375
-378
-179
-199
-389
-399
-369
-479
-579
-679
-779
-879
-979
385
-383
-388
-175
-195
-285
-295
-395
-315
-335
-365
-485
-585
-685
-785
-885
-985
427
-422
-423
-424
-425
-426
-428
-429
-417
-437
-517
-527
-537
-617
-627
-637
-457
-467
-477
-487
-497
-127
-227
-727
-827
-927
435
-431
-432
-433
-436
-438
-439
-415
-515
-525
-535
-615
-625
-635
-445
-455
-465
-475
-495
-235
-735
-835
-935
463
-461
-462
-464
-466
-468
-469
-443
-453
-543
-553
-563
-643
-653
-663
-413
-473
-483
-493
-163
-263
-363
-763
-863
-963
569
-561
-562
-564
-565
-566
-567
-568
-449
-459
-549
-559
-649
-659
-669
-529
-539
-589
-599
-169
159
-151
-153
-155
-158
-759
-859
-959
-769
-869
-969
672
-671
-673
-674
-675
-677
-678
-472
-492
-572
-592
-692
-612
-622
-632
-642
-652
-662
-772
-872
-972
725
-722
-723
-724
-726
-728
-729
-715
-815
-825
-915
-925
-745
-755
-765
-775
-795
115
-113
-117
-118
-125
-225
237
-232
-233
-238
-165
-287
-297
-737
-837
-937
766
-761
-762
-764
-767
-768
-756
-856
-866
-956
-966
-716
-736
-786
-796
-666
818
-811
-812
-813
-814
-816
-817
-718
-738
-828
-838
-918
-928
-938
-848
-858
-868
-878
-888
-898
-318
-418
-518
-618
822
-823
-824
-826
-829
-712
-732
-832
-912
-922
-932
-842
-852
-862
-892
-222
-522
841
-843
-844
-845
-849
-741
-751
-851
-861
-941
-951
-961
-831
-871
-881
-891
-241
-441
-541
-641
877
-873
-874
-875
-777
-787
-797
-887
-897
-977
-987
-997
-857
-867
-177
197
-191
-193
-198
-577
-597
-697
943
-942
-944
-945
-948
-949
-743
-753
-853
855
-953
-865
864
-744
-964
-955
-965
749
-742
-748
-739
-789
-799
-884
-894
-895
-913
-923
-933
-973
-983
-993
-243
253
-251
-252
-255
-258
-223
228
-128
123
-313
-333
-338
-173
-283
-293
393
-398
-248
-268
-288
-298
178
-171
161
-168
-261
368
-362
-523
-623
-528
-628
-555
-655
-661
-664
-668
-968
-478
-578
-778
-978
-593
-693
-793
-893
974
-971
-975
-774
-784
-794
-984
-994
995
-991
-992
-996
-998
-999
792
-791
-798
-752
714
-711
-713
-717
-914
-924
917
-911
-916
757
-758
-957
-967
962
-952
958
788
-781
-783
-988
-414
-514
-614
-557
587
-581
-583
-584
-586
-588
-687
-657
667
-665
-458
-558
-658
-262
265
242
-245
-442
-542
-474
471
-481
-491
-571
-591
-681
-691
-411
-451
-771
773
981
-986
-989
-883
731
-733
-931
833
-836
-839
-531
-631
-533
-633
-573
683
-684
-686
-688
-689
513
-511
-512
-516
611
-613
-616
551
-552
-556
-651
656
452
-456
-412
416
532
-536
-538
-526
524
-624
-626
629
-636
638
-639
-486
-496
-544
-574
575
-595
-695
-594
-545
548
645
-644
-648
444
-448
-484
-494
694
-696
-698
-699
596
-598
312
-316
-332
336
926
-929
-936
939
-281
284
291
-294
886
-889
-896
899
-488
489
498
-499
