139
-131
-132
-133
-134
-135
-136
-137
-138
-119
-129
-219
-229
-239
-319
-329
-339
-149
-159
-169
-179
-189
-199
-439
-539
-639
-739
-839
-939
171
-172
-173
-174
-175
-176
-177
-178
-181
-191
-271
-281
-291
-371
-381
-391
-111
-121
-141
-151
-161
-471
-571
-671
-771
-871
-971
222
-221
-223
-224
-225
-226
-227
-228
-112
-122
-212
-232
-312
-322
-332
-242
-252
-262
-272
-282
-292
-422
-522
-622
-722
-822
-922
265
-261
-263
-264
-266
-267
-268
-269
-145
-155
-165
-245
-255
-345
-355
-365
-215
-235
-275
-285
-295
-465
-565
-665
-765
-865
-965
353
-351
-352
-354
-356
-357
-358
-359
-143
-153
-163
-243
-253
-343
-363
-313
-323
-333
-373
-383
-393
-453
-553
-653
-753
-853
-953
374
-372
-375
-376
-377
-378
-379
-184
-194
-274
-284
-294
-384
-394
-314
-324
-334
-344
-364
-474
-574
-674
-774
-874
-974
413
-411
-412
-414
-415
-416
-417
-418
-419
-423
-433
-513
-523
-533
-613
-623
-633
-443
-463
-473
-483
-493
-113
-213
-713
-813
-913
458
-451
-452
-454
-455
-456
-457
-459
-448
-468
-548
-558
-568
-648
-658
-668
-428
-438
-478
-488
-498
-158
-258
-758
-858
-958
485
-481
-482
-484
-486
-487
-489
-475
-495
-575
-585
-595
-675
-685
-695
-425
-435
-445
-185
-385
-785
-885
-985
582
-581
-583
-584
-586
-587
-588
-589
-472
-492
-572
-592
-672
-682
-692
-512
-532
-542
-552
-562
-182
-382
-782
-882
-982
697
-691
-693
-694
-696
-698
-699
-477
-497
-577
-597
-677
-687
-617
-627
-637
-647
-657
-667
-197
-297
-397
-797
-897
-997
711
-712
-714
-715
-716
-717
-718
-719
-721
-731
-811
-821
-831
-911
-921
-931
-741
-751
-761
-781
-791
-211
-311
-511
-611
773
-772
-775
-776
-777
-778
-779
-783
-793
-873
-883
-893
-973
-983
-993
-723
-733
-743
-763
-273
-573
-673
786
-784
-787
-788
-789
-796
-876
-886
-896
-976
-986
-996
-726
-736
-746
-756
-766
-186
-286
-386
-686
842
-841
-843
-844
-845
-846
-847
-848
-849
-742
-752
-762
-852
-862
-942
-952
-962
-812
-832
-872
-892
-142
-342
-442
-642
972
-975
-977
-978
-979
-792
-992
732
-734
-735
-737
-738
-912
-932
612
-614
-615
-616
-618
-619
-432
-632
462
-461
-464
-466
-467
-469
-652
-662
152
-154
-156
-157
-162
-362
-192
392
-395
-396
-398
-399
195
-193
-196
-198
-115
-125
875
-877
-878
-879
-795
-895
-995
-815
-825
-835
-855
277
-276
-278
-279
296
-293
-298
-299
-187
-287
-387
-216
-236
-246
-256
-217
-237
-247
-257
593
-591
-594
-596
-598
-599
-683
-543
-563
-496
867
-861
-863
-864
-866
-868
-869
-747
-757
-767
-857
-947
-957
-967
727
-724
-725
-728
-729
-817
-827
-837
-917
-927
-937
-887
987
-981
-984
-988
-989
-127
-327
-427
-527
557
-551
-554
-555
-556
-559
-447
-547
-567
437
-431
-434
-436
-517
-537
-337
-167
-367
944
-941
-943
-945
-946
-948
-949
963
-961
-964
-966
-968
-969
-744
-754
-764
-854
-954
794
-798
-799
-884
-894
-994
-923
-933
-914
-924
-934
643
-641
-644
-645
-646
-649
-663
-144
-244
-444
-544
684
-681
-688
-689
491
-494
-499
-421
-441
424
-426
-429
-514
-524
-534
-624
-634
564
-561
-566
-569
-654
-664
-124
-824
254
-251
-259
-164
114
-116
-117
-118
-214
218
-234
317
-315
-316
-318
-128
-238
-328
-338
147
-146
-148
-347
-248
-288
-814
834
-833
-836
-838
823
-826
-828
-829
-518
-818
-918
-123
126
233
-231
-326
-336
183
-188
-283
289
388
-389
-166
168
-348
-368
241
-249
-341
-361
-526
-626
-926
-541
748
-745
-749
-768
769
-759
755
-955
-859
-959
545
-546
-549
-655
-515
-525
-535
915
-916
-919
-925
-935
659
-651
-656
661
-666
-669
446
-449
-476
479
-579
-679
-621
-631
-629
-346
349
366
-369
881
-888
-889
-891
-991
-851
856
951
-956
-816
819
936
-938
928
-929
898
-899
-998
999
516
-519
-536
-636
529
-521
-528
531
-538
-576
578
676
-678
321
-325
-331
335
625
-628
-635
638
