133
-131
-132
-134
-135
-136
-137
-138
-139
-113
-123
-213
-223
-233
-313
-323
-333
-143
-153
-163
-173
-183
-193
-433
-533
-633
-733
-833
-933
177
-171
-172
-174
-175
-176
-178
-179
-187
-197
-277
-287
-297
-377
-387
-397
-117
-127
-147
-157
-167
-477
-577
-677
-777
-877
-977
185
-181
-182
-184
-186
-188
-189
-195
-275
-285
-295
-375
-385
-395
-115
-125
-145
-155
-165
-485
-585
-685
-785
-885
-985
242
-241
-243
-244
-245
-246
-247
-248
-249
-142
-152
-162
-252
-262
-342
-352
-362
-212
-222
-232
-272
-282
-292
-442
-542
-642
-742
-842
-942
269
-261
-263
-264
-265
-266
-267
-268
-149
-159
-169
-259
-349
-359
-369
-219
-229
-239
-279
-289
-299
-469
-569
-669
-769
-869
-969
281
-283
-284
-286
-288
-191
-271
-291
-371
-381
-391
-211
-221
-231
-251
-481
-581
-681
-781
-881
-981
296
-293
-294
-298
-196
-276
-376
-386
-396
-216
-226
-236
-256
-496
-596
-696
-796
-896
-996
351
-353
-354
-355
-356
-357
-358
-141
-151
-161
-341
-361
-311
-321
-331
-451
-551
-651
-751
-851
-951
378
-372
-373
-374
-379
-198
-278
-388
-398
-318
-328
-338
-348
-368
-478
-578
-678
-778
-878
-978
416
-411
-412
-413
-414
-415
-417
-418
-419
-426
-436
-516
-526
-536
-616
-626
-636
-446
-456
-466
-476
-486
-116
-316
-716
-816
-916
428
-421
-422
-423
-424
-425
-427
-429
-438
-518
-528
-538
-618
-628
-638
-448
-458
-468
-488
-498
-128
-228
-728
-828
-928
457
-452
-453
-454
-455
-459
-447
-467
-547
-557
-567
-647
-657
-667
-437
-487
-497
-257
-757
-857
-957
545
-541
-543
-544
-546
-548
-549
-445
-465
-555
-565
-645
-655
-665
-515
-525
-535
-575
-595
-345
-745
-845
-945
566
-561
-562
-563
-564
-568
-556
-646
-656
-666
-576
-586
-166
-366
-766
-866
-966
571
-572
-573
-574
-579
-471
-491
-591
-671
-691
-511
-521
-531
-771
-871
-971
654
-652
-653
-658
-659
-444
-464
-554
-644
-664
-614
-624
-634
-674
-684
-694
-154
-254
-754
-854
-954
687
-682
-683
-686
-688
-689
676
-672
-673
-675
-679
-587
-597
-697
-617
-627
-637
-776
-876
-976
-787
-887
-987
693
-692
-695
-698
-699
-473
-483
-493
-583
-593
-613
-623
-643
-663
-393
-793
-893
-993
738
-731
-732
-734
-735
-736
-737
-739
-718
-818
-838
-918
-938
-748
-758
-768
-788
-798
-238
759
-752
-753
-755
-756
-749
-849
-859
-949
-959
-719
-729
-779
-789
-799
-559
815
-811
-812
-813
-814
-817
-819
-715
-725
-825
-835
-915
-925
-935
-855
-865
-875
-895
-215
-315
-615
823
-821
-822
-824
-826
-827
-829
-713
-723
-913
-923
-843
-853
-863
-873
-883
513
-512
-514
-517
-519
-523
-553
844
-841
-846
-847
-848
-744
-764
-864
-944
-964
-834
-874
-884
-894
-144
-344
867
-861
-862
-868
-747
-767
-947
-967
-837
-897
347
-343
-346
-367
-317
-327
-337
924
-921
-922
-926
-927
-929
-714
-724
-914
-934
-974
-984
-994
-124
-224
-324
-524
936
-931
-932
-937
-939
-726
-836
-946
-956
-986
-336
326
-322
-325
-329
-126
972
-973
-975
-979
-772
-782
-792
-872
879
-882
-892
-982
-992
-889
-899
-989
-999
-839
919
-911
-912
-917
-952
-962
997
-991
-995
-998
-797
-119
-319
-619
-472
-479
111
-112
-114
-118
-121
218
-214
-217
-258
-611
612
-432
-522
-532
-622
-632
-662
-711
-312
314
-234
-334
274
-273
383
-382
-384
-389
-194
-394
164
-168
-364
253
-255
-363
365
-335
-712
717
-727
-953
955
-958
-765
-965
773
-774
-775
-783
-983
988
795
-791
-794
891
-898
784
-786
886
-888
-743
-763
746
-741
-856
-831
832
721
-722
-761
762
-852
858
-948
-968
-621
122
-129
-332
339
-192
199
392
-399
-439
-539
-639
-146
148
156
-158
-648
668
-661
-558
552
-462
-582
-592
-474
475
-495
-435
482
-484
-489
-492
-584
-588
589
598
-594
-599
494
-499
-434
431
-631
635
534
-537
-625
629
527
-529
-441
-461
463
641
-649
-443
449
225
-227
-235
237
-941
943
961
-963
