137
-131
-132
-133
-134
-135
-136
-138
-139
-117
-127
-217
-227
-237
-317
-327
-337
-147
-157
-167
-177
-187
-197
-437
-537
-637
-737
-837
-937
178
-171
-172
-173
-174
-175
-176
-179
-188
-198
-278
-288
-298
-378
-388
-398
-118
-128
-148
-158
-168
-478
-578
-678
-778
-878
-978
229
-221
-222
-223
-224
-225
-226
-228
-119
-129
-219
-239
-319
-329
-339
-249
-259
-269
-279
-289
-299
-429
-529
-629
-729
-829
-929
243
-241
-242
-244
-245
-246
-247
-248
-143
-153
-163
-253
-263
-343
-353
-363
-213
-233
-273
-283
-293
-443
-543
-643
-743
-843
-943
282
-281
-284
-285
-286
-287
-182
-192
-272
-292
-372
-382
-392
-212
-232
-252
-262
-482
-582
-682
-782
-882
-982
344
-341
-342
-345
-346
-347
-348
-349
-144
-154
-164
-254
-264
-354
-364
-314
-324
-334
-374
-384
-394
-444
-544
-644
-744
-844
-944
371
-373
-375
-376
-377
-379
-181
-191
-271
-291
-381
-391
-311
-321
-331
-351
-361
-471
-571
-671
-771
-871
-971
383
-385
-386
-387
-389
-183
-193
-393
-313
-323
-333
-483
-583
-683
-783
-883
-983
431
-432
-433
-434
-435
-436
-438
-439
-411
-421
-511
-521
-531
-611
-621
-631
-441
-451
-461
-481
-491
-231
-731
-831
-931
459
-452
-453
-454
-455
-456
-457
-458
-449
-469
-549
-559
-569
-649
-659
-669
-419
-479
-489
-499
-159
-359
-759
-859
-959
465
-462
-463
-464
-466
-467
-468
-445
-545
-555
-565
-645
-655
-665
-415
-425
-475
-485
-495
-165
-265
-365
-765
-865
-965
473
-472
-474
-476
-477
-493
-573
-593
-673
-693
-413
-423
-773
-873
-973
519
-512
-513
-514
-515
-516
-517
-518
-539
-619
-639
-579
-589
-599
-719
-819
-919
525
-522
-523
-524
-526
-527
-528
-535
-615
-625
-635
-575
-585
-595
-125
-325
-725
-825
-925
548
-541
-542
-546
-547
-448
-558
-568
-648
-658
-668
-538
-588
-598
-748
-848
-948
562
-561
-563
-564
-566
-567
-442
-552
-642
-652
-662
-532
-572
-592
-162
-362
-762
-862
-962
587
-581
-584
-586
-487
-497
-577
-597
-677
-687
-697
-557
-787
-887
-987
591
-594
-596
-681
-691
-551
-791
-891
-991
632
-633
-634
-636
-638
-412
-422
-612
-622
492
-494
-496
-498
-672
-692
-332
-732
-832
-932
-792
-892
-992
641
-646
-647
-651
-661
-141
-741
-841
-941
653
-654
-656
-657
-553
-663
533
-534
-536
-613
-623
-733
-833
-933
-753
-853
-953
674
-675
-676
-679
-484
-574
576
-684
-694
-486
488
-686
-696
-688
-698
-418
-428
554
-556
-664
-614
-624
-754
-854
-954
-274
-774
-874
-974
-276
-776
-876
-976
-788
-888
-988
721
-722
-723
-724
-726
-727
-728
-711
-811
-821
-911
-921
-751
-761
-781
-121
735
-734
-736
-738
-739
-715
-815
-835
-915
-935
-745
-755
-775
-785
-795
-235
-335
764
-763
-766
-767
-768
-769
-864
-964
-714
-784
-794
828
-822
-823
-824
-826
-827
-718
-818
-838
-918
-928
-938
-858
-868
-898
-328
-628
618
-616
-617
-218
-318
867
-861
-863
-866
-869
963
-961
-966
-967
-968
-969
-747
-757
-847
-857
-947
-957
-817
-877
-897
-913
-923
-993
123
-122
-124
-126
-113
447
-446
666
-667
-417
-427
627
-626
-927
-166
-266
-366
-267
-367
881
-884
-885
-886
-889
-981
-851
951
-952
-955
-956
-958
758
-752
-756
-798
998
-994
-995
-996
-997
-999
-151
-251
-258
-358
936
-934
-939
-716
-816
-836
-916
-926
839
-834
-849
-879
-899
-946
-986
234
-236
-238
-114
-214
338
-336
-294
268
-261
161
-169
-368
369
-149
-111
211
-215
-216
-399
975
-972
-977
-979
-875
872
-772
-895
-985
-812
-842
-852
-945
917
-912
-914
-717
-275
277
-297
-397
-257
357
-352
-355
-356
152
-155
-156
-142
-112
-777
779
797
-793
-796
-799
893
-894
-896
984
-989
786
-789
713
-712
922
-924
-813
814
742
-746
-749
-942
949
312
-315
-316
-322
326
115
-116
-145
146
255
-256
-185
-195
-186
-196
-295
296
395
-396
-414
416
424
-426
845
-846
-855
856
-184
189
194
-199
685
-689
-695
699
