121
-122
-123
-124
-125
-126
-127
-128
-129
-111
-131
-211
-221
-231
-311
-321
-331
-141
-151
-161
-171
-181
-191
-421
-521
-621
-721
-821
-921
134
-132
-133
-135
-136
-137
-138
-139
-114
-214
-224
-234
-314
-324
-334
-144
-154
-164
-174
-184
-194
-434
-534
-634
-734
-834
-934
216
-212
-213
-215
-217
-218
-219
-116
-226
-236
-316
-326
-336
-246
-256
-266
-276
-286
-296
-416
-516
-616
-716
-816
-916
241
-242
-243
-244
-245
-247
-248
-249
-251
-261
-341
-351
-361
-271
-281
-291
-441
-541
-641
-741
-841
-941
252
-253
-254
-255
-257
-258
-259
-142
-152
-162
-262
-342
-352
-362
-222
-232
-272
-282
-292
-452
-552
-652
-752
-852
-952
277
-273
-274
-275
-278
-279
-177
-187
-197
-287
-297
-377
-387
-397
-227
-237
-267
-477
-577
-677
-777
-877
-977
299
-293
-294
-295
-298
-179
-189
-199
-289
-379
-389
-399
-229
-239
-269
-499
-599
-699
-799
-899
-999
317
-312
-313
-315
-318
-319
-117
-327
-337
-347
-357
-367
-417
-517
-617
-717
-817
-917
335
-332
-333
-338
-339
-115
-225
-235
-325
-345
-355
-365
-375
-385
-395
-435
-535
-635
-735
-835
-935
376
-371
-372
-373
-374
-378
-176
-186
-196
-386
-396
-346
-356
-366
-476
-576
-676
-776
-876
-976
392
-391
-393
-394
-398
381
-382
-383
-384
-388
-172
-182
-192
284
-283
-285
-288
112
-113
-118
-119
-322
329
-323
-328
-264
265
-263
-268
-145
-155
-165
-349
-359
-369
-412
-512
-612
-712
-812
-912
-429
-529
-629
-729
-829
-929
-465
-565
-665
-765
-865
-965
-481
-581
-681
-781
-881
-981
-484
-584
-684
-784
-884
-984
-492
-592
-692
-792
-892
-992
466
-461
-462
-463
-464
-467
-468
-469
-446
-456
-546
-556
-566
-646
-656
-666
-426
-436
-486
-496
-166
-766
-866
-966
531
-532
-533
-536
-537
-538
-539
-411
-431
-511
-611
-631
-551
-561
-571
-591
-731
-831
-931
548
-542
-543
-544
-545
-547
-549
-448
-458
-558
-568
-648
-658
-668
-518
-528
-578
-588
-598
-148
-348
-748
-848
-948
563
-562
-564
-567
-569
-443
-453
-553
-643
-653
-663
-513
-523
-573
-583
-593
-163
-363
-763
-863
-963
579
-572
-574
-575
-479
-489
-589
-679
-689
-519
-559
-779
-879
-979
649
-642
-644
-645
-647
-449
-459
-659
-669
-619
-639
-149
-749
-849
-949
651
-654
-655
-657
-451
-661
-671
-691
-751
-851
-951
711
-713
-714
-715
-718
-719
-811
-911
-761
-771
-791
739
-732
-733
-736
-737
-738
-819
-839
-919
-939
-759
-769
-789
419
-413
-414
-415
-418
-439
773
-772
-774
-775
-778
-783
-793
-873
-883
-893
-973
-983
-993
-723
-743
-753
-173
-473
-673
794
-795
-796
-797
-798
-874
-894
-974
-994
-724
-744
-754
-764
-494
-594
-694
813
-814
-815
-818
-823
-833
-913
-923
-933
-843
-853
-613
837
-832
-836
-838
-727
-827
-927
-937
-847
-857
-867
-887
-897
-437
-637
854
-855
-856
-858
-859
-844
-864
-944
-954
-964
-824
-354
-454
-554
869
-861
-862
-868
961
-962
-967
-968
-969
-959
-889
989
-982
-985
-986
-987
-988
-971
-991
159
-153
-156
-157
-158
146
-143
-147
167
-168
-169
-746
-846
-946
-667
-767
896
-891
-895
-898
871
-872
-875
-878
-786
-886
-996
-826
-471
491
-493
-495
-497
-498
-596
-696
978
-972
-975
-788
-888
-998
828
-822
-825
-728
-918
-928
-938
-958
618
-614
-615
-428
-438
-628
-638
-678
-688
-698
-228
223
-233
238
-423
-623
-178
175
-185
-195
-475
-675
-478
488
-482
-483
-485
-487
433
-432
-633
-188
183
-193
198
-683
693
-695
-697
-343
344
353
-358
-364
368
943
-942
-945
-947
-953
-444
664
-662
442
-445
-447
-422
-472
474
-674
672
-582
-682
-424
522
-524
-525
-526
-527
-622
-632
636
-626
514
-515
-624
586
-585
-587
-686
-914
915
924
-922
-925
-926
-725
932
-936
-722
726
-756
956
-955
-957
-995
997
-787
-742
-842
845
762
-768
-745
747
-755
-757
758
-782
785
882
-885
-685
687
595
-597
-555
557
455
-457
-425
427
625
-627
