134
-131
-132
-133
-135
-136
-137
-138
-139
-114
-124
-214
-224
-234
-314
-324
-334
-144
-154
-164
-174
-184
-194
-434
-534
-634
-734
-834
-934
151
-152
-153
-155
-156
-157
-158
-159
-141
-161
-241
-251
-261
-341
-351
-361
-111
-121
-171
-181
-191
-451
-551
-651
-751
-851
-951
167
-162
-163
-165
-166
-168
-169
-147
-247
-257
-267
-347
-357
-367
-117
-127
-177
-187
-197
-467
-567
-667
-767
-867
-967
226
-221
-222
-223
-225
-227
-228
-229
-116
-126
-216
-236
-316
-326
-336
-246
-256
-266
-276
-286
-296
-426
-526
-626
-726
-826
-926
239
-231
-232
-233
-235
-237
-238
-119
-129
-219
-319
-329
-339
-249
-259
-269
-279
-289
-299
-439
-539
-639
-739
-839
-939
322
-321
-323
-325
-327
-328
-112
-122
-212
-312
-332
-342
-352
-362
-372
-382
-392
-422
-522
-622
-722
-822
-922
348
-343
-344
-345
-346
-349
-148
-248
-258
-268
-358
-368
-318
-338
-378
-388
-398
-448
-548
-648
-748
-848
-948
364
-363
-365
-366
-369
-244
-254
-264
-354
-374
-384
-394
-464
-564
-664
-764
-864
-964
427
-421
-423
-424
-425
-428
-429
-417
-437
-517
-527
-537
-617
-627
-637
-447
-457
-477
-487
-497
-727
-827
-927
466
-461
-462
-463
-465
-468
-469
-446
-456
-546
-556
-566
-646
-656
-666
-416
-436
-476
-486
-496
-766
-866
-966
479
-471
-472
-473
-474
-475
-478
-489
-499
-579
-589
-599
-679
-689
-699
-419
-449
-459
-179
-379
-779
-879
-979
511
-512
-513
-514
-515
-516
-518
-519
-411
-431
-521
-531
-611
-621
-631
-541
-561
-571
-581
-591
-211
-311
331
-333
-335
-337
-371
-381
-391
-711
-811
-911
-731
-831
-931
532
-533
-535
-536
-538
-412
-432
-612
-632
-542
-552
-562
-572
-582
-592
-732
-832
-932
573
-574
-575
-576
-577
-578
-483
-493
-583
-593
-673
-683
-693
-523
-543
-553
-563
-173
-273
-373
-773
-873
-973
596
-594
-595
-597
-598
-586
-676
-686
-696
-196
-396
-796
-896
-996
633
-635
-636
-638
-413
-433
-613
-623
616
-614
-615
-618
-619
-643
-653
-663
-716
-816
-916
-733
-833
-933
645
-641
-642
-644
-647
-649
-445
-455
-545
-555
-565
-655
-665
-625
-675
-685
-695
-145
-245
-745
-845
-945
687
-681
-682
-684
-688
-587
-677
-697
-657
-287
-387
-787
-887
-987
749
-741
-742
-743
-744
-746
-747
-759
-769
-849
-859
-869
-949
-959
-969
-719
-729
-789
-799
-149
359
-353
-355
-356
146
-142
-143
-176
-186
-389
-399
-846
-946
-549
-559
-659
761
-762
-763
-765
-768
-841
-861
-941
-961
-721
-771
-781
-791
441
-442
-443
-444
-661
453
-452
-454
-458
-481
-491
-253
-753
-853
-953
782
-783
-784
-785
-786
-788
-772
-792
-872
-882
-892
-972
-982
-992
-712
-752
-182
-282
-482
492
-494
-495
-498
-672
-692
-192
172
-175
-178
-272
-292
871
-874
-875
-876
-877
-878
-881
-891
-971
-981
-991
-821
921
-923
-924
-925
-928
-929
-271
-671
691
-694
-698
281
-283
-284
-285
-288
-291
884
-883
-885
-886
-888
-889
-774
-794
-894
-974
-984
-994
-814
-824
-844
-854
-484
414
-415
-418
-524
-624
-714
-914
724
-723
-725
-728
-754
-584
674
-678
-654
-274
294
-293
-295
-297
-298
944
-942
-943
-947
-954
-544
547
554
-557
-558
-847
955
-952
-956
-957
-958
-755
-855
-865
-965
-915
-935
-975
-985
-995
-255
252
-242
243
-262
-263
265
-213
-215
-275
842
-843
-852
-862
-962
-812
912
-913
-917
-918
-919
819
-813
-815
-817
-818
-829
-899
-652
658
662
-668
-669
-568
569
-529
629
-628
-758
-858
978
-976
-977
-778
-798
-898
-988
-998
-938
-968
963
-863
868
-828
-838
-983
-993
-278
277
-377
-397
-217
218
317
-313
-315
-118
-128
-717
-718
738
-735
-736
-737
528
-525
435
-438
-485
488
585
-588
-835
-777
-185
-385
-188
198
-193
-195
-199
189
-183
383
-386
-393
395
-375
376
775
-776
-795
-895
986
-989
999
-997
-715
713
-823
825
-793
797
893
-897
756
-757
-856
857
836
-837
-936
937
-113
115
123
-125
