123
-121
-122
-124
-125
-126
-127
-128
-129
-113
-133
-213
-223
-233
-313
-323
-333
-143
-153
-163
-173
-183
-193
-423
-523
-623
-723
-823
-923
139
-131
-132
-134
-135
-136
-137
-138
-119
-219
-229
-239
-319
-329
-339
-149
-159
-169
-179
-189
-199
-439
-539
-639
-739
-839
-939
146
-141
-142
-144
-145
-147
-148
-156
-166
-246
-256
-266
-346
-356
-366
-116
-176
-186
-196
-446
-546
-646
-746
-846
-946
158
-151
-152
-154
-155
-157
-168
-248
-258
-268
-348
-358
-368
-118
-178
-188
-198
-458
-558
-658
-758
-858
-958
177
-171
-172
-174
-175
-187
-197
-277
-287
-297
-377
-387
-397
-117
-167
-477
-577
-677
-777
-877
-977
212
-211
-214
-215
-216
-217
-218
-112
-222
-232
-312
-322
-332
-242
-252
-262
-272
-282
-292
-412
-512
-612
-712
-812
-912
225
-221
-224
-226
-227
-228
-115
-235
-315
-325
-335
-245
-255
-265
-275
-285
-295
-425
-525
-625
-725
-825
-925
249
-241
-243
-244
-247
-259
-269
-349
-359
-369
-279
-289
-299
-449
-549
-649
-749
-849
-949
436
-431
-432
-433
-434
-435
-437
-438
-416
-426
-516
-526
-536
-616
-626
-636
-456
-466
-476
-486
-496
-236
-336
-736
-836
-936
462
-461
-463
-464
-465
-467
-468
-469
-442
-452
-542
-552
-562
-642
-652
-662
-422
-472
-482
-492
-162
-362
-762
-862
-962
474
-471
-473
-475
-478
-479
-484
-494
-574
-584
-594
-674
-684
-694
-414
-424
-444
-454
-274
-374
-774
-874
-974
524
-521
-522
-527
-528
-529
-514
-534
-614
-624
-634
-544
-554
-564
-324
-724
-824
-924
538
-531
-532
-533
-535
-537
-418
-428
-518
-618
-628
-638
-548
-568
-578
-588
-598
-238
-338
-738
-838
-938
593
-591
-592
-595
-596
-597
-599
-483
-493
-573
-583
-673
-683
-693
-513
-543
-553
-563
-293
-393
-793
-893
-993
689
-681
-682
-685
-686
-687
-688
-489
-499
-579
-589
-679
-699
-619
-629
-659
-669
-389
-789
-889
-989
735
-731
-732
-733
-734
-737
-715
-815
-835
-915
-935
-745
-755
-765
-775
-785
-795
-635
747
-741
-742
-743
-744
-748
-757
-767
-847
-857
-867
-947
-957
-967
-717
-727
-787
-797
-347
-447
-547
-647
768
-761
-763
-764
-766
-769
-848
-868
-948
-968
-718
-728
-778
-788
-798
-668
779
-771
-772
-773
-776
-799
-879
-899
-979
-999
-719
-729
-759
-379
399
-391
-392
-394
-395
-396
-398
784
-781
-782
-783
-786
-794
-884
-894
-984
-994
-714
-754
-184
-284
-384
841
-842
-843
-844
-845
-751
-851
-861
-941
-951
-961
-811
-821
-831
-871
-881
-891
-341
-441
-541
545
-445
-455
-555
-565
-645
-655
-665
-515
-575
-585
-641
-345
-945
853
-852
-854
-855
-856
-859
-753
-863
-943
-953
-963
713
-711
-716
-813
-833
-913
-933
-873
-883
-413
-613
633
-631
-632
-637
622
-621
-627
-672
-692
-643
-653
-663
-722
-822
-922
-253
-353
-453
443
-448
648
-644
-678
-698
-343
885
-882
-886
-887
-888
-875
-895
-975
-985
-995
-865
-185
-385
-485
959
-952
-954
-955
-956
965
-964
-966
-969
-869
-919
-929
355
-351
-352
-354
-357
342
-344
-165
-365
195
-191
-192
-194
294
-291
-296
-298
-375
182
-181
-372
-382
-234
-254
-264
-942
944
752
-756
-864
866
-792
-816
-826
-876
-896
-914
-934
654
-651
-656
-657
-664
556
-551
-557
-559
-566
-666
-576
-586
-459
569
-561
-567
-519
675
-671
-676
-495
-695
696
-691
-697
415
-411
-417
-419
-615
429
-421
-427
819
-814
-817
-818
834
-832
-837
932
-931
-937
-829
-972
-982
-992
-334
-582
572
-571
-872
878
892
-897
-898
-978
-988
-998
827
-828
-917
-927
-327
-278
288
-281
-283
-286
-378
-388
276
-271
-273
-376
-386
263
-261
-267
-363
-976
986
-981
-983
-987
973
-971
-796
791
-991
-996
997
-721
726
-916
-926
316
-311
-314
-317
-318
114
-111
-326
328
-321
161
-164
-251
257
-361
364
-367
231
-237
-331
337
918
-911
921
-928
451
-457
-661
667
-481
-491
581
-587
-511
517
611
-617
371
-373
-381
383
487
-488
-497
498
