174
-171
-172
-173
-175
-176
-177
-178
-179
-184
-194
-274
-284
-294
-374
-384
-394
-114
-124
-134
-144
-154
-164
-474
-574
-674
-774
-874
-974
216
-211
-212
-213
-214
-215
-217
-218
-219
-116
-126
-136
-226
-236
-316
-326
-336
-246
-256
-266
-276
-286
-296
-416
-516
-616
-716
-816
-916
265
-261
-262
-263
-264
-267
-268
-269
-145
-155
-165
-245
-255
-345
-355
-365
-225
-235
-275
-285
-295
-465
-565
-665
-765
-865
-965
272
-271
-273
-277
-278
-279
-182
-192
-282
-292
-372
-382
-392
-222
-232
-242
-252
-472
-572
-672
-772
-872
-972
289
-281
-283
-287
-288
-189
-199
-299
-379
-389
-399
-229
-239
-249
-259
-489
-589
-689
-789
-889
-989
358
-351
-352
-353
-354
-356
-357
-359
-148
-158
-168
-248
-258
-348
-368
-318
-328
-338
-378
-388
-398
-458
-558
-658
-758
-858
-958
369
-361
-362
-363
-364
-366
-367
-149
-159
-169
-349
-319
-329
-339
-469
-569
-669
-769
-869
-969
381
-383
-385
-386
-387
-181
-191
-291
-371
-391
-311
-321
-331
-341
-481
-581
-681
-781
-881
-981
415
-411
-412
-413
-414
-417
-418
-419
-425
-435
-515
-525
-535
-615
-625
-635
-445
-455
-475
-485
-495
-115
-315
-715
-815
-915
467
-461
-462
-463
-464
-466
-468
-447
-457
-547
-557
-567
-647
-657
-667
-427
-437
-477
-487
-497
-167
-767
-867
-967
482
-483
-484
-486
-488
-492
-582
-592
-682
-692
-422
-432
-442
-452
-782
-882
-982
491
-493
-494
-496
-498
-499
-471
-571
-591
-671
-691
-421
-431
-441
-451
-791
-891
-991
519
-511
-512
-513
-514
-517
-518
-429
-439
-529
-539
-619
-629
-639
-549
-559
-579
-599
-119
-719
-819
-919
548
-541
-542
-543
-544
-545
-546
-448
-568
-648
-668
-528
-538
-578
-588
-598
-748
-848
-948
563
-561
-562
-564
-566
-443
-453
-553
-643
-653
-663
-523
-533
-573
-583
-593
-163
-763
-863
-963
596
-594
-595
-597
-476
-576
-586
-676
-686
-696
-526
-536
-556
-196
-396
-796
-896
-996
618
-611
-612
-613
-614
-617
-428
-438
-628
-638
478
-473
-479
-678
-688
-698
-118
-718
-818
-918
-778
-878
-978
626
-621
-622
-623
-624
-627
-426
-436
-636
-646
-656
-666
-726
-826
-926
645
-641
-642
-644
-649
-555
-655
-675
-685
-695
-745
-845
-945
693
-694
-697
-699
-673
-683
679
-677
-633
-659
-779
-879
-979
-193
-293
-393
-793
-893
-993
728
-721
-722
-723
-724
-725
-727
-729
-738
-828
-838
-928
-938
-768
-788
-798
-128
-228
743
-741
-742
-744
-746
-747
-749
-753
-843
-853
-943
-953
-713
-733
-773
-783
-143
-243
-343
759
-751
-752
-754
-755
-756
-757
-849
-859
-949
-959
-739
-799
449
-444
-446
456
-454
-459
-156
-856
-956
825
-821
-822
-823
-824
-827
-829
-735
-835
-925
-935
-855
955
-951
-952
-954
-957
-875
-885
-895
-975
-985
-995
-125
-325
831
-832
-833
-834
-836
-837
-839
-711
-731
-811
-911
-921
-931
-841
-851
-861
-871
899
-892
-894
-897
-898
-999
111
-112
-113
-117
-121
-131
-221
-231
-141
-151
-161
521
-522
-524
-527
-531
-631
-551
844
-842
-846
-847
-764
-854
-864
-944
-964
-814
-884
-244
-344
254
-251
-253
-257
241
-247
153
-152
-157
-123
-133
-183
373
-375
-376
-377
186
-185
-187
-188
-146
-166
162
-142
147
-342
346
-347
-122
-132
-127
129
-139
-137
-197
-224
-234
-313
-323
-333
-929
939
-932
-933
-934
-936
-937
736
-732
-734
-737
-766
-776
-786
-941
942
-946
-947
-762
761
-961
-852
857
-862
-962
-771
971
-973
-976
-977
812
-813
-817
-712
-912
-922
792
-794
-795
-797
-992
-877
-887
-312
913
-914
-917
-923
-983
322
-324
-327
-332
651
-652
-654
-661
552
-554
-662
664
-532
632
-634
-637
537
-534
584
-585
-587
-684
687
575
-577
-237
-337
-873
876
883
-886
-888
-986
-866
868
966
-968
-775
777
785
-784
-787
-987
-997
714
-717
-924
927
-314
317
334
-335
135
-138
-227
223
-233
238
-195
198
395
-397
297
-298
-423
424
433
-434
-984
988
994
-998
