121
-122
-123
-124
-125
-126
-127
-128
-129
-111
-131
-211
-221
-231
-311
-321
-331
-141
-151
-161
-171
-181
-191
-421
-521
-621
-721
-821
-921
198
-192
-193
-194
-195
-196
-197
-199
-178
-188
-278
-288
-298
-378
-388
-398
-118
-138
-148
-158
-168
-498
-598
-698
-798
-898
-998
246
-241
-242
-243
-244
-245
-247
-248
-249
-146
-156
-166
-256
-266
-346
-356
-366
-216
-226
-236
-276
-286
-296
-446
-546
-646
-746
-846
-946
257
-251
-252
-253
-254
-255
-258
-259
-147
-157
-167
-267
-347
-357
-367
-217
-227
-237
-277
-287
-297
-457
-557
-657
-757
-857
-957
342
-341
-343
-344
-345
-348
-349
-142
-152
-162
-262
-352
-362
-312
-322
-332
-372
-382
-392
-442
-542
-642
-742
-842
-942
455
-451
-452
-453
-454
-456
-458
-459
-445
-465
-545
-555
-565
-645
-655
-665
-415
-425
-435
-475
-485
-495
-155
-355
-755
-855
-955
461
-462
-463
-464
-466
-467
-468
-469
-441
-541
-551
-561
-641
-651
-661
-411
-431
-471
-481
-491
-261
-361
351
-353
-354
-358
-359
-371
-381
-391
-751
-851
-951
-761
-861
-961
484
-482
-483
-486
-487
-488
-489
-474
-494
-574
-584
-594
-674
-684
-694
-414
-424
-434
-444
-184
-284
-384
-784
-884
-984
516
-511
-512
-513
-514
-515
-517
-518
-519
-416
-426
-436
-526
-536
-616
-626
-636
-556
-566
-576
-586
-596
-116
-316
-716
-816
-916
532
-531
-533
-534
-535
-537
-538
-539
-412
-422
-432
-522
-612
-622
-632
-552
-562
-572
-582
-592
-132
-232
-732
-832
-932
577
-571
-573
-575
-578
-579
-477
-497
-587
-597
-677
-687
-697
-527
-547
-567
-177
-377
-777
-877
-977
613
-611
-614
-615
-617
-618
-619
631
-633
-634
-635
-637
-638
-639
-413
-423
-433
-523
-623
-671
-681
-691
-643
-653
-663
-673
-683
-693
-113
-213
-313
-713
-813
-913
-731
-831
-931
764
-762
-763
-765
-766
-767
-768
-769
-744
-754
-844
-854
-864
-944
-954
-964
-714
-724
-734
-774
-794
-164
-264
-364
-564
-664
781
-782
-783
-785
-786
-787
-788
-789
-771
-791
-871
-881
-891
-971
-981
-991
-711
-741
271
-272
-273
-274
-275
-279
-281
-291
-581
591
-593
-595
-599
795
-792
-793
-796
-797
-799
-775
-875
-885
-895
-975
-985
-995
-715
-725
-735
-745
-295
-395
-695
812
-811
-814
-815
-817
-818
-819
911
-912
-914
-915
-917
-918
-919
-712
-722
-822
-922
841
-843
-845
-847
-848
-849
-941
-852
-862
-872
-882
-892
-112
-212
222
-223
-224
-225
-228
-229
-282
-292
876
-873
-874
-878
-879
-776
-886
-896
-976
-986
-996
-826
-836
-856
-866
-176
-376
-476
496
-492
-493
-499
-676
-686
-696
472
-473
-478
-479
-672
-682
-692
699
583
-585
-588
-589
-679
-689
443
-447
-448
-449
-543
-553
-563
525
-524
-528
-529
624
-625
-627
-628
-629
-644
-654
-649
-659
-669
-324
-824
-924
-325
-825
-925
-143
-743
-943
-172
182
-183
-185
-186
-187
-189
136
-133
-134
-135
-137
-139
-326
-336
117
-114
-115
-119
-317
-327
-337
-417
-717
-736
-936
-772
752
-753
-756
-758
-759
-952
-962
726
-723
-727
-728
-729
-926
-652
662
-666
-667
-668
656
-658
647
-648
-747
737
-733
-738
-739
-827
-837
-927
-937
773
-778
-779
-883
-893
-973
-983
-993
427
-428
-429
-437
-947
-956
966
-963
-965
-967
-968
-969
867
-863
-865
-868
-869
945
-948
-949
835
-833
-834
-838
-839
934
-933
-935
-938
-939
894
-897
-899
-974
-994
-887
-234
-334
-235
-335
-145
-972
-173
-373
-982
992
-997
-999
987
-988
-989
-283
-383
386
-385
-387
-389
-396
397
-393
-394
-399
293
-294
-299
-233
-263
214
-215
-218
-219
-314
315
-318
-319
374
-375
-379
-174
-365
333
-338
-339
-323
-363
163
-165
-169
-153
265
-268
-269
368
-369
175
-179
-285
289
238
-239
-328
329
-829
-929
719
-718
748
-749
-858
-958
418
-419
-438
439
-548
558
-554
-559
544
-549
-568
569
-144
149
154
-159
-675
678
685
-688
-978
979
888
-889
-828
823
-923
928
-853
859
953
-959
