121
-122
-123
-124
-125
-126
-127
-128
-129
-111
-131
-211
-221
-231
-311
-321
-331
-141
-151
-161
-171
-181
-191
-421
-521
-621
-721
-821
-921
166
-162
-163
-164
-165
-167
-168
-169
-146
-156
-246
-256
-266
-346
-356
-366
-116
-136
-176
-186
-196
-466
-566
-666
-766
-866
-966
219
-212
-213
-214
-215
-216
-217
-218
-119
-139
-229
-239
-319
-329
-339
-249
-259
-269
-279
-289
-299
-419
-519
-619
-719
-819
-919
224
-222
-223
-225
-226
-227
-228
-114
-134
-234
-314
-324
-334
-244
-254
-264
-274
-284
-294
-424
-524
-624
-724
-824
-924
236
-232
-233
-235
-237
-238
-316
-326
-336
-276
-286
-296
-436
-536
-636
-736
-836
-936
278
-271
-272
-273
-275
-277
-178
-188
-198
-288
-298
-378
-388
-398
-248
-258
-268
-478
-578
-678
-778
-878
-978
285
-281
-282
-283
-287
-175
-185
-195
-295
-375
-385
-395
-245
-255
-265
-485
-585
-685
-785
-885
-985
348
-341
-342
-343
-344
-345
-347
-349
-148
-158
-358
-368
-318
-328
-338
-448
-548
-648
-748
-848
-948
379
-371
-372
-373
-374
-376
-377
-179
-189
-199
-389
-399
-359
-369
-479
-579
-679
-779
-879
-979
428
-422
-423
-425
-426
-427
-429
-418
-438
-518
-528
-538
-618
-628
-638
-458
-468
-488
-498
-728
-828
-928
461
-462
-463
-464
-465
-467
-469
-441
-451
-541
-551
-561
-641
-651
-661
-411
-431
-471
-481
-491
-261
-361
-761
-861
-961
489
-482
-483
-484
-486
-487
-499
-589
-599
-689
-699
-439
-449
-459
-789
-889
-989
494
-492
-493
-495
-496
-497
-474
-574
-584
-594
-674
-684
-694
-414
-434
-444
-454
-194
-394
-794
-894
-994
535
-531
-532
-533
-534
-537
-539
-415
-435
-515
-525
-615
-625
-635
-545
-555
-565
-575
-595
-135
-335
-735
-835
-935
547
-542
-543
-544
-546
-549
-447
-457
-557
-567
-647
-657
-667
-517
-527
-577
-587
-597
-147
-247
-747
-847
-947
576
-571
-572
-573
-476
-586
-596
-676
-686
-696
-516
-526
-556
-776
-876
-976
611
-612
-613
-614
-616
-617
-511
-631
-671
-681
-691
-711
-811
-911
627
-622
-623
-626
-629
416
-412
-413
-417
-437
-637
-446
-456
477
-472
-473
-475
-677
-687
-697
-716
-816
-916
-327
-727
-827
-927
-177
-777
-877
-977
646
-642
-643
-644
-645
-649
-656
-746
-846
-946
682
-683
-688
-582
-592
-672
-692
-632
-652
-662
-182
-382
-782
-882
-982
731
-732
-733
-734
-737
-738
-739
-831
-931
-741
-751
-771
-781
-791
765
-762
-763
-764
-767
-768
-769
-745
-755
-845
-855
-865
-945
-955
-965
-715
-725
-775
-795
-365
-665
822
-823
-825
-826
-829
-712
-722
-812
-832
-912
-922
-932
-842
-852
-862
-872
-892
-322
-522
839
-833
-834
-837
-838
-729
-929
-939
-849
-859
-869
-899
529
-523
-639
-559
-569
875
-871
-873
-874
-895
-975
-995
-815
971
-972
-973
-974
-881
-891
-981
-991
-941
-951
-675
673
-583
-593
-693
695
-698
-633
634
-514
-653
-663
-654
-664
-655
-934
-173
-773
884
-883
-886
-887
-888
-774
772
-792
-992
-784
-984
-742
-752
-814
-844
-854
-864
-172
174
-184
-384
-144
-154
893
-896
-897
-898
-783
-793
-983
-993
-813
-843
841
-851
-853
-863
856
-857
-858
-756
-956
-241
-193
-293
-393
949
-942
-943
-944
-749
-759
-959
-969
799
-796
-797
-798
-999
744
-743
-754
-954
-964
-714
914
-913
-915
-917
-918
925
-923
-926
726
-723
-786
323
-325
-113
-133
-313
-333
-353
-363
-383
183
-187
-143
-153
-149
159
-152
-155
-157
-659
658
-558
-568
-668
669
-758
-958
988
-986
-987
996
-997
-998
787
-788
-717
-757
753
-953
-963
-713
718
933
-937
-938
817
-818
-867
868
-968
513
-512
432
-433
-442
-452
-553
-563
-117
-317
-118
138
-132
-137
337
-332
197
-192
-297
-387
-397
-357
-367
-253
-453
455
443
-445
-243
242
-142
145
-252
-262
-352
-362
364
263
-267
-354
-355
351
-251
257
112
-115
-312
315
291
-292
-381
386
-391
392
-396
554
-552
562
-564
952
-957
-962
967
581
-588
-591
598
