185
-181
-182
-183
-184
-186
-187
-188
-189
-175
-195
-275
-285
-295
-375
-385
-395
-115
-125
-135
-145
-155
-165
-485
-585
-685
-785
-885
-985
238
-231
-232
-233
-234
-235
-236
-237
-239
-118
-128
-138
-218
-228
-318
-328
-338
-248
-258
-268
-278
-288
-298
-438
-538
-638
-738
-838
-938
271
-272
-273
-274
-276
-277
-279
-171
-191
-281
-291
-371
-381
-391
-211
-221
-241
-251
-261
-471
-571
-671
-771
-871
-971
329
-321
-322
-323
-324
-325
-326
-327
-119
-129
-139
-219
-229
-319
-339
-349
-359
-369
-379
-389
-399
-429
-529
-629
-729
-829
-929
337
-331
-332
-333
-334
-335
-336
-117
-127
-137
-217
-227
-317
-347
-357
-367
-377
-387
-397
-437
-537
-637
-737
-837
-937
351
-352
-353
-354
-355
-356
-358
-141
-151
-161
-341
-361
-311
-451
-551
-651
-751
-851
-951
374
-372
-373
-376
-378
-174
-194
-284
-294
-384
-394
-314
-344
-364
-474
-574
-674
-774
-874
-974
431
-432
-433
-434
-435
-436
-439
-411
-421
-511
-521
-531
-611
-621
-631
-441
-461
-481
-491
-131
-731
-831
-931
473
-472
-475
-476
-477
-478
-479
-483
-493
-573
-583
-593
-673
-683
-693
-413
-423
-443
-453
-463
-173
-773
-873
-973
499
-492
-494
-495
-496
-497
-498
-489
-579
-589
-599
-679
-689
-699
-419
-449
-459
-469
-199
-299
-799
-899
-999
516
-512
-513
-514
-515
-517
-518
-519
-416
-426
-526
-536
-616
-626
-636
-546
-556
-566
-576
-586
-596
-116
-216
-316
-716
-816
-916
564
-561
-562
-563
-565
-567
-568
-569
-444
-454
-464
-544
-554
-644
-654
-664
-524
-534
-584
-594
-164
-264
-764
-864
-964
587
-581
-582
-588
-487
-577
-597
-677
-687
-697
-527
-547
-557
-287
-787
-887
-987
622
-623
-624
-625
-627
-628
-412
-422
-522
-532
-612
-632
-642
-652
-662
-672
-682
-692
-122
-222
-722
-822
-922
669
-661
-663
-665
-666
-667
-668
-549
-559
-649
-659
539
-533
-535
-619
-639
-739
-839
-939
-169
-269
-769
-869
-969
718
-711
-712
-713
-714
-715
-717
-719
-728
-818
-828
-918
-928
-748
-758
-768
-778
-788
-798
-418
-618
723
-721
-724
-725
-726
-727
-733
-813
-823
-833
-913
-923
-933
-743
-753
-763
-783
-793
-123
-223
-523
732
-734
-735
-736
-812
-832
-912
-932
-742
-752
-762
-772
-782
-792
-132
765
-761
-766
-767
-745
-755
-845
-855
-865
-945
-955
-965
-775
-795
-265
-365
-465
825
-821
-824
-826
-827
-815
-835
-915
-925
-935
-875
-895
-225
-425
-525
528
-428
-548
-558
-578
-598
635
-633
-634
613
-614
-615
-617
-415
-643
-653
-645
-655
-675
-695
-113
-213
-313
133
-134
-136
-143
-153
-163
-193
876
-872
-877
-878
-879
-776
-786
-796
-886
-896
-976
-986
-996
-836
834
-814
-914
-924
-934
936
-926
-844
-854
-884
-894
-846
-856
-866
-946
-956
-966
-176
-676
678
-488
-688
-698
-648
-658
-178
-978
888
-881
-882
-883
-889
-898
-988
-998
-848
-858
-868
-388
959
-952
-953
-954
-957
-958
-749
-759
-849
-859
-949
819
-811
-817
-919
-979
-989
-159
-259
962
-961
-963
-967
-968
-842
-852
-862
-942
948
-941
-943
-944
-947
892
-891
-893
-897
-972
-982
-992
-148
-348
-448
861
-863
-867
-741
-841
-162
-262
-362
-462
-192
-292
-392
-592
-111
121
-124
-126
226
-224
-246
-256
-266
-286
-296
911
-917
-921
927
-981
-991
-977
975
-995
-997
417
-414
424
-427
-484
-447
-457
-467
-575
572
-482
486
595
-591
-686
-696
-446
-456
-466
468
-458
541
-542
-543
-545
-641
553
-552
-555
-253
-853
857
843
-847
-747
-757
-243
-343
-157
-257
-657
656
-646
647
-147
-247
-156
-756
754
-744
746
-784
-794
-146
-346
-154
-254
158
-152
-168
-368
-198
398
-393
-396
-172
-386
196
-197
-166
167
366
-363
263
-267
-177
179
297
-293
-289
-149
249
-242
-244
-245
144
-142
112
-114
-212
-312
315
214
-215
-283
282
-382
383
-252
255
342
-345
-442
445
452
-455
777
-779
-797
791
-781
789
681
-684
-691
694
-983
984
993
-994
