137
-131
-132
-133
-134
-135
-136
-138
-139
-117
-127
-217
-227
-237
-317
-327
-337
-147
-157
-167
-177
-187
-197
-437
-537
-637
-737
-837
-937
155
-151
-152
-153
-154
-156
-158
-159
-145
-165
-245
-255
-265
-345
-355
-365
-115
-125
-175
-185
-195
-455
-555
-655
-755
-855
-955
172
-171
-173
-174
-176
-178
-179
-182
-192
-272
-282
-292
-372
-382
-392
-112
-122
-142
-162
-472
-572
-672
-772
-872
-972
196
-191
-193
-194
-198
-199
-186
-276
-286
-296
-376
-386
-396
-116
-126
-146
-166
-496
-596
-696
-796
-896
-996
215
-211
-212
-213
-214
-216
-218
-219
-225
-235
-315
-325
-335
-275
-285
-295
-415
-515
-615
-715
-815
-915
287
-281
-283
-284
-288
-289
-277
-297
-377
-387
-397
-247
-257
-267
-487
-587
-687
-787
-887
-987
347
-341
-342
-343
-344
-346
-348
-349
-357
-367
-447
-547
-647
-747
-847
-947
399
-391
-393
-394
-395
-398
-189
-279
-299
-379
-389
-319
-329
-339
-359
-369
-499
-599
-699
-799
-899
-999
421
-422
-423
-424
-425
-426
-427
-428
-429
-411
-431
-511
-521
-531
-611
-621
-631
-441
-451
-461
-471
-481
-491
-121
-221
-321
-721
-821
-921
454
-452
-453
-456
-457
-458
-459
-444
-464
-544
-554
-564
-644
-654
-664
-414
-434
-474
-484
-494
-254
-354
-754
-854
-954
465
-462
-463
-466
-467
-468
-469
-445
-545
-565
-645
-665
-435
-475
-485
-495
-765
-865
-965
478
-473
-476
-477
-479
-488
-498
-578
-588
-598
-678
-688
-698
-418
-438
-448
-278
-378
-778
-878
-978
497
-492
-493
-577
-597
-677
-697
-417
-797
-897
-997
525
-522
-523
-524
-526
-527
-528
-529
-535
-625
-635
-575
-585
-595
-725
-825
-925
533
-532
-534
-536
-538
-539
-413
-433
-513
-613
-623
-633
-543
-553
-563
-573
-583
-593
-233
-333
-733
-833
-933
576
-571
-574
-579
-486
-586
-676
-686
-516
-546
-556
-566
-776
-876
-976
581
-582
-584
-589
-591
-671
-681
-691
-541
-551
-561
-181
-381
-781
-881
-981
614
-612
-616
-617
-618
-619
-514
-624
-634
594
-592
-674
-684
-694
-114
-314
-714
-814
-914
-294
-794
-894
-994
632
-636
-638
-639
-412
-432
-512
-622
-642
-652
-662
-682
-692
482
-483
-489
-442
443
-446
-449
-643
-653
-663
-232
-332
-732
-832
-932
-143
-243
-743
-843
-943
-782
-882
-982
641
-646
-648
-649
-651
-661
-141
-241
-741
-841
-941
656
-657
-658
-659
-666
-626
-256
-356
-756
-856
-956
683
-685
-689
-673
-693
695
-675
679
-629
-669
-779
-879
-979
-183
-383
-783
-883
-983
-795
-895
-995
719
-711
-712
-713
-716
-717
-718
-729
-739
-819
-829
-839
-919
-929
-939
-749
-759
-769
-789
-119
-419
416
-436
439
-519
-316
-816
-916
-239
764
-761
-762
-763
-766
-767
-768
-744
-844
-864
-944
-964
-724
-734
-774
-784
-164
-264
-364
822
-823
-824
-826
-827
-828
-722
-812
-912
-922
-842
-852
-862
-892
312
-311
-313
-318
-222
-322
-352
-362
898
-891
-893
-788
-798
-888
-988
-998
-818
-838
-848
-858
-868
-298
913
-911
-917
-918
-723
-813
-923
-953
-963
-973
-993
-113
935
-931
-934
-936
-938
-735
-835
-945
-975
-985
959
-951
-952
-957
-958
-849
-859
-869
-949
-969
889
-884
-885
-886
-989
-259
-559
974
-971
-977
-874
-984
986
-786
785
-775
-875
-745
845
-846
834
-831
-836
-924
866
-861
-863
-867
-746
-946
-966
-926
-234
-334
246
-242
-244
-248
-249
144
-148
-149
-266
-366
-124
-184
188
-388
-118
111
-231
-331
-161
-128
-168
-226
-236
238
-228
-328
-338
336
-326
-258
-268
-811
817
731
-736
-738
726
-727
-728
-927
928
-751
-771
-791
-857
-877
777
-773
-757
967
-961
-962
-968
851
-853
753
-752
-758
-793
792
-992
991
-871
873
-742
748
942
-948
-517
518
627
-628
-548
-558
-568
668
-667
-542
549
-569
-251
-351
-253
252
-262
-552
557
562
-567
-353
358
-368
-273
-373
293
-291
-223
-263
-274
271
-371
-261
269
361
-363
163
-169
-123
129
323
-324
224
-229
-374
375
384
-385
