135
-131
-132
-133
-134
-136
-137
-138
-139
-115
-125
-215
-225
-235
-315
-325
-335
-145
-155
-165
-175
-185
-195
-435
-535
-635
-735
-835
-935
199
-191
-192
-193
-194
-196
-197
-198
-179
-189
-279
-289
-299
-379
-389
-399
-119
-129
-149
-159
-169
-499
-599
-699
-799
-899
-999
213
-211
-212
-214
-216
-217
-218
-219
-113
-123
-223
-233
-313
-323
-333
-243
-253
-263
-273
-283
-293
-413
-513
-613
-713
-813
-913
224
-221
-222
-226
-227
-228
-229
-114
-124
-234
-314
-324
-334
-244
-254
-264
-274
-284
-294
-424
-524
-624
-724
-824
-924
249
-241
-242
-245
-246
-247
-248
-259
-269
-349
-359
-369
-239
-449
-549
-649
-749
-849
-949
328
-321
-322
-326
-327
-329
-118
-128
-238
-318
-338
-348
-358
-368
-378
-388
-398
-428
-528
-628
-728
-828
-928
344
-341
-342
-343
-345
-346
-347
-144
-154
-164
-354
-364
-374
-384
-394
-444
-544
-644
-744
-844
-944
355
-351
-352
-353
-356
-357
-255
-265
-365
-375
-385
-395
-455
-555
-655
-755
-855
-955
373
-371
-372
-376
-377
-173
-183
-383
-393
-363
-473
-573
-673
-773
-873
-973
418
-411
-412
-414
-415
-416
-417
-419
-438
-518
-538
-618
-638
-448
-458
-468
-478
-488
-498
-718
-818
-918
457
-451
-452
-453
-454
-456
-459
-447
-467
-547
-557
-567
-647
-657
-667
-427
-437
-477
-487
-497
-157
-257
-757
-857
-957
466
-461
-462
-463
-464
-465
-469
-446
-546
-556
-566
-646
-656
-666
-426
-436
-476
-486
-496
-166
-266
-366
-766
-866
-966
474
-471
-472
-475
-479
-484
-494
-574
-584
-594
-674
-684
-694
-434
-174
184
-181
-182
-186
-187
-188
-774
-874
-974
-784
-884
-984
485
-481
-482
-483
-489
-495
-575
-585
-595
-675
-685
-695
-425
-445
-285
-785
-885
-985
625
-621
-622
-623
-626
-627
-629
-515
-525
-615
-645
-665
-725
-825
-925
634
-631
-632
-633
-636
-637
-639
-514
-534
-614
-654
-664
-734
-834
-934
641
-642
-643
-648
-441
-541
-551
-561
-651
-661
-611
-671
-681
-691
-141
-741
-841
-941
652
-653
-658
-659
-442
443
-542
-552
-562
-662
-543
-553
-563
-663
-423
-433
-493
-612
-672
-682
-692
-143
-743
-843
-943
-152
-252
-752
-852
-952
693
-696
-697
-698
-583
-593
-683
-793
-893
-993
732
-731
-733
-736
-737
-738
-739
-712
-722
-812
-822
-832
-912
-922
-932
-742
-762
-772
-782
-792
-232
-332
-432
-532
758
-751
-753
-754
-756
-759
-748
-768
-848
-858
-868
-948
-958
-968
-778
-788
-798
-158
-258
-558
763
-761
-764
-765
-767
-769
-853
-863
-953
-963
-723
-783
153
-151
-156
-163
789
-781
-786
-787
-779
-879
-889
-979
-989
-719
-729
-589
-689
867
-861
-862
-864
-865
-869
-747
-847
-947
-967
-817
-827
-837
-877
-887
-897
147
-142
-146
-148
256
-251
-167
-267
-367
-117
-127
-177
-236
-276
-286
-296
548
-545
565
-564
-568
-569
554
-559
-668
669
-578
-588
-598
-619
-679
579
-571
-572
-576
-577
-519
-529
-539
-854
-954
964
-961
-962
-965
-969
-914
-994
-856
-956
882
-881
-883
-886
-888
-872
-892
-972
-982
-992
983
-981
-986
-987
-988
-842
942
-945
-946
-923
-933
-282
-382
-582
894
-891
-895
-896
-898
-794
714
-711
-715
-716
-717
-814
915
-911
-916
-917
-919
-815
-975
-995
978
-971
-976
-977
-878
-998
838
-831
-833
-836
-839
823
-821
-826
-829
-938
-523
533
-531
-536
-537
-178
168
-161
-162
-268
-278
-678
688
-686
-687
-288
298
-291
-292
-295
-297
275
-271
-272
-277
262
-261
361
-362
-311
-331
-381
-391
172
-171
-176
281
-287
-392
-112
-122
312
-316
-317
-319
339
-336
-337
237
-231
-512
819
-811
-816
-929
-939
-859
851
-951
959
-871
429
-421
-422
522
-521
-526
-527
-439
431
-511
-491
492
-592
111
-116
-121
126
-726
-926
936
-931
-937
-996
771
-775
-776
-777
-791
-991
997
-797
-721
727
921
-927
-875
876
795
-796
-745
746
845
-846
-676
677
-587
-597
517
-516
616
-617
-581
586
591
-596
-386
387
396
-397
