139
-131
-132
-133
-134
-135
-136
-137
-138
-119
-129
-219
-229
-239
-319
-329
-339
-149
-159
-169
-179
-189
-199
-439
-539
-639
-739
-839
-939
146
-141
-142
-143
-144
-145
-147
-148
-156
-166
-246
-256
-266
-346
-356
-366
-116
-126
-176
-186
-196
-446
-546
-646
-746
-846
-946
162
-161
-163
-164
-165
-167
-168
-152
-242
-252
-262
-342
-352
-362
-112
-122
-172
-182
-192
-462
-562
-662
-762
-862
-962
177
-171
-173
-174
-175
-178
-187
-197
-277
-287
-297
-377
-387
-397
-117
-127
-157
-477
-577
-677
-777
-877
-977
244
-241
-243
-245
-247
-248
-249
-154
-254
-264
-344
-354
-364
-214
-224
-234
-274
-284
-294
-444
-544
-644
-744
-844
-944
253
-251
-255
-257
-258
-259
-153
-263
-343
-353
-363
-213
-223
-233
-273
-283
-293
-453
-553
-653
-753
-853
-953
272
-271
-275
-276
-278
-279
-282
-292
-372
-382
-392
-212
-222
-232
-472
-572
-672
-772
-872
-972
295
-291
-296
-298
-299
-185
-195
-285
-375
-385
-395
-215
-225
-235
-265
-495
-595
-695
-795
-895
-995
367
-361
-365
-368
-369
-267
-347
-357
-317
-327
-337
-467
-567
-667
-767
-867
-967
396
-391
-393
-394
-398
-399
-286
-376
-386
-316
-326
-336
-496
-596
-696
-796
-896
-996
431
-432
-433
-434
-435
-436
-437
-438
-411
-421
-511
-521
-531
-611
-621
-631
-441
-451
-461
-471
-481
-491
-231
-331
-731
-831
-931
484
-482
-483
-485
-486
-487
-488
-489
-474
-494
-574
-584
-594
-674
-684
-694
-414
-424
-454
-464
-184
-384
-784
-884
-984
497
-492
-493
-498
-499
-587
-597
-687
-697
-417
-427
-447
-457
-797
-897
-997
568
-561
-563
-564
-565
-566
-569
-448
-458
-468
-548
-558
-648
-658
-668
-518
-528
-538
-578
-588
-598
-268
-768
-868
-968
617
-612
-613
-614
-615
-616
-618
-619
-517
-527
-537
-627
-637
-647
-657
-217
-717
-817
-917
624
-622
-623
-625
-626
-628
-629
-514
-524
-534
-634
554
-551
-552
-555
-556
-557
-559
-654
-664
547
-541
-542
-543
-545
-549
-124
-324
-724
-824
-924
-747
-847
-947
-754
-854
-954
679
-671
-673
-675
-676
-678
-479
-579
-589
-599
-689
-699
-649
-659
-669
-379
-779
-879
-979
718
-711
-712
-713
-714
-715
-716
-719
-728
-738
-818
-828
-838
-918
-928
-938
-748
-758
-778
-788
-798
-118
-218
-318
-418
742
-741
-743
-745
-749
-752
-842
-852
-942
-952
-722
-732
-782
-792
-442
-642
819
-811
-812
-813
-814
-815
-816
-729
-829
-919
-929
-849
-859
-869
-889
-899
-419
-519
529
-522
-523
-525
-526
-429
837
-832
-833
-834
-835
-836
-727
-737
-827
-927
-937
-857
-887
227
-221
-226
-228
-237
856
-851
-855
-858
-756
-766
-866
-956
-966
-826
-876
-886
-456
-656
861
-863
-864
-865
-751
-761
-841
-941
-951
-961
-821
-871
-881
-891
-261
269
-349
-359
-289
389
-381
-383
-388
-661
-469
-769
-969
-789
-989
932
-933
-934
-935
-936
-822
-912
-922
-982
-992
-332
-532
-632
945
-943
-948
-949
-755
-765
-845
-955
-965
-915
-925
-975
-985
-345
-445
-645
449
-443
-459
963
-964
-763
764
-843
848
-958
-734
914
-911
-913
-916
-774
-794
-878
-888
-898
-923
-973
-983
-993
-974
-994
-114
194
-191
-193
-198
-374
-314
334
-333
-335
-338
643
-641
651
-652
-655
452
-455
-463
-663
-412
-422
512
-513
-515
-516
-582
-592
-681
-691
-633
-683
-693
-312
322
-321
-323
-325
-328
341
-348
-151
-351
-311
-371
874
-873
-875
-894
976
-971
-978
-776
-786
-986
-926
921
-721
-981
-991
-121
-476
-576
111
-113
-115
-211
216
-236
238
-128
-181
281
-288
-416
428
-423
-425
-426
-638
466
-465
665
-666
-478
-635
636
-536
586
-581
-583
-585
-686
-685
726
-723
-725
-736
378
-373
183
-188
-123
125
313
-315
-155
158
355
-358
-413
415
533
-535
473
-475
-573
-593
591
-571
575
823
-825
-733
735
-775
-785
885
-882
-883
892
-893
771
-773
-781
-791
682
-688
-692
698
-783
787
793
-799
-987
988
-998
999
-757
759
957
-959
