122
-121
-123
-124
-125
-126
-127
-128
-129
-112
-132
-212
-222
-232
-312
-322
-332
-142
-152
-162
-172
-182
-192
-422
-522
-622
-722
-822
-922
143
-141
-144
-145
-146
-147
-148
-149
-153
-163
-243
-253
-263
-343
-353
-363
-113
-133
-173
-183
-193
-443
-543
-643
-743
-843
-943
195
-191
-194
-196
-197
-198
-199
-175
-185
-275
-285
-295
-375
-385
-395
-115
-135
-155
-165
-495
-595
-695
-795
-895
-995
247
-241
-242
-244
-245
-246
-248
-249
-157
-167
-257
-267
-347
-357
-367
-217
-227
-237
-277
-287
-297
-447
-547
-647
-747
-847
-947
262
-261
-264
-265
-266
-268
-269
-252
-342
-352
-362
-272
-282
-292
-462
-562
-662
-762
-862
-962
318
-311
-313
-314
-315
-316
-317
-319
-118
-138
-218
-228
-238
-328
-338
-348
-358
-368
-378
-388
-398
-418
-518
-618
-718
-818
-918
381
-382
-383
-384
-386
-387
-389
-171
-181
-271
-281
-291
-371
-391
-321
-331
-341
-351
-361
-481
-581
-681
-781
-881
-981
456
-451
-452
-453
-454
-455
-457
-458
-459
-446
-466
-546
-556
-566
-646
-656
-666
-416
-426
-436
-476
-486
-496
-156
-256
-356
-756
-856
-956
484
-482
-483
-485
-487
-488
-489
-474
-494
-574
-584
-594
-674
-684
-694
-414
-424
-434
-444
-464
-184
-284
-784
-884
-984
523
-521
-524
-525
-526
-527
-528
-529
-413
-423
-433
-513
-533
-613
-623
-633
-553
-563
-573
-583
-593
-223
-323
-723
-823
-923
577
-571
-572
-575
-576
-578
-579
-477
-497
-587
-597
-677
-687
-697
-517
-537
-557
-567
-177
-377
-777
-877
-977
651
-652
-653
-654
-655
-657
-658
-659
-441
-461
-541
-551
-561
-641
-661
-611
-621
-631
-671
-691
-151
-251
161
-164
-166
-168
-169
-111
-131
-751
-851
-951
-761
-861
-961
745
-741
-742
-744
-746
-748
-749
-755
-765
-845
-855
-865
-945
-955
-965
-715
-725
-735
-775
-785
-345
-445
-545
-645
773
-771
-772
-774
-776
-778
-779
-783
-793
-873
-883
-893
-973
-983
-993
-713
-733
-753
-763
-273
-373
-473
-673
811
-812
-813
-814
-815
-816
-817
-819
-711
-721
-731
-821
-831
-911
-921
-931
791
-792
-794
-796
-797
-798
-799
-871
-891
-971
-991
-841
941
-942
-944
-946
-948
-949
-211
-411
-511
471
-472
-475
-478
-479
-491
-591
-421
-431
531
-532
-534
-535
-536
-538
-539
221
-224
-225
-226
-229
-231
836
-832
-833
-834
-835
-837
-838
-839
-716
-726
-736
-826
-916
-926
-936
-846
-866
-876
-886
-896
-136
-236
-336
-636
346
-344
-349
-366
-326
-376
-396
626
-624
-625
-627
-628
-629
-516
-616
-676
-686
-696
914
-912
-913
-915
-917
-919
933
-932
-934
-935
-937
-938
-939
-714
-724
-734
-824
-924
-953
-963
-954
-964
-974
-994
213
-214
-215
-216
-219
-233
-333
116
-114
-117
-119
-176
-186
-283
-293
393
-392
-394
-397
-399
372
-374
-379
187
-188
-189
-137
-514
-614
634
-632
-635
-637
-638
-639
-644
-664
324
-325
-327
-329
-134
139
-234
-334
337
-335
-339
235
-239
-159
-179
-255
-354
-364
-435
-437
-737
-439
-739
853
-852
-854
-857
-858
-859
-863
-672
-872
-972
683
-682
-685
-688
-689
-493
-693
463
-465
-467
-468
-469
-663
667
-665
-668
-669
-617
-767
-867
-967
-787
-887
-987
154
-158
-254
258
-259
-174
178
-278
-288
-298
-554
-754
764
-766
-768
-769
-844
-864
966
-968
-969
786
-782
-788
-789
-976
-986
-996
544
-542
-548
-549
-564
-558
-758
-958
276
-274
-279
294
-296
-299
-286
289
874
-875
-878
-879
-894
-678
-978
-586
596
-592
-598
-599
-589
-889
-989
355
-359
-365
369
-555
565
-568
-569
-515
-585
675
-679
588
-582
-498
-698
-615
648
-642
-649
-448
415
-412
-417
-419
-425
427
-428
-429
438
-432
717
-712
-719
732
-738
-727
-827
-927
-752
-757
759
957
-952
-959
842
-848
-849
868
-869
728
-729
-828
-928
-882
-892
897
-898
-899
-997
-888
885
-975
979
-985
-999
-825
829
925
-929
-442
449
552
-559
492
-499
-692
699
-512
519
612
-619
982
-988
-992
998
