131
-132
-133
-134
-135
-136
-137
-138
-139
-111
-121
-211
-221
-231
-311
-321
-331
-141
-151
-161
-171
-181
-191
-431
-531
-631
-731
-831
-931
189
-182
-183
-184
-185
-186
-187
-188
-179
-199
-279
-289
-299
-379
-389
-399
-119
-129
-149
-159
-169
-489
-589
-689
-789
-889
-989
198
-192
-193
-194
-195
-196
-197
-178
-278
-288
-298
-378
-388
-398
-118
-128
-148
-158
-168
-498
-598
-698
-798
-898
-998
216
-212
-213
-214
-215
-217
-218
-219
-116
-126
-226
-236
-316
-326
-336
-246
-256
-266
-276
-286
-296
-416
-516
-616
-716
-816
-916
239
-232
-233
-234
-235
-237
-238
-229
-319
-329
-339
-249
-259
-269
-439
-539
-639
-739
-839
-939
285
-281
-282
-283
-284
-287
-175
-275
-295
-375
-385
-395
-225
-245
-255
-265
-485
-585
-685
-785
-885
-985
328
-322
-323
-324
-325
-327
-228
-318
-338
-348
-358
-368
-428
-528
-628
-728
-828
-928
376
-371
-372
-373
-374
-377
-176
-386
-396
-346
-356
-366
-476
-576
-676
-776
-876
-976
434
-432
-433
-435
-436
-437
-438
-414
-424
-514
-524
-534
-614
-624
-634
-444
-454
-464
-474
-484
-494
-334
-734
-834
-934
441
-442
-443
-445
-446
-447
-448
-449
-451
-461
-541
-551
-561
-641
-651
-661
-411
-421
-471
-481
-491
-241
-341
-741
-841
-941
455
-452
-453
-456
-457
-458
-459
-465
-545
-555
-565
-645
-655
-665
-415
-425
-475
-495
-155
-355
-755
-855
-955
499
-492
-493
-496
-497
-479
-579
-599
-679
-699
-419
-429
-469
-799
-899
-999
546
-542
-543
-544
-547
-548
-549
-466
-556
-566
-646
-656
-666
-526
-536
-586
-596
-146
-746
-846
-946
564
-562
-563
-567
-568
-569
-554
-644
-654
-664
-574
-584
-594
-164
-264
-364
-764
-864
-964
612
-611
-613
-615
-617
-618
-619
-412
-422
-512
-522
-532
-622
-632
-642
-652
-662
-672
-682
-692
-112
-312
-712
-812
-912
657
-653
-658
-659
-467
-557
-647
-667
-627
-637
-677
-687
-697
-157
-257
-357
-757
-857
-957
668
-663
-669
-468
-558
-648
-638
-678
-688
-268
-768
-868
-968
674
-671
-673
-675
-684
-694
-174
-274
-774
-874
-974
736
-732
-733
-735
-737
-738
-726
-826
-836
-926
-936
-756
-766
-786
-796
-636
787
-781
-782
-783
-784
-788
-777
-797
-877
-887
-897
-977
-987
-997
-717
-727
-747
-767
-387
-487
-587
821
-822
-823
-824
-825
-827
-829
-711
-721
-811
-911
-921
-851
-861
-871
-881
-891
511
-513
-515
-517
-518
-519
-521
-621
-571
-581
-591
873
-872
-875
-878
-879
-773
-793
-883
-893
-973
-983
-993
-813
-833
-843
-853
-863
-173
-273
-473
-573
896
-892
-894
-895
-886
-986
-996
-856
-866
-696
913
-914
-915
-917
-918
-919
-713
-723
-923
-933
-943
-953
-963
-113
-313
-413
925
-922
-924
-927
-929
-715
-725
-815
-835
-935
-945
-965
-975
-995
-125
-525
-625
972
-971
-978
-979
-772
-792
-882
-982
-992
779
-771
-775
-778
795
-791
-794
-745
-765
-719
-729
819
-814
-817
-818
-749
-759
-769
-849
-859
-869
-932
-942
-952
-962
271
-272
-277
-291
-381
-391
-251
-261
-172
177
-297
-397
-117
-127
-147
-167
-472
-572
575
-577
-578
-595
-695
-535
635
-633
-335
-477
478
597
-592
-593
-488
-588
-418
417
-427
-527
-537
538
-533
-317
718
-714
724
-722
832
-837
-838
937
-938
-744
-754
-748
-758
-842
-852
-862
-947
-967
-124
-224
227
-222
-223
-337
-247
-267
122
-123
-332
333
-142
-152
-162
-343
-353
-363
-383
-393
293
-292
-294
-243
-253
-263
262
-242
-252
-342
-352
-362
742
-743
-752
-762
552
-553
-559
-462
463
-643
649
482
-483
-486
-582
583
-683
-693
691
-681
686
-423
426
-626
-523
529
623
-629
143
-144
-145
-153
-163
-349
-949
753
-751
-763
761
-951
-961
351
-354
-359
-361
369
-365
-367
347
-344
-345
165
-166
156
-154
114
-115
-314
315
845
-844
-847
-848
-865
867
-956
966
-969
959
-954
-958
981
-984
-988
-991
994
-884
888
854
-858
-944
948
244
-248
-254
258
-382
384
392
-394
