132
-131
-133
-134
-135
-136
-137
-138
-139
-112
-122
-212
-222
-232
-312
-322
-332
-142
-152
-162
-172
-182
-192
-432
-532
-632
-732
-832
-932
141
-143
-144
-145
-146
-147
-148
-149
-151
-161
-241
-251
-261
-341
-351
-361
-111
-121
-171
-181
-191
-441
-541
-641
-741
-841
-941
173
-174
-175
-176
-177
-178
-179
-183
-193
-273
-283
-293
-373
-383
-393
-113
-123
-153
-163
-473
-573
-673
-773
-873
-973
197
-194
-195
-196
-198
-199
-187
-277
-287
-297
-377
-387
-397
-117
-127
-157
-167
-497
-597
-697
-797
-897
-997
242
-243
-244
-245
-246
-247
-248
-249
-252
-262
-342
-352
-362
-272
-282
-292
-442
-542
-642
-742
-842
-942
271
-274
-275
-276
-278
-279
-281
-291
-371
-381
-391
-211
-221
-231
-471
-571
-671
-771
-871
-971
359
-353
-354
-355
-356
-357
-358
-159
-169
-259
-269
-349
-369
-319
-329
-339
-379
-389
-399
-459
-559
-659
-759
-859
-959
382
-384
-385
-386
-388
-372
-392
-482
-582
-682
-782
-882
-982
416
-411
-412
-413
-414
-415
-417
-418
-419
-426
-436
-516
-526
-536
-616
-626
-636
-446
-456
-466
-476
-486
-496
-116
-216
-316
-716
-816
-916
444
-443
-445
-447
-448
-449
-454
-464
-544
-554
-564
-644
-654
-664
-424
-434
-474
-484
-494
-344
-744
-844
-944
477
-472
-475
-478
-479
-487
-577
-587
-677
-687
-427
-437
-457
-467
-777
-877
-977
481
-483
-485
-488
-489
-491
-581
-591
-681
-691
-421
-431
-451
-461
-781
-881
-981
515
-511
-512
-513
-514
-517
-518
-519
-425
-435
-525
-535
-615
-625
-635
-545
-555
-565
-575
-585
-595
-115
-215
-315
-715
-815
-915
537
-531
-533
-534
-538
-539
-527
-617
-627
-637
-547
-557
-567
-237
-337
-737
-837
-937
551
-552
-553
-556
-558
-561
-651
-661
-521
-751
-851
-951
576
-572
-574
-578
-579
-586
-596
-676
-686
-696
-546
-566
-376
-776
-876
-976
593
-592
-594
-598
-599
-493
-583
-683
-693
-523
-543
-563
-793
-893
-993
624
-621
-622
-623
-628
-629
-524
-614
-634
584
-588
-589
-674
-684
-694
-124
-224
-324
-724
-824
-924
-184
-284
-784
-884
-984
633
-631
-638
-639
611
-612
-613
-618
-619
-423
-433
-643
-653
-663
-311
-711
-811
-911
-233
-333
-733
-833
-933
666
-662
-665
-667
-668
-669
-646
-656
-166
-266
-366
-766
-866
-966
699
-692
-695
-698
-499
-679
-689
-649
-299
-799
-899
-999
723
-721
-722
-725
-726
-727
-728
-729
-713
-813
-823
-913
-923
-743
-753
-763
-783
-223
-323
758
-752
-754
-755
-756
-757
-748
-768
-848
-858
-868
-948
-958
-968
-718
-738
-778
-788
-798
-158
-258
-458
-658
835
-831
-834
-836
-838
-839
-735
-825
-925
-935
-845
-855
-865
-875
-885
-895
-235
-335
861
-862
-863
-864
-867
-869
-761
-961
-821
-891
914
-912
-917
-918
-919
-714
-734
-814
-934
-954
-964
-974
-994
-114
-214
-314
931
-936
-938
-939
-731
-921
791
-792
-794
-795
-796
-991
321
-325
-326
-327
-328
-331
963
-962
-965
-967
-969
-843
-853
-943
-953
883
-886
-887
-888
-889
-983
343
-345
-346
-347
-348
-253
-263
-363
213
-217
-218
-219
-313
453
-452
-455
-463
979
-972
-975
-978
-779
-789
-879
-989
-929
-949
-118
119
-129
-229
-239
-189
289
-285
-286
-288
-719
-819
-125
225
-226
-227
-228
317
-318
-255
-265
-295
-367
-717
712
-812
-822
-922
-762
-772
-817
818
-828
-928
-878
-898
126
-128
-236
-336
-156
256
-254
-257
267
-264
-268
-186
-296
396
-394
-395
-398
-826
-926
927
736
-739
-827
829
-746
-786
-849
-947
-957
-987
787
-785
-747
-767
-429
-529
439
-438
-469
-856
-956
986
-985
-988
-896
-996
998
-992
-995
775
-774
764
-765
-769
-854
749
-745
846
-847
-946
945
-955
952
-852
857
-645
647
-648
-657
548
-549
-468
-568
569
-562
522
-528
-422
428
-498
-652
655
462
-465
-492
495
672
-675
-678
-685
688
154
-155
-164
-364
-872
874
892
-894
-374
294
-298
-234
238
334
-338
-375
378
185
-188
-165
168
365
-368
