135
-131
-132
-133
-134
-136
-137
-138
-139
-115
-125
-215
-225
-235
-315
-325
-335
-145
-155
-165
-175
-185
-195
-435
-535
-635
-735
-835
-935
141
-142
-143
-144
-146
-147
-148
-149
-151
-161
-241
-251
-261
-341
-351
-361
-111
-121
-171
-181
-191
-441
-541
-641
-741
-841
-941
187
-182
-183
-184
-186
-188
-189
-177
-197
-277
-287
-297
-377
-387
-397
-117
-127
-157
-167
-487
-587
-687
-787
-887
-987
194
-192
-193
-196
-198
-199
-174
-274
-284
-294
-374
-384
-394
-114
-124
-154
-164
-494
-594
-694
-794
-894
-994
237
-231
-232
-233
-234
-236
-238
-239
-217
-227
-317
-327
-337
-247
-257
-267
-437
-537
-637
-737
-837
-937
252
-253
-254
-255
-256
-258
-259
-152
-162
-242
-262
-342
-352
-362
-212
-222
-272
-282
-292
-452
-552
-652
-752
-852
-952
265
-263
-264
-266
-268
-269
-245
-345
-355
-365
-275
-285
-295
-465
-565
-665
-765
-865
-965
316
-311
-312
-313
-314
-318
-319
-116
-126
-216
-226
-326
-336
-346
-356
-366
-376
-386
-396
-416
-516
-616
-716
-816
-916
344
-343
-347
-348
-349
-244
-354
-364
-324
-334
-444
-544
-644
-744
-844
-944
424
-421
-422
-423
-425
-426
-427
-428
-429
-414
-434
-514
-524
-534
-614
-624
-634
-454
-464
-474
-484
-224
214
-211
-213
-218
-219
-714
-814
-914
-724
-824
-924
436
-431
-432
-433
-438
-439
-526
-536
-626
-636
-446
-456
-466
-476
-486
-496
-736
-836
-936
448
-442
-443
-445
-447
-449
-458
-468
-548
-558
-568
-648
-658
-668
-418
-478
-488
-498
-248
-748
-848
-948
532
-531
-533
-538
-539
-412
-512
-522
-612
-622
-632
-542
-562
-572
-582
-592
-332
-732
-832
-932
547
-543
-545
-546
-549
-457
-467
-557
-567
-647
-657
-667
-517
-527
-577
-597
-747
-847
-947
566
-561
-563
-564
-569
-556
-646
-656
-666
-576
-586
-596
-166
-766
-866
-966
571
-573
-574
-575
-578
-579
-471
-481
-491
-581
-591
-671
-681
-691
-511
-521
-551
-271
-371
-771
-871
-971
662
-661
-663
-664
-669
-462
-642
-672
-682
-692
-762
-862
-962
677
-673
-674
-675
-676
-678
-679
-477
-497
-697
417
-411
-413
-415
-419
-617
-627
-717
-817
-917
-777
-877
-977
684
-683
-685
-686
-688
-689
-584
696
-693
-695
-698
-699
554
-553
-555
-559
-654
-754
-854
-954
-784
-884
-984
-296
-796
-896
-996
768
-761
-763
-764
-767
-769
-758
-858
-868
-958
-968
-718
-728
-738
-778
-788
-798
-168
-368
793
-791
-792
-795
-797
-799
-773
-783
-873
-883
-893
-973
-983
-993
-713
-723
-733
-743
-753
-293
-393
-493
-593
842
-843
-845
-846
-849
-742
-942
-812
-822
-872
-882
-892
855
-851
-853
-856
-857
-859
-745
-755
-945
-955
-815
-825
-875
-885
-895
645
-643
-649
-455
-655
-615
-625
876
-874
-878
-879
-776
-786
-886
-976
-986
-826
-176
156
-153
-158
-159
-246
358
-353
-357
-359
367
-363
-369
-328
-338
-378
-388
-398
-756
-956
-867
-967
-276
286
-281
-283
-288
-289
912
-911
-913
-915
-918
-919
-712
-722
-922
-972
-982
-992
-112
929
-921
-923
-925
-926
-927
-928
726
-721
-725
-727
-729
715
-711
-719
827
-821
-823
-828
-829
-739
-819
-839
-939
-775
-785
-746
749
946
-943
-949
-759
-869
-959
-969
757
-751
-957
-779
-789
-897
997
-991
-995
-998
-999
-979
-989
-515
525
-523
-528
-529
-585
-595
-129
-229
-329
-629
243
-249
-163
169
-119
339
-331
-333
-179
-223
-273
-379
-389
-399
-639
-469
963
-961
-964
-863
-953
951
-861
864
-834
-931
-981
-933
-451
461
-463
-651
974
-975
-978
-774
772
-782
781
-881
-891
985
-988
-731
734
-934
938
-818
-838
-638
-172
122
-123
-128
-322
-372
-472
-381
-385
-485
113
-118
-323
321
-221
228
-173
178
-278
279
-298
-299
291
-391
-513
583
-588
-589
-473
-483
598
-599
453
-459
-653
659
-518
519
-619
-613
-813
811
-831
833
-611
618
-628
-621
623
631
-633
373
-375
-383
382
-392
395
475
-479
-495
-482
489
492
-499
888
-889
-898
899
