121
-122
-123
-124
-125
-126
-127
-128
-129
-111
-131
-211
-221
-231
-311
-321
-331
-141
-151
-161
-171
-181
-191
-421
-521
-621
-721
-821
-921
193
-192
-194
-195
-196
-197
-198
-199
-173
-183
-273
-283
-293
-373
-383
-393
-113
-133
-143
-153
-163
-493
-593
-693
-793
-893
-993
226
-222
-223
-224
-225
-227
-228
-229
-116
-136
-216
-236
-316
-326
-336
-246
-256
-266
-276
-286
-296
-426
-526
-626
-726
-826
-926
232
-233
-234
-235
-237
-238
-239
-112
-132
-212
-312
-322
-332
-242
-252
-262
-272
-282
-292
-432
-532
-632
-732
-832
-932
344
-341
-342
-343
-345
-346
-347
-348
-349
-144
-154
-164
-244
-254
-264
-354
-364
-314
-324
-334
-374
-384
-394
-444
-544
-644
-744
-844
-944
375
-371
-372
-376
-377
-378
-379
-175
-185
-275
-285
-295
-385
-395
-315
-325
-335
-355
-365
-475
-575
-675
-775
-875
-975
427
-422
-423
-424
-425
-428
-429
-417
-437
-517
-527
-537
-617
-627
-637
-447
-457
-467
-477
-487
-497
-327
-727
-827
-927
472
-471
-473
-474
-476
-478
-479
-482
-492
-572
-582
-592
-672
-682
-692
-412
-442
-452
-462
-172
-772
-872
-972
486
-481
-483
-484
-485
-488
-489
-496
-576
-586
-596
-676
-686
-696
-416
-436
-446
-456
-466
-186
-386
-786
-886
-986
518
-511
-512
-513
-514
-515
-516
-519
-418
-438
-528
-538
-618
-628
-638
-548
-558
-568
-578
-588
-598
-118
-218
-318
-718
-818
-918
549
-541
-542
-543
-545
-546
-547
-449
-459
-469
-559
-569
-649
-659
-669
-529
-539
-579
-589
-599
-149
-249
-749
-849
-949
643
-641
-642
-645
-646
-647
-648
-443
-453
-463
-553
-563
-653
-663
-613
-623
-633
-673
-683
-243
-743
-843
-943
713
-711
-712
-714
-715
-716
-717
-719
-723
-733
-813
-823
-833
-913
-923
-933
-753
-763
-773
-783
-213
-313
-413
433
-431
-434
-435
-439
-523
-533
323
-328
-329
-333
-353
-363
774
-771
-776
-777
-778
-779
-784
-794
-874
-884
-894
-974
-984
-994
-724
-734
-754
-764
-174
-274
-574
-674
815
-811
-812
-814
-816
-817
-819
-725
-735
-825
-835
-915
-925
-935
-845
-855
-865
-885
-895
-115
-215
135
-134
-137
-138
-139
338
-337
-339
-145
-155
-165
-358
-368
-388
-398
-415
-615
-535
-635
-738
-838
-938
856
-851
-852
-853
-854
-857
-858
-859
-746
-756
-766
-846
-866
-946
-956
-966
-836
-876
-896
146
-142
-147
-148
-156
-166
-356
-366
-176
396
-391
-392
-397
-399
-556
-656
976
-971
-973
-977
-978
-979
-796
-996
736
-731
-737
-739
-916
-936
616
-611
-612
-614
-619
-536
-636
566
-561
-562
-564
-565
-567
-666
912
-911
-914
-917
-919
-722
-822
-922
-942
-952
-962
-982
-992
411
-414
-419
-531
534
-631
-524
-624
-634
639
-629
-441
-451
-461
-491
499
-494
-495
-498
-679
-689
-699
-554
-584
-594
-834
-934
-839
-939
-299
-799
-899
-999
951
-953
-954
-955
-957
-958
-959
-741
-751
-761
-841
-861
-941
-961
-931
937
831
-837
-871
-881
-891
-981
-991
-947
-967
-987
-997
241
-245
-247
-248
-251
-261
-351
-361
-271
-281
-291
381
-382
-387
-389
182
-184
-187
-188
-189
-152
-162
114
-117
-119
-214
-551
-651
661
-662
-664
-665
-667
-668
-671
-681
-691
253
-255
-257
-258
-259
-263
265
-267
-268
-269
-465
-765
-965
571
-573
-577
-581
-591
583
-585
-587
873
-877
-878
-879
-883
-983
-863
963
-964
-968
-969
864
-862
-867
-868
-869
-824
924
-928
-929
989
-985
-988
-789
-889
829
-828
728
-729
-748
-758
-768
-788
-798
-464
468
-448
445
-455
-555
-655
-458
454
-654
-658
-745
-945
948
755
-752
-757
-759
-848
769
-762
-767
-785
-795
995
-998
158
-157
-159
-168
-178
359
-352
-357
362
-367
-369
167
-169
-177
179
-279
-289
219
-217
317
-319
-781
791
-792
-797
-782
787
-887
-897
742
-747
-842
847
-882
888
892
-898
685
-684
-687
-688
694
-695
-697
-698
-595
597
-677
678
525
-522
622
-625
552
-557
-652
657
277
-278
-287
-297
284
-288
-294
298
