123
-121
-122
-124
-125
-126
-127
-128
-129
-113
-133
-213
-223
-233
-313
-323
-333
-143
-153
-163
-173
-183
-193
-423
-523
-623
-723
-823
-923
157
-151
-152
-154
-155
-156
-158
-159
-147
-167
-247
-257
-267
-347
-357
-367
-117
-137
-177
-187
-197
-457
-557
-657
-757
-857
-957
211
-212
-214
-215
-216
-217
-218
-219
-111
-131
-221
-231
-311
-321
-331
-241
-251
-261
-271
-281
-291
-411
-511
-611
-711
-811
-911
284
-282
-283
-285
-286
-287
-288
-289
-174
-184
-194
-274
-294
-374
-384
-394
-224
-234
-244
-254
-264
-484
-584
-684
-784
-884
-984
382
-381
-383
-385
-386
-387
-388
-389
-172
-182
-192
-272
-292
-372
-392
-312
-322
-332
-342
-352
-362
-482
-582
-682
-782
-882
-982
449
-441
-442
-443
-444
-445
-446
-447
-448
-459
-469
-549
-559
-569
-649
-659
-669
-419
-429
-439
-479
-489
-499
-149
-249
-349
-749
-849
-949
477
-471
-472
-473
-474
-475
-476
-478
-487
-497
-577
-587
-597
-677
-687
-697
-417
-427
-437
-467
-277
-377
-777
-877
-977
527
-521
-522
-524
-525
-526
-528
-529
-517
-537
-617
-627
-637
-547
-567
-227
-327
-727
-827
-927
578
-571
-572
-573
-574
-575
-576
-579
-488
-498
-588
-598
-678
-688
-698
-518
-538
-548
-558
-568
-178
-278
-378
-778
-878
-978
644
-641
-642
-643
-645
-646
-647
-648
-454
-464
-544
-554
-564
-654
-664
667
-661
-662
-663
-665
-666
-668
-614
-624
-634
-674
-694
-144
-344
-744
-844
-944
-767
-867
-967
753
-751
-752
-754
-755
-756
-758
-759
-743
-763
-843
-853
-863
-943
-953
-963
-713
-733
-773
-783
-793
-253
-353
-453
-553
-653
775
-771
-772
-774
-776
-779
-785
-795
-875
-885
-895
-975
-985
-995
-715
-725
-735
-745
-765
-175
-275
-375
-675
791
-792
-794
-796
-797
-798
-799
-781
-871
-881
-891
-971
-981
-991
-721
-731
-741
-761
-191
-391
-491
-591
-691
812
-813
-814
-815
-816
-817
-818
-819
-712
-722
-732
-822
-832
-912
-922
-932
-842
-852
-862
-872
-892
-112
-412
-512
-612
834
-831
-833
-835
-836
-837
-838
-839
-714
-724
-734
-824
-914
-924
-934
764
-762
-766
-768
-769
-854
-864
-954
-964
742
-746
-747
-748
-942
-952
-962
-874
-894
-134
-334
-434
-534
-142
-242
-542
354
-351
-355
-356
-358
-359
-164
-364
114
-115
-116
-118
-119
-314
-324
-414
-514
424
-421
-422
-425
-426
-428
-494
594
-592
-593
-595
-596
-599
974
-972
-973
-976
-979
992
-993
-994
-996
-997
-998
-999
672
-671
-673
-676
-679
-492
-692
-622
-632
-652
222
-225
-226
-228
-229
-132
-232
162
-161
-165
-166
-168
-169
-252
-262
-462
-562
866
-861
-865
-868
-869
-846
-856
-946
-956
-966
-826
-876
-886
-896
-266
-366
-466
-566
939
-931
-933
-935
-936
-937
-938
913
-915
-916
-917
-918
-919
-719
-729
-739
-829
-929
789
-786
-787
-788
986
-983
-987
-988
-989
-879
873
-883
-893
-889
-899
859
-851
-855
-858
-959
-969
-926
947
-941
-945
-948
-847
-413
-513
-613
-139
-239
-339
-539
-639
-259
-273
-373
-186
-486
-586
-686
887
-888
-897
898
-828
-848
188
-181
-185
-189
-198
-298
-398
-138
-148
-589
519
-515
-516
-619
-629
-319
329
-325
-326
-328
-369
269
-263
-265
-268
-279
276
-176
-196
-296
-376
-396
-236
-246
-256
-299
-379
371
-171
179
-199
195
-295
-395
-399
141
-145
-146
-341
-361
346
-343
-345
-348
-135
136
-316
-336
-436
-536
-636
-736
-541
-841
845
-955
-965
821
-825
-921
925
-928
-621
-625
-245
-545
-546
543
-463
-563
-533
-583
556
-551
-552
-555
452
-451
-455
-456
-458
-656
-432
532
-531
-535
-243
248
363
-365
-368
255
-258
293
-297
-393
397
-235
237
-238
-317
-337
717
-716
-718
726
-728
-737
738
-626
628
-418
-438
-618
-638
468
-461
-465
-658
318
-315
335
-338
-435
-635
-655
651
-561
565
581
-585
-481
-681
431
-433
-631
633
-683
-693
-951
958
961
-968
483
-485
-493
685
-689
-495
496
-695
-696
699
415
-416
-615
616
