123
-121
-122
-124
-125
-126
-127
-128
-129
-113
-133
-213
-223
-233
-313
-323
-333
-143
-153
-163
-173
-183
-193
-423
-523
-623
-723
-823
-923
131
-132
-134
-135
-136
-137
-138
-139
-111
-211
-221
-231
-311
-321
-331
-141
-151
-161
-171
-181
-191
-431
-531
-631
-731
-831
-931
259
-251
-252
-253
-254
-255
-256
-257
-258
-149
-159
-169
-249
-269
-349
-359
-369
-219
-229
-239
-279
-289
-299
-459
-559
-659
-759
-859
-959
285
-281
-282
-283
-284
-286
-287
-288
-175
-185
-195
-275
-295
-375
-385
-395
-215
-225
-235
-245
-265
-485
-585
-685
-785
-885
-985
412
-411
-413
-414
-415
-416
-417
-418
-419
-422
-432
-512
-522
-532
-612
-622
-632
-442
-452
-462
-472
-482
-492
-112
-212
-312
-712
-812
-912
467
-461
-463
-464
-465
-466
-468
-469
-447
-457
-547
-557
-567
-647
-657
-667
-427
-437
-477
-487
-497
-167
-267
-367
-767
-867
-967
489
-481
-483
-484
-486
-488
-479
-499
-579
-589
-599
-679
-689
-699
-429
-439
-449
-189
-389
-789
-889
-989
519
-511
-513
-514
-515
-516
-517
-518
-529
-539
-619
-629
-639
-549
-569
-119
-319
-719
-819
-919
548
-541
-542
-543
-544
-545
-546
-448
-458
-558
-568
-648
-658
-668
-528
-538
-578
-588
-598
-148
-248
-348
-748
-848
-948
641
-642
-643
-644
-645
-646
-649
-441
-451
-551
-561
-651
-661
669
-662
-663
-664
-665
-666
-611
-621
-671
-681
-691
-241
-341
-741
-841
-941
-769
-869
-969
716
-711
-713
-714
-715
-717
-718
-726
-736
-816
-826
-836
-916
-926
-936
-746
-756
-766
-776
-786
-796
-116
-216
-316
-616
727
-721
-722
-724
-725
-728
-729
-737
-817
-827
-837
-917
-927
-937
-747
-757
-777
-787
-797
-227
-327
-527
-627
754
-751
-752
-753
-755
-758
-744
-764
-844
-854
-864
-944
-954
-964
-734
-774
-784
-794
-154
-354
-454
-554
-654
873
-871
-872
-874
-875
-876
-877
-878
-879
-773
-783
-793
-883
-893
-973
-983
-993
-813
-833
-843
-853
-863
-273
-373
-473
-573
-673
891
-892
-894
-895
-896
-897
-898
-899
-771
-781
-791
-881
-971
-981
-991
761
-762
-763
-765
-768
-851
-861
-951
-961
-811
-821
911
-913
-914
-915
-918
-921
613
-614
-615
-617
-618
-433
-533
-633
-653
-683
-693
351
-352
-353
-355
-356
-357
-358
-261
-361
-371
-381
-391
581
-582
-583
-584
-586
-587
-471
-491
-571
-591
421
-424
-425
-426
-428
-521
271
-272
-274
-276
-277
-278
-291
383
-382
-384
-386
-387
-388
-293
-393
-343
-363
924
-922
-925
-928
-929
-814
-824
-834
-934
884
-882
-886
-887
-888
-974
-984
-994
-224
-324
-524
-624
-184
-684
978
-972
-975
-976
-977
-979
-778
-788
782
-772
-792
-982
-992
-798
-988
-998
-732
-742
738
-733
-735
-739
933
-932
-935
-938
-939
-818
815
-825
-835
-828
-838
743
-745
-749
-943
-953
-963
-845
-855
-865
-958
-968
-115
-315
-238
-338
-438
-638
628
-625
-626
-678
-688
-698
-228
-328
-243
263
-262
-264
-266
-268
-443
-563
-178
-378
-478
498
-493
-494
-495
-496
593
-592
-594
-595
-596
-597
453
-455
-456
-553
-182
-682
188
-186
-187
-198
-298
-398
-118
-158
-168
368
-362
-364
-365
-366
218
-214
-217
-318
858
-852
-856
-857
-868
847
-842
-846
-849
-947
-957
949
-942
-945
-946
866
-862
-956
-966
-999
-147
-247
-347
157
-152
-155
-156
-117
114
-234
-314
317
-334
-237
-337
-144
-164
-174
-194
-177
-197
297
-292
-294
-296
-377
-397
244
-242
-246
-344
-444
564
-562
-565
-566
-534
-574
-166
-697
-997
987
-986
996
-995
686
-687
-476
-576
-676
-696
-636
-656
556
-552
-555
652
-655
445
-446
-435
-475
474
-674
-694
-434
436
634
-635
-637
-526
525
-535
-536
537
572
-575
-577
-672
-692
695
-675
677
-325
335
-332
-336
-339
329
-322
-326
-345
-379
-399
226
-222
232
-236
822
-829
-832
839
-145
165
-162
-952
955
962
-965
-172
-372
-374
376
394
-392
-396
192
-196
-199
-176
179
-142
146
342
-346
775
-779
-795
799
