122
-121
-123
-124
-125
-126
-127
-128
-129
-112
-132
-212
-222
-232
-312
-322
-332
-142
-152
-162
-172
-182
-192
-422
-522
-622
-722
-822
-922
146
-141
-143
-144
-145
-147
-148
-149
-156
-166
-246
-256
-266
-346
-356
-366
-116
-136
-176
-186
-196
-446
-546
-646
-746
-846
-946
165
-161
-163
-164
-167
-168
-169
-155
-245
-255
-265
-345
-355
-365
-115
-135
-175
-185
-195
-465
-565
-665
-765
-865
-965
214
-211
-213
-215
-216
-217
-218
-219
-114
-134
-224
-234
-314
-324
-334
-244
-254
-264
-274
-284
-294
-414
-514
-614
-714
-814
-914
278
-271
-272
-273
-275
-276
-277
-279
-178
-188
-198
-288
-298
-378
-388
-398
-228
-238
-248
-258
-268
-478
-578
-678
-778
-878
-978
293
-291
-292
-295
-296
-297
-299
-173
-183
-193
-283
-373
-383
-393
-223
-233
-243
-253
-263
-493
-593
-693
-793
-893
-993
413
-411
-412
-415
-416
-417
-418
-419
-423
-433
-513
-523
-533
-613
-623
-633
-443
-453
-463
-473
-483
-113
-313
-713
-813
-913
437
-431
-432
-434
-435
-436
-438
-439
-427
-517
-527
-537
-617
-627
-637
-447
-457
-467
-477
-487
-497
-137
-237
-337
-737
-837
-937
454
-451
-452
-455
-456
-458
-459
-444
-464
-544
-554
-564
-644
-654
-664
-424
-474
-484
-494
-154
-354
-754
-854
-954
545
-541
-542
-543
-547
-548
-549
-445
-555
-645
-655
-515
-525
-535
-575
-585
-595
-745
-845
-945
581
-582
-583
-584
-586
-587
-588
-589
-471
-481
-491
-571
-591
-671
-681
-691
-511
-521
-531
-551
-561
-181
-281
-381
-781
-881
-981
618
-611
-612
-615
-616
-619
-428
-518
-528
-538
-628
-638
-648
-658
-668
-688
-698
-118
-318
-718
-818
-918
725
-721
-723
-724
-726
-727
-728
-729
-715
-735
-815
-825
-835
-915
-925
-935
-755
-775
-785
-795
315
-311
-316
-317
-319
-225
-235
-325
-335
285
-282
-286
-287
-289
-375
-385
-395
-425
-625
635
-631
-632
-634
-636
-639
-675
-685
-695
-485
-885
-985
786
-782
-783
-784
-787
-788
-789
-776
-796
-876
-886
-896
-976
-986
-996
-716
-736
-756
-766
-386
-486
-686
853
-851
-852
-855
-856
-857
-858
-859
-743
-753
-763
-843
-863
-943
-953
-963
955
-951
-952
-956
-957
-958
-959
-823
-833
-873
-883
-975
-995
-153
133
-131
-138
-139
-323
-333
158
-151
-157
-159
-348
-358
-368
923
-921
-924
-926
-927
-928
-929
-733
-933
773
-771
-772
-774
-777
-779
-973
-983
-353
-553
-653
-558
-758
-573
563
-562
-566
-567
-568
-569
-643
-663
598
-592
-594
-596
-597
-599
-488
-498
343
-341
-342
-344
-347
-349
-363
364
-361
-362
-367
-369
-374
-384
-394
-764
-864
-964
-673
683
-682
-684
-687
-689
-798
-898
-998
877
-871
-872
-874
-875
-879
895
-891
-892
-894
-897
-899
-797
-887
-977
-987
-997
-817
-827
-847
-867
475
-472
-476
-479
-495
-177
-377
-577
557
-552
-556
-559
-647
-657
-667
656
-651
-652
-659
-466
-666
-626
-676
-696
-257
-357
-757
-677
697
-692
-694
-699
-197
-397
942
-941
-944
-947
-948
-949
-742
-752
-762
-842
-862
-962
-912
-932
-972
-982
-992
-242
-442
-642
111
-117
-119
-221
-231
-321
-331
-171
-191
187
-184
-189
-387
327
-326
-328
-329
-227
338
-336
-339
-711
-811
-911
828
-821
-824
-826
-829
-738
-838
-938
-848
-868
-888
988
-984
-989
-968
884
-882
-889
792
-791
-794
-799
-974
-994
-712
-732
-834
-844
744
-741
-747
-748
-749
768
-761
-767
-769
967
-961
-966
-969
866
-861
-869
-734
934
-931
-936
-939
717
-719
-917
-816
-836
916
-919
-516
-534
247
-241
-249
-267
448
-441
-449
-468
-392
-492
194
-199
-174
179
-379
-389
382
-372
-399
-352
359
-351
-259
-269
252
-251
261
-262
751
-759
-841
849
-731
739
831
-832
-839
812
-819
-512
519
532
-536
-539
-429
-529
-629
-572
-579
229
-226
236
-239
641
-649
-461
-661
421
-426
-621
624
-524
526
496
-499
-576
574
-674
672
-679
-482
489
462
-469
-662
669
376
-371
391
-396
971
-979
-991
999
