146
-141
-142
-143
-144
-145
-147
-148
-149
-156
-166
-246
-256
-266
-346
-356
-366
-116
-126
-136
-176
-186
-196
-446
-546
-646
-746
-846
-946
165
-161
-162
-163
-164
-167
-168
-169
-155
-245
-255
-265
-345
-355
-365
-115
-125
-135
-175
-185
-195
-465
-565
-665
-765
-865
-965
181
-182
-183
-184
-187
-188
-189
-171
-191
-271
-281
-291
-371
-381
-391
-111
-121
-131
-151
-481
-581
-681
-781
-881
-981
199
-192
-193
-194
-197
-198
-179
-279
-289
-299
-379
-389
-399
-119
-129
-139
-159
-499
-599
-699
-799
-899
-999
227
-221
-222
-223
-224
-225
-226
-228
-229
-117
-127
-137
-217
-237
-317
-327
-337
-247
-257
-267
-277
-287
-297
-427
-527
-627
-727
-827
-927
259
-251
-252
-253
-254
-258
-249
-269
-349
-359
-369
-219
-239
-459
-559
-659
-759
-859
-959
295
-292
-293
-294
-296
-298
-275
-285
-375
-385
-395
-215
-235
-495
-595
-695
-795
-895
-995
316
-311
-312
-313
-314
-315
-318
-319
-216
-236
-326
-336
-376
-386
-396
-416
-516
-616
-716
-816
-916
347
-341
-342
-343
-344
-348
-157
-357
-367
177
-172
-173
-174
-178
-377
-387
-397
-447
-547
-647
-747
-847
-947
-477
-577
-677
-777
-877
-977
352
-351
-353
-354
-358
-152
-242
-262
-362
-322
-332
-372
-382
-392
-452
-552
-652
-752
-852
-952
449
-441
-442
-443
-444
-445
-448
-469
-549
-569
-649
-669
-419
-429
-439
-479
-489
-749
-849
-949
485
-482
-483
-484
-486
-487
-488
-475
-575
-585
-675
-685
-415
-425
-435
-455
-785
-885
-985
539
-531
-532
-533
-534
-535
-536
-537
-538
-519
-529
-619
-629
-639
-579
-589
-339
329
-321
-323
-324
-325
-328
335
-331
-333
-334
-338
361
-363
-364
-368
-241
-261
-729
-829
-929
-635
-735
-835
-935
-739
-839
-939
-461
-561
-661
-761
-861
-961
574
-571
-572
-573
-576
-578
-474
-494
-584
-594
-674
-684
-694
-514
-524
-544
-554
-564
-274
-374
-774
-874
-974
622
-621
-623
-624
-625
-626
-628
-412
-422
-432
-512
-522
-612
-632
-642
-662
-672
-682
-692
-122
-722
-822
-922
668
-663
-664
-666
-667
-458
-468
-548
-558
-568
-648
-658
-618
-638
-678
-688
-698
-268
-768
-868
-968
755
-751
-753
-754
-756
-757
-758
-745
-845
-855
-945
-955
-715
-725
-775
-555
-655
767
-762
-763
-764
-766
-769
-857
-867
-957
-967
-717
-737
-787
-797
-467
-567
798
-791
-792
-793
-794
-796
-778
-788
-878
-888
-898
-978
-988
-998
-718
-728
-738
-748
-398
-498
-598
812
-811
-813
-814
-815
-817
-818
-819
-712
-732
-832
-912
-932
-842
-862
-872
-882
-892
-112
132
-133
-134
-138
-212
-232
853
-851
-854
-856
-858
-743
-843
-863
-943
-953
-963
-823
-833
-873
-883
-893
-153
-453
-553
-653
886
-884
-887
-889
-776
-786
-876
-896
-976
-986
-996
-826
-836
-866
-286
276
-272
-273
-278
282
-283
-284
-288
-476
-676
-582
-782
-982
-586
-686
913
-911
-914
-915
-917
-918
-919
-713
-723
-733
-923
-933
719
-711
-714
-779
-789
-973
-983
-993
-113
123
-124
-128
-213
-233
-413
-513
-613
-423
-523
921
-924
-925
-926
-928
-721
-731
-821
-831
-931
825
-824
-828
-875
975
-971
-972
-979
-941
-951
-991
-421
-521
-525
942
-944
-948
-742
-962
772
-771
-773
-992
783
-784
741
-744
-841
-541
-641
-542
-472
-383
-583
-683
964
-966
-969
-844
848
-864
869
-954
956
-958
-838
938
-934
-936
-937
837
-834
894
-891
-897
871
-879
-984
-994
997
-987
989
-437
-637
-238
-438
-248
158
-154
114
-118
-214
-234
231
-211
218
-414
-614
-418
-518
-431
-631
-456
-556
-656
-264
263
-243
244
-644
-463
-563
-464
-471
-671
679
-673
-689
687
-497
-587
588
-597
-697
-478
473
-493
-593
-693
-433
633
-634
-636
428
-424
-426
434
-436
526
-528
-454
654
-651
-657
543
-545
-643
645
515
-511
-517
-615
-566
562
-462
466
492
-491
-496
-592
-596
591
-691
696
-551
557
451
-457
-411
417
611
-617
724
-726
-734
736
-373
378
393
-394
384
-388
