138
-131
-132
-133
-134
-135
-136
-137
-139
-118
-128
-218
-228
-238
-318
-328
-338
-148
-158
-168
-178
-188
-198
-438
-538
-638
-738
-838
-938
161
-162
-163
-164
-165
-166
-167
-169
-141
-151
-241
-251
-261
-341
-351
-361
-111
-121
-171
-181
-191
-461
-561
-661
-761
-861
-961
194
-192
-193
-195
-196
-197
-199
-174
-184
-274
-284
-294
-374
-384
-394
-114
-124
-144
-154
-494
-594
-694
-794
-894
-994
224
-221
-222
-223
-225
-226
-227
-229
-214
-234
-314
-324
-334
-244
-254
-264
-424
-524
-624
-724
-824
-924
252
-253
-255
-256
-257
-258
-259
-142
-152
-242
-262
-342
-352
-362
-212
-232
-272
-282
-292
-452
-552
-652
-752
-852
-952
276
-271
-273
-275
-277
-278
-279
-176
-186
-286
-296
-376
-386
-396
-216
-236
-246
-266
-476
-576
-676
-776
-876
-976
316
-311
-312
-313
-315
-317
-319
-116
-126
-326
-336
-346
-356
-366
-416
-516
-616
-716
-816
-916
371
-372
-373
-375
-377
-378
-379
-281
-291
-381
-391
-321
-331
-471
-571
-671
-771
-871
-971
388
-382
-383
-385
-387
-389
-288
-298
-398
-348
-358
-368
-488
-588
-688
-788
-888
-988
392
-393
-395
-397
-399
-172
-182
-322
-332
-492
-592
-692
-792
-892
-992
413
-411
-412
-414
-415
-417
-418
-419
-423
-433
-513
-523
-533
-613
-623
-633
-443
-453
-463
-473
-483
-493
-113
-213
-713
-813
-913
456
-451
-454
-455
-457
-458
-459
-446
-466
-546
-556
-566
-646
-656
-666
-426
-436
-486
-496
-156
146
-143
-145
-147
-149
-746
-846
-946
-756
-856
-956
465
-462
-464
-467
-468
-469
-445
-545
-555
-565
-645
-655
-665
-425
-435
-475
-485
-495
-265
-365
-765
-865
-965
541
-542
-543
-544
-547
-548
-549
-441
-551
-641
-651
-511
-521
-531
-581
-591
-741
-841
-941
568
-562
-563
-564
-567
-569
-448
-558
-648
-658
-668
-518
-528
-578
-598
-268
248
-243
-245
-247
-249
-748
-848
-948
-768
-868
-968
643
-642
-644
-647
-649
-553
-653
-663
-673
-683
-693
-343
-743
-843
-943
657
-654
-659
-447
-557
-667
-617
-627
-637
-677
-687
-697
-157
-357
-757
-857
-957
695
-691
-696
-698
-699
-575
-585
-595
-675
-685
-615
-625
-635
-295
-795
-895
-995
712
-711
-714
-715
-717
-718
-719
-722
-732
-812
-822
-832
-912
-922
-932
-742
-762
-772
-782
-112
122
-123
-125
-127
-129
-512
-612
-422
-522
-622
729
-721
-723
-725
-726
-727
-728
-739
-819
-829
-839
-919
-929
-939
-749
-759
-769
-779
-789
-799
-329
-429
-529
-629
733
-731
-734
-735
-736
-737
-823
-833
-923
-933
-753
-763
-773
-783
-793
323
-325
-327
-233
-333
-353
-363
797
-791
-796
-798
-777
-787
-877
-887
-897
-977
-987
-997
-747
-767
-297
-497
-597
836
-831
-834
-835
-837
-826
-926
-936
-866
-886
-896
-536
-636
858
-851
-853
-854
-855
-859
-758
-958
778
-774
-775
-878
-898
-978
-998
-818
-828
-478
-678
498
-491
-499
-428
883
-881
-882
-884
-885
-889
-873
-893
-973
-983
-993
-863
-183
-283
-583
917
-911
-914
-915
-918
-817
-827
-927
-937
928
-921
-925
-947
-967
-117
-217
-517
618
-611
-614
-619
-628
945
-942
-944
-949
-745
744
-754
-764
766
-844
-864
-954
-964
-755
751
-951
-845
-955
-966
-781
-784
785
-786
-875
-975
-985
-935
-344
-444
-345
175
-173
-177
-179
293
-299
-185
-285
153
-155
-159
-263
355
-354
-359
364
-367
-369
-115
119
-219
-239
-339
187
-189
-287
289
-269
267
-347
349
-237
337
-335
-519
-437
-537
847
-842
-849
-867
442
-449
-662
-432
-472
-482
-953
959
963
-962
-969
862
-869
-872
-979
-989
-999
554
-559
-664
669
-514
515
-525
-535
-534
-574
-584
-639
-679
-689
814
-811
-815
-934
931
-821
825
891
-899
-981
-991
996
-986
879
-874
211
-215
-231
235
-431
-631
573
-572
-577
-579
-593
477
-474
-479
-487
-587
-427
421
-621
626
-526
527
-481
681
-682
-684
-686
586
-582
-589
672
-674
484
-489
-596
599
-434
439
634
-632
532
-539
-972
974
982
-984
