127
-121
-122
-123
-124
-125
-126
-128
-129
-117
-137
-217
-227
-237
-317
-327
-337
-147
-157
-167
-177
-187
-197
-427
-527
-627
-727
-827
-927
144
-141
-142
-143
-145
-146
-148
-149
-154
-164
-244
-254
-264
-344
-354
-364
-114
-134
-174
-184
-194
-444
-544
-644
-744
-844
-944
161
-162
-163
-165
-166
-168
-169
-151
-241
-251
-261
-341
-351
-361
-111
-131
-171
-181
-191
-461
-561
-661
-761
-861
-961
186
-182
-183
-185
-188
-189
-176
-196
-276
-286
-296
-376
-386
-396
-116
-136
-156
-486
-586
-686
-786
-886
-986
216
-211
-212
-213
-214
-215
-218
-219
-226
-236
-316
-326
-336
-246
-256
-266
-416
-516
-616
-716
-816
-916
273
-271
-272
-274
-275
-277
-278
-279
-173
-193
-283
-293
-373
-383
-393
-223
-233
-243
-253
-263
-473
-573
-673
-773
-873
-973
342
-343
-345
-346
-347
-348
-349
-152
-242
-252
-262
-352
-362
-312
-322
-332
-372
-382
-392
-442
-542
-642
-742
-842
-942
413
-411
-412
-414
-415
-417
-418
-419
-423
-433
-513
-523
-533
-613
-623
-633
-443
-453
-463
-483
-493
-113
-313
-713
-813
-913
452
-451
-454
-455
-456
-457
-458
-459
-462
-552
-562
-652
-662
-422
-432
-472
-482
-492
-752
-852
-952
485
-481
-484
-487
-488
-489
-475
-495
-575
-585
-595
-675
-685
-695
-425
-435
-445
-465
-285
-385
-785
-885
-985
547
-541
-543
-545
-546
-548
-549
-447
-467
-557
-567
-647
-657
-667
-517
-537
-577
-587
-597
-247
-747
-847
-947
594
-591
-592
-593
-596
-598
-599
-474
-494
-574
-584
-674
-684
-694
-514
-524
-534
-554
-564
-294
-394
-794
-894
-994
618
-611
-612
-614
-615
-617
-619
-428
-438
-518
-528
-538
-628
-638
-648
-658
-668
-678
-688
-698
-118
-318
-718
-818
-918
753
-751
-754
-755
-756
-757
-758
-759
-743
-763
-843
-853
-863
-943
-953
-963
-723
-733
-783
-793
643
-641
-645
-646
-649
-553
-563
-653
-663
583
-581
-582
-588
-589
-683
-693
-153
133
-132
-135
-138
-139
-323
-333
-833
-933
-353
363
-365
-366
-367
-368
-369
356
-355
-357
-358
-359
-556
-656
-856
-956
-883
-983
778
-771
-772
-774
-775
-776
-777
-779
-788
-798
-878
-888
-898
-978
-988
-998
-728
-738
-748
-768
-178
-378
-478
-578
498
-491
-496
-497
-499
-448
-468
-198
158
-155
-159
-248
-258
-268
-558
568
-565
-566
-569
-858
-958
-868
-968
-298
-398
831
-832
-834
-835
-836
-837
-838
-839
-711
-721
-731
-811
-821
-911
-921
-931
-841
-851
-871
-881
-891
-231
-331
-431
-531
-631
924
-922
-923
-925
-926
-928
-929
823
-822
-824
-825
-826
-828
-829
-714
-724
-734
-814
-914
-934
938
-932
-935
-936
-937
-939
-893
993
-991
-992
-995
-996
-997
-999
848
-845
-846
-849
-948
-954
-964
-974
-984
314
-311
-315
-319
-224
-234
-324
-334
284
-281
-282
-287
-288
-289
-374
-384
388
-381
-387
-389
-328
-338
511
-512
-515
-519
-421
-521
-621
-551
-571
-424
-624
228
-221
-222
-225
-229
321
-325
-329
-238
291
-292
-295
-297
-299
-371
-391
232
-235
-239
-112
-532
-632
-732
874
-872
-875
-876
-877
-879
-784
-884
764
-762
-765
-766
-767
-769
-854
-864
654
-651
-655
-659
441
-446
-449
-464
-664
-471
434
-436
-437
-439
-634
637
-635
-636
-639
477
-476
-479
-677
-687
-697
-737
-741
-941
951
-955
-957
-959
-971
-981
671
-672
-676
-679
-681
-691
-377
397
-395
-399
-977
781
-782
-787
-789
-791
-797
717
-712
-715
-719
-817
-917
-897
-115
119
335
-339
-179
-199
379
-375
-819
-919
-535
-735
-579
-979
172
-175
-192
195
-572
576
-696
522
-525
-526
-529
-622
625
-626
-629
555
-559
-665
-536
539
426
-429
-466
469
666
-669
-722
792
-795
-796
-799
-882
-892
-972
-982
-725
745
-746
-749
-855
-865
-945
-965
-726
729
736
-739
-245
249
-259
-269
946
-949
-866
-966
896
-895
-899
975
-976
815
-812
912
-915
862
-867
-869
-962
-255
257
265
-267
-857
859
967
-969
887
-889
-987
989
682
-689
-692
699
