121
-122
-123
-124
-125
-126
-127
-128
-129
-111
-131
-211
-221
-231
-311
-321
-331
-141
-151
-161
-171
-181
-191
-421
-521
-621
-721
-821
-921
176
-172
-173
-174
-175
-177
-178
-179
-186
-196
-276
-286
-296
-376
-386
-396
-116
-136
-146
-156
-166
-476
-576
-676
-776
-876
-976
244
-241
-242
-243
-245
-246
-247
-248
-249
-144
-154
-164
-254
-264
-344
-354
-364
-214
-224
-234
-274
-284
-294
-444
-544
-644
-744
-844
-944
285
-281
-282
-283
-287
-288
-289
-185
-195
-275
-295
-375
-385
-395
-215
-225
-235
-255
-265
-485
-585
-685
-785
-885
-985
343
-341
-342
-345
-346
-347
-348
-349
-143
-153
-163
-253
-263
-353
-363
-313
-323
-333
-373
-383
-393
-443
-543
-643
-743
-843
-943
457
-451
-452
-453
-454
-455
-456
-458
-459
-447
-467
-547
-557
-567
-647
-657
-667
-417
-427
-437
-477
-487
-497
-157
-257
-357
-757
-857
-957
466
-461
-462
-463
-464
-465
-468
-469
-446
-546
-556
-566
-646
-656
-666
-416
-426
-436
-486
-496
-266
-366
-766
-866
-966
472
-471
-473
-474
-475
-478
-479
-482
-492
-572
-582
-592
-672
-682
-692
-412
-422
-432
-442
-272
-372
-772
-872
-972
515
-511
-512
-513
-514
-516
-517
-518
-519
-415
-425
-435
-525
-535
-615
-625
-635
-545
-555
-565
-575
-595
-115
-315
-715
-815
-915
583
-581
-584
-586
-587
-588
-589
-483
-493
-573
-593
-673
-683
-693
-523
-533
-553
-563
-183
-783
-883
-983
752
-751
-753
-754
-755
-756
-758
-759
-742
-762
-842
-852
-862
-942
-952
-962
-712
-722
-732
-782
-792
-152
-252
-352
-552
-652
771
-773
-774
-775
-777
-778
-779
-781
-791
-871
-881
-891
-971
-981
-991
-711
-731
-741
-761
-271
-371
-571
-671
796
-793
-794
-795
-797
-798
-799
-786
-886
-896
-986
-996
-716
-726
-736
-746
686
-681
-684
-687
-688
-689
-596
-696
-616
-626
-636
813
-811
-812
-814
-816
-817
-818
-819
-713
-723
-733
-823
-833
-913
-923
-933
763
-764
-765
-767
-768
-769
-853
-863
-953
-963
-873
-893
-113
-213
-413
-613
653
-651
-654
-655
-658
-659
-663
-623
-633
838
-831
-832
-834
-835
-836
-837
-839
-718
-728
-738
-828
-918
-928
-938
-848
-858
-868
-878
-888
-898
-138
-238
-338
-438
-538
-638
845
-841
-846
-847
-849
-745
-855
-865
-945
-955
-965
-825
-875
-895
-145
-445
495
-491
-494
-498
-499
-675
-695
-645
665
-661
-662
-664
-668
-669
946
-941
-947
-948
-949
-856
-956
826
-822
-824
-827
-829
-916
-926
-936
-226
-326
-526
536
-531
-532
-534
-537
-539
-236
-336
-165
-365
975
-973
-974
-977
-978
-979
993
-992
-994
-995
-997
-998
-999
-925
-935
273
-277
-278
-279
-193
-293
133
-132
-134
-135
-137
-139
-223
-233
155
-158
-159
-355
423
-424
-428
-429
-433
914
-911
-912
-917
-919
931
-932
-934
-937
-939
922
-924
-927
-929
-714
-724
-734
784
-787
-788
-789
-874
-884
-894
-984
988
-982
-987
-989
748
-747
-749
-958
-968
-951
-961
-954
959
-859
-869
-969
-964
967
-867
-114
-314
-414
-614
-222
-322
-522
-622
-431
-631
147
-142
-148
-149
-167
-267
-367
-117
-187
-197
-448
-548
-648
-259
-359
-559
-184
194
-192
-198
-199
-374
-384
-394
-484
434
-439
-524
-624
-634
324
-325
-327
-328
-329
-334
335
-332
-337
-339
725
-727
-729
-735
-188
-388
-488
418
-411
-419
611
-612
-617
-618
-619
632
-637
-639
-528
-628
-641
-691
-642
649
-449
441
-541
-551
-561
-549
542
-562
-569
-481
489
591
-594
-597
-598
-599
-579
-679
-699
529
-527
627
-629
577
-574
-578
-677
-697
-118
168
-162
-169
-258
-268
-358
-368
-218
-318
228
-227
-229
-298
-232
558
-554
564
-568
854
-851
861
-864
-261
-361
674
-678
-694
698
-377
-877
879
-889
-899
378
-379
-398
381
-382
-387
-389
-291
-391
251
-256
-351
356
216
-212
-217
-219
-316
887
-882
892
-897
182
-189
-292
-392
-112
119
312
-317
-319
237
-239
262
-269
-362
369
-297
299
397
-399
717
-719
-737
739
