123
-121
-122
-124
-125
-126
-127
-128
-129
-113
-133
-213
-223
-233
-313
-323
-333
-143
-153
-163
-173
-183
-193
-423
-523
-623
-723
-823
-923
132
-131
-134
-135
-136
-137
-138
-139
-112
-212
-222
-232
-312
-322
-332
-142
-152
-162
-172
-182
-192
-432
-532
-632
-732
-832
-932
254
-251
-252
-253
-255
-256
-257
-258
-259
-144
-154
-164
-244
-264
-344
-354
-364
-214
-224
-234
-274
-284
-294
-454
-554
-654
-754
-854
-954
278
-271
-272
-273
-275
-276
-277
-279
-178
-188
-198
-288
-298
-378
-388
-398
-218
-228
-238
-248
-268
-478
-578
-678
-778
-878
-978
371
-372
-373
-374
-375
-376
-377
-379
-171
-181
-191
-281
-291
-381
-391
-311
-321
-331
-341
-351
-361
-471
-571
-671
-771
-871
-971
445
-441
-442
-443
-444
-446
-447
-448
-449
-455
-465
-545
-555
-565
-645
-655
-665
-415
-425
-435
-475
-485
-495
-145
-245
-345
-745
-845
-945
482
-481
-483
-484
-486
-487
-488
-489
-472
-492
-572
-582
-592
-672
-682
-692
-412
-422
-452
-462
-282
-382
-782
-882
-982
497
-491
-493
-494
-496
-498
-499
-477
-577
-587
-597
-677
-687
-697
-417
-427
-437
-457
-467
-197
-297
-397
-797
-897
-997
514
-511
-512
-513
-515
-516
-517
-518
-519
-414
-424
-434
-524
-534
-614
-624
-634
-544
-564
-574
-584
-594
-114
-314
-714
-814
-914
551
-552
-553
-556
-557
-558
-559
-451
-461
-541
-561
-641
-651
-661
-521
-531
-581
-591
-151
-751
-851
-951
683
-681
-684
-685
-686
-688
-689
691
-693
-694
-695
-696
-698
-699
-473
-573
-583
-593
-673
-611
-621
-631
-613
-633
-643
-653
-663
-283
-383
-783
-883
-983
-791
-891
-991
747
-741
-742
-743
-744
-746
-748
-749
-757
-767
-847
-857
-867
-947
-957
-967
-717
-727
-737
-777
-787
-147
-247
-347
-547
-647
764
-761
-762
-763
-765
-766
-768
-769
-844
-864
-944
-964
-724
-734
-774
-784
-794
644
-642
-646
-648
-649
-464
-664
474
-476
-479
-674
-174
-874
-974
785
-781
-786
-788
-789
-775
-795
-875
-885
-895
-975
-985
-995
-715
-725
-735
-755
-185
-285
-385
-585
818
-811
-812
-813
-815
-816
-817
-819
-718
-728
-738
-828
-838
-918
-928
-938
-848
-858
-868
-888
-898
-118
-318
-418
-618
876
-872
-873
-877
-879
-776
-796
-886
-896
-976
-986
-996
-826
-836
-846
-856
-866
-176
-576
-676
943
-941
-942
-946
-948
-949
-753
-843
-853
-863
-953
-963
-913
-933
-973
-993
-243
-343
-543
773
-772
-779
-793
-893
-713
-733
833
-831
-834
-835
-837
-839
413
-411
-416
-419
-433
-533
-453
-463
563
-562
-566
-567
-568
-569
353
-352
-355
-356
-357
-358
-359
-263
-363
293
-292
-295
-296
-299
392
-393
-394
-395
-396
-399
-342
-362
972
-977
-979
-792
-892
-992
-912
-922
-952
-962
177
-175
-179
195
-194
-196
-199
-187
-287
-387
184
-186
-189
-384
-115
-155
-165
-117
-157
-167
657
-652
-656
-658
-659
-667
-617
-627
-637
-884
-984
-595
596
-598
-599
-586
588
-589
-526
-536
-546
-528
-538
-548
-988
-111
116
-119
-216
-226
-236
-316
-326
-336
-146
-156
-166
-616
-716
-916
-141
161
-168
-169
-241
-261
841
-842
-849
-861
-961
-821
-881
981
-987
-989
887
-889
-827
-911
-921
-931
148
-149
-158
159
-348
-368
-249
-269
-349
346
-246
242
-262
-266
-366
-369
286
-289
-386
389
-319
-329
-339
-542
549
662
-666
-668
-669
-459
-469
522
-525
-527
-529
-612
-622
537
-535
-539
575
-579
-675
679
-619
615
-625
-635
-629
-639
712
-711
-719
-722
-822
-752
211
-215
-217
-219
-221
-231
-315
317
-227
-237
-327
-337
267
-265
365
-367
-325
-335
-915
-917
919
-729
-739
-829
-929
-939
-959
-969
-999
927
-924
-925
-926
-937
852
-855
-859
-862
955
-956
-958
-865
869
-965
-759
799
-798
998
-994
894
-899
758
-756
966
-968
-824
825
934
-935
-936
324
-328
-334
338
-225
229
235
-239
-429
439
-431
-436
-438
421
-426
-428
-721
726
731
-736
-626
628
636
-638
456
-458
-466
468
