123
-121
-122
-124
-125
-126
-127
-128
-129
-113
-133
-213
-223
-233
-313
-323
-333
-143
-153
-163
-173
-183
-193
-423
-523
-623
-723
-823
-923
149
-141
-142
-144
-145
-146
-147
-148
-159
-169
-249
-259
-269
-349
-359
-369
-119
-139
-179
-189
-199
-449
-549
-649
-749
-849
-949
158
-151
-152
-154
-155
-156
-157
-168
-248
-258
-268
-348
-358
-368
-118
-138
-178
-188
-198
-458
-558
-658
-758
-858
-958
182
-181
-184
-185
-186
-187
-172
-192
-272
-282
-292
-372
-382
-392
-112
-132
-162
-482
-582
-682
-782
-882
-982
239
-231
-232
-234
-235
-236
-237
-238
-219
-229
-319
-329
-339
-279
-289
-299
-439
-539
-639
-739
-839
-939
287
-281
-283
-284
-285
-286
-288
-177
-197
-277
-297
-377
-387
-397
-217
-227
-247
-257
-267
-487
-587
-687
-787
-887
-987
432
-431
-433
-434
-435
-436
-437
-438
-412
-422
-512
-522
-532
-612
-622
-632
-442
-452
-462
-472
-492
-332
-732
-832
-932
451
-453
-454
-455
-456
-457
-459
-441
-461
-541
-551
-561
-641
-651
-661
-411
-421
-471
-481
-491
-251
-351
-751
-851
-951
464
-463
-465
-466
-467
-468
-469
-444
-544
-554
-564
-644
-654
-664
-414
-424
-474
-484
-494
-164
-264
-364
-764
-864
-964
496
-493
-495
-497
-498
-499
-476
-486
-576
-586
-596
-676
-686
-696
-416
-426
-446
-196
-296
-396
-796
-896
-996
514
-511
-513
-515
-516
-517
-518
-519
-524
-534
-614
-624
-634
-574
-584
-594
-114
-214
-314
-714
-814
-914
556
-552
-553
-555
-557
-559
-546
-566
-646
-656
-666
-526
-536
-256
-356
-756
-856
-956
593
-591
-592
-595
-597
-598
-599
-473
-483
-573
-583
-673
-683
-693
-533
-543
-563
-293
-393
-793
-893
-993
645
-642
-643
-647
-648
-445
-545
-565
-655
-665
-615
-625
-635
-675
-685
-695
-245
-345
-745
-845
-945
716
-711
-712
-713
-715
-717
-718
-719
-726
-736
-816
-826
-836
-916
-926
-936
-746
-766
-776
-786
-116
-216
-316
-616
737
-731
-733
-734
-735
-738
-727
-817
-827
-837
-917
-927
-937
-747
-757
-767
-777
-797
-137
-337
-537
-637
763
-761
-762
-765
-768
-769
-743
-753
-843
-853
-863
-943
-953
-963
-773
-783
-263
-363
-663
891
-892
-894
-895
-897
-898
-899
-771
-781
-791
-871
-881
-971
-981
-991
-811
-821
-831
-841
-861
-191
-291
-391
-691
935
-931
-933
-934
-938
-725
-815
-825
-835
-915
-925
-955
-965
-975
-985
-995
-135
-335
-535
947
-941
-942
-944
-946
-948
-847
-857
-867
-957
-967
877
-872
-873
-874
-875
-876
-878
-879
-977
-997
-347
-447
-547
-477
-577
-677
697
-692
-694
-698
-699
-617
-627
-657
-667
567
-562
-568
-569
-527
357
-352
-353
-354
-355
-167
-367
117
-111
-115
-317
-327
-417
427
-425
-428
-429
961
-962
-966
-968
-969
-741
721
-722
-724
-728
-729
-911
-921
-221
-321
-521
-621
-161
-261
-361
988
-983
-984
-986
-989
-778
-788
-798
-888
-978
-998
748
-742
-744
-848
-868
976
-972
-973
-974
-979
883
-884
-885
-886
-889
-813
-833
913
-912
-918
-919
-928
-413
443
-448
-653
-613
633
-631
-636
-638
626
-628
-629
-226
-326
-243
-343
253
-252
-254
-255
-273
-548
542
-652
659
-662
668
-669
-572
672
-671
-674
-678
-679
684
-681
-688
-689
611
-618
-619
-531
538
-418
-528
-578
-588
-211
-311
-338
-838
834
-824
-924
-844
-854
-134
-334
-242
-342
-842
846
-866
-246
-346
-759
-859
-959
869
-862
-865
855
-852
-755
-819
-829
929
-922
-999
419
-415
525
-529
-479
-489
-575
-585
-225
-325
-772
373
-371
-374
-375
-376
-378
-379
-383
-176
-276
386
-381
-384
-385
-388
-389
399
-394
-395
-398
266
-262
-265
362
-365
-366
165
-166
-175
-195
194
-174
171
-271
-274
-294
-131
136
331
-336
241
-244
-341
344
224
-222
-228
-324
212
-215
-218
-312
-322
328
315
-318
-812
818
822
-828
-571
579
581
-589
774
-775
-779
-784
-794
-994
992
-792
752
-754
-952
954
-488
485
-475
478
275
-278
-295
298
-785
789
795
-799
