146
-141
-142
-143
-144
-145
-147
-148
-149
-156
-166
-246
-256
-266
-346
-356
-366
-116
-126
-136
-176
-186
-196
-446
-546
-646
-746
-846
-946
155
-151
-152
-153
-154
-157
-158
-159
-165
-245
-255
-265
-345
-355
-365
-115
-125
-135
-175
-185
-195
-455
-555
-655
-755
-855
-955
198
-191
-192
-193
-194
-197
-199
-178
-188
-278
-288
-298
-378
-388
-398
-118
-128
-138
-168
-498
-598
-698
-798
-898
-998
224
-221
-222
-223
-225
-226
-227
-228
-229
-114
-124
-134
-214
-234
-314
-324
-334
-244
-254
-264
-274
-284
-294
-424
-524
-624
-724
-824
-924
262
-261
-263
-267
-268
-269
-162
-242
-252
-342
-352
-362
-212
-232
-272
-282
-292
-462
-562
-662
-762
-862
-962
271
-273
-275
-276
-277
-279
-171
-181
-281
-291
-371
-381
-391
-211
-231
-241
-251
-471
-571
-671
-771
-871
-971
283
-285
-286
-287
-289
-173
-183
-293
-373
-383
-393
-213
-233
-243
-253
-483
-583
-683
-783
-883
-983
464
-461
-463
-465
-466
-467
-468
-469
-444
-454
-544
-554
-564
-644
-654
-664
-414
-434
-474
-484
-494
-164
-364
-764
-864
-964
489
-481
-482
-485
-486
-487
-488
-479
-499
-579
-589
-599
-679
-689
-699
-419
-429
-439
-449
-459
-189
-389
-789
-889
-989
518
-511
-512
-513
-514
-515
-516
-517
-519
-418
-428
-438
-528
-538
-618
-628
-638
-548
-558
-568
-578
-588
-218
-318
-718
-818
-918
541
-542
-543
-545
-547
-549
-441
-451
-551
-561
-641
-651
-661
-521
-531
-581
-591
-341
-741
-841
-941
569
-563
-565
-566
-567
-559
-649
-659
-669
-529
-539
-169
-369
-769
-869
-969
573
-572
-574
-575
-576
-577
-473
-493
-593
-673
-693
-523
-533
-553
-773
-873
-973
615
-611
-612
-613
-614
-616
-617
-619
-415
-425
-435
-525
-535
-625
-635
-645
-665
445
-442
-443
-447
-448
-475
-495
-675
-685
-695
-215
-315
-715
-815
-915
-745
-845
-945
694
-691
-692
-696
-697
-584
-594
-674
-684
534
-532
-536
-537
-634
-734
-834
-934
-394
-794
-894
-994
728
-721
-722
-723
-725
-726
-727
-729
-738
-828
-838
-928
-938
-748
-758
-768
-778
-788
-328
749
-742
-743
-744
-747
-759
-849
-859
-949
-959
-719
-739
-779
-799
-249
-349
792
-791
-793
-795
-796
-797
-772
-782
-872
-882
-892
-972
-982
-992
-712
-732
-752
-392
-492
-592
852
-851
-853
-854
-856
-857
-858
-842
-942
-952
-812
-822
-832
642
-643
-647
-648
-452
-552
-652
-622
-632
-672
-682
913
-911
-912
-914
-916
-917
-919
-713
-733
-813
-823
-833
-923
-933
-943
-953
-963
-993
893
-891
-895
-896
-897
-899
-843
-863
-113
-313
-413
343
-344
-347
-348
-163
-353
-363
354
-351
-357
-358
-359
259
-257
-258
-219
-239
-299
-323
-333
-374
-384
-754
-954
939
-931
-932
-935
-936
-937
922
-921
-925
-926
-927
-929
-819
-829
-839
879
-874
-875
-876
-877
-878
-979
-999
-122
-322
-422
-522
582
-585
-586
-587
-472
595
-596
-597
-139
-339
-639
629
-621
-623
-626
-627
-129
-329
-179
119
-111
-112
-117
-319
-379
399
-395
-396
-397
-182
-382
-295
235
-236
-237
-238
-325
-335
338
-331
-332
-336
-337
248
-247
-368
825
-821
-826
-827
-735
-835
-865
-885
-848
-948
-995
977
-974
-975
-976
-978
-777
-787
-887
-987
-997
-947
944
-844
847
-757
-767
-867
-957
-967
-817
-837
-984
-177
-377
-477
-677
986
-981
-985
-988
-776
-786
-886
-996
991
-781
-881
888
-884
814
-811
-816
-714
-868
-951
-961
965
-966
-968
-765
958
-956
751
-753
-756
-761
-861
866
763
-766
-711
-731
831
-836
-131
-431
-631
681
-686
-687
-688
-491
497
-496
-417
-427
-437
-457
-458
478
-476
676
-678
-636
-656
-666
-658
668
-663
-667
-376
-386
296
-297
-216
217
-127
-137
-317
-327
-717
716
-736
737
-316
326
-321
-416
-426
-526
527
436
-432
-433
412
-411
421
-423
633
-637
453
-456
-653
657
556
-557
311
-312
-121
123
132
-133
161
-167
-361
367
-172
174
372
-375
-184
187
385
-387
-774
775
784
-785
