122
-121
-123
-124
-125
-126
-127
-128
-129
-112
-132
-212
-222
-232
-312
-322
-332
-142
-152
-162
-172
-182
-192
-422
-522
-622
-722
-822
-922
177
-171
-173
-174
-175
-176
-178
-179
-187
-197
-277
-287
-297
-377
-387
-397
-117
-137
-147
-157
-167
-477
-577
-677
-777
-877
-977
188
-181
-183
-184
-185
-186
-189
-198
-278
-288
-298
-378
-388
-398
-118
-138
-148
-158
-168
-488
-588
-688
-788
-888
-988
229
-221
-223
-224
-225
-226
-227
-228
-119
-139
-219
-239
-319
-329
-339
-249
-259
-269
-279
-289
-299
-429
-529
-629
-729
-829
-929
242
-241
-243
-244
-245
-246
-247
-248
-252
-262
-342
-352
-362
-272
-282
-292
-442
-542
-642
-742
-842
-942
254
-251
-253
-255
-256
-257
-258
-144
-154
-164
-264
-344
-354
-364
-214
-234
-274
-284
-294
-454
-554
-654
-754
-854
-954
295
-291
-293
-296
-195
-275
-285
-375
-385
-395
-215
-235
-265
-495
-595
-695
-795
-895
-995
338
-331
-333
-334
-335
-336
-337
-218
-238
-318
-328
268
-261
-263
-266
-267
-348
-358
-368
-438
-538
-638
-738
-838
-938
-468
-568
-668
-768
-868
-968
427
-421
-423
-424
-425
-426
-428
-417
-437
-517
-527
-537
-617
-627
-637
-447
-457
-467
-487
-497
-327
-727
-827
-927
449
-441
-443
-444
-445
-446
-448
-459
-469
-549
-559
-569
-649
-659
-669
-419
-439
-479
-489
-499
-149
-349
-749
-849
-949
481
-482
-483
-484
-485
-486
-471
-491
-571
-581
-591
-671
-681
-691
-411
-431
-451
-461
-281
-381
-781
-881
-981
558
-551
-552
-553
-555
-556
-557
-458
-548
-648
-658
-518
-528
-578
-598
-758
-858
-958
582
-583
-584
-585
-586
-587
-589
-472
-492
-572
-592
-672
-682
-692
-512
-532
-562
-382
-782
-882
-982
635
-631
-632
-633
-634
-636
-639
-415
-435
-515
-525
-535
-615
-625
-645
-655
-665
-675
-685
-135
-735
-835
-935
653
-651
-652
-656
-657
-453
-463
-543
-563
-643
-663
-613
-623
-673
-683
-693
-153
-353
-753
-853
-953
667
-661
-662
-664
-666
-547
-567
-647
597
-593
-594
-596
-599
-687
-697
612
-611
-614
-616
-618
-619
-412
-432
-712
-812
-912
-367
-767
-867
-967
-797
-897
-997
731
-732
-733
-734
-736
-737
-739
-711
-721
-811
-821
-831
-911
-921
-931
-741
-751
-761
-771
-791
-131
-231
-531
786
-783
-784
-785
-787
-789
-776
-796
-876
-886
-896
-976
-986
-996
-716
-726
-746
-756
-766
-286
283
-193
-273
-373
-383
-393
-213
-233
-883
-983
-386
-686
846
-841
-843
-844
-845
-847
-848
-856
-866
-946
-956
-966
-816
-826
-836
-146
-346
-546
-646
915
-913
-914
-916
-917
-918
-919
-715
-725
-815
-825
-925
-945
-955
-965
-975
-985
-115
-315
325
-321
-323
-324
-326
-345
-355
-365
885
-884
-887
-889
-775
-875
987
-984
-989
-855
-865
-937
-947
-957
924
-923
-926
-928
-714
-724
-814
-824
-834
-934
936
-932
-933
-939
832
-833
-837
-839
-852
-862
-872
-892
-944
-964
-974
-994
-524
-624
-136
-236
237
-217
-317
-436
-536
539
-533
-534
-519
-579
941
-943
-948
-851
-861
-951
-961
748
-743
-744
-745
-747
-718
-728
723
-713
-813
-823
828
-818
-763
-773
-793
-778
-798
-878
-898
-971
-991
418
-413
-414
-416
-628
-478
-498
-523
-141
-341
-541
-641
644
561
-564
-565
-566
-464
-544
545
-455
-465
475
-473
-474
-476
-575
-511
-521
526
621
-626
-516
-576
-674
-684
689
-679
-699
-694
-145
143
-163
-343
347
-363
-357
-113
-133
134
313
-311
-314
-316
-114
-194
-513
514
433
-434
-493
573
-574
494
-496
-161
-361
-873
-973
384
-389
-374
-394
-794
-894
962
-963
-969
-752
-762
-952
959
863
-864
-869
764
-765
-769
755
-757
-759
857
-859
-774
874
-871
-879
891
-893
-899
993
-992
-998
-999
978
-972
-979
717
-719
-817
819
452
-456
-462
466
-155
165
-166
-169
-159
199
-191
-196
-379
-399
-359
369
-366
-678
676
-696
698
-276
271
-371
-391
-211
216
111
-116
-151
156
351
-356
-376
372
-392
396
-772
779
792
-799
