189
-181
-182
-183
-184
-185
-186
-187
-188
-179
-199
-279
-289
-299
-379
-389
-399
-119
-129
-139
-149
-159
-169
-489
-589
-689
-789
-889
-989
191
-192
-193
-194
-195
-196
-197
-198
-171
-271
-281
-291
-371
-381
-391
-111
-121
-131
-141
-151
-161
-491
-591
-691
-791
-891
-991
218
-211
-212
-213
-214
-215
-216
-217
-219
-118
-128
-138
-228
-238
-318
-328
-338
-248
-258
-268
-278
-288
-298
-418
-518
-618
-718
-818
-918
242
-241
-243
-244
-245
-246
-247
-249
-142
-152
-162
-252
-262
-342
-352
-362
-222
-232
-272
-282
-292
-442
-542
-642
-742
-842
-942
344
-341
-343
-345
-346
-347
-348
-349
-144
-154
-164
-254
-264
-354
-364
-314
-324
-334
-374
-384
-394
-444
-544
-644
-744
-844
-944
426
-421
-422
-423
-424
-425
-427
-428
-429
-416
-436
-516
-526
-536
-616
-626
-636
-446
-456
-466
-476
-486
-496
-126
-226
-326
-726
-826
-926
451
-452
-453
-454
-455
-457
-458
-459
-441
-461
-541
-551
-561
-641
-651
-661
-411
-431
-471
-481
-251
-351
-751
-851
-951
467
-462
-463
-464
-465
-468
-469
-447
-547
-557
-567
-647
-657
-667
-417
-437
-477
-487
-497
-167
-267
-367
-767
-867
-967
483
-482
-484
-485
-488
-473
-493
-573
-583
-593
-673
-683
-693
-413
-433
-443
-283
-383
-783
-883
-983
512
-511
-513
-514
-515
-517
-519
-412
-432
-522
-532
-612
-622
-632
-552
-562
-572
-582
-592
-112
-312
-712
-812
-912
576
-571
-574
-575
-577
-578
-579
-586
-596
-676
-686
-696
-546
-556
-566
-176
-276
-376
-776
-876
-976
659
-652
-653
-654
-655
-656
-658
662
-663
-664
-665
-666
-668
-669
646
-643
-645
-648
-649
-449
-549
-559
-569
-672
-682
-692
-619
-629
-639
-679
-699
-146
-746
-846
-946
-259
-359
-759
-859
-959
-762
-862
-962
731
-732
-733
-734
-735
-736
-737
-738
-739
-711
-721
-811
-821
-831
-911
-921
-931
-741
-761
-771
-781
-231
-331
-531
-631
755
-752
-753
-754
-756
-757
-758
-745
-765
-845
-855
-865
-945
-955
-965
-715
-725
-775
-785
-795
-155
-255
-355
-555
848
-841
-843
-847
-849
-748
-768
-858
-868
-948
-958
-968
-828
-838
-878
-888
-898
941
-943
-947
-949
-861
-961
-971
-981
-148
-448
445
-545
-565
-415
-435
-475
-495
-145
-548
543
-553
-563
-523
-533
-143
147
-157
-257
-357
-117
-127
-137
-177
-743
-747
749
-769
-869
-969
-719
-729
-779
-799
872
-871
-873
-874
-875
-877
-879
881
-882
-884
-885
-886
-887
-772
-782
-792
-892
-972
-982
-992
722
-723
-724
-727
-728
-822
-832
-922
-932
-852
952
-953
-954
-956
-957
857
-853
-854
-856
-817
-827
-837
-897
-122
-322
554
-558
-564
568
-524
-534
-584
-594
-528
-538
-588
-598
-168
-368
671
-674
-675
-677
-678
-581
-681
521
-525
-527
-529
-611
-621
311
-313
-315
-316
-317
-319
-221
-321
261
-263
-265
-266
-269
-361
369
-363
-365
-366
165
-163
-166
-115
-125
-135
-175
-329
-339
-172
132
-133
-134
-136
-332
-372
-472
492
-494
-498
-499
382
-385
-386
-387
-388
-392
924
-923
-925
-927
-928
-929
-714
-814
-824
-834
-914
-934
938
-933
-935
-936
-937
-939
-964
-974
-984
-994
-978
-988
-998
-124
123
-113
-223
-233
-323
-333
-153
-173
-623
-823
-224
-624
628
-625
-627
-438
-638
478
-474
-479
-688
-698
599
-595
-597
-539
-178
174
-274
-284
-294
-114
116
234
-235
-236
-237
-239
-336
229
-225
-227
-156
158
-358
-716
-816
-916
836
-833
-835
-839
-866
-896
327
-325
335
-337
-375
-395
-377
-397
825
-829
-815
-915
-895
615
-613
-614
-617
633
-634
-635
-637
-535
537
585
-587
-685
-695
414
-419
-434
439
-774
-378
373
-273
-293
-393
398
-396
253
-256
-353
356
-773
-973
-778
777
-787
-797
-977
-987
-997
-717
713
-813
819
-913
917
-919
-763
-793
-899
-277
275
-285
-295
-975
979
-999
-985
986
995
-993
-996
893
-894
-786
-796
766
-764
864
-863
963
-966
-286
287
296
-297
-687
684
-694
697
-784
788
794
-798
