136
-131
-132
-133
-134
-135
-137
-138
-139
-116
-126
-216
-226
-236
-316
-326
-336
-146
-156
-166
-176
-186
-196
-436
-536
-636
-736
-836
-936
148
-141
-142
-143
-144
-145
-147
-149
-158
-168
-248
-258
-268
-348
-358
-368
-118
-128
-178
-188
-198
-448
-548
-648
-748
-848
-948
174
-171
-172
-173
-175
-177
-179
-184
-194
-274
-284
-294
-374
-384
-394
-114
-124
-154
-164
-474
-574
-674
-774
-874
-974
247
-241
-242
-243
-244
-245
-246
-249
-157
-167
-257
-267
-347
-357
-367
-217
-227
-237
-277
-287
-297
-447
-547
-647
-747
-847
-947
265
-261
-262
-263
-264
-266
-269
-155
-165
-255
-345
-355
-365
-215
-225
-235
-275
-285
-295
-465
-565
-665
-765
-865
-965
296
-291
-292
-293
-298
-299
-276
-286
-376
-386
-396
-256
-496
-596
-696
-796
-896
-996
349
-341
-342
-343
-344
-346
-159
-169
-259
-359
-369
-319
-329
-339
-379
-389
-399
-449
-549
-649
-749
-849
-949
354
-351
-352
-353
-356
-254
-364
366
-361
-362
-363
-314
-324
-334
-454
-554
-654
-754
-854
-954
-466
-566
-666
-766
-866
-966
381
-382
-383
-385
-387
-388
-181
-191
-271
-281
-371
-391
-311
-321
-331
-481
-581
-681
-781
-881
-981
397
-392
-393
-395
-398
-187
-197
-377
-317
-327
-337
-497
-597
-697
-797
-897
-997
471
-472
-473
-475
-476
-477
-478
-479
-491
-571
-591
-671
-691
-411
-421
-431
-441
-451
-461
-771
-871
-971
494
-492
-493
-495
-498
-499
-484
-584
-594
-684
-694
-414
-424
-434
-444
-464
-794
-894
-994
522
-521
-523
-524
-525
-526
-527
-528
-529
-412
-422
-432
-512
-532
-612
-622
-632
-542
-552
-562
-572
-582
-592
-122
-222
-322
-722
-822
-922
534
-531
-533
-535
-537
-538
-539
-514
-614
-624
-634
-544
-564
-234
-734
-834
-934
573
-575
-576
-577
-578
-579
-483
-583
-593
-673
-683
-693
-513
-543
-553
-563
-273
-373
-773
-873
-973
589
-585
-586
-587
-588
-489
-599
-679
-689
-699
-519
-559
-569
-189
-289
-789
-889
-989
615
-611
-613
-616
-617
-618
-619
-415
-425
-435
-515
-625
-635
-645
-655
-675
-685
-695
-115
-315
-715
-815
-915
631
-633
-637
-638
-639
-511
-621
-641
-651
-661
-231
-731
-831
-931
714
-711
-712
-713
-716
-717
-718
-719
-724
-814
-824
-914
-924
-744
-764
-784
-214
224
-221
-223
-228
-229
726
-721
-723
-725
-727
-728
-729
-816
-826
-916
-926
-746
-756
-776
-786
-426
-626
751
-752
-753
-755
-757
-758
-759
-741
-761
-841
-851
-861
-941
-951
-961
-791
541
-545
-546
-551
-561
-151
-251
161
-162
-163
-111
-121
211
-212
-213
-218
-219
-811
-911
769
-762
-763
-767
-768
-859
-869
-959
-969
-739
-779
-799
-469
-669
813
-812
-817
-818
-819
-733
-823
-833
-913
-923
-933
-843
-853
-863
-883
-893
-113
-313
-413
846
-842
-844
-845
-856
-946
-956
-876
-886
-446
-646
867
-862
-864
-868
-857
-957
-967
884
-882
-885
-887
-888
-984
-827
-837
-877
-467
-567
568
-458
-468
-558
-658
-668
-518
-598
595
-485
-555
-667
-968
-195
-795
-895
-995
939
-932
-935
-937
-938
-829
-839
-919
-929
-979
-999
-239
279
-272
-278
-199
-439
-879
899
-891
-892
-898
991
-992
-993
-998
821
-825
-828
-921
963
-962
-964
-743
-943
-953
944
-942
-945
-983
-644
664
-662
-663
462
-463
-442
-452
-642
643
-652
-443
445
-453
-653
-455
-482
-623
742
-745
-852
-952
-732
-772
-782
-792
972
-975
-976
-977
-978
-872
-982
986
-985
-987
-988
832
-835
-838
-912
-232
-332
-372
312
-318
-112
-672
676
-677
-678
-486
-686
-656
777
-775
-778
-787
-737
437
-433
-438
423
-427
-428
-429
-417
-517
516
-416
-627
456
-457
-459
-556
557
-657
659
-487
488
687
-682
-688
692
-698
-418
419
628
-629
918
-917
927
-925
-928
735
-738
-785
875
-878
-855
858
955
-958
117
-119
-127
129
-123
-125
185
-182
-183
-375
378
-288
238
-233
-328
-338
-323
325
333
-335
282
-283
-192
193
152
-153
-252
253
783
-788
-793
798
