147
-141
-142
-143
-144
-145
-146
-148
-149
-157
-167
-247
-257
-267
-347
-357
-367
-117
-127
-137
-177
-187
-197
-447
-547
-647
-747
-847
-947
152
-151
-153
-154
-155
-156
-158
-159
-162
-242
-252
-262
-342
-352
-362
-112
-122
-132
-172
-182
-192
-452
-552
-652
-752
-852
-952
166
-161
-163
-164
-165
-168
-169
-246
-256
-266
-346
-356
-366
-116
-126
-136
-176
-186
-196
-466
-566
-666
-766
-866
-966
199
-191
-193
-194
-195
-198
-179
-189
-279
-289
-299
-379
-389
-399
-119
-129
-139
-499
-599
-699
-799
-899
-999
248
-241
-243
-244
-245
-249
-258
-268
-348
-358
-368
-218
-228
-238
-278
-288
-298
-448
-548
-648
-748
-848
-948
282
-281
-283
-284
-285
-286
-287
-272
-292
-372
-382
-392
-212
-222
-232
-482
-582
-682
-782
-882
-982
311
-312
-313
-314
-315
-316
-317
-318
-319
-111
-121
-131
-211
-221
-231
-321
-331
-341
-351
-361
-371
-381
-391
-411
-511
-611
-711
-811
-911
364
-363
-365
-369
-254
-264
-344
-354
-324
-334
-374
-384
-394
-464
-564
-664
-764
-864
-964
373
-375
-376
-377
-378
-173
-183
-273
-293
-383
-393
-323
-333
-343
-353
-473
-573
-673
-773
-873
-973
396
-395
-397
-398
-276
-296
-386
-326
-336
-496
-596
-696
-796
-896
-996
442
-441
-443
-444
-445
-446
-449
-462
-542
-562
-642
-662
-412
-422
-432
-472
-492
-742
-842
-942
468
-461
-463
-465
-467
-469
-458
-558
-568
-658
-668
-418
-428
-438
-478
-488
-498
-768
-868
-968
474
-471
-475
-476
-477
-479
-484
-494
-574
-584
-594
-674
-684
-694
-414
-424
-434
-454
-174
-274
-774
-874
-974
538
-531
-532
-533
-534
-535
-536
-537
-539
-518
-528
-618
-628
-638
-578
-588
-598
-138
-338
-738
-838
-938
559
-551
-553
-554
-555
-556
-557
-459
-549
-569
-649
-659
-669
-519
-529
-579
-589
-259
-359
355
-255
-265
-345
349
-269
-325
-335
-385
-329
-339
-749
-849
-949
-455
-655
-755
-855
-955
-759
-859
-959
576
-571
-572
-575
-577
-486
-586
-676
-686
-516
-526
-546
-776
-876
-976
636
-631
-632
-633
-634
-635
-637
-639
-416
-426
-436
-616
-626
456
-451
-453
-457
-646
-656
-236
-736
-836
-936
-756
-856
-956
641
-643
-644
-645
-541
-561
-651
-661
-621
-671
-681
-691
-741
-841
-941
665
-663
-667
-545
-565
-615
-625
-675
-685
-695
-765
-865
-965
713
-712
-714
-715
-716
-717
-718
-719
-723
-733
-813
-823
-833
-913
-923
-933
-743
-753
-763
-783
-793
-113
-213
-413
-513
-613
739
-731
-732
-734
-735
-737
-729
-819
-829
-839
-919
-929
-939
-769
-779
-789
-239
-439
746
-744
-745
-846
-946
-726
-786
791
-792
-794
-795
-797
-798
-771
-781
-871
-881
-891
-971
-981
-991
-721
-751
-761
-291
-491
-591
822
-821
-824
-825
-826
-827
-828
-722
-812
-832
-912
-922
-932
-862
-872
-892
-322
332
-337
-522
-622
861
-863
-867
-869
-851
-951
-961
969
-962
-963
-967
762
-767
-772
-831
-979
-989
251
-253
-261
263
-271
-223
-233
-563
567
-657
-517
-527
-587
-597
171
-175
-178
-181
914
-915
-916
-917
-918
-724
-814
-834
-924
-934
-944
-954
-984
-994
-114
-214
-514
-614
943
-945
-843
-853
-953
845
-844
-815
-835
837
-727
-817
-927
-937
-875
-885
-895
-857
-877
-887
-897
-983
-993
-237
-437
-543
544
653
-654
-524
624
-623
-627
-629
-683
-693
-124
-224
958
-957
757
-754
-758
854
-858
784
-785
-787
-788
-884
-894
-777
-928
-978
-988
-998
-184
294
-295
-297
134
-133
-135
123
-125
-128
-234
235
-115
118
-215
-225
-328
327
-217
-227
185
-188
-275
277
-387
388
-818
816
-926
728
-725
775
-778
-975
-985
-995
-886
986
-987
-216
219
226
-229
-419
-619
429
-421
-423
-425
-427
-489
-523
433
-431
-435
521
-525
481
-483
-485
-487
-581
-493
-921
925
931
-935
-677
-977
972
-992
997
-672
-585
583
-593
-883
893
-898
687
-688
-689
-497
495
-595
592
-692
-697
698
-678
679
-415
417
515
-512
612
-617
878
-879
-888
889
