132
-131
-133
-134
-135
-136
-137
-138
-139
-112
-122
-212
-222
-232
-312
-322
-332
-142
-152
-162
-172
-182
-192
-432
-532
-632
-732
-832
-932
149
-141
-143
-144
-145
-146
-147
-148
-159
-169
-249
-259
-269
-349
-359
-369
-119
-129
-179
-189
-199
-449
-549
-649
-749
-849
-949
167
-161
-163
-164
-165
-166
-168
-157
-247
-257
-267
-347
-357
-367
-117
-127
-177
-187
-197
-467
-567
-667
-767
-867
-967
224
-221
-223
-225
-226
-227
-228
-229
-114
-124
-214
-234
-314
-324
-334
-244
-254
-264
-274
-284
-294
-424
-524
-624
-724
-824
-924
292
-291
-293
-295
-296
-297
-298
-299
-272
-282
-372
-382
-392
-242
-252
-262
-492
-592
-692
-792
-892
-992
319
-311
-313
-315
-316
-317
-318
-219
-239
-329
-339
-379
-389
-399
-419
-519
-619
-719
-819
-919
335
-331
-333
-336
-337
-338
-115
-125
-215
-235
-325
-345
-355
-365
-375
-385
-395
-435
-535
-635
-735
-835
-935
341
-342
-343
-344
-346
-348
-151
-241
-251
-261
-351
-361
-321
-371
-381
-391
-441
-541
-641
-741
-841
-941
373
-374
-376
-377
-378
-173
-183
-193
-273
-283
-383
-393
-323
-353
-363
-473
-573
-673
-773
-873
-973
414
-411
-412
-413
-415
-416
-417
-418
-434
-514
-534
-614
-634
-444
-454
-464
-474
-484
-494
-714
-814
-914
459
-451
-452
-453
-455
-456
-457
-458
-469
-559
-569
-659
-669
-429
-439
-479
-489
-499
-759
-859
-959
462
-461
-463
-465
-466
-468
-442
-542
-552
-562
-642
-652
-662
-422
-472
-482
-362
352
-354
-356
-358
-752
-852
-952
-762
-862
-962
495
-491
-493
-496
-497
-498
-475
-485
-575
-585
-595
-675
-685
-695
-425
-445
-195
-795
-895
-995
616
-611
-612
-613
-615
-617
-618
-426
-436
-516
-526
-536
-626
-636
-646
-656
-666
-676
-686
-696
-116
-216
-716
-816
-916
647
-643
-644
-645
-648
-447
-547
-557
-657
-627
-637
-677
-687
-697
-747
-847
-947
653
-651
-654
-655
-658
-443
-543
-553
-563
-663
-623
-633
-683
-693
-153
-253
-753
-853
-953
698
-691
-694
-699
-478
-488
-578
-588
-598
-678
-688
-628
-638
-668
-198
-398
-798
-898
-998
739
-731
-733
-734
-736
-737
-738
-729
-829
-839
-929
-939
-769
-779
-789
-799
-539
-639
631
-421
-431
-511
-521
-531
-621
-661
-671
-681
-231
-831
-931
763
-761
-764
-765
-766
-768
-743
-843
-863
-943
-963
-713
-723
-783
-793
243
-245
-246
-248
-263
-213
-233
771
-772
-774
-775
-776
-777
-778
-781
-791
-871
-881
-891
-971
-981
-991
-711
-721
-751
-171
-271
-471
481
-483
-486
-487
-571
-581
-591
-181
-281
191
-194
-196
-111
-121
211
-217
-218
-811
-911
796
-794
-797
-786
-876
-886
-896
-976
-986
-996
-726
-746
-756
-396
-596
813
-812
-815
-817
-818
-823
-833
-913
-923
-933
-883
-893
-113
118
123
-126
-128
-238
-328
-158
-178
-188
-513
-518
-718
-918
-423
433
-437
-438
-523
-533
889
-882
-884
-885
-887
-888
-879
-899
-979
-989
-999
-869
969
-961
-964
-965
-966
-968
-289
279
-275
-276
-277
-278
-579
-679
-589
-689
599
-593
-594
-597
583
-582
-584
-586
-587
-529
629
-622
-625
665
-664
-545
-555
-565
-265
-865
-983
993
-994
-997
945
-942
-944
-946
-948
-745
-755
-845
-855
-955
-915
-925
-975
-985
974
-972
-977
-978
-784
-874
-894
897
-984
-787
-877
-987
-827
-837
-857
-934
834
-836
-838
-844
-854
-864
-954
-174
-574
-674
672
-572
-682
684
-872
878
-875
785
-782
-788
982
-988
-715
-725
825
-821
-822
-826
-828
921
-922
-926
-927
-928
936
-937
-938
728
-722
-727
-748
-758
842
-846
-848
-742
744
-754
757
-957
712
-717
-912
917
-858
-868
958
-951
-956
-512
522
-525
-527
-528
515
-517
326
-327
-236
237
-287
-366
-386
427
-428
-537
538
-477
476
-576
577
-446
448
-548
-558
-568
-544
546
-556
-566
-258
175
-176
-185
-285
-155
255
-256
-184
186
-286
288
-388
154
-156
-364
368
266
-268
-554
551
-561
564
-851
856
861
-866
-384
387
394
-397
