187
-181
-182
-183
-184
-185
-186
-188
-189
-177
-197
-277
-287
-297
-377
-387
-397
-117
-127
-137
-147
-157
-167
-487
-587
-687
-787
-887
-987
217
-211
-212
-213
-214
-215
-216
-218
-219
-227
-237
-317
-327
-337
-247
-257
-267
-417
-517
-617
-717
-817
-917
221
-222
-223
-224
-225
-226
-228
-229
-111
-121
-131
-231
-311
-321
-331
-241
-251
-261
-271
-281
-291
-421
-521
-621
-721
-821
-921
268
-262
-263
-264
-265
-266
-269
-148
-158
-168
-248
-258
-348
-358
-368
-238
-278
-288
-298
-468
-568
-668
-768
-868
-968
314
-312
-313
-315
-316
-318
-319
-114
-124
-134
-234
-324
-334
-344
-354
-364
-374
-384
-394
-414
-514
-614
-714
-814
-914
335
-332
-333
-336
-338
-339
-115
-125
-135
-235
-325
-345
-355
-365
-375
-385
-395
-435
-535
-635
-735
-835
-935
373
-371
-372
-376
-378
-379
-173
-193
-273
-283
-293
-383
-393
-323
-343
-353
-363
-473
-573
-673
-773
-873
-973
382
-381
-386
-388
-389
-172
-192
-272
-282
-292
-392
-322
-342
-352
-362
-482
-582
-682
-782
-882
-982
495
-491
-492
-493
-494
-496
-497
-498
-499
-475
-485
-575
-585
-595
-675
-685
-695
-415
-425
-445
-455
-465
-195
-295
-795
-895
-995
515
-511
-512
-513
-516
-518
-519
-525
-615
-625
-545
-555
-565
-715
-815
-915
566
-561
-562
-563
-564
-567
-569
-446
-456
-466
-546
-556
-646
-656
-666
-526
-536
-576
-586
-596
-166
-366
-766
-866
-966
572
-571
-574
-577
-578
-579
-472
-592
-672
-692
-522
-532
-542
-552
-772
-872
-972
583
-581
-584
-588
-589
-483
-593
-683
-693
-523
-533
-543
-553
-783
-883
-983
591
-594
-597
-598
-599
-471
-481
-671
-681
-691
-531
-541
-551
-191
-391
171
-174
-175
-176
-178
-179
-141
-151
-161
-771
-871
-971
-791
-891
-991
623
-622
-624
-626
-627
-628
-629
-413
-423
-433
-613
-633
-643
-653
-663
-123
-723
-823
-923
648
-641
-642
-644
-645
-647
-649
-448
-458
-548
-558
-658
-618
-638
-678
-688
-698
-748
-848
-948
669
-661
-662
-664
-665
-667
655
-651
-652
-654
-657
-659
-449
-459
-469
-549
-559
-619
-639
-679
-689
-699
-155
-255
-755
-855
-955
-169
-369
-769
-869
-969
733
-731
-732
-734
-736
-737
-738
-739
-713
-813
-833
-913
-933
-743
-753
-763
-793
113
-112
-116
-118
-119
-133
-233
-143
-153
-163
761
-762
-764
-765
-767
-741
-751
-841
-851
-861
-941
-951
-961
-711
-781
-361
367
-347
-357
-461
-467
-867
-967
812
-811
-816
-818
-819
-712
-722
-822
-832
-912
-922
-932
-842
-852
-862
-892
-412
-612
632
-631
-634
-636
-637
-422
-432
611
-616
-411
-431
-911
122
-126
-128
-129
-132
-232
-142
-152
-162
827
-824
-825
-826
-828
-829
-727
-837
-927
-937
-847
-857
-877
-897
-427
-527
952
-953
-954
-956
-957
-958
-959
-742
-752
-942
-962
792
-794
-796
-797
-798
-799
-992
-252
242
-243
-244
-245
-246
-249
253
-254
-256
-259
-442
-452
462
-463
-464
-453
443
-441
-444
-447
451
-454
-457
341
-346
-349
-351
-843
-943
-853
976
-974
-975
-977
-978
-979
-776
-786
-876
-886
-896
-986
-996
-916
-926
-936
-946
-276
-476
-676
993
-994
-997
-998
-999
-893
777
-774
-775
-778
-779
-747
-757
947
-944
-945
-949
863
-864
-865
-963
-547
544
-554
557
-524
-534
-537
437
-434
-436
-438
-439
424
-426
-428
-429
416
-418
-419
-474
-484
-486
-477
-716
-724
-924
-144
-744
-844
-677
674
-684
686
-694
-696
697
-274
-874
-286
-136
138
-139
-328
-198
398
-396
-399
-538
539
528
-529
-728
-928
-838
-938
-239
236
-326
329
-296
196
-194
-199
-146
-156
356
-359
726
-725
-729
925
-929
-836
-746
-756
-965
964
-754
-854
784
-785
-788
-789
-884
-894
-984
745
-749
-845
834
-831
-839
931
-934
-939
881
-885
-888
-889
-981
875
-878
-879
-985
-145
149
165
-164
154
-159
846
-849
-856
-275
279
285
-284
-289
294
-299
478
-479
-488
489
988
-989
-898
899
858
-859
-758
759
718
-719
-918
919
