121
-122
-123
-124
-125
-126
-127
-128
-129
-111
-131
-211
-221
-231
-311
-321
-331
-141
-151
-161
-171
-181
-191
-421
-521
-621
-721
-821
-921
134
-132
-133
-135
-136
-137
-138
-139
-114
-214
-224
-234
-314
-324
-334
-144
-154
-164
-174
-184
-194
-434
-534
-634
-734
-834
-934
167
-162
-163
-165
-166
-168
-169
-147
-157
-247
-257
-267
-347
-357
-367
-117
-177
-187
-197
-467
-567
-667
-767
-867
-967
228
-222
-223
-225
-226
-227
-229
-118
-218
-238
-318
-328
-338
-248
-258
-268
-278
-288
-298
-428
-528
-628
-728
-828
-928
269
-261
-262
-263
-264
-265
-266
-149
-159
-249
-259
-349
-359
-369
-219
-239
-279
-289
-299
-469
-569
-669
-769
-869
-969
283
-281
-282
-284
-285
-286
-287
-173
-183
-193
-273
-293
-373
-383
-393
-213
-233
-243
-253
-483
-583
-683
-783
-883
-983
317
-312
-313
-315
-316
-319
-217
-237
-327
-337
-377
-387
-397
-417
-517
-617
-717
-817
-917
351
-352
-353
-354
-355
-356
-358
-241
-251
-341
-361
-371
-381
-391
-451
-551
-651
-751
-851
-951
398
-392
-394
-395
-396
-399
-178
-188
-198
-378
-388
-348
-368
-498
-598
-698
-798
-898
-998
423
-422
-424
-425
-426
-427
-429
-413
-433
-513
-523
-533
-613
-623
-633
-443
-453
-463
-473
-493
-323
-723
-823
-923
479
-471
-472
-474
-475
-476
-477
-478
-489
-499
-579
-589
-599
-679
-689
-699
-419
-439
-449
-459
-179
-379
-779
-879
-979
482
-481
-484
-485
-486
-487
-488
-492
-572
-582
-592
-672
-682
-692
-412
-432
-442
-452
-462
-182
-382
-782
-882
-982
539
-531
-532
-535
-536
-537
-538
-519
-529
-619
-629
-639
-549
-559
-339
-739
-839
-939
573
-571
-574
-575
-576
-577
-578
-593
-673
-693
-543
-553
-563
-773
-873
-973
622
-624
-625
-626
-627
-512
-522
-612
-632
-642
-652
-662
-322
-722
-822
-922
637
-631
-635
-636
-638
-437
-527
-647
-657
-677
-687
-697
-737
-837
-937
688
-681
-684
-685
-686
-588
-678
-618
-648
-658
-668
-788
-888
-988
711
-712
-713
-714
-715
-716
-718
-719
-731
-811
-831
-911
-931
-741
-761
-771
-781
-791
-411
-511
-611
431
-435
-436
-438
-441
-461
-491
759
-752
-753
-754
-755
-756
-757
-758
-749
-849
-859
-949
-959
-729
-789
-799
649
-641
-643
-644
-645
-646
-659
793
-792
-794
-795
-796
-797
-893
-993
-733
-743
-763
826
-824
-825
-827
-829
-726
-736
-816
-836
-916
-926
-936
-846
-856
-866
-876
-886
-896
-326
-526
848
-841
-842
-843
-844
-845
-847
-748
-768
-858
-868
-948
-958
-968
-818
-838
-878
-148
158
-152
-153
-155
-156
-448
-548
-458
-558
852
-853
-854
-855
-857
-742
-762
-862
-942
-952
-962
-812
-832
-872
-892
-252
-552
887
-881
-884
-885
-889
-777
-787
-877
-897
-977
-987
-997
277
-271
-272
-274
-275
-276
291
-292
-294
-295
-296
-297
-587
-591
-691
-891
-991
944
-941
-943
-945
-946
-947
-744
-764
-864
-954
-964
-914
-924
-974
-984
-994
541
-542
-544
-545
-546
-547
-561
-661
562
-564
-565
-566
-568
468
-464
-465
-466
-418
518
-514
-515
-516
-581
671
-674
-675
-676
-918
-244
254
-255
-256
-344
-364
-444
-454
-554
-654
664
-663
-665
-666
653
-655
-656
-614
-694
-953
-362
-871
861
-863
-865
-961
963
-965
-966
-913
-933
-363
-971
981
-985
-986
-989
978
-972
-975
-976
-778
738
-732
-735
-938
772
-774
-775
-776
-992
-172
-372
192
-195
-196
-199
-112
-142
113
-115
-116
-119
-333
329
-325
-143
343
-342
-345
-346
242
-245
-246
189
-185
-186
-389
-212
-232
332
-335
-336
912
-915
-919
-932
935
-725
-815
-835
833
-813
-925
-955
-995
819
-814
724
-727
927
-929
-784
747
-745
-746
765
-766
956
-957
-785
786
-996
999
-899
414
-415
-416
-524
525
-615
616
-494
-555
-585
-595
695
-696
-495
215
-216
-235
236
-447
455
-456
-457
-445
446
-556
557
-496
497
-597
145
-146
-365
366
-175
176
-376
-386
385
-384
374
-375
-874
875
894
-895
584
-586
-594
596
