134
-131
-132
-133
-135
-136
-137
-138
-139
-114
-124
-214
-224
-234
-314
-324
-334
-144
-154
-164
-174
-184
-194
-434
-534
-634
-734
-834
-934
188
-181
-182
-183
-185
-186
-187
-189
-178
-198
-278
-288
-298
-378
-388
-398
-118
-128
-148
-158
-168
-488
-588
-688
-788
-888
-988
195
-191
-192
-193
-196
-197
-199
-175
-275
-285
-295
-375
-385
-395
-115
-125
-145
-155
-165
-495
-595
-695
-795
-895
-995
231
-232
-233
-235
-236
-237
-238
-239
-111
-121
-211
-221
-311
-321
-331
-241
-251
-261
-271
-281
-291
-431
-531
-631
-731
-831
-931
279
-272
-273
-274
-276
-277
-179
-289
-299
-379
-389
-399
-219
-229
-249
-259
-269
-479
-579
-679
-779
-879
-979
315
-312
-313
-316
-317
-318
-319
-215
-225
-325
-335
-345
-355
-365
-415
-515
-615
-715
-815
-915
326
-322
-323
-327
-328
-329
-116
-126
-216
-226
-336
-346
-356
-366
-376
-386
-396
-426
-526
-626
-726
-826
-926
359
-351
-352
-353
-354
-357
-358
-149
-159
-169
-349
-369
-339
-459
-559
-659
-759
-859
-959
373
-371
-372
-374
-377
-173
-283
-293
-383
-393
-333
-343
-363
-473
-573
-673
-773
-873
-973
382
-381
-384
-387
-172
-282
-292
-392
-332
-342
-362
-482
-582
-682
-782
-882
-982
394
-391
-397
171
-176
-177
-284
-294
-141
-151
-161
-344
-364
-471
-571
-671
-771
-871
-971
-494
-594
-694
-794
-894
-994
449
-441
-442
-443
-444
-445
-446
-447
-448
-469
-549
-569
-649
-669
-419
-429
-439
-489
-499
-749
-849
-949
466
-461
-462
-463
-464
-465
-467
-468
-456
-546
-556
-566
-646
-656
-666
-416
-436
-476
-486
-496
-166
-266
-766
-866
-966
521
-522
-523
-524
-525
-527
-528
-529
-411
-421
-511
-611
-621
-541
-551
-561
-581
-591
-721
-821
-921
547
-542
-543
-544
-545
-548
-457
-557
-567
-647
-657
-667
-517
-537
-577
-587
-597
-147
-247
-347
-747
-847
-947
565
-562
-563
-564
-568
-455
-555
-645
-655
-665
-535
-575
-585
-265
-765
-865
-965
583
-584
-586
-589
-483
-493
-593
-683
-693
-513
-533
-553
-783
-883
-983
641
-642
-643
-644
-648
-451
-651
-661
-681
-691
-341
348
361
-367
-368
-248
-258
-268
337
-338
-117
-127
-217
-227
-437
-637
-737
-837
-937
-741
-841
-941
-748
-848
-948
-761
-861
-961
662
-663
-664
-668
-452
-552
-652
-612
-622
-632
-672
-692
-162
-262
-762
-862
-962
718
-711
-712
-713
-714
-716
-717
-719
-728
-738
-818
-828
-838
-918
-928
-938
-758
-768
-778
-798
-218
228
-222
-223
-418
-518
-618
-428
-628
723
-722
-724
-725
-727
-729
-733
-813
-823
-833
-913
-923
-933
-743
-753
-763
-793
-123
-423
-623
735
-732
-736
-739
-825
-835
-925
-935
-745
-755
-775
-785
-435
-635
756
-751
-752
-754
-757
-746
-846
-856
-946
-956
-776
-786
-796
-156
146
-142
-143
-246
-256
787
-781
-784
-789
-777
-797
-877
-887
-897
-977
-987
-997
791
-792
-799
-881
-891
-981
-991
-767
769
-764
-869
-969
481
-484
-485
-487
-491
-287
286
-296
297
-257
-267
-686
-886
-986
-687
-497
-697
832
-836
-839
-812
-822
-912
-922
-932
-842
-852
-872
-892
-432
-532
878
-874
-875
-876
-898
-978
-998
-858
-868
968
-963
-964
-967
-958
-478
-578
-678
916
-911
-914
-917
-919
811
-814
-816
-817
-819
-936
939
-829
-929
-851
951
-952
-953
-954
-955
-957
896
-893
-899
993
-992
-996
-999
-976
889
-884
-885
-989
-943
927
-924
824
-827
-844
-854
-864
-516
-616
-424
-624
-427
-627
-539
-639
264
-263
-244
-254
-689
-596
-696
974
-972
-975
772
-774
-984
985
-742
744
942
-944
-945
-242
-472
-572
-474
-574
576
-676
-536
538
636
-633
-638
-438
433
-413
-613
-453
653
-654
-658
-558
554
-454
458
414
-412
-417
-514
-614
617
-619
477
-475
-677
425
-422
512
-519
-625
629
492
-498
-592
-598
599
698
-699
-112
-212
213
122
-129
-113
119
-152
252
-253
-255
245
-243
843
-845
-853
-863
867
855
-857
-153
157
163
-167
-674
675
684
-685
