133
-131
-132
-134
-135
-136
-137
-138
-139
-113
-123
-213
-223
-233
-313
-323
-333
-143
-153
-163
-173
-183
-193
-433
-533
-633
-733
-833
-933
179
-171
-172
-174
-175
-176
-177
-178
-189
-199
-279
-289
-299
-379
-389
-399
-119
-129
-149
-159
-169
-479
-579
-679
-779
-879
-979
254
-251
-252
-253
-255
-256
-257
-258
-259
-144
-154
-164
-244
-264
-344
-354
-364
-214
-224
-234
-274
-284
-294
-454
-554
-654
-754
-854
-954
281
-282
-283
-285
-286
-287
-288
-181
-191
-271
-291
-371
-381
-391
-211
-221
-231
-241
-261
-481
-581
-681
-781
-881
-981
329
-321
-322
-324
-325
-326
-327
-328
-219
-229
-239
-319
-339
-349
-359
-369
-429
-529
-629
-729
-829
-929
383
-382
-384
-385
-386
-387
-388
-273
-293
-373
-393
-343
-353
-363
-483
-583
-683
-783
-883
-983
394
-392
-395
-396
-397
-398
-184
-194
-374
-314
-334
-494
-594
-694
-794
-894
-994
412
-411
-413
-414
-415
-416
-417
-418
-419
-422
-432
-512
-522
-532
-612
-622
-632
-442
-452
-462
-472
-482
-492
-112
-212
-312
-712
-812
-912
427
-421
-423
-424
-425
-426
-428
-437
-517
-527
-537
-617
-627
-637
-447
-457
-467
-477
-487
-497
-127
-227
-727
-827
-927
465
-461
-463
-464
-466
-468
-469
-445
-455
-545
-555
-565
-645
-655
-665
-435
-475
-485
-495
-165
-265
-365
-765
-865
-965
471
-473
-474
-476
-478
-491
-571
-591
-671
-691
-431
-441
-451
-771
-871
-971
511
-513
-514
-515
-516
-518
-519
-521
-531
-611
-621
-631
-541
-551
-561
-111
-311
-711
-811
-911
599
-592
-593
-595
-596
-597
-598
-489
-499
-589
-689
-699
-539
-549
-559
-569
-799
-899
-999
639
-634
-635
-636
-638
-439
-619
-649
-659
-669
-739
-839
-939
643
-641
-642
-644
-646
-647
-648
-443
-453
-543
-553
-563
-653
-663
493
-496
-498
-573
-673
-693
523
-524
-525
-526
-528
-613
-623
-723
-823
-923
-243
263
-262
-266
-267
-268
-269
249
-242
-245
-246
-247
-248
-743
-843
-943
-449
459
-456
-458
-749
-849
-949
-759
-859
-959
-763
-863
-963
-793
-893
-993
676
-672
-674
-675
-677
-678
-486
-576
-586
-686
-696
-616
-626
-656
-666
-276
-376
-776
-876
-976
687
-682
-684
-685
-688
-577
-587
-697
-657
-667
-187
-787
-887
-987
698
-692
-695
-488
484
-574
-584
-578
-588
-434
-444
-618
-628
-658
-668
-784
-884
-984
-198
-298
-798
-898
-998
717
-713
-714
-715
-716
-718
-719
-737
-817
-837
-917
-937
-747
-757
-767
-777
-797
-117
-217
-317
726
-721
-722
-724
-725
-728
-736
-816
-826
-836
-916
-926
-936
-746
-756
-766
-786
-796
-126
-226
785
-782
-788
-789
-775
-795
-875
-885
-895
-975
-985
-995
-735
-745
-755
769
-761
-762
-764
-768
-869
-969
-185
-585
582
-572
575
-542
-552
-562
-535
-275
-375
-182
-882
-982
828
-821
-822
-824
-825
-738
-818
-838
-918
-928
-938
-848
-858
-868
-878
-888
-128
-228
852
-851
-853
-855
-856
-857
-742
-752
-842
-862
-942
-952
-962
-832
-872
-892
-152
-352
-652
651
-661
662
-664
-151
-351
-751
-951
-162
-362
931
-932
-934
-935
-731
-831
-921
-941
-961
-991
121
-122
-124
-125
-331
114
-115
-116
-118
-141
-161
-614
615
-625
624
-534
-814
-914
-215
-315
-815
-915
-924
977
-972
-973
-974
-978
-877
-897
-997
-947
-957
-967
-277
-377
142
-145
-146
-147
-148
-342
-192
-155
195
-196
-197
-295
297
-292
-296
186
-188
-156
-166
-237
337
-332
-335
-336
-338
372
-378
-272
278
-218
216
-236
-316
318
-238
-347
-357
-367
-348
-358
-368
-772
-778
988
-986
-989
889
-886
-819
813
-913
919
-873
874
773
-774
-753
758
953
-955
-956
-958
-748
-948
-968
-834
835
734
-732
922
-925
792
-791
891
-896
-992
996
741
-744
-841
-861
-844
-864
-845
945
-944
-946
964
-966
-222
225
232
-235
-341
361
-366
544
-546
-547
-548
-564
-345
346
355
-356
-446
448
-558
-568
436
-438
-536
538
-846
847
866
-867
556
-557
-566
567
157
-158
-167
168
