124
-121
-122
-123
-125
-126
-127
-128
-129
-114
-134
-214
-224
-234
-314
-324
-334
-144
-154
-164
-174
-184
-194
-424
-524
-624
-724
-824
-924
189
-181
-182
-183
-185
-186
-187
-188
-179
-199
-279
-289
-299
-379
-389
-399
-119
-139
-149
-159
-169
-489
-589
-689
-789
-889
-989
192
-191
-193
-195
-196
-197
-198
-172
-272
-282
-292
-372
-382
-392
-112
-132
-142
-152
-162
-492
-592
-692
-792
-892
-992
258
-251
-252
-253
-254
-255
-256
-257
-259
-148
-158
-168
-248
-268
-348
-358
-368
-218
-228
-238
-278
-288
-298
-458
-558
-658
-758
-858
-958
261
-262
-263
-264
-265
-266
-267
-269
-141
-151
-161
-241
-341
-351
-361
-211
-221
-231
-271
-281
-291
-461
-561
-661
-761
-861
-961
416
-411
-412
-413
-414
-415
-417
-418
-419
-426
-436
-516
-526
-536
-616
-626
-636
-446
-456
-466
-476
-486
-496
-116
-216
-316
-716
-816
-916
455
-451
-452
-453
-454
-457
-459
-445
-465
-545
-555
-565
-645
-655
-665
-425
-435
-475
-485
-495
-155
-355
-755
-855
-955
471
-472
-473
-474
-477
-478
-479
-481
-491
-571
-581
-591
-671
-681
-691
-421
-431
-441
-171
-371
-771
-871
-971
517
-511
-512
-513
-514
-515
-518
-519
-427
-437
-527
-537
-617
-627
-637
-547
-557
-567
-577
-587
-597
-117
-217
-317
-717
-817
-917
522
-521
-523
-525
-528
-529
-422
-432
-532
-612
-622
-632
-542
-552
-562
-572
-582
-222
-322
-722
-822
-922
544
-541
-543
-546
-548
-549
-444
-464
-554
-564
-644
-654
-664
-534
-574
-584
-594
-244
-344
-744
-844
-944
711
-712
-713
-714
-715
-718
-719
-721
-731
-811
-821
-831
-911
-921
-931
-741
-751
-781
-791
-111
131
-133
-135
-136
-137
-138
-311
-321
-331
-611
621
-623
-625
-628
-629
-531
-631
551
-553
-556
-559
-641
-651
-851
-951
735
-732
-733
-734
-736
-737
-738
-739
-725
-815
-825
-835
-915
-925
-935
-745
-765
-775
-785
-795
-235
-335
-535
-635
615
-613
-614
-618
-619
-675
-685
-695
-115
-215
-315
776
-772
-773
-774
-777
-778
-779
-786
-796
-876
-886
-896
-976
-986
-996
-726
-746
-756
-766
-176
-276
-376
-576
-676
842
-841
-843
-845
-846
-847
-848
-849
941
-942
-943
-945
-946
-947
-948
-949
-742
-752
-762
-852
-862
-952
-962
782
-783
-784
-787
-788
-872
-882
-972
-982
-812
-832
-981
-991
-242
-342
-442
-642
672
-673
-674
-677
-678
-679
-482
-682
462
-463
-467
-468
-469
-652
-662
352
-353
-354
-356
-357
-359
-362
364
-363
-365
-366
-367
-369
-312
-332
-374
-384
-394
-764
-864
-964
883
-881
-884
-885
-887
-888
891
-893
-894
-895
-897
-898
-899
-793
-873
-973
-983
-993
-813
-823
-833
-853
-863
381
-383
-385
-386
-387
-388
-391
-283
-483
-583
-683
918
-912
-913
-914
-919
932
-933
-934
-936
-937
-938
-939
-728
-818
-828
-838
-928
-968
-978
-988
-998
212
-213
-219
-232
814
-819
-834
-854
-874
-118
113
-223
-233
-313
-323
-333
-143
-153
-163
-173
178
-175
-177
-378
-398
-318
319
-229
-239
-329
-339
249
-243
-245
-246
-247
343
-345
-346
-347
-349
-373
-393
-443
-643
-743
145
-146
-147
-165
646
-647
-648
-649
-566
-656
-666
-686
-696
-449
-749
-578
-878
798
-794
-797
-799
754
-753
-757
-759
-954
-748
747
-767
-857
-867
-957
-967
-727
-768
868
-865
-866
-869
965
-963
-966
-969
875
-877
-879
-975
-985
-995
-447
448
-568
-668
-428
-438
-488
-498
328
-325
-326
-327
225
-226
-227
-338
-275
-285
-295
166
-167
-156
157
-657
667
-663
-669
-687
-697
-375
377
395
-396
-397
-277
-287
-297
237
-236
336
-337
-836
-837
839
-729
723
-923
-829
-929
-763
769
953
-956
-959
856
-859
-826
827
926
-927
-423
429
-439
-539
-639
-499
-653
659
563
-569
-533
538
-638
-573
-593
-588
-598
-699
273
-274
-293
974
-977
-979
-984
987
-994
-997
999
-575
579
-599
585
-586
-595
596
286
-284
294
-296
-487
484
-494
-684
688
-694
497
-493
693
-698
433
-434
-633
634
