131
-132
-133
-134
-135
-136
-137
-138
-139
-111
-121
-211
-221
-231
-311
-321
-331
-141
-151
-161
-171
-181
-191
-431
-531
-631
-731
-831
-931
235
-232
-233
-234
-236
-237
-238
-239
-115
-125
-215
-225
-315
-325
-335
-245
-255
-265
-275
-285
-295
-435
-535
-635
-735
-835
-935
249
-241
-242
-243
-244
-246
-247
-248
-149
-159
-169
-259
-269
-349
-359
-369
-219
-229
-279
-289
-299
-449
-549
-649
-749
-849
-949
267
-261
-262
-263
-264
-266
-268
-147
-157
-167
-257
-347
-357
-367
-217
-227
-277
-287
-297
-467
-567
-667
-767
-867
-967
334
-332
-333
-336
-337
-338
-339
-114
-124
-214
-224
-314
-324
-344
-354
-364
-374
-384
-394
-434
-534
-634
-734
-834
-934
358
-351
-352
-353
-355
-356
-148
-158
-168
-258
-348
-368
-318
-328
-378
-388
-398
-458
-558
-658
-758
-858
-958
387
-381
-382
-383
-385
-386
-389
-177
-187
-197
-377
-397
-317
-327
-487
-587
-687
-787
-887
-987
396
-391
-392
-393
-395
-399
-176
-186
-196
-276
-286
-296
-376
-316
-326
-346
-366
-496
-596
-696
-796
-896
-996
512
-511
-513
-514
-515
-516
-517
-518
-519
-412
-422
-432
-522
-532
-612
-622
-632
-542
-552
-562
-572
-582
-592
-112
-212
-312
-712
-812
-912
565
-561
-563
-564
-566
-568
-569
-445
-455
-465
-545
-555
-645
-655
-665
-525
-575
-585
-595
-165
-365
-765
-865
-965
574
-571
-573
-576
-577
-578
-579
-474
-484
-494
-584
-594
-674
-684
-694
-524
-544
-554
-174
-274
-774
-874
-974
588
-581
-583
-586
-589
-478
-488
-498
-598
-678
-688
-698
-528
-538
-548
-188
-288
-788
-888
-988
643
-641
-642
-644
-646
-647
-648
-443
-453
-463
-543
-553
-653
-663
-613
-623
-633
-673
-683
-693
-143
-343
-743
-843
-943
686
-681
-682
-685
-689
-476
-486
-676
-616
-626
-636
-656
-666
-786
-886
-986
737
-732
-733
-736
-738
-739
-717
-727
-817
-827
-837
-917
-927
-937
-747
-757
-777
-797
-437
-537
-637
766
-761
-762
-763
-764
-768
-769
-746
-756
-846
-856
-866
-946
-956
-966
-716
-726
-776
-166
-466
823
-821
-822
-824
-825
-826
-828
-829
-713
-723
-813
-833
-913
-923
-933
-853
-863
-873
-883
-893
-123
-223
-323
-423
-523
832
-836
-838
-839
-722
-922
-932
-842
-852
-862
-872
-882
-892
854
-851
-855
-857
-859
-744
-754
-844
-864
-944
-954
-964
-814
-884
-894
-154
-254
-454
-654
868
-861
-869
-748
-848
-948
-968
-818
-878
-898
448
-441
-442
-444
-446
-447
-468
-668
-418
-428
-438
144
-142
-145
-146
-164
-184
-194
546
-541
-547
-456
-556
-526
-536
897
-891
-895
-899
-877
-977
-997
-847
947
-941
-942
-945
-957
-497
-597
-697
916
-911
-914
-915
-918
-919
-816
-926
-936
876
-871
-875
-879
-976
-116
-216
-416
436
-433
-439
-426
533
-539
-413
-593
985
-981
-982
-983
-984
-989
-775
-785
-795
-885
-975
-995
-925
-955
-185
-485
998
-991
-992
-993
-994
-999
-778
-798
-978
924
-921
-928
-929
-714
-724
-938
939
-719
-729
-819
889
-881
-779
-789
-799
-979
759
-751
-752
-753
-755
-959
-969
-424
-624
638
-639
-618
-628
155
-152
-153
-156
-345
256
-251
-252
-253
-175
-195
375
-371
-372
-373
-379
126
-122
-127
-128
-129
-226
117
-113
-118
-119
-417
-617
953
-951
-952
-963
-973
-459
-559
-659
-475
-675
-189
-489
-198
178
-172
-173
-179
-278
-298
199
-192
-193
-499
-599
591
-471
-481
-491
-671
-691
-521
-551
557
-457
-657
-527
529
-419
-429
-619
-629
319
-313
213
-218
228
-222
322
-329
-273
-283
-293
183
-182
162
-163
-342
341
-361
-362
363
718
-711
-715
-728
-741
-841
845
961
-962
742
-745
-772
-782
-792
972
-971
725
-721
811
-815
-411
-611
-425
-625
-461
-661
-462
-662
-272
271
-281
-291
-771
773
-783
-793
-472
-672
-473
781
-784
-791
794
-483
482
-492
-692
493
-495
695
-699
-452
451
-651
652
-421
427
621
-627
415
-414
614
-615
464
-469
-664
669
-477
479
677
-679
-282
284
292
-294
