124
-121
-122
-123
-125
-126
-127
-128
-129
-114
-134
-214
-224
-234
-314
-324
-334
-144
-154
-164
-174
-184
-194
-424
-524
-624
-724
-824
-924
153
-151
-152
-155
-156
-157
-158
-159
-143
-163
-243
-253
-263
-343
-353
-363
-113
-133
-173
-183
-193
-453
-553
-653
-753
-853
-953
165
-161
-162
-166
-167
-168
-169
-145
-245
-255
-265
-345
-355
-365
-115
-135
-175
-185
-195
-465
-565
-665
-765
-865
-965
226
-221
-222
-223
-225
-227
-228
-229
-116
-136
-216
-236
-316
-326
-336
-246
-256
-266
-276
-286
-296
-426
-526
-626
-726
-826
-926
271
-272
-273
-274
-275
-277
-278
-279
-171
-181
-191
-281
-291
-371
-381
-391
-211
-231
-241
-251
-261
-471
-571
-671
-771
-871
-971
328
-321
-322
-323
-325
-327
-329
-118
-138
-218
-238
-318
-338
-348
-358
-368
-378
-388
-398
-428
-528
-628
-728
-828
-928
446
-441
-442
-443
-444
-445
-447
-448
-449
-456
-466
-546
-556
-566
-646
-656
-666
-416
-436
-476
-486
-496
-146
-346
-746
-846
-946
478
-472
-473
-474
-475
-477
-479
-488
-498
-578
-588
-598
-678
-688
-698
-418
-438
-458
-468
-178
-778
-878
-978
517
-511
-512
-513
-514
-515
-516
-518
-519
-417
-427
-437
-527
-537
-617
-627
-637
-547
-557
-567
-577
-587
-597
-117
-217
-317
-717
-817
-917
554
-551
-552
-555
-558
-559
-454
-464
-544
-564
-644
-654
-664
-534
-574
-584
-594
-254
-354
-754
-854
-954
613
-611
-612
-614
-615
-616
-618
-619
-413
-423
-433
-523
-533
-623
-633
-643
-663
-673
-683
-693
-213
-313
-713
-813
-913
742
-741
-743
-744
-745
-747
-748
-749
-752
-762
-842
-852
-862
-942
-952
-962
-712
-722
-732
-772
-782
-792
-142
-242
-342
-542
-642
797
-791
-793
-794
-795
-796
-798
-799
-777
-787
-877
-887
-897
-977
-987
-997
-727
-737
-757
-767
-197
-297
-397
-497
-697
815
-811
-812
-814
-816
-818
-819
-715
-725
-735
-825
-835
-915
-925
-935
-845
-855
-875
-885
-895
-215
-315
-415
883
-881
-882
-884
-886
-888
-889
-773
-783
-873
-893
-973
-983
-993
-823
-833
-843
-863
-283
-383
-483
-583
941
-943
-944
-945
-947
-948
-949
-751
-761
-841
-851
-861
-951
-961
-911
-921
-931
-981
-991
-141
-341
-541
-641
543
-545
-548
-549
-463
-563
493
-491
-492
-494
-495
-499
-573
-593
645
-647
-648
-649
-455
-655
-625
-635
-675
-685
-695
373
-372
-374
-375
-376
-377
-379
-293
-393
233
-232
-235
-237
-239
-333
335
-331
-332
-337
-339
137
-131
-132
-139
111
-112
-119
-311
-147
-177
-187
-385
-395
-411
-711
-733
-933
-435
-535
-837
-937
677
-672
-674
-676
-679
-487
-687
-657
-667
968
-963
-964
-966
-967
-969
763
-764
-766
-768
-769
-758
-848
-858
-868
-958
-723
923
-922
-927
-929
827
-821
-822
-829
-847
-857
-867
957
-955
-956
-959
755
-756
-759
-775
-785
-918
-938
-988
-998
718
-714
-716
-719
-738
-838
-788
898
-891
-892
-894
-896
-899
781
-784
-786
-789
-721
729
-739
-839
-919
-939
-731
831
-832
-834
-836
-779
872
-874
-876
-879
-972
-982
-992
916
-912
-914
932
-934
-936
734
-736
-774
776
-976
-986
-996
414
-412
-419
-434
-634
-484
-429
-529
-629
-431
-531
-631
-432
439
-539
-639
-459
-469
-489
-532
-632
-257
-357
-457
467
-461
-462
-267
-367
-268
-568
538
-536
636
-638
-686
-696
-668
658
-651
-652
-659
-258
-172
-572
974
-975
-979
-984
-994
575
-576
-579
-485
-585
-595
425
-421
-422
-525
-176
179
-189
-199
-289
-299
-389
-399
-149
148
-248
-188
-198
-481
482
-582
-592
-682
-692
451
-452
-561
-661
-351
361
-362
-364
-366
-369
356
-352
-359
-386
-396
252
-259
-262
-212
219
312
-319
-282
-292
-249
-269
264
-244
247
-344
-347
349
-284
-294
-287
387
-382
-384
394
-392
844
-849
-864
-856
859
866
-869
-581
-681
-182
186
192
-196
684
-689
-694
-586
589
596
-591
-599
691
-699
521
-522
-621
622
562
-569
-662
669
288
-285
295
-298
985
-989
-995
999
