122
-121
-123
-124
-125
-126
-127
-128
-129
-112
-132
-212
-222
-232
-312
-322
-332
-142
-152
-162
-172
-182
-192
-422
-522
-622
-722
-822
-922
184
-181
-183
-185
-186
-187
-188
-189
-174
-194
-274
-284
-294
-374
-384
-394
-114
-134
-144
-154
-164
-484
-584
-684
-784
-884
-984
247
-241
-242
-243
-244
-245
-246
-248
-249
-147
-157
-167
-257
-267
-347
-357
-367
-217
-227
-237
-277
-287
-297
-447
-547
-647
-747
-847
-947
275
-271
-272
-273
-276
-278
-279
-175
-195
-285
-295
-375
-385
-395
-215
-225
-235
-255
-265
-475
-575
-675
-775
-875
-975
343
-341
-342
-344
-345
-346
-348
-349
-143
-153
-163
-253
-263
-353
-363
-313
-323
-333
-373
-383
-393
-443
-543
-643
-743
-843
-943
426
-421
-423
-424
-425
-427
-428
-429
-416
-436
-516
-526
-536
-616
-626
-636
-446
-456
-466
-476
-486
-496
-226
-326
-726
-826
-926
452
-451
-453
-454
-455
-457
-458
-459
-442
-462
-542
-552
-562
-642
-652
-662
-412
-432
-472
-482
-492
-252
-352
-752
-852
-952
515
-511
-512
-513
-514
-517
-518
-519
-415
-435
-525
-535
-615
-625
-635
-545
-555
-565
-585
-595
-115
-315
-715
-815
-915
577
-571
-572
-573
-574
-576
-578
-579
-477
-487
-497
-587
-597
-677
-687
-697
-527
-537
-557
-567
-177
-377
-777
-877
-977
671
-672
-673
-674
-676
-678
-679
-471
-481
-491
-581
-591
-681
-691
-611
-621
-631
-641
-651
-661
-171
-371
-771
-871
-971
717
-711
-712
-713
-714
-716
-718
-719
-727
-737
-817
-827
-837
-917
-927
-937
-757
-767
-787
-797
-117
-317
-417
-617
782
-781
-783
-785
-786
-788
-789
-772
-792
-872
-882
-892
-972
-982
-992
-732
-742
-762
372
-376
-378
-379
-282
-292
-382
-392
262
-261
-264
-266
-268
-269
-362
-862
-962
-582
-682
798
-791
-793
-794
-795
-796
-799
-778
-878
-888
-898
-978
-988
-998
-728
-738
-748
-758
-768
-198
-298
-398
-498
-598
-698
813
-811
-812
-814
-816
-818
-819
-723
-733
-823
-833
-913
-923
-933
-853
-863
-873
-883
-893
-113
-213
-413
-613
845
-841
-842
-844
-846
-848
-849
942
-941
-944
-945
-946
-948
-949
-745
-755
-765
-855
-865
-955
-965
832
-831
-834
-835
-836
-838
-839
-912
-932
-825
-885
-895
612
-614
-618
-619
-532
-632
592
-593
-594
-596
-599
-692
-145
-445
-645
954
-951
-953
-956
-957
-958
-959
-744
-754
-764
-854
-864
-964
-914
-924
-934
-974
-994
-254
-354
364
-361
-365
-366
-368
-369
-314
-324
-334
-554
-654
-464
-564
-664
986
-981
-983
-985
-987
-989
995
-991
-993
-996
-997
-999
-776
-876
-886
-896
-976
-925
-935
-916
-936
736
-731
-734
-735
-739
725
-721
-724
-729
824
-821
-828
-829
774
-773
-779
973
-979
-874
879
-894
-889
-899
-746
-756
-766
-859
-869
-963
-966
967
-961
-968
-969
-857
-867
-224
-524
-624
-325
-136
-236
-336
657
-653
-655
-656
-658
-659
-467
-667
437
-431
-433
-434
-438
-439
-627
-637
327
-321
-328
-329
-137
-337
197
-191
-193
-196
-199
-387
-397
-173
133
-131
-135
-138
-139
-223
-233
335
-331
-338
-339
-355
-533
-633
155
-151
-156
-158
-159
-165
-473
-474
176
-178
-179
-286
-296
-386
-396
-116
-146
-166
478
-479
-488
-588
-688
-418
-448
-468
-586
-686
696
-693
-694
-695
-699
494
-493
-495
-499
-414
-444
-646
-666
214
-211
-216
-218
-219
-234
316
-311
-318
-319
256
-251
-258
-259
-356
546
-541
-544
-548
-549
644
-648
-649
-556
-566
534
-531
-538
-539
-634
148
-141
-149
-168
-358
-118
388
-381
-389
-288
918
-911
-919
-928
-938
-856
866
-861
-868
858
-851
-558
887
-881
891
-897
281
-283
-289
-291
-391
399
293
-299
-221
-231
111
-119
-161
169
351
-359
-411
419
521
-523
-528
-529
623
-628
-629
638
-639
-449
441
-461
-551
-561
-469
-489
568
-563
-569
-668
-663
-683
-921
929
931
-939
228
-229
-238
239
-741
749
-759
-769
-751
753
761
-763
-553
559
463
-465
665
-669
-483
485
583
-589
-685
689
