134
-131
-132
-133
-135
-136
-137
-138
-139
-114
-124
-214
-224
-234
-314
-324
-334
-144
-154
-164
-174
-184
-194
-434
-534
-634
-734
-834
-934
175
-171
-172
-173
-176
-177
-178
-179
-185
-195
-275
-285
-295
-375
-385
-395
-115
-125
-145
-155
-165
-475
-575
-675
-775
-875
-975
189
-181
-182
-183
-186
-187
-188
-199
-279
-289
-299
-379
-389
-399
-119
-129
-149
-159
-169
-489
-589
-689
-789
-889
-989
216
-211
-212
-213
-215
-217
-218
-219
-116
-126
-226
-236
-316
-326
-336
-246
-256
-266
-276
-286
-296
-416
-516
-616
-716
-816
-916
263
-261
-262
-264
-265
-267
-268
-269
-143
-153
-163
-243
-253
-343
-353
-363
-223
-233
-273
-283
-293
-463
-563
-663
-763
-863
-963
331
-332
-333
-335
-337
-338
-339
-111
-121
-221
-231
-311
-321
-341
-351
-361
-371
-381
-391
-431
-531
-631
-731
-831
-931
347
-342
-344
-345
-346
-348
-349
-147
-157
-167
-247
-257
-357
-367
-317
-327
-377
-387
-397
-447
-547
-647
-747
-847
-947
394
-392
-393
-396
-398
-274
-284
-294
-374
-384
-354
-364
-494
-594
-694
-794
-894
-994
469
-461
-462
-464
-465
-466
-467
-468
-449
-459
-549
-559
-569
-649
-659
-669
-419
-429
-439
-479
-499
-369
-769
-869
-969
485
-481
-482
-483
-484
-486
-487
-488
-495
-585
-595
-685
-695
-415
-425
-435
-445
-455
-785
-885
-985
496
-491
-492
-493
-497
-498
-476
-576
-586
-596
-676
-686
-696
-426
-436
-446
-456
-196
-796
-896
-996
521
-522
-523
-524
-525
-526
-527
-528
-529
-411
-421
-511
-611
-621
-541
-551
-561
-571
-581
-591
-721
-821
-921
536
-532
-533
-535
-537
-538
-539
-626
-636
-546
-556
-566
-736
-836
-936
557
-552
-553
-554
-555
-558
-457
-567
-657
-667
-517
-577
-587
-597
-757
-857
-957
579
-572
-573
-574
-578
-599
-679
-699
-519
-779
-879
-979
582
-583
-584
-588
-472
-592
-672
-682
-692
-512
-542
-562
-282
-382
-782
-882
-982
619
-612
-613
-614
-615
-617
-618
-629
-639
-319
-719
-819
-919
625
-622
-623
-624
-627
-628
-515
-635
-645
-655
-665
-225
-325
-725
-825
-925
646
-641
-642
-643
-644
-648
-656
-666
-146
-746
-846
-946
668
-661
-662
-664
-448
-458
-548
-568
-658
-638
-678
-688
-698
-168
-368
-768
-868
-968
714
-711
-712
-713
-715
-717
-718
-724
-814
-824
-914
-924
-744
-754
-764
-774
-784
-414
-514
424
-422
-423
-427
-428
-444
-454
-474
761
-762
-765
-766
-767
-741
-751
-841
-851
-861
-941
-951
-961
-771
-781
-791
-161
777
-772
-773
-776
-778
-787
-797
-877
-887
-897
-977
-987
-997
-727
-737
-277
-477
-677
844
-842
-843
-845
-848
-849
-854
-864
-944
-954
-964
-874
-884
-244
254
-251
-252
-255
-258
-259
-544
564
-565
-654
545
-543
-245
235
-232
-237
-238
-239
-315
-735
-835
-935
-745
-945
895
-891
-892
-893
-898
-899
-795
-995
755
-752
-753
-756
-758
-759
-855
-865
-955
-965
-815
915
-911
-912
-913
-917
-918
811
-812
-813
-817
-818
-871
-881
-355
365
-362
-366
926
-922
-923
-927
-928
-929
-726
-826
786
-783
-788
-876
-886
-976
-986
-956
-966
376
-372
-373
-378
-386
-356
939
-932
-933
-937
-938
-729
-739
-829
-839
859
-852
-853
-856
-858
866
-862
-867
967
-962
-749
-949
-959
799
-792
-793
-798
-999
249
-241
-242
-248
-359
-229
329
-322
-323
-328
156
-151
-152
-158
141
-142
-148
-166
162
-352
358
-191
-112
-122
-192
312
-313
-318
-222
383
-388
-193
-412
-441
-958
-683
-883
888
-878
-978
-988
-998
-828
-838
948
-942
-943
-748
-983
-288
974
-971
-972
-973
-984
981
-991
-674
684
-681
-687
697
-691
-693
-637
-281
287
-197
198
-297
-278
-298
-118
-128
228
-227
-728
738
-732
-733
-438
478
-471
-473
671
-673
593
-598
451
-452
-453
-651
-418
518
-513
-271
272
291
-292
-872
873
992
-993
-823
-833
723
-722
742
-743
-952
953
822
-827
-832
837
-123
127
113
-117
-413
417
-437
-442
443
652
-653
432
-433
-632
633
