145
-141
-142
-143
-144
-146
-147
-148
-149
-155
-165
-245
-255
-265
-345
-355
-365
-115
-125
-135
-175
-185
-195
-445
-545
-645
-745
-845
-945
172
-171
-173
-174
-176
-177
-178
-179
-182
-192
-272
-282
-292
-372
-382
-392
-112
-122
-132
-152
-162
-472
-572
-672
-772
-872
-972
198
-191
-193
-194
-196
-197
-199
-188
-278
-288
-298
-378
-388
-398
-118
-128
-138
-158
-168
-498
-598
-698
-798
-898
-998
216
-211
-212
-213
-214
-215
-217
-218
-219
-116
-126
-136
-226
-236
-316
-326
-336
-246
-256
-266
-276
-286
-296
-416
-516
-616
-716
-816
-916
224
-221
-222
-223
-225
-227
-228
-229
-114
-124
-134
-234
-314
-324
-334
-244
-254
-264
-274
-284
-294
-424
-524
-624
-724
-824
-924
241
-242
-243
-247
-248
-249
-151
-161
-251
-261
-341
-351
-361
-231
-271
-281
-291
-441
-541
-641
-741
-841
-941
374
-371
-373
-375
-376
-377
-379
-184
-384
-394
-344
-354
-364
-474
-574
-674
-774
-874
-974
422
-421
-423
-425
-426
-427
-428
-429
-412
-432
-512
-522
-532
-612
-622
-632
-442
-452
-462
-482
-492
-322
-722
-822
-922
438
-431
-433
-434
-435
-436
-437
-439
-418
-518
-528
-538
-618
-628
-638
-448
-458
-468
-478
-488
-238
-338
-738
-838
-938
454
-451
-453
-455
-456
-457
-459
-444
-464
-544
-554
-564
-644
-654
-664
-414
-484
-494
-154
164
-163
-166
-167
-169
-754
-854
-954
-764
-864
-964
543
-542
-546
-547
-548
-549
-443
-463
-553
-563
-643
-653
-663
-513
-523
-533
-573
-583
-593
-343
-743
-843
-943
585
-581
-582
-584
-586
-587
-588
-589
-475
-485
-495
-575
-595
-675
-685
-695
-515
-525
-535
-555
-565
-285
-385
-785
-885
-985
715
-711
-712
-713
-714
-717
-718
-719
-725
-735
-815
-825
-835
-915
-925
-935
-755
-765
-775
-795
-315
-415
465
-461
-466
-467
-469
-655
-665
-615
-865
-965
781
-782
-783
-784
-786
-787
-788
-789
-771
-791
-871
-881
-891
-971
-981
-991
-721
-731
-751
-761
-181
-381
391
-393
-395
-396
-397
-399
-311
-321
-331
-481
-681
-491
-591
-691
852
-851
-853
-855
-856
-857
-858
-859
-742
-752
-762
-842
-862
-942
-952
-962
955
-951
-953
-956
-957
-958
-959
-812
-832
-882
-892
-975
-995
-252
-352
-552
-652
877
-873
-875
-876
-878
-879
895
-893
-894
-896
-897
-899
-777
-797
-887
-977
-987
-997
-817
-827
-837
-847
-867
275
-273
-277
-279
-295
-235
-477
-577
-677
913
-911
-912
-914
-917
-918
-919
-723
-733
-813
-823
-833
-923
-933
-963
-973
-983
-993
312
-313
-317
-318
-319
-232
-332
328
-323
-325
-327
-329
335
-333
-337
-339
262
-263
-267
-268
-269
-342
-362
258
-253
-257
-259
-348
-358
-368
-113
-413
-613
818
-811
-814
-819
-728
-828
-928
-848
-868
-888
625
-621
-623
-626
-627
-629
633
-631
-634
-635
-636
-637
-639
-673
-683
-693
123
-121
-127
-129
-133
-233
-153
-183
642
-646
-647
-648
-649
-562
-662
592
-594
-596
-597
-599
-682
-692
-558
-658
-758
982
-984
-986
-988
-989
-792
-992
732
-734
-736
-737
-739
-932
688
-684
-686
-687
-689
694
-696
-697
-699
-578
-678
568
-561
-566
-567
-569
-668
-614
514
-511
-517
-519
-534
-768
-968
884
-883
-886
-889
-794
-994
744
-746
-747
-748
-749
-844
-944
948
-946
-947
-949
778
-773
-776
-779
793
-796
-799
-978
-753
-763
863
-861
-866
-869
961
-966
-967
-969
-834
934
-931
-936
-937
-939
-921
927
-926
-929
-727
-527
353
-356
-357
-359
-363
-383
-661
473
-471
-476
-479
-483
-493
411
-417
-419
-521
-531
-611
-111
131
-137
-139
821
-826
-829
-831
283
-287
-289
-293
117
-119
-237
239
-157
-187
297
-299
-387
-617
619
537
-536
-539
526
-529
-556
-576
-557
-659
-669
-679
-726
729
836
-839
-759
-769
849
-846
-349
-449
559
-551
651
-656
-657
571
-579
-671
676
-486
-496
446
-447
-666
667
-346
347
-367
757
-756
766
-767
156
-159
-366
369
-186
189
386
-389
-976
979
996
-999
487
-489
-497
499
