122
-121
-123
-124
-125
-126
-127
-128
-129
-112
-132
-212
-222
-232
-312
-322
-332
-142
-152
-162
-172
-182
-192
-422
-522
-622
-722
-822
-922
176
-171
-173
-174
-175
-177
-178
-179
-186
-196
-276
-286
-296
-376
-386
-396
-116
-136
-146
-156
-166
-476
-576
-676
-776
-876
-976
259
-251
-252
-253
-254
-255
-256
-257
-258
-149
-159
-169
-249
-269
-349
-359
-369
-219
-229
-239
-279
-289
-299
-459
-559
-659
-759
-859
-959
285
-281
-282
-283
-284
-287
-288
-185
-195
-275
-295
-375
-385
-395
-215
-225
-235
-245
-265
-485
-585
-685
-785
-885
-985
321
-323
-324
-325
-326
-327
-328
-329
-111
-131
-211
-221
-231
-311
-331
-341
-351
-361
-371
-381
-391
-421
-521
-621
-721
-821
-921
446
-441
-442
-443
-444
-445
-447
-448
-449
-456
-466
-546
-556
-566
-646
-656
-666
-416
-426
-436
-486
-496
-246
-346
-746
-846
-946
472
-471
-473
-474
-475
-477
-478
-479
-482
-492
-572
-582
-592
-672
-682
-692
-412
-432
-452
-462
-272
-372
-772
-872
-972
491
-493
-494
-495
-497
-498
-499
-481
-571
-581
-591
-671
-681
-691
-411
-431
-451
-461
-191
-291
-791
-891
-991
517
-511
-512
-513
-514
-515
-516
-518
-519
-417
-427
-437
-527
-537
-617
-627
-637
-547
-557
-567
-577
-587
-597
-117
-217
-317
-717
-817
-917
533
-531
-532
-534
-535
-536
-538
-539
-413
-423
-433
-523
-613
-623
-633
-543
-553
-563
-573
-583
-593
-133
-233
-333
-733
-833
-933
554
-551
-552
-555
-558
-454
-464
-544
-564
-644
-654
-664
-524
-574
-584
-594
-154
-354
-754
-854
-954
699
-693
-694
-695
-696
-697
-698
-489
-579
-589
-599
-679
-689
-619
-629
-639
-649
-669
-199
-399
-799
-899
-999
714
-711
-712
-713
-715
-716
-718
-719
-724
-734
-814
-824
-834
-914
-924
-934
-744
-764
-774
-784
-794
-114
-214
-314
-414
-614
748
-741
-742
-743
-745
-747
-749
-758
-768
-848
-858
-868
-948
-958
-968
-728
-738
-778
-788
-798
-148
-248
-348
-548
-648
787
-781
-782
-783
-786
-789
-777
-797
-877
-887
-897
-977
-987
-997
-727
-737
-757
-767
-187
-387
-487
-687
677
-673
-674
-675
-678
-647
-657
-667
-277
-377
842
-841
-843
-844
-845
-847
-849
-752
-762
-852
-862
-942
-952
-962
-812
-832
-882
-892
-242
-342
-542
562
-561
-565
-568
-569
-642
-652
-662
541
-545
-549
-641
-651
-661
469
-463
-465
-467
-468
457
-453
-455
-458
483
-484
-488
-683
684
-686
-688
-419
-429
-439
529
-525
-526
-528
-624
-634
-729
-829
-929
-141
-241
-941
949
-943
-944
-945
-947
-769
-869
-969
-919
-939
-979
-989
352
-353
-355
-356
-357
-358
-262
-362
292
-293
-294
-297
-298
-382
-392
-157
-857
-957
982
-981
-983
-984
-986
-988
-792
-992
732
-731
-735
-736
-739
-912
-932
779
-771
-773
-775
-879
-889
612
-611
-615
-616
-618
631
-632
-635
-636
-638
626
-625
-628
-226
-726
-826
-926
-831
-931
-379
-183
-383
-883
-184
-384
-884
915
-911
-913
-916
-918
811
-813
-815
-816
-818
-819
-725
723
-823
-923
-825
-835
-925
-935
839
-836
-837
-838
936
-937
-938
-753
-763
-793
-851
-861
-871
-881
971
-973
-974
-975
-978
-951
-961
-955
-965
-995
-956
953
-853
-863
-963
-993
-966
-996
-115
-315
-415
418
-428
-438
-118
-218
-318
-223
425
-424
434
-435
224
-227
-228
-134
-234
-334
-244
-264
-274
-236
-336
-139
-339
-153
-653
-271
181
-188
-189
389
-388
-151
-161
261
-263
-266
-267
-268
366
-363
-364
-365
-367
-368
119
-113
-319
216
-213
313
-316
-343
-373
-393
751
-755
-756
-761
856
-855
-766
765
-865
-866
-795
796
-886
888
-896
-878
-898
-998
994
-874
-894
864
-867
-964
967
827
-828
-927
928
-164
-165
-665
-167
374
-378
-194
-394
144
-143
-145
-147
-344
586
-588
-596
135
-137
-138
-335
-155
158
345
-347
247
-243
163
-168
-193
273
-278
197
-198
-397
398
-237
238
337
-338
643
-645
-663
668
655
-658
-873
875
893
-895
-575
578
595
-598
