123
-121
-122
-124
-125
-126
-127
-128
-129
-113
-133
-213
-223
-233
-313
-323
-333
-143
-153
-163
-173
-183
-193
-423
-523
-623
-723
-823
-923
151
-152
-154
-155
-156
-157
-158
-159
-141
-161
-241
-251
-261
-341
-351
-361
-111
-131
-171
-181
-191
-451
-551
-651
-751
-851
-951
196
-192
-194
-195
-197
-198
-199
-176
-186
-276
-286
-296
-376
-386
-396
-116
-136
-146
-166
-496
-596
-696
-796
-896
-996
247
-242
-243
-244
-245
-246
-248
-249
-147
-167
-257
-267
-347
-357
-367
-217
-227
-237
-277
-287
-297
-447
-547
-647
-747
-847
-947
264
-262
-263
-265
-266
-268
-269
-144
-164
-254
-344
-354
-364
-214
-224
-234
-274
-284
-294
-464
-564
-664
-764
-864
-964
316
-311
-312
-314
-315
-317
-318
-319
-216
-226
-236
-326
-336
256
-252
-253
-255
-258
-259
-346
-356
-366
-416
-516
-616
-716
-816
-916
-456
-556
-656
-756
-856
-956
329
-321
-322
-324
-325
-327
-328
-119
-139
-219
-229
-239
-339
-349
-359
-369
-379
-389
-399
-429
-529
-629
-729
-829
-929
377
-371
-372
-373
-374
-375
-378
-177
-187
-387
-397
-337
-477
-577
-677
-777
-877
-977
419
-411
-412
-413
-414
-415
-417
-418
-439
-519
-539
-619
-639
-449
-459
-469
-479
-489
-499
-719
-819
-919
442
-441
-443
-444
-445
-446
-448
-452
-462
-542
-552
-562
-642
-652
-662
-422
-432
-472
-482
-492
-142
-342
-742
-842
-942
493
-491
-494
-495
-497
-498
-473
-483
-573
-583
-593
-673
-683
-693
-433
-453
-463
-293
-393
-793
-893
-993
522
-521
-524
-525
-526
-527
-528
-512
-532
-612
-622
-632
-572
-582
-592
-222
-722
-822
-922
535
-531
-533
-534
-536
-537
-538
-425
-435
-515
-615
-625
-635
-545
-555
-565
-575
-585
-595
-135
-235
-335
-735
-835
-935
553
-554
-557
-558
-559
-543
-563
-643
-653
-663
-513
-353
-753
-853
-953
578
-571
-574
-576
-579
-478
-488
-588
-598
-678
-688
-698
-518
-548
-568
-178
-278
-778
-878
-978
589
-581
-584
-586
-587
-599
-679
-689
-699
-549
-569
-189
-289
-789
-889
-989
613
-611
-614
-617
-618
-633
-713
-813
-913
661
-665
-666
-667
-668
-669
-461
-541
-561
-641
-621
-631
-671
-681
-691
-761
-861
-961
695
-692
-694
-697
-475
-485
-675
-685
-645
-655
-295
-395
-795
-895
-995
731
-732
-733
-734
-736
-737
-738
-739
-711
-721
-811
-821
-831
-911
-921
-931
-741
-771
-781
-791
-231
-331
-431
783
-782
-784
-785
-786
-787
-788
-773
-873
-883
-973
-983
-743
-763
273
-271
-272
-275
-279
-283
-383
299
-291
-292
-298
-179
-799
-899
-999
798
-792
-794
-797
-888
-898
-988
-998
-718
-728
-748
-758
-768
-398
848
-841
-843
-844
-845
-846
-849
941
-943
-944
-945
-946
-948
-949
-858
-868
-958
-968
-818
-828
-838
-971
-981
-991
343
-345
-348
-363
-148
-648
863
-862
-865
-866
-867
-869
-963
-833
933
-932
-934
-936
-937
-938
-939
839
-832
-834
-836
-837
-859
-879
917
-912
-914
-915
-918
-717
-727
-817
-827
-927
928
-924
-925
-926
-957
-967
-987
-997
-117
137
-132
-134
-138
-517
-228
-428
-628
-437
-637
954
-952
-955
-959
-744
-754
-854
-974
-984
-994
992
-772
-872
-882
-892
-972
-982
-962
-454
-654
-392
986
-985
-776
-876
-886
-976
826
-824
-825
-726
-966
-426
-626
-486
-686
-112
-114
334
-332
-338
-384
-394
391
-281
-381
232
-238
-212
-282
-434
-634
-591
511
-514
-421
-211
221
-225
725
-724
-715
-815
-745
-755
-765
-775
145
-149
-165
-355
-365
169
-162
-168
-115
118
215
-218
-175
-185
-188
-285
288
385
-382
-388
-769
-969
965
-855
-975
979
-779
774
-874
-884
-894
-714
712
-812
814
-752
-762
852
-857
-352
358
362
-368
455
-457
-458
-465
-658
468
-466
-467
-438
436
-636
638
-476
676
-672
-674
682
-684
-687
-646
172
-174
-182
184
-474
471
-481
-871
875
-885
881
-887
-891
897
-484
487
594
-597
424
-427
-624
627
-544
546
644
-649
-566
567
-657
659
-746
749
766
-767
757
-759
