123
-121
-122
-124
-125
-126
-127
-128
-129
-113
-133
-213
-223
-233
-313
-323
-333
-143
-153
-163
-173
-183
-193
-423
-523
-623
-723
-823
-923
146
-141
-142
-144
-145
-147
-148
-149
-156
-166
-246
-256
-266
-346
-356
-366
-116
-136
-176
-186
-196
-446
-546
-646
-746
-846
-946
157
-151
-152
-154
-155
-158
-159
-167
-247
-257
-267
-347
-357
-367
-117
-137
-177
-187
-197
-457
-557
-657
-757
-857
-957
224
-221
-222
-225
-226
-227
-228
-229
-114
-134
-214
-234
-314
-324
-334
-244
-254
-264
-274
-284
-294
-424
-524
-624
-724
-824
-924
288
-281
-282
-283
-285
-286
-287
-289
-178
-188
-198
-278
-298
-378
-388
-398
-218
-238
-248
-258
-268
-488
-588
-688
-788
-888
-988
391
-392
-393
-394
-395
-396
-397
-399
-171
-181
-191
-271
-291
-371
-381
-311
-321
-331
-341
-351
-361
-491
-591
-691
-791
-891
-991
415
-411
-412
-413
-414
-416
-417
-418
-419
-425
-435
-515
-525
-535
-615
-625
-635
-445
-455
-465
-475
-485
-495
-115
-215
-315
-715
-815
-915
461
-462
-463
-464
-466
-467
-468
-469
-441
-451
-541
-551
-561
-641
-651
-661
-421
-431
-471
-481
-161
-261
-761
-861
-961
482
-483
-484
-486
-487
-489
-472
-492
-572
-582
-592
-672
-682
-692
-422
-432
-442
-452
-182
-382
-782
-882
-982
526
-521
-522
-527
-528
-529
-426
-436
-516
-536
-616
-626
-636
-556
-566
-576
-586
-596
-326
-726
-826
-926
544
-542
-543
-545
-547
-548
-549
-444
-454
-554
-564
-644
-654
-664
-514
-534
-574
-584
-594
-344
-744
-844
-944
577
-571
-573
-575
-578
-579
-477
-497
-587
-597
-677
-687
-697
-517
-537
-567
-277
-377
-777
-877
-977
743
-741
-742
-745
-747
-748
-749
-753
-763
-843
-853
-863
-943
-953
-963
-713
-733
-773
-783
-793
-243
-343
-443
-643
779
-771
-772
-774
-775
-776
-778
-789
-799
-879
-889
-899
-979
-989
-999
-719
-729
-739
-759
-769
-179
-279
-379
-479
-679
811
-812
-813
-814
-816
-817
-818
-819
-711
-721
-731
-821
-831
-911
-921
-931
-841
-851
-871
-881
-111
131
-132
-135
-138
-139
-211
-231
-511
-611
621
-622
-627
-628
-629
-531
-631
581
-583
-585
-589
-671
-681
971
-972
-973
-974
-975
-976
-978
-781
-981
751
-752
-754
-755
-756
-758
-941
-951
241
-242
-245
-249
-251
832
-833
-834
-835
-836
-837
-838
-839
-712
-722
-732
-822
-912
-922
-932
-842
-852
-862
-872
-892
322
-325
-327
-328
-329
-112
-212
-232
-312
-332
-342
-352
-362
-372
-532
-632
918
-913
-914
-916
-917
-919
933
-934
-935
-936
-937
-938
-939
-718
-728
-738
-828
-928
-983
-993
-948
-958
-968
-998
-118
119
-219
-239
-319
-339
168
-162
-164
-165
-169
-348
-358
-368
-189
-199
-318
338
-335
-336
-337
235
-236
-237
-255
-265
-275
-295
-518
-618
-519
-619
428
-427
-429
-438
-538
-638
-448
-458
-478
-498
-433
-533
539
-439
-639
-559
-569
-599
-633
-735
736
-734
-737
714
-716
-717
-764
-784
-794
-766
-786
-796
-614
-568
-668
-768
798
-792
-795
-797
992
-994
-995
-996
-997
-878
-898
762
-765
-767
-942
-952
-962
642
-645
-647
-648
-649
-552
-562
-652
-662
512
-513
-612
613
-617
-653
-663
-673
-683
-693
848
-845
-847
-849
-858
-868
252
-253
-259
-262
-272
-292
172
-174
-175
-192
678
-674
-675
-676
-598
-698
558
-553
-555
-658
184
-185
-194
195
-374
-384
-375
-385
875
-873
-874
-876
-785
787
-885
-895
-985
-887
-897
-987
725
-727
-825
-925
-855
-865
474
-473
-476
-494
-684
-694
-434
437
634
-637
-447
449
667
-665
-666
-669
-459
-659
-499
947
-945
-949
-867
-967
827
-829
-927
929
-959
-969
345
-349
-355
-365
-884
-984
986
894
-893
-896
883
-886
-854
-864
-956
-966
866
-869
-856
859
-359
-383
685
-686
-689
-595
593
-493
496
-695
-696
699
453
-456
-563
565
-655
656
-353
354
-364
-954
955
964
-965
-386
-387
389
297
-293
-296
-299
-217
216
-316
317
-276
273
-373
376
-263
269
363
-369
