121
-122
-123
-124
-125
-126
-127
-128
-129
-111
-131
-211
-221
-231
-311
-321
-331
-141
-151
-161
-171
-181
-191
-421
-521
-621
-721
-821
-921
175
-172
-173
-174
-176
-177
-178
-179
-185
-195
-275
-285
-295
-375
-385
-395
-115
-135
-145
-155
-165
-475
-575
-675
-775
-875
-975
242
-241
-243
-244
-245
-246
-247
-248
-249
-142
-152
-162
-252
-262
-342
-352
-362
-212
-222
-232
-272
-282
-292
-442
-542
-642
-742
-842
-942
287
-281
-283
-284
-286
-288
-289
-187
-197
-277
-297
-377
-387
-397
-217
-227
-237
-257
-267
-487
-587
-687
-787
-887
-987
346
-341
-343
-344
-345
-347
-348
-349
-146
-156
-166
-256
-266
-356
-366
-316
-326
-336
-376
-386
-396
-446
-546
-646
-746
-846
-946
435
-431
-432
-433
-434
-436
-437
-438
-439
-415
-425
-515
-525
-535
-615
-625
-635
-445
-455
-465
-485
-495
-235
-335
-735
-835
-935
471
-472
-473
-474
-476
-477
-478
-479
-481
-491
-571
-581
-591
-671
-681
-691
-411
-441
-451
-461
-271
-371
-771
-871
-971
498
-492
-493
-494
-496
-497
-499
-488
-578
-588
-598
-678
-688
-698
-418
-428
-448
-458
-468
-198
-298
-398
-798
-898
-998
516
-511
-512
-513
-514
-517
-518
-519
-416
-426
-526
-536
-616
-626
-636
-556
-566
-576
-586
-596
-116
-216
-716
-816
-916
543
-541
-544
-545
-547
-548
-549
-443
-453
-463
-553
-563
-643
-653
-663
-523
-533
-573
-583
-593
-143
-743
-843
-943
567
-561
-562
-564
-565
-568
-569
-447
-457
-467
-557
-647
-657
-667
-527
-537
-577
-597
-167
-367
-767
-867
-967
677
-672
-673
-674
-676
-679
-697
-617
-627
-637
-777
-877
-977
744
-741
-745
-747
-748
-749
-754
-764
-844
-854
-864
-944
-954
-964
-714
-724
-734
-774
-784
-794
-144
-444
449
-459
-469
-559
-649
-659
-669
-419
-429
-489
-644
-149
-849
-949
758
-751
-752
-753
-755
-756
-757
-759
-768
-848
-858
-868
-948
-958
-968
-718
-728
-738
-778
-788
-158
-258
-358
-558
-658
812
-811
-813
-814
-815
-817
-818
-819
-712
-722
-732
-822
-832
-912
-922
-932
-852
-862
-872
-882
-892
-112
-312
-412
-612
886
-881
-883
-884
-885
-888
-889
-776
-786
-796
-876
-896
-976
-986
-996
-826
-836
-856
-866
276
-273
-274
-278
-279
-186
-196
-296
136
-132
-133
-134
-137
-138
-139
-226
-236
-736
-936
-486
-686
696
-692
-693
-694
-695
-699
-656
-666
951
-952
-953
-955
-956
-957
-959
-761
-841
-851
-861
-941
-961
-911
-931
-981
-991
641
-645
-648
-551
-651
-661
668
-662
-664
-665
531
-532
-534
-538
-539
-611
-631
528
-522
-524
-529
-618
-628
-638
711
-713
-715
-717
-719
-731
-831
-781
-791
891
-893
-894
-895
-897
-899
-228
-328
-828
-928
148
-147
-168
-268
-368
-118
-188
-251
-351
456
-452
-454
-466
381
-382
-383
-384
-388
-389
-291
-391
378
-372
-373
-374
-379
261
-263
-264
-265
-269
-361
-318
-338
-878
838
-833
-834
-837
-839
-918
-938
218
-213
-214
-215
-219
-238
-978
988
-982
-983
-984
-985
-989
-113
114
-117
-119
-224
-234
-314
-324
-334
-154
-164
-184
-194
157
-153
-159
-357
-414
-614
-914
-857
163
-169
-253
-353
-363
-183
-193
853
-855
-859
-763
-863
-963
-823
-873
-182
189
-199
192
-392
-299
-399
-589
-689
-789
-592
-792
-992
-223
225
-229
-315
-325
-255
915
-913
-917
-919
-725
-825
-925
-945
947
-847
845
-765
-865
869
-965
-769
-969
827
-824
-829
-727
-737
-927
-937
797
-793
-795
-799
-997
785
-782
-783
-995
874
-879
-974
-994
-327
-427
417
-413
-317
337
-332
-333
-339
322
-323
-329
-422
-622
632
-633
-634
-639
-652
-682
934
-933
-939
-924
552
-554
-555
-462
464
-654
655
482
-483
-484
-572
-582
683
-684
-685
423
-424
-613
619
-623
624
-629
313
-319
-233
239
293
-294
-393
394
254
-259
-354
-364
-723
-923
733
-739
-773
-355
359
365
-369
973
-972
-979
772
-779
-993
999
-762
766
962
-966
-726
729
926
-929
-574
579
-599
584
-585
-594
595
