135
-131
-132
-133
-134
-136
-137
-138
-139
-115
-125
-215
-225
-235
-315
-325
-335
-145
-155
-165
-175
-185
-195
-435
-535
-635
-735
-835
-935
154
-151
-152
-153
-156
-157
-158
-159
-144
-164
-244
-254
-264
-344
-354
-364
-114
-124
-174
-184
-194
-454
-554
-654
-754
-854
-954
182
-181
-183
-186
-187
-188
-189
-172
-192
-272
-282
-292
-372
-382
-392
-112
-122
-142
-162
-482
-582
-682
-782
-882
-982
193
-191
-196
-197
-198
-199
-173
-273
-283
-293
-373
-383
-393
-113
-123
-143
-163
-493
-593
-693
-793
-893
-993
226
-221
-222
-223
-224
-227
-228
-229
-116
-126
-216
-236
-316
-326
-336
-246
-256
-266
-276
-286
-296
-426
-526
-626
-726
-826
-926
231
-232
-233
-234
-237
-238
-239
-111
-121
-211
-311
-321
-331
-241
-251
-261
-271
-281
-291
-431
-531
-631
-731
-831
-931
242
-243
-245
-247
-248
-249
-252
-262
-342
-352
-362
-212
-442
-542
-642
-742
-842
-942
259
-253
-255
-257
-258
-149
-169
-269
-349
-359
-369
-219
-279
-289
-299
-459
-559
-659
-759
-859
-959
274
-275
-277
-278
-284
-294
-374
-384
-394
-214
-474
-574
-674
-774
-874
-974
418
-411
-412
-413
-414
-415
-416
-417
-419
-428
-438
-518
-528
-538
-618
-628
-638
-448
-458
-468
-478
-488
-498
-118
-218
-318
-718
-818
-918
429
-421
-422
-423
-424
-425
-427
-439
-519
-529
-539
-619
-629
-639
-449
-469
-479
-489
-499
-129
-329
-729
-829
-929
451
-452
-453
-455
-456
-457
-441
-461
-541
-551
-561
-641
-651
-661
-471
-481
-491
-351
-751
-851
-951
467
-462
-463
-464
-465
-466
-447
-547
-557
-567
-647
-657
-667
-437
-477
-487
-497
-167
-267
-367
-767
-867
-967
475
-472
-473
-476
-485
-495
-575
-585
-595
-675
-685
-695
-445
-375
-775
-875
-975
486
-483
-484
-496
-576
-586
-596
-676
-686
-696
-436
-446
-386
-786
-886
-986
511
-512
-513
-514
-515
-516
-517
-521
-611
-621
-571
-581
-591
-711
-811
-911
545
-543
-544
-546
-548
-549
-555
-565
-645
-655
-665
-525
-345
-745
-845
-945
577
-572
-573
-578
-579
-587
-597
-677
-687
-697
-527
-537
-177
-377
-777
-877
-977
599
-592
-594
-598
-589
-679
-689
-699
-569
-399
-799
-899
-999
717
-712
-713
-714
-715
-716
-719
-727
-737
-817
-827
-837
-917
-927
-937
-747
-757
-787
-797
-117
119
-319
-339
-179
-217
213
-313
-323
-333
-263
-613
-813
-913
-317
-617
-819
-919
723
-721
-722
-724
-725
-728
-733
-823
-833
-923
-933
-743
-753
-763
-773
-783
-523
-623
744
-741
-746
-748
-749
-764
-844
-864
-944
-964
-734
-784
-794
-444
443
-553
-563
-643
-653
-663
-433
-343
-843
-943
-644
758
-752
-755
-756
-768
-848
-858
-868
-948
-958
-968
-738
-778
-788
-798
-358
-558
-658
796
-791
-792
-795
-776
-876
-896
-976
-996
-736
-766
-396
812
-814
-815
-816
-732
739
-822
-832
-912
-922
-932
-839
-939
-769
-779
-789
-852
-862
-872
-892
-312
314
-324
-334
-612
-614
-914
846
-841
-847
-849
-856
-866
-946
-956
-966
-836
-146
-346
-646
855
-853
-857
-765
-865
-955
-965
785
-781
-885
-895
-985
-995
-825
-355
-285
-385
883
-881
-884
-887
-888
-889
-873
-973
-983
-863
897
-891
-894
-898
-987
-997
673
-671
-672
-678
-583
-683
533
-532
-534
-536
-633
-297
287
-288
-387
-397
127
-128
-327
-337
-147
-627
637
-632
-634
-636
616
-615
625
-622
-624
-656
652
-552
556
-562
-662
-566
-666
522
-524
-432
434
492
-494
-692
915
-916
-925
936
-934
-938
-322
328
332
-338
-348
-368
-378
-388
-398
-828
-928
838
-834
824
-821
921
-924
-878
-941
-961
-971
-981
-991
-952
-356
-992
141
-148
-161
-341
347
-361
-357
353
-363
-171
-947
949
957
-953
963
-962
-969
762
-761
861
-869
771
-772
-871
879
972
-978
-979
-989
648
-649
-568
564
-664
-668
669
-584
588
-688
-698
-371
178
-176
376
-379
-298
295
-395
391
-381
389
166
-168
-366
365
-265
268
681
-684
-691
694
984
-988
-994
998
