121
-122
-123
-124
-125
-126
-127
-128
-129
-111
-131
-211
-221
-231
-311
-321
-331
-141
-151
-161
-171
-181
-191
-421
-521
-621
-721
-821
-921
146
-142
-143
-144
-145
-147
-148
-149
-156
-166
-246
-256
-266
-346
-356
-366
-116
-136
-176
-186
-196
-446
-546
-646
-746
-846
-946
238
-232
-233
-234
-235
-236
-237
-239
-118
-138
-218
-228
-318
-328
-338
-248
-258
-268
-278
-288
-298
-438
-538
-638
-738
-838
-938
263
-261
-262
-264
-265
-267
-269
-153
-163
-243
-253
-343
-353
-363
-213
-223
-273
-283
-293
-463
-563
-663
-763
-863
-963
285
-281
-282
-284
-286
-287
-289
-175
-185
-195
-275
-295
-375
-385
-395
-215
-225
-245
-255
-485
-585
-685
-785
-885
-985
327
-322
-323
-324
-325
-326
-329
-117
-137
-217
-227
-317
-337
-347
-357
-367
-377
-387
-397
-427
-527
-627
-727
-827
-927
336
-332
-333
-334
-335
-339
-216
-226
-316
-376
-386
-396
-436
-536
-636
-736
-836
-936
358
-351
-352
-354
-355
-359
-158
-168
-348
-368
-378
-388
-398
-458
-558
-658
-758
-858
-958
382
-381
-383
-384
-389
-172
-182
-192
-272
-292
-372
-392
-312
-342
-362
-482
-582
-682
-782
-882
-982
393
-391
-394
-399
-173
-183
-193
-373
-313
-493
-593
-693
-793
-893
-993
478
-471
-472
-473
-474
-475
-476
-477
-479
-488
-498
-578
-588
-598
-678
-688
-698
-418
-428
-448
-468
-178
-778
-878
-978
518
-511
-512
-513
-514
-515
-516
-517
-519
-528
-618
-628
-548
-568
-718
-818
-918
534
-531
-532
-533
-535
-537
-539
-414
-424
-434
-524
-614
-624
-634
-544
-554
-564
-574
-584
-594
-134
-734
-834
-934
556
-551
-552
-553
-555
-557
-559
-456
-466
-566
-656
-666
-526
-576
-586
-596
-756
-856
-956
575
-571
-572
-573
-577
-579
-495
-595
-675
-695
-525
-545
-565
-775
-875
-975
592
-591
-597
-599
-492
-672
-692
-522
-542
-562
-792
-892
-992
632
-631
-633
-635
-637
-639
-412
-422
-432
-612
-622
-642
-652
-662
-132
-732
-832
-932
711
-712
-713
-714
-715
-716
-717
-719
-731
-811
-831
-911
-931
-741
-751
-761
-771
-781
-791
-411
-611
431
-433
-435
-437
-439
-441
-451
-461
-481
-491
722
-723
-724
-725
-726
-728
-729
-812
-822
-912
-922
-742
-752
-762
-772
-222
755
-753
-754
-757
-759
-745
-765
-845
-855
-865
-945
-955
-965
-735
-795
-155
-455
-655
777
-773
-774
-776
-779
-787
-797
-877
-887
-897
-977
-987
-997
-737
-747
-767
-177
-277
-677
788
-783
-784
-786
-789
-798
-888
-898
-988
-998
-748
-768
-188
198
-194
-197
-199
828
-823
-824
-825
-826
-829
-928
-848
-868
847
-841
-842
-843
-844
-849
-857
-867
-947
-957
-967
-817
-837
937
-933
-935
-939
-917
-247
-447
-547
-647
871
-872
-873
-874
-876
-879
-881
-891
-971
-981
-991
972
-973
-974
-976
-979
-851
-861
-942
-952
-962
-271
-371
291
-294
-296
-297
-299
276
-274
-279
187
-184
-189
-157
-167
257
-251
-252
-254
-259
-241
-457
-657
-671
673
-674
-676
-679
-483
-583
-683
-613
-623
-643
-653
-487
-587
567
-561
-569
-467
-667
-687
-691
964
-961
-966
-968
-969
-744
-764
-854
-864
-944
-954
948
-941
-943
-949
951
-953
-959
794
-796
-799
-884
-894
-984
-994
766
-769
-866
814
-813
-815
-816
-819
-914
-924
-114
-214
-314
224
-229
-244
-648
668
-661
-664
-665
-669
-651
361
-364
-365
-369
-341
-164
-464
-494
-694
989
-983
-986
883
-886
-889
-899
-999
-833
-853
743
-749
-733
739
-839
835
-915
-925
-919
-929
-895
896
995
-996
133
-135
-139
-113
-443
-543
453
-452
-454
-459
-413
-423
523
-529
913
-916
-923
926
-426
-626
-489
-589
581
-681
-541
549
641
-644
-645
-649
-449
-469
-659
654
-444
484
-486
-684
344
-345
-349
-154
165
-162
-169
174
-179
-374
379
-115
315
-319
-415
-615
625
-629
-425
429
-419
-619
-499
445
-442
462
-465
242
-249
-152
159
112
-119
-212
219
852
-859
-862
869
686
-689
-496
497
-696
-697
699
416
-417
-616
617
