145
-141
-142
-143
-144
-146
-147
-148
-149
-155
-165
-245
-255
-265
-345
-355
-365
-115
-125
-135
-175
-185
-195
-445
-545
-645
-745
-845
-945
166
-161
-162
-163
-164
-167
-168
-169
-156
-246
-256
-266
-346
-356
-366
-116
-126
-136
-176
-186
-196
-466
-566
-666
-766
-866
-966
178
-171
-172
-173
-174
-177
-179
-188
-198
-278
-288
-298
-378
-388
-398
-118
-128
-138
-158
-478
-578
-678
-778
-878
-978
211
-212
-213
-214
-215
-216
-217
-218
-219
-111
-121
-131
-221
-231
-311
-321
-331
-241
-251
-261
-271
-281
-291
-411
-511
-611
-711
-811
-911
232
-233
-234
-235
-236
-237
-238
-239
-112
-122
-132
-222
-312
-322
-332
-242
-252
-262
-272
-282
-292
-432
-532
-632
-732
-832
-932
313
-314
-315
-316
-317
-318
-319
-113
-123
-133
-223
-323
-333
-343
-353
-363
-373
-383
-393
-413
-513
-613
-713
-813
-913
452
-451
-453
-454
-455
-456
-457
-458
-459
-442
-462
-542
-552
-562
-642
-652
-662
-412
-422
-472
-482
-492
-152
-352
-752
-852
-952
483
-481
-484
-485
-486
-487
-488
-489
-473
-493
-573
-583
-593
-673
-683
-693
-423
-433
-443
-463
-183
-283
-783
-883
-983
524
-521
-522
-523
-525
-526
-527
-528
-529
-414
-424
-434
-514
-534
-614
-624
-634
-544
-554
-564
-574
-584
-594
-124
-224
-324
-724
-824
-924
577
-571
-572
-575
-576
-579
-477
-497
-587
-597
-677
-687
-697
-517
-537
-547
-557
-567
-277
-377
-777
-877
-977
651
-653
-654
-655
-656
-657
-658
-659
-441
-461
-541
-551
-561
-641
-661
-621
-631
-671
-681
-691
-151
-351
-751
-851
-951
728
-721
-722
-723
-725
-726
-727
-729
-718
-738
-818
-828
-838
-918
-928
-938
-748
-758
-768
-788
-798
-228
-328
338
-334
-335
-336
-337
-339
-348
-358
-368
-428
-628
-438
-538
-638
747
-741
-742
-743
-744
-746
-749
-757
-767
-847
-857
-867
-947
-957
-967
-717
-737
-787
-797
-247
-347
-447
-647
795
-791
-792
-793
-794
-796
-799
-775
-785
-875
-885
-895
-975
-985
-995
-715
-735
-755
-765
-295
-395
-495
-595
-695
816
-812
-814
-815
-817
-819
-716
-736
-826
-836
-916
-926
-936
-846
-856
-876
-886
-896
-416
-516
-616
881
-882
-884
-887
-888
-889
-771
-781
-871
-891
-971
-981
-991
-821
-831
-841
-861
-181
191
-192
-193
-194
-197
-199
-371
-381
-391
182
-184
-187
-189
-372
-382
-392
153
-154
-157
-159
-243
-253
-263
-553
-753
-853
-953
471
-474
-475
-476
-479
-491
-581
-591
-421
-431
531
-533
-535
-536
-539
921
-922
-923
-925
-927
-929
-731
-931
761
-762
-763
-764
-769
-941
-961
341
-342
-344
-349
-361
362
-364
-367
-369
-862
-962
-582
-682
-782
-982
948
-942
-943
-944
-946
-949
842
-843
-844
-848
-849
-858
-868
-958
-968
-822
-872
-892
898
-893
-894
-897
-899
-988
-998
622
-623
-625
-626
-627
-629
-512
-612
633
-635
-636
-637
-639
592
-596
-598
-599
-672
-692
-643
-663
823
-825
-827
-829
-733
-833
-933
773
-772
-774
-776
-779
-873
-973
-993
712
-714
-719
-912
-863
963
-964
-965
-969
837
-834
-835
-839
-917
-937
436
-435
-437
-439
-426
-446
-496
935
-934
-939
-915
-955
-137
543
-546
-548
-549
-563
646
-644
-648
-649
-556
586
-585
-588
-589
-676
-686
-696
-248
-448
972
-974
-976
-979
-992
-273
293
-294
-296
-297
-299
-286
-386
-786
756
-754
-759
-956
-986
996
-994
-997
-999
987
-984
-989
-287
-387
397
-394
-396
-399
-327
-357
257
-254
-258
-259
-267
268
-264
-269
-227
558
-555
-559
-468
-568
-668
-518
855
-854
-859
-865
688
-684
-685
-689
675
-674
-679
-498
-698
418
-415
-417
-419
-618
-615
-665
515
-519
-425
465
-464
-467
-469
-565
569
667
-664
-669
444
-449
-494
499
694
-699
427
-429
-617
619
117
-114
-119
134
-139
-127
129
-229
-329
914
-919
-734
739
784
-789
-874
879
864
-869
-954
959
-244
249
354
-359
-279
-289
-374
-384
274
-275
-276
-284
285
-375
-385
389
376
-379
-225
226
325
-326
