123
-121
-122
-124
-125
-126
-127
-128
-129
-113
-133
-213
-223
-233
-313
-323
-333
-143
-153
-163
-173
-183
-193
-423
-523
-623
-723
-823
-923
182
-181
-184
-185
-186
-187
-188
-189
-172
-192
-272
-282
-292
-372
-382
-392
-112
-132
-142
-152
-162
-482
-582
-682
-782
-882
-982
216
-211
-212
-214
-215
-217
-218
-219
-116
-136
-226
-236
-316
-326
-336
-246
-256
-266
-276
-286
-296
-416
-516
-616
-716
-816
-916
254
-251
-252
-253
-255
-257
-258
-259
-144
-154
-164
-244
-264
-344
-354
-364
-224
-234
-274
-284
-294
-454
-554
-654
-754
-854
-954
351
-352
-353
-355
-356
-357
-358
-359
-141
-151
-161
-241
-261
-341
-361
-311
-321
-331
-371
-381
-391
-451
-551
-651
-751
-851
-951
413
-411
-412
-414
-415
-417
-418
-419
-433
-513
-533
-613
-633
-443
-453
-463
-473
-483
-493
-713
-813
-913
447
-441
-442
-444
-445
-446
-448
-449
-457
-467
-547
-557
-567
-647
-657
-667
-427
-437
-477
-487
-497
-147
-247
-347
-747
-847
-947
475
-471
-472
-474
-476
-478
-479
-485
-495
-575
-585
-595
-675
-685
-695
-425
-435
-455
-465
-175
-275
-375
-775
-875
-975
542
-541
-543
-544
-545
-546
-548
-549
-452
-462
-552
-562
-642
-652
-662
-512
-522
-532
-572
-592
-242
-342
-742
-842
-942
588
-581
-583
-584
-586
-587
-589
-488
-498
-578
-598
-678
-688
-698
-518
-528
-538
-558
-568
-288
-388
-788
-888
-988
611
-612
-614
-615
-617
-618
-619
-421
-431
-511
-521
-531
-621
-631
-641
-661
-671
-681
-691
-111
-711
-811
-911
722
-721
-724
-725
-726
-727
-728
-729
-712
-732
-812
-822
-832
-912
-922
-932
-752
-762
-772
-792
312
-314
-315
-317
-318
-319
-222
-232
-322
-332
262
-263
-265
-267
-268
-269
-362
-422
-622
-862
-962
743
-741
-744
-745
-746
-748
-749
-753
-763
-843
-853
-863
-943
-953
-963
-733
-773
-783
-793
-243
-343
363
-365
-366
-367
-368
-369
-373
-383
-393
-643
-563
-663
871
-872
-873
-874
-876
-877
-878
-879
-771
-781
-791
-881
-891
-971
-981
-991
-821
-831
-841
-861
941
-944
-945
-946
-948
-949
-761
-961
731
-734
-735
-736
-737
-738
-739
-921
-931
221
-225
-227
-228
-229
-131
-231
-271
-281
-291
-171
191
-194
-195
-196
-197
-198
-199
-571
481
-484
-486
-489
-491
-591
-461
561
-564
-565
-566
-569
894
-892
-893
-895
-896
-897
-898
-899
-774
-784
-794
-884
-974
-984
-994
852
-855
-856
-857
-858
-859
-952
-814
-824
-834
-844
-864
644
-645
-646
-648
-649
-464
-664
-624
-634
-674
-684
-694
384
-385
-386
-387
-389
-174
-374
-394
-324
-334
574
-573
-576
-577
-579
-494
-594
-514
-524
-534
937
-933
-934
-935
-936
-938
-939
833
-835
-836
-837
-838
-839
-717
-817
-827
-917
-927
-883
-957
-967
-977
-987
-997
-137
-237
-337
-537
-637
976
-972
-973
-978
-979
992
-993
-995
-996
-998
-999
983
-985
-986
-989
-776
-786
-796
-886
-926
826
-825
-828
-829
-846
-866
-956
-966
-426
-526
-626
672
-673
-676
-677
-679
-492
-692
432
-434
-436
-438
-439
-632
424
-428
-429
-924
134
-135
-138
-139
-114
273
-277
-278
-279
-283
-293
-176
-376
396
-395
-397
-398
-399
-346
146
-145
-148
-149
-156
-166
-683
686
-687
-689
-496
499
-596
-696
-599
-699
-459
-469
-636
536
-535
-539
-556
-656
-666
-299
-799
115
-117
-118
-119
-235
-325
-335
327
-328
-329
-155
-165
345
-348
-349
-245
-377
-515
-715
-815
-915
925
-928
-929
-955
-965
517
-519
-527
-627
-597
593
-693
697
-553
653
-655
-658
-659
-525
529
-629
-639
555
-559
-665
669
-668
-625
628
635
-638
-845
-755
-169
-769
-869
-969
-297
287
-285
-289
295
-298
-177
777
-778
-779
-787
-797
-887
798
-795
-757
-767
867
-865
-868
765
-764
-766
-768
964
-968
756
-758
-759
714
-718
-719
-914
-785
789
885
-889
-456
458
466
-468
157
-158
-159
-167
168
-248
249
-178
179
378
-379
238
-239
-338
339
848
-849
-958
959
-818
819
918
-919
