131
-132
-133
-134
-135
-136
-137
-138
-139
-111
-121
-211
-221
-231
-311
-321
-331
-141
-151
-161
-171
-181
-191
-431
-531
-631
-731
-831
-931
145
-142
-143
-144
-146
-147
-148
-149
-155
-165
-245
-255
-265
-345
-355
-365
-115
-125
-175
-185
-195
-445
-545
-645
-745
-845
-945
262
-261
-263
-264
-266
-267
-268
-269
-152
-162
-242
-252
-342
-352
-362
-212
-222
-232
-272
-282
-292
-462
-562
-662
-762
-862
-962
286
-281
-283
-284
-285
-287
-288
-289
-176
-186
-196
-276
-296
-376
-386
-396
-216
-226
-236
-246
-256
-486
-586
-686
-786
-886
-986
349
-341
-343
-344
-346
-347
-348
-159
-169
-249
-259
-359
-369
-319
-329
-339
-379
-389
-399
-449
-549
-649
-749
-849
-949
388
-381
-382
-383
-384
-385
-387
-178
-188
-198
-278
-298
-378
-398
-318
-328
-338
-358
-368
-488
-588
-688
-788
-888
-988
394
-391
-392
-393
-395
-397
-174
-184
-194
-274
-294
-374
-314
-324
-334
-354
-364
-494
-594
-694
-794
-894
-994
433
-432
-434
-435
-436
-437
-438
-439
-413
-423
-513
-523
-533
-613
-623
-633
-443
-453
-463
-473
-483
-493
-233
-333
-733
-833
-933
465
-461
-464
-466
-467
-468
-469
-455
-555
-565
-655
-665
-415
-425
-475
-485
-495
-765
-865
-965
497
-491
-492
-496
-498
-499
-477
-487
-577
-587
-597
-677
-687
-697
-417
-427
-447
-457
-197
-297
-797
-897
-997
522
-521
-524
-525
-526
-527
-528
-529
-412
-422
-512
-532
-612
-622
-632
-542
-552
-572
-582
-592
-122
-322
-722
-822
-922
539
-534
-535
-536
-537
-538
-419
-429
-519
-619
-629
-639
-559
-569
-579
-589
-599
-239
-739
-839
-939
573
-571
-574
-575
-576
-578
-583
-593
-673
-683
-693
-543
-553
-563
-173
-273
-373
-773
-873
-973
581
-584
-585
-471
-481
-591
-671
-681
-691
-511
-541
-551
-561
-781
-881
-981
614
-611
-615
-616
-617
-618
-414
-424
-514
-624
-634
-644
-654
-664
-674
-684
-114
-214
-714
-814
-914
643
-641
-642
-646
-647
-648
-653
-663
-243
-743
-843
-943
679
-672
-675
-676
-678
-479
-489
-689
-699
459
-451
-452
-454
-456
-458
-659
-669
-759
-859
-959
-179
-279
-779
-879
-979
717
-711
-712
-713
-715
-716
-718
-719
-727
-737
-817
-827
-837
-917
-927
-937
-747
-757
-767
-777
-787
-117
-217
-317
-517
729
-721
-723
-724
-725
-726
-728
-819
-829
-919
-929
-769
-789
-799
-129
-229
761
-763
-764
-766
-768
-741
-751
-841
-851
-861
-941
-951
-961
-771
-791
-361
-661
826
-821
-823
-824
-825
-828
-736
-816
-836
-916
-926
-936
-846
-856
-866
-876
-896
-126
-326
-426
-626
842
-844
-847
-848
-742
-752
-852
-942
-952
-812
-832
-872
-882
-892
-442
652
-651
-656
-657
-658
441
-444
-446
-448
-411
-421
428
621
-625
-627
-628
637
-635
-636
-638
515
-516
-518
416
-418
-476
-478
-595
-682
685
-695
-692
-667
-215
-315
-815
-915
-116
-316
336
-332
-335
-337
-356
-366
-921
-128
-228
-928
-237
-241
-785
-885
-985
966
-963
-964
-967
-968
-969
-746
-756
-946
-956
869
-863
-864
-867
-868
-889
-899
-976
-996
546
-544
-547
-548
-556
-566
-666
668
-558
-568
-596
598
696
-698
156
-153
-154
-157
-158
-166
-168
118
-112
-113
-119
312
-313
-218
-238
219
-213
-299
-372
-912
-818
-918
776
-772
-774
-775
-778
-796
-798
-898
-998
975
-971
-972
-974
-977
-978
-795
-875
-895
-995
878
-871
-874
-877
-838
-858
-925
-935
-955
474
-472
482
-484
172
-177
-182
-192
-275
-375
295
-291
-293
-225
-235
234
-124
-224
325
-323
-327
164
-163
-167
-244
-254
924
-923
-734
-834
835
-934
-735
755
-753
-754
-758
-855
-944
-954
-984
744
-748
-854
-784
884
-883
-887
987
-982
-983
-989
999
-991
-992
-993
891
-893
738
-732
932
-938
-811
813
911
-913
-853
857
953
-957
-958
-947
948
247
-248
-257
-357
-367
363
-253
-353
351
-251
258
271
-277
-371
377
-187
127
-123
223
-227
554
-557
-564
567
-782
783
792
-793
-183
189
193
-199
