121
-122
-123
-124
-125
-126
-127
-128
-129
-111
-131
-211
-221
-231
-311
-321
-331
-141
-151
-161
-171
-181
-191
-421
-521
-621
-721
-821
-921
147
-142
-143
-144
-145
-146
-148
-149
-157
-167
-247
-257
-267
-347
-357
-367
-117
-137
-177
-187
-197
-447
-547
-647
-747
-847
-947
295
-291
-292
-293
-294
-296
-297
-298
-299
-175
-185
-195
-275
-285
-375
-385
-395
-215
-225
-235
-245
-255
-265
-495
-595
-695
-795
-895
-995
388
-381
-382
-383
-384
-386
-387
-389
-178
-188
-198
-278
-288
-378
-398
-318
-328
-338
-348
-358
-368
-488
-588
-688
-788
-888
-988
446
-441
-442
-443
-444
-445
-448
-449
-456
-466
-546
-556
-566
-646
-656
-666
-416
-426
-436
-476
-486
-496
-246
-346
-746
-846
-946
473
-471
-472
-474
-475
-477
-478
-479
-483
-493
-573
-583
-593
-673
-683
-693
-413
-423
-433
-453
-463
-173
-273
-373
-773
-873
-973
481
-482
-484
-485
-487
-489
-491
-571
-581
-591
-671
-681
-691
-411
-431
-451
-461
-281
-781
-881
-981
515
-511
-512
-513
-514
-516
-517
-518
-519
-415
-425
-435
-525
-535
-615
-625
-635
-545
-555
-565
-575
-585
-115
-315
-715
-815
-915
538
-531
-532
-533
-534
-536
-537
-539
-418
-428
-438
-528
-618
-628
-638
-548
-558
-568
-578
-598
-138
-238
-738
-838
-938
542
-541
-543
-544
-549
-452
-462
-552
-562
-642
-652
-662
-522
-572
-582
-592
-242
-342
-742
-842
-942
614
-611
-612
-613
-616
-617
-619
631
-632
-633
-634
-636
-637
-639
-414
-424
-434
-524
-624
-641
-651
-661
-644
-654
-664
-674
-684
-694
-114
-214
-314
-714
-814
-914
-731
-831
-931
712
-711
-713
-716
-717
-718
-719
-722
-732
-812
-822
-832
-912
-922
-932
-752
-762
-772
-782
-792
-112
-212
-312
-412
777
-771
-774
-775
-776
-778
-779
-787
-797
-877
-887
-897
-977
-987
-997
-727
-737
-757
-767
-277
-377
-577
-677
855
-851
-852
-853
-854
-856
-857
-858
-859
-745
-755
-765
-845
-865
-945
-955
-965
-825
-835
-875
-885
-155
-355
-455
465
-464
-467
-468
-469
-645
-655
-665
345
-341
-343
-344
-349
-165
-365
135
-132
-133
-134
-136
-139
-325
-335
-735
-935
893
-891
-892
-894
-896
-898
-899
-783
-793
-883
-983
-993
-813
-823
-833
-843
-863
-193
-393
954
-951
-952
-953
-956
-957
-958
-959
-744
-754
-764
-844
-864
-944
-964
-924
-934
-974
-984
-994
244
-241
-243
-248
-249
-154
-164
-254
-264
-354
-364
-224
-234
-274
-284
-454
494
-492
-497
-498
-499
-574
-584
-594
458
-457
-459
-648
-658
-668
-554
564
-561
-563
-567
-569
551
-553
-557
-559
523
-526
-527
-529
-623
626
-622
-627
-629
-676
-686
-696
-223
-323
-723
-923
-226
-326
-726
-826
-926
-251
-351
-751
657
-653
-659
-667
-687
-697
-158
-258
-758
-194
-394
-794
971
-972
-975
-976
-978
-979
-791
-871
-991
-911
811
-816
-817
-818
-819
-841
-861
-941
-961
741
-743
-748
-749
-761
-271
261
-262
-263
-266
-268
-269
-361
168
-162
-163
-166
-169
-118
-768
-868
-968
-371
391
-392
-396
-397
-399
287
-282
-283
-286
-289
183
-182
-184
-186
-189
-113
-153
174
-172
-176
-179
-374
-217
-227
-237
-874
675
-672
-678
-679
-685
698
-692
-699
682
-689
878
-872
-876
-879
-798
-998
728
-724
-725
-729
925
-927
-928
-929
-828
-918
785
-784
-786
-789
884
-882
-886
-889
-985
734
-733
-736
-739
-824
-834
862
-866
-867
-869
-962
967
-963
-966
-969
836
-837
-839
-916
-936
827
-829
-917
-937
-848
849
948
-943
-949
-759
-769
799
-796
-989
-999
218
-213
-216
-219
-228
324
-322
-327
-329
-334
-427
-236
-336
643
-649
-663
669
-362
-369
-982
986
992
-996
-586
-587
589
597
-596
-599
576
-579
-276
256
-252
-253
-259
-156
-356
-366
363
-353
233
-232
-239
-313
-333
913
-919
-933
939
-339
-439
753
-756
-763
766
-376
196
-192
-199
152
-159
-352
359
-116
119
316
-317
-319
337
-332
222
-229
-272
279
372
-379
417
-419
-437
432
-422
429
