133
-131
-132
-134
-135
-136
-137
-138
-139
-113
-123
-213
-223
-233
-313
-323
-333
-143
-153
-163
-173
-183
-193
-433
-533
-633
-733
-833
-933
149
-141
-142
-144
-145
-146
-147
-148
-159
-169
-249
-259
-269
-349
-359
-369
-119
-129
-179
-189
-199
-449
-549
-649
-749
-849
-949
166
-161
-162
-164
-165
-167
-168
-156
-246
-256
-266
-346
-356
-366
-116
-126
-176
-186
-196
-466
-566
-666
-766
-866
-966
191
-192
-194
-195
-197
-198
-171
-181
-271
-281
-291
-371
-381
-391
-111
-121
-151
-491
-591
-691
-791
-891
-991
214
-211
-212
-215
-216
-217
-218
-219
-114
-124
-224
-234
-314
-324
-334
-244
-254
-264
-274
-284
-294
-414
-514
-614
-714
-814
-914
272
-273
-275
-276
-277
-278
-279
-172
-182
-282
-292
-372
-382
-392
-222
-232
-242
-252
-262
-472
-572
-672
-772
-872
-972
326
-321
-322
-325
-327
-328
-329
-226
-236
-316
-336
-376
-386
-396
-426
-526
-626
-726
-826
-926
332
-331
-335
-337
-338
-339
-112
-122
-312
152
-154
-155
-157
-158
-342
-352
-362
-432
-532
-632
-732
-832
-932
-452
-552
-652
-752
-852
-952
388
-383
-384
-385
-387
-389
-178
-188
-288
-298
-378
-398
-318
-348
-358
-368
-488
-588
-688
-788
-888
-988
393
-394
-395
-397
-399
-283
-293
-373
-343
-353
-363
-493
-593
-693
-793
-893
-993
462
-461
-463
-464
-465
-467
-468
-469
-442
-542
-562
-642
-662
-412
-422
-482
-492
-762
-862
-962
487
-481
-483
-484
-485
-486
-489
-477
-497
-577
-587
-597
-677
-687
-697
-417
-427
-437
-447
-457
-187
-287
-787
-887
-987
556
-551
-553
-554
-555
-557
-558
-559
-446
-456
-546
-646
-656
-516
-536
-576
-586
-596
-756
-856
-956
567
-561
-563
-564
-565
-568
-569
-547
-647
-657
-667
-517
-527
-537
-267
-367
-767
-867
-967
631
-634
-635
-636
-637
-638
-639
-411
-421
-431
-511
-521
-531
-611
-621
-641
-651
-661
-671
-681
-231
-731
-831
-931
643
-644
-645
-648
-443
-453
-543
-653
-663
-613
-623
-673
-683
-243
-743
-843
-943
679
-674
-675
-676
-678
-479
-499
-579
-589
-599
-689
-699
-619
-629
-659
-669
459
-451
-454
-455
-458
-419
-429
-439
-759
-859
-959
-379
319
-311
-315
-317
221
-225
-227
-228
-229
-239
-241
-251
-261
-519
-719
-819
-919
-721
-821
-921
-779
-879
-979
684
-682
-685
-686
-474
-494
-574
-584
-594
-694
-624
-654
-664
-184
185
-175
-285
-295
-375
174
-177
-374
377
-297
-115
-125
235
-237
-238
-245
-255
-265
-347
-357
-435
-535
-735
-835
-935
-774
-874
-974
-777
-877
-977
-784
-884
-984
-585
-785
-885
-985
692
-695
-696
-698
-582
-592
-612
-622
616
-615
-617
-618
-416
-436
627
-625
-628
-716
-816
-916
-127
128
117
-118
-717
-817
-917
-727
-827
-927
-428
-528
-728
-828
-928
-792
-892
-992
718
-711
-712
-713
-715
-738
-818
-838
-918
-938
-748
-758
-768
-778
-798
-418
-518
782
-781
-783
-786
-789
-882
-982
-722
-742
839
-834
-836
-837
-729
-739
-829
-929
-939
-869
-889
-899
529
-522
-523
-524
-525
512
-513
-515
-539
-812
-912
923
-922
-924
-925
822
-823
-824
-825
-723
-813
-913
-842
942
-941
-944
-945
-946
-947
-948
-953
-963
-973
-983
413
-415
-423
425
-424
-473
-445
-475
-495
724
-725
-734
-934
-744
-754
-764
-794
951
-954
-955
-957
-958
-741
-751
-761
-841
-851
-861
-961
771
-773
-775
-776
-871
-881
-971
-981
811
-815
-911
915
-965
-975
-995
-351
361
-364
-365
-341
-471
441
-444
-448
-541
544
-545
-548
434
-438
-534
538
-578
-598
595
-575
-344
345
354
-355
-844
-745
-845
-854
-571
573
581
-583
-873
883
-886
-853
-863
875
-876
-878
-795
-895
-855
-865
-247
248
257
-253
-258
263
-268
-848
753
-755
-757
-763
765
-769
969
-964
-968
864
-868
858
-857
799
-796
-797
-989
986
-896
-976
978
-996
-898
-998
-999
-894
897
994
-997
846
-847
-746
747
736
-737
-936
937
655
-658
-665
668
476
-478
-496
498
-286
289
296
-299
