148
-141
-142
-143
-144
-145
-146
-147
-149
-158
-168
-248
-258
-268
-348
-358
-368
-118
-128
-138
-178
-188
-198
-448
-548
-648
-748
-848
-948
192
-191
-193
-194
-195
-196
-197
-199
-172
-182
-272
-282
-292
-372
-382
-392
-112
-122
-132
-152
-162
-492
-592
-692
-792
-892
-992
213
-211
-212
-214
-215
-216
-217
-218
-219
-113
-123
-133
-223
-233
-313
-323
-333
-243
-253
-263
-273
-283
-293
-413
-513
-613
-713
-813
-913
288
-281
-284
-285
-286
-287
-289
-278
-298
-378
-388
-398
-228
-238
-488
-588
-688
-788
-888
-988
311
-312
-314
-315
-316
-317
-318
-319
-111
-121
-131
-221
-231
-321
-331
-341
-351
-361
-371
-381
-391
-411
-511
-611
-711
-811
-911
442
-441
-443
-444
-445
-446
-447
-449
-452
-462
-542
-552
-562
-642
-652
-662
-412
-422
-432
-472
-482
-242
-342
-742
-842
-942
467
-461
-463
-464
-465
-466
-468
-469
-457
-547
-557
-567
-647
-657
-667
-417
-427
-437
-477
-487
-497
-167
-267
-367
-767
-867
-967
485
-481
-483
-484
-486
-489
-475
-495
-575
-585
-595
-675
-685
-695
-415
-425
-435
-455
-185
-385
-785
-885
-985
517
-512
-514
-515
-516
-518
-519
-527
-537
-617
-627
-637
-577
-587
-597
-117
-717
-817
-917
571
-572
-573
-574
-576
-578
-579
-471
-491
-581
-591
-671
-681
-691
-521
-531
-541
-551
-561
-171
-271
-771
-871
-971
644
-641
-643
-645
-646
-649
-454
-544
-554
-564
-654
-664
-614
-624
-634
-674
-684
-694
-244
-344
-744
-844
-944
736
-731
-732
-733
-734
-735
-737
-738
-739
-716
-726
-816
-826
-836
-916
-926
-936
-746
-756
-766
-776
-786
-796
-136
-236
-336
-436
-536
-636
751
-752
-753
-754
-755
-757
-758
-759
-741
-761
-841
-851
-861
-941
-951
-961
-721
-781
-791
241
-245
-246
-247
-249
-151
-161
-251
-261
181
-183
-184
-186
-187
-189
-291
-451
-651
661
-663
-665
-666
-668
-669
-621
-631
-881
-981
773
-772
-774
-775
-777
-778
-779
-783
-793
-873
-883
-893
-973
-983
-993
-723
-743
-763
-173
-373
-473
-673
828
-821
-822
-823
-824
-825
-827
-829
-718
-728
-818
-838
-918
-928
-938
-858
-868
-878
-898
-328
338
-332
-334
-335
-337
-339
-428
-528
-628
-438
-538
-638
894
-891
-895
-896
-897
-899
991
-994
-995
-996
-997
-998
-999
-784
-794
-874
-884
-974
-984
831
-832
-833
-834
-835
-837
-839
-921
-931
-814
-854
-864
421
-423
-424
-426
-429
-431
-294
-394
-494
-594
922
-923
-924
-925
-927
-929
-712
-722
-812
-912
-932
933
-934
-935
-937
-939
727
-724
-725
-729
-747
-787
-797
-952
-962
-972
-982
-943
-953
-963
612
-615
-616
-618
-619
-522
-532
-622
-632
418
-414
-416
-419
-458
-478
-498
582
-583
-584
-586
-589
-672
-682
474
-476
-479
-434
116
-114
-115
-119
-126
-226
-326
-156
-166
-176
-222
-322
232
-234
-235
-237
-239
-252
-262
-127
-227
-327
137
-134
-135
-139
-157
-177
-433
439
-529
-539
-629
-639
-459
-499
-533
-633
635
-525
-535
534
-524
-625
-655
872
-875
-876
-877
-879
-782
789
-882
-799
-889
-979
-989
762
-764
-765
-768
-769
-852
-862
714
-715
-719
-914
798
-795
975
-976
-977
-978
745
-749
-845
-855
-865
-945
-955
-965
815
-819
-915
919
-949
-959
-969
-345
-545
352
-353
-354
-355
-356
-357
-359
-362
-174
-274
-374
384
-383
-386
-387
-389
393
-395
-396
-397
-399
-343
-363
-324
-364
-175
179
-279
-299
-379
-129
-159
-169
-275
-375
295
-296
-297
-225
-255
-265
678
-676
-677
-679
-598
-698
-658
683
-686
-687
-689
-493
496
-593
-693
-596
599
-696
697
-699
453
-456
-543
-553
-563
-653
523
-526
-623
626
-549
546
-556
-566
-656
659
-559
-569
843
-846
-847
-849
-853
-863
-346
-946
947
-857
-957
887
-886
986
-987
-956
-966
-347
349
257
-254
-256
-259
-269
-369
-277
276
-376
377
-266
264
-154
-164
366
-365
124
-125
-224
229
325
-329
-153
155
163
-165
954
-958
-964
968
-555
558
565
-568
856
-859
-866
869
