123
-121
-122
-124
-125
-126
-127
-128
-129
-113
-133
-213
-223
-233
-313
-323
-333
-143
-153
-163
-173
-183
-193
-423
-523
-623
-723
-823
-923
196
-191
-192
-194
-195
-197
-198
-199
-176
-186
-276
-286
-296
-376
-386
-396
-116
-136
-146
-156
-166
-496
-596
-696
-796
-896
-996
257
-251
-252
-253
-254
-255
-256
-258
-259
-147
-157
-167
-247
-267
-347
-357
-367
-217
-227
-237
-277
-287
-297
-457
-557
-657
-757
-857
-957
284
-281
-282
-283
-285
-288
-289
-174
-184
-274
-294
-374
-384
-394
-214
-224
-234
-244
-264
-484
-584
-684
-784
-884
-984
351
-352
-353
-354
-355
-356
-358
-359
-141
-151
-161
-241
-261
-341
-361
-311
-321
-331
-371
-381
-391
-451
-551
-651
-751
-851
-951
446
-441
-442
-443
-444
-445
-447
-448
-449
-456
-466
-546
-556
-566
-646
-656
-666
-416
-426
-436
-476
-486
-246
-346
-746
-846
-946
493
-491
-492
-494
-495
-497
-498
-499
-473
-483
-573
-583
-593
-673
-683
-693
-413
-433
-453
-463
-293
-393
-793
-893
-993
512
-511
-513
-514
-515
-516
-517
-518
-519
-412
-422
-432
-522
-532
-612
-622
-632
-542
-552
-562
-572
-582
-592
-112
-212
-312
-712
-812
-912
575
-571
-574
-576
-577
-578
-579
-475
-485
-585
-595
-675
-685
-695
-525
-535
-545
-555
-565
-175
-275
-375
-775
-875
-975
617
-611
-613
-614
-615
-616
-618
-619
-417
-427
-437
-527
-537
-627
-637
-647
-667
-677
-687
-697
-117
-317
-717
-817
-917
634
-631
-633
-635
-636
-638
-639
533
-531
-534
-536
-538
-539
-414
-424
-434
-524
-624
-543
-553
-563
-644
-654
-664
-674
-694
-733
-833
-933
-134
-334
-734
-834
-934
711
-713
-714
-715
-716
-718
-719
-721
-731
-811
-821
-831
-911
-921
-931
-741
-761
-771
-781
-791
-111
-211
-411
787
-782
-783
-785
-786
-788
-789
-777
-797
-877
-887
-897
-977
-987
-997
-727
-737
-747
-767
-187
-387
-487
-587
828
-822
-824
-825
-826
-827
-829
-728
-738
-818
-838
-918
-928
-938
-848
-858
-868
-878
-888
-898
-228
-328
-428
-528
-628
843
-841
-842
-844
-845
-847
-849
-743
-753
-763
-853
-863
-943
-953
-963
773
-772
-774
-776
-778
-779
-873
-883
-973
-983
-813
913
-914
-915
-916
-919
-243
-343
-643
653
-652
-655
-658
-659
-663
-273
263
-262
-265
-266
-268
-269
-363
366
-362
-364
-365
-368
-369
-316
-326
-336
-766
-866
-966
-373
383
-382
-385
-388
-389
945
-941
-942
-944
-947
-948
-949
-745
-755
-765
-855
-865
-955
-965
-925
-935
-985
-995
-145
-245
-345
-645
547
-541
-544
-548
-549
-467
-567
477
-471
-472
-474
-478
-479
594
-591
-597
-598
-599
-554
-564
641
-642
-648
-649
-461
-561
-661
-621
-671
-681
-691
-177
137
-131
-132
-135
-138
-139
-327
-337
927
-922
-924
-926
-929
-837
-937
867
-861
-862
-864
-869
961
-962
-964
-967
-968
-969
-971
-981
-991
-377
397
-392
-395
-398
-399
-794
-894
-994
972
-974
-976
-978
-979
-792
-872
-882
-892
-982
-992
874
-871
-876
-879
-814
724
-722
-725
-726
-729
-744
-754
-764
-854
954
-952
-956
-958
-959
-932
-324
-154
-454
464
-462
-465
-468
-469
-164
-172
-272
-372
-672
676
-678
-679
-586
-686
526
-521
-529
-626
581
-588
-589
-481
-226
-181
171
-178
-179
-271
-291
-881
891
-895
-899
114
-115
-118
-119
-314
-144
344
-342
-348
-349
-142
-148
149
-159
-169
-249
-189
-749
-152
155
-158
-165
-185
295
-292
-298
-299
182
-188
-162
168
242
-248
-222
-232
-215
-225
-235
322
-325
-329
-332
-742
748
-758
-768
-798
-455
665
-662
-668
-669
452
-458
-459
-482
-625
629
-419
-429
-439
489
-488
-689
-699
425
-421
431
-435
-438
-415
418
-218
-318
221
-229
-231
-752
-852
762
-769
-732
832
-835
-836
-839
558
-559
-568
569
-682
688
692
-698
885
-886
-889
-795
799
986
-988
-989
998
-999
735
-736
-739
-815
756
-759
-856
859
816
-819
-936
939
315
-319
-335
-216
219
236
-238
-239
338
-339
278
-279
-378
379
