146
-141
-142
-143
-144
-145
-147
-148
-149
-156
-166
-246
-256
-266
-346
-356
-366
-116
-126
-136
-176
-186
-196
-446
-546
-646
-746
-846
-946
172
-171
-173
-174
-175
-177
-178
-179
-182
-192
-272
-282
-292
-372
-382
-392
-112
-122
-132
-152
-162
-472
-572
-672
-772
-872
-972
198
-191
-193
-194
-195
-197
-199
-188
-278
-288
-298
-378
-388
-398
-118
-128
-138
-158
-168
-498
-598
-698
-798
-898
-998
217
-211
-212
-213
-214
-215
-216
-218
-219
-117
-127
-137
-227
-237
-317
-327
-337
-247
-257
-267
-277
-287
-297
-417
-517
-617
-717
-817
-917
229
-221
-222
-223
-224
-225
-226
-228
-119
-129
-139
-239
-319
-329
-339
-249
-259
-269
-279
-289
-299
-429
-529
-629
-729
-829
-929
244
-241
-242
-243
-245
-248
-154
-164
-254
-264
-344
-354
-364
-234
-274
-284
-294
-444
-544
-644
-744
-844
-944
375
-371
-373
-374
-376
-377
-379
-185
-275
-285
-295
-385
-395
-315
-325
-335
-345
-355
-365
-475
-575
-675
-775
-875
-975
422
-421
-423
-424
-425
-426
-427
-428
-412
-432
-512
-522
-532
-612
-622
-632
-442
-452
-462
-482
-492
-322
-722
-822
-922
438
-431
-433
-434
-435
-436
-437
-439
-418
-518
-528
-538
-618
-628
-638
-448
-458
-468
-478
-488
-238
-338
-738
-838
-938
455
-451
-453
-454
-456
-457
-459
-445
-465
-545
-555
-565
-645
-655
-665
-415
-485
-495
-155
-255
-755
-855
-955
543
-541
-542
-547
-548
-549
-443
-463
-553
-563
-643
-653
-663
-513
-523
-533
-573
-583
-593
-343
-743
-843
-943
586
-581
-582
-584
-585
-587
-588
-589
-476
-486
-496
-576
-596
-676
-686
-696
-516
-526
-536
-556
-566
-286
-386
-786
-886
-986
716
-711
-712
-713
-714
-715
-718
-719
-726
-736
-816
-826
-836
-916
-926
-936
-756
-766
-776
-796
-316
-416
466
-461
-464
-467
-469
-656
-666
-616
-866
-966
781
-782
-783
-784
-785
-787
-788
-789
-771
-791
-871
-881
-891
-971
-981
-991
-721
-731
-741
-751
-761
-181
-281
283
-183
-273
-293
-383
-393
-233
-253
-263
-381
-481
-681
-483
-683
-883
-983
852
-851
-853
-854
-856
-857
-858
-859
-742
-752
-762
-842
-862
-942
-952
-962
956
-951
-953
-954
-957
-958
-959
-812
-832
-882
-892
-976
-996
-252
-352
-552
-652
877
-873
-874
-876
-878
-879
896
-893
-894
-895
-897
-899
-777
-797
-887
-977
-987
-997
-827
-837
-847
-867
276
-271
-296
291
-391
-396
-231
-251
258
-268
-348
-358
-368
-261
-236
-558
-658
-758
-477
-577
-677
-491
-591
-691
913
-911
-912
-914
-915
-918
-919
-723
-733
-813
-823
-833
-923
-933
863
-861
-864
-865
-868
-869
-753
-763
-963
-973
-993
312
-311
-313
-314
-318
-232
235
-332
-115
-125
-135
328
-321
-323
-324
-326
336
-331
-333
-334
165
-161
-163
-167
-169
-265
262
-342
-362
-113
-413
-613
818
-811
-814
-815
-819
-728
-828
-928
-848
-888
626
-621
-623
-624
-625
-627
633
-631
-634
-635
-636
-637
-639
-673
-693
123
-121
-124
-133
-153
-535
-735
-835
-935
642
-641
-647
-648
-649
-562
-662
592
-594
-595
-597
-599
-682
-692
353
-351
-357
-359
-363
-765
-965
982
-984
-985
-988
-989
-792
-992
732
-734
-737
-739
-932
688
-684
-685
-687
-689
695
-694
-697
-699
-578
-678
568
-561
-564
-567
-569
-668
-615
515
-511
-514
-519
-525
-768
-968
885
-884
-889
-795
-995
-825
-845
-111
114
131
-134
-151
-184
-414
-614
-531
-831
-931
-157
159
-349
-369
187
-189
-387
-397
-559
-659
-759
-487
497
-493
-494
-499
473
-471
-474
-479
484
-489
-574
-674
-447
-773
793
-794
-799
-384
389
394
-399
-994
999
-779
-979
-939
839
-834
824
-821
921
-924
-925
-927
-724
-934
937
725
-727
-745
945
-941
-947
-948
-949
748
-747
-749
-778
774
-974
978
-754
757
-767
-967
-764
769
964
-961
-969
841
-849
-521
-524
527
534
-537
-539
-554
-557
551
-441
449
-651
-661
-669
411
-419
-611
619
-571
579
671
-679
-341
347
361
-367
654
-657
-664
667
