121
-122
-123
-124
-125
-126
-127
-128
-129
-111
-131
-211
-221
-231
-311
-321
-331
-141
-151
-161
-171
-181
-191
-421
-521
-621
-721
-821
-921
163
-162
-164
-165
-166
-167
-168
-169
-143
-153
-243
-253
-263
-343
-353
-363
-113
-133
-173
-183
-193
-463
-563
-663
-763
-863
-963
185
-182
-184
-186
-187
-188
-189
-175
-195
-275
-285
-295
-375
-385
-395
-115
-135
-145
-155
-485
-585
-685
-785
-885
-985
199
-192
-194
-196
-197
-198
-179
-279
-289
-299
-379
-389
-399
-119
-139
-149
-159
-499
-599
-699
-799
-899
-999
272
-271
-273
-274
-276
-277
-278
-172
-282
-292
-372
-382
-392
-212
-222
-232
-242
-252
-262
-472
-572
-672
-772
-872
-972
283
-281
-284
-286
-287
-288
-293
-373
-383
-393
-213
-223
-233
-483
-583
-683
-783
-883
-983
339
-332
-333
-334
-335
-336
-337
-338
-219
-229
-239
-319
-329
-349
-359
-369
-439
-539
-639
-739
-839
-939
344
-341
-342
-345
-346
-347
-348
-144
-154
-244
-254
-264
-354
-364
-314
-324
-374
-384
-394
-444
-544
-644
-744
-844
-944
368
-361
-362
-365
-366
-367
-148
-158
-248
-258
-268
-358
-318
-328
-378
-388
-398
-468
-568
-668
-768
-868
-968
419
-411
-412
-413
-414
-415
-416
-417
-418
-429
-519
-529
-619
-629
-449
-459
-469
-479
-489
-719
-819
-919
431
-432
-433
-434
-435
-436
-437
-438
-511
-531
-611
-631
-441
-451
-461
-471
-481
-491
-731
-831
-931
453
-452
-454
-455
-456
-457
-458
-443
-543
-553
-643
-653
-423
-473
-493
-753
-853
-953
486
-482
-484
-487
-488
-476
-496
-576
-586
-596
-676
-686
-696
-426
-446
-466
-386
-786
-886
-986
526
-522
-523
-524
-525
-527
-528
-516
-536
-616
-626
-636
-546
-556
-566
-226
-326
-726
-826
-926
574
-571
-573
-575
-577
-578
-579
-474
-494
-584
-594
-674
-684
-694
-514
-534
-554
-564
-174
294
-291
-296
-297
-298
178
-176
-177
-118
-138
-214
-224
-234
-774
-874
-974
-478
-678
-778
-878
-978
-794
-894
-994
658
-651
-652
-654
-655
-656
-657
-659
-448
-548
-558
-648
-618
-628
-638
-688
-698
-758
-858
-958
669
-661
-662
-664
-665
-666
-667
464
-462
-465
-467
646
-641
-642
-645
-647
-649
-549
-559
-569
-424
589
-581
-582
-587
-588
-679
-689
-146
-246
-746
-846
-946
-764
-864
-964
-269
-769
-869
-969
-789
-889
-989
761
-762
-765
-766
-767
-741
-751
-841
-851
-861
-941
-951
-961
-711
-771
-781
-791
-261
-561
828
-822
-823
-824
-825
-827
-829
-718
-728
-738
-818
-838
-918
-928
-938
-848
-888
-898
-228
-428
498
-492
-495
-497
-598
-798
-998
887
-881
-882
-884
-777
-787
-797
-877
-897
-977
-987
-997
-817
-837
-847
-857
-867
-387
381
-371
-391
-351
-681
-981
-687
682
-592
-692
-612
-622
-632
-782
-982
891
-892
-893
-895
-896
-871
-971
-991
-811
911
-912
-913
-914
-915
-916
-917
671
-673
-675
-677
-591
-691
922
-923
-924
-925
-927
-929
-712
-722
-732
-812
-832
-932
729
-723
-724
-725
-727
-749
-759
-779
-942
-952
-962
-992
792
-793
-795
-796
-742
-752
-322
-422
442
-445
-447
-542
-552
-562
624
-623
-625
-627
-614
-634
323
-325
-327
-313
-142
147
-157
-247
-257
-267
-357
-117
-137
-842
-547
-747
-947
862
-865
-866
-852
934
-933
-935
-936
-937
-714
-734
-814
-834
854
-855
-856
-859
-754
-954
784
-788
-984
988
748
-743
-745
-948
114
-112
-116
-134
975
-973
-976
-979
-775
-875
-995
879
-873
-876
-849
-945
-955
-965
773
-776
-993
996
-713
-733
943
-949
-843
845
-755
959
-956
-957
-815
-835
-966
967
756
-757
-716
-736
-245
-545
541
-551
-241
249
251
-255
-256
-259
-156
152
-352
-132
136
312
-315
-316
-317
-216
-236
266
-265
355
-356
-512
532
-533
-535
-537
-538
518
-513
-515
-517
593
-595
-597
-693
816
-813
833
-836
613
-615
-617
-633
-218
238
-235
-237
-555
557
565
-567
-475
477
695
-697
425
-427
-635
637
-225
227
215
-217
-715
717
735
-737
376
-377
-396
397
