134
-131
-132
-133
-135
-136
-137
-138
-139
-114
-124
-214
-224
-234
-314
-324
-334
-144
-154
-164
-174
-184
-194
-434
-534
-634
-734
-834
-934
152
-151
-153
-155
-156
-157
-158
-159
-142
-162
-242
-252
-262
-342
-352
-362
-112
-122
-172
-182
-192
-452
-552
-652
-752
-852
-952
219
-211
-212
-213
-215
-216
-217
-218
-119
-129
-229
-239
-319
-329
-339
-249
-259
-269
-279
-289
-299
-419
-519
-619
-719
-819
-919
257
-251
-253
-254
-255
-256
-258
-147
-167
-247
-267
-347
-357
-367
-227
-237
-277
-287
-297
-457
-557
-657
-757
-857
-957
261
-263
-264
-265
-266
-268
-141
-161
-241
-341
-351
-361
-221
-231
-271
-281
-291
-461
-561
-661
-761
-861
-961
275
-272
-273
-274
-276
-278
-175
-185
-195
-285
-295
-375
-385
-395
-225
-235
-245
-475
-575
-675
-775
-875
-975
364
-363
-365
-366
-368
-369
-244
-344
-354
-374
-384
-394
-464
-564
-664
-764
-864
-964
377
-371
-372
-373
-376
-378
-379
-177
-187
-197
-387
-397
-317
-327
-337
-477
-577
-677
-777
-877
-977
386
-381
-382
-383
-388
-389
-176
-186
-196
-286
-296
-396
-316
-326
-336
-346
-356
-486
-586
-686
-786
-886
-986
428
-421
-422
-423
-424
-425
-426
-427
-429
-418
-438
-518
-528
-538
-618
-628
-638
-448
-458
-468
-478
-488
-498
-128
-228
-328
-728
-828
-928
493
-491
-492
-494
-495
-496
-497
-499
-473
-483
-573
-583
-593
-673
-683
-693
-413
-433
-443
-453
-463
-193
-293
-393
-793
-893
-993
524
-521
-522
-523
-525
-526
-527
-529
-414
-514
-614
-624
-544
-554
-574
-584
-594
-724
-824
-924
546
-541
-542
-543
-545
-547
-548
-549
-446
-456
-466
-556
-566
-646
-656
-666
-516
-536
-576
-596
-146
-246
166
-163
-165
-168
-169
-116
-126
-746
-846
-946
-766
-866
-966
559
-551
-553
-555
-558
-449
-459
-469
-569
-649
-659
-669
-539
-579
-589
-599
-359
-759
-859
-959
562
-563
-565
-567
-568
-442
-462
-642
-662
-512
-532
-572
-582
-592
-762
-862
-962
585
-581
-587
-588
-485
-595
-685
-695
-515
-535
-785
-885
-985
616
-611
-612
-613
-615
-617
-416
-436
-626
-636
476
-471
-472
-474
-479
-676
-696
-716
-816
-916
-776
-876
-976
682
-681
-684
-687
-688
-689
-482
-672
-692
-622
-632
-282
-782
-882
-982
721
-722
-723
-725
-726
-727
-729
-711
-731
-811
-821
-831
-911
-921
-931
-741
-751
-771
-781
-791
-121
-321
-621
739
-732
-733
-735
-736
-737
-738
-829
-839
-929
-939
-749
-769
-779
-789
-799
629
-623
-625
-627
-439
-639
489
-481
-484
-487
-679
-699
-189
-889
-989
744
-742
-743
-745
-747
-748
-754
-844
-854
-944
-954
-714
-774
-784
-794
-444
454
-451
-455
-644
-654
833
-832
-835
-836
-837
-838
-713
-813
-823
-913
-923
-933
-843
-853
-863
-873
-883
-233
-333
-533
513
-511
-517
-633
-113
-313
841
-842
-845
-847
-848
-849
-851
-941
-951
942
-943
-945
-947
-948
-949
-871
-881
-891
-912
-922
-932
-972
-992
-441
-641
651
-653
-655
-658
-631
-671
-691
856
-855
-858
-756
-956
796
-792
-795
-797
-798
-896
-996
-826
898
-892
-894
-895
-897
-899
995
-991
-994
-997
-998
-999
-778
-788
-878
-888
-978
-988
-818
-868
-915
-925
-935
-955
-965
-198
-298
-398
-598
578
-571
591
-597
697
-694
-698
674
-678
-531
537
-417
-437
-637
635
-415
-435
-645
-665
-647
-667
-335
-937
447
-445
465
-467
-765
-865
755
-753
-758
-715
-355
-874
-974
-178
-191
199
-179
-399
-149
349
-343
-345
-348
145
-143
-148
-115
-125
-391
392
-292
294
-284
-312
-322
-332
953
-958
-763
-963
-973
-983
-353
358
243
-248
-223
-283
288
-188
118
-111
-117
127
-123
323
-325
315
-311
-318
331
-338
-238
411
-412
-431
432
-815
825
-822
-827
-718
768
-767
-968
-918
938
-936
926
-927
222
-226
-232
236
-643
648
663
-668
979
-971
981
-984
-987
884
-887
787
-783
773
-772
872
-879
712
-717
-812
-814
817
914
-917
-867
869
967
-969
171
-173
-181
183
