137
-131
-132
-133
-134
-135
-136
-138
-139
-117
-127
-217
-227
-237
-317
-327
-337
-147
-157
-167
-177
-187
-197
-437
-537
-637
-737
-837
-937
142
-141
-143
-144
-145
-146
-148
-149
-152
-162
-242
-252
-262
-342
-352
-362
-112
-122
-172
-182
-192
-442
-542
-642
-742
-842
-942
156
-151
-153
-154
-155
-158
-159
-166
-246
-256
-266
-346
-356
-366
-116
-126
-176
-186
-196
-456
-556
-656
-756
-856
-956
185
-181
-183
-184
-188
-189
-175
-195
-275
-285
-295
-375
-385
-395
-115
-125
-165
-485
-585
-685
-785
-885
-985
213
-211
-212
-214
-215
-216
-218
-219
-113
-123
-223
-233
-313
-323
-333
-243
-253
-263
-273
-283
-293
-413
-513
-613
-713
-813
-913
274
-271
-272
-276
-277
-278
-279
-174
-194
-284
-294
-374
-384
-394
-224
-234
-244
-254
-264
-474
-574
-674
-774
-874
-974
371
-372
-373
-376
-377
-378
-379
-171
-191
-281
-291
-381
-391
-311
-321
-331
-341
-351
-361
-471
-571
-671
-771
-871
-971
411
-412
-414
-415
-416
-417
-418
-419
-421
-431
-511
-521
-531
-611
-621
-631
-441
-451
-461
-481
-491
-111
-711
-811
-911
443
-444
-445
-446
-447
-448
-449
-453
-463
-543
-553
-563
-643
-653
-663
-423
-433
-473
-483
-493
-343
-743
-843
-943
464
-462
-465
-466
-467
-468
-469
-454
-544
-554
-564
-644
-654
-664
-424
-434
-484
-494
-164
-364
-764
-864
-964
587
-581
-582
-583
-584
-586
-588
-589
-477
-487
-497
-577
-597
-677
-687
-697
-517
-527
-547
-557
-567
-287
-387
-787
-887
-987
592
-591
-593
-594
-595
-596
-598
-599
-472
-482
-492
-572
-672
-682
-692
-512
-522
-532
-552
-562
-292
-392
-792
-892
-992
625
-622
-623
-624
-626
-627
-628
-629
-425
-435
-515
-525
-535
-615
-635
-645
-655
-665
-675
-695
-225
-325
-725
-825
-925
748
-741
-744
-745
-746
-747
-749
-758
-768
-848
-858
-868
-948
-958
-968
-718
-728
-738
-778
-788
-798
-248
-348
-548
-648
752
-751
-753
-754
-755
-757
-759
-762
-852
-862
-952
-962
-712
-722
-732
-772
-782
-452
-652
662
-661
-666
-667
-668
-669
-612
-632
814
-812
-815
-816
-817
-818
-819
-714
-724
-734
-824
-834
-914
-924
-934
-844
-854
-884
-894
-114
124
-121
-128
-129
-314
-324
-334
161
-163
-168
-169
-241
-251
-261
-514
-614
-524
534
-533
-536
-538
-539
-634
-561
-761
-861
-961
957
-951
-953
-954
-955
-959
944
-941
-945
-946
-947
-949
-767
-847
-857
-867
-967
-984
-994
-917
-927
-977
-997
-344
354
-353
-355
-357
-358
-359
363
-365
-367
-368
-369
-383
-393
853
-851
-855
-859
841
-845
-846
-849
-763
-863
-963
-821
-831
-881
-891
-823
-833
-873
-883
-893
-541
551
-555
-558
-559
-641
-651
-257
-457
427
-422
-426
-428
-429
432
-436
-438
-439
-617
717
-715
-716
-719
-727
-827
-777
-797
-232
-332
-832
-932
-657
647
-646
-649
546
-545
-549
-566
-516
-526
-576
-247
-347
267
-265
-268
-269
258
-255
-259
-297
397
-396
-398
-399
-228
-238
-288
-298
455
-458
-459
-565
-475
-495
575
-573
-578
-579
523
-528
-529
-633
-723
-923
-658
659
568
-569
-518
519
-619
-639
-679
-689
-699
-119
118
-318
-328
-338
-178
-198
388
-382
-386
-389
282
-286
-289
296
-299
-222
-226
-236
-618
616
-636
638
-676
-686
-696
-678
673
-683
-693
-688
-698
-316
-916
-918
-319
-919
-838
-938
-173
179
193
-199
-773
-973
-775
-875
-975
877
-872
-876
-878
-879
-897
972
-976
-978
-979
-882
-982
822
-826
-828
-829
-912
915
-922
-735
-835
-935
928
-921
-926
-929
-965
-995
-988
-998
312
-315
-322
478
-476
-479
-488
-498
776
-779
-786
-796
-886
-896
-986
-996
-726
-736
-766
326
-329
-336
486
-489
-496
499
-888
889
898
-895
-899
795
-791
-793
-794
-799
784
-781
-783
-789
-989
-999
733
-731
-739
-933
721
-729
-931
-765
769
865
-866
-869
966
-969
836
-839
-936
939
-221
229
231
-235
-239
335
-339
245
-249
-345
349
983
-981
991
-993
681
-684
-691
694
