123
-121
-122
-124
-125
-126
-127
-128
-129
-113
-133
-213
-223
-233
-313
-323
-333
-143
-153
-163
-173
-183
-193
-423
-523
-623
-723
-823
-923
151
-152
-154
-155
-156
-157
-158
-159
-141
-161
-241
-251
-261
-341
-351
-361
-111
-131
-171
-181
-191
-451
-551
-651
-751
-851
-951
179
-172
-174
-175
-176
-177
-178
-189
-199
-279
-289
-299
-379
-389
-399
-119
-139
-149
-169
-479
-579
-679
-779
-879
-979
184
-182
-185
-186
-187
-188
-194
-274
-284
-294
-374
-384
-394
-114
-134
-144
-164
-484
-584
-684
-784
-884
-984
227
-221
-222
-224
-225
-226
-228
-229
-117
-137
-217
-237
-317
-327
-337
-247
-257
-267
-277
-287
-297
-427
-527
-627
-727
-827
-927
263
-262
-264
-265
-266
-268
-269
-243
-253
-343
-353
-363
-273
-283
-293
-463
-563
-663
-763
-863
-963
275
-271
-272
-276
-278
-195
-285
-295
-375
-385
-395
-215
-235
-245
-255
-475
-575
-675
-775
-875
-975
336
-331
-332
-334
-335
-338
-339
-116
-136
-216
-236
-316
-326
-346
-356
-366
-376
-386
-396
-436
-536
-636
-736
-836
-936
358
-352
-354
-355
-357
-359
-148
-168
-248
-258
-348
-368
-318
-328
-378
-388
-398
-458
-558
-658
-758
-858
-958
367
-362
-364
-365
-369
-147
-167
-347
197
-192
-196
-198
-377
-387
-397
-467
-567
-667
-767
-867
-967
-497
-597
-697
-797
-897
-997
392
-391
-393
-282
-292
-372
-382
-312
-322
-342
-492
-592
-692
-792
-892
-992
418
-411
-412
-413
-414
-415
-416
-417
-419
-428
-438
-518
-528
-538
-618
-628
-638
-448
-468
-478
-488
-498
-118
138
-132
-135
-218
-238
-718
-818
-918
-738
-838
-938
424
-421
-422
-425
-426
-429
-434
-514
-524
-534
-614
-624
-634
-444
-454
-464
-474
-494
-324
-724
-824
-924
439
-431
-432
-433
-435
-437
-519
-529
-539
-619
-629
-639
-449
-459
-469
-489
-499
-239
-739
-839
-939
645
-641
-642
-643
-644
-646
-647
-648
-649
-445
-455
-465
-545
-555
-565
-655
-665
-615
-625
-635
-685
-695
-145
-345
165
-162
-166
-115
112
-212
-232
-142
146
-246
-256
-512
-612
-712
-812
-912
-745
-845
-945
-446
-546
-746
-846
-946
-765
-865
-965
671
-672
-673
-674
-676
-677
-678
-471
-481
-491
-571
-581
-591
-681
-691
-611
-621
-631
-661
-371
373
-383
381
-281
-291
-311
-321
-771
-871
-971
-473
-573
-773
-873
-973
-781
-881
-981
689
-682
-683
-686
-687
-688
-589
-599
-699
-659
-669
-789
-889
-989
694
-693
-696
-698
-574
-594
-654
-664
668
-662
-666
-548
-568
-768
-868
-968
-794
-894
-994
716
-711
-713
-714
-715
-717
-719
-726
-816
-826
-916
-926
-756
-766
-776
-786
-796
-516
-616
747
-741
-742
-743
-744
-748
-749
-757
-847
-857
-947
-957
-737
-777
-787
-447
-547
754
-752
-753
-755
-759
-764
-844
-854
-864
-944
-954
-964
-734
-774
-254
-554
564
-561
-562
-566
-569
-544
772
-778
-782
-872
-882
-972
-982
-722
-732
-762
-472
-572
834
-831
-832
-833
-835
-837
-814
-914
-934
-874
974
-976
-977
-978
-234
231
-211
-531
-731
-931
843
-841
-842
-848
-849
-853
-943
-953
948
-941
-942
-949
-813
-883
-893
-928
-988
-998
-443
-543
886
-885
-887
-888
-876
-896
-986
-996
-856
-866
-286
288
296
-298
-486
-586
-588
-788
-496
-596
929
-921
-922
-925
-729
-819
-829
-919
-959
-969
-999
-329
325
-315
-525
-725
-825
932
-933
-935
-937
-822
-952
-962
-532
-632
956
-955
855
-852
-859
862
-861
-869
-966
961
-761
769
-799
899
-891
-895
-898
-815
-911
-991
791
-793
-795
-798
878
-877
987
-983
-985
-721
728
-828
821
-811
817
-917
511
-513
-515
-517
-521
535
-533
-537
-541
-585
-595
915
-913
733
-735
-783
785
993
-995
613
-617
-633
637
-653
-657
441
-442
-461
-456
-556
-656
652
-452
-462
466
-542
549
-552
-559
482
-483
-485
-487
-582
495
-493
453
-457
-553
557
-476
477
576
-577
-578
-587
583
-593
598
522
-526
-622
626
242
-244
-249
-252
259
344
-349
214
-219
-314
319
