138
-131
-132
-133
-134
-135
-136
-137
-139
-118
-128
-218
-228
-238
-318
-328
-338
-148
-158
-168
-178
-188
-198
-438
-538
-638
-738
-838
-938
165
-161
-162
-163
-164
-166
-167
-169
-145
-155
-245
-255
-265
-345
-355
-365
-115
-125
-175
-185
-195
-465
-565
-665
-765
-865
-965
181
-182
-183
-184
-186
-187
-189
-171
-191
-271
-281
-291
-371
-381
-391
-111
-121
-141
-151
-481
-581
-681
-781
-881
-981
242
-241
-243
-244
-246
-247
-248
-249
-142
-152
-252
-262
-342
-352
-362
-212
-222
-232
-272
-282
-292
-442
-542
-642
-742
-842
-942
293
-294
-295
-296
-297
-298
-299
-173
-193
-273
-283
-373
-383
-393
-213
-223
-233
-253
-263
-493
-593
-693
-793
-893
-993
363
-361
-364
-366
-367
-368
-369
-143
-153
-343
-353
-313
-323
-333
-463
-563
-663
-763
-863
-963
375
-372
-374
-376
-377
-378
-379
-275
-285
-385
-395
-315
-325
-335
-475
-575
-675
-775
-875
-975
394
-392
-396
-397
-398
-399
-174
-194
-274
-284
-384
-314
-324
-334
-344
-354
-494
-594
-694
-794
-894
-994
441
-443
-444
-445
-446
-447
-448
-449
-451
-461
-541
-551
-561
-641
-651
-661
-411
-421
-431
-471
-491
-341
-741
-841
-941
474
-472
-473
-476
-477
-478
-479
-484
-574
-584
-674
-684
-414
-424
-434
-454
-464
-774
-874
-974
497
-492
-495
-496
-498
-499
-487
-577
-587
-597
-677
-687
-697
-417
-427
-437
-457
-467
-197
-797
-897
-997
529
-521
-522
-523
-524
-525
-526
-527
-528
-419
-429
-439
-519
-539
-619
-629
-639
-549
-559
-569
-579
-589
-599
-129
-229
-329
-729
-829
-929
544
-543
-545
-546
-547
-548
-554
-564
-644
-654
-664
-514
-534
-144
-744
-844
-944
562
-566
-567
-568
-452
-462
-552
-652
-662
-512
-532
-572
-582
-592
-762
-862
-962
588
-583
-585
-586
-488
-578
-598
-678
-688
-698
-518
-558
-288
-388
278
-276
-277
-279
-258
-268
-778
-878
-978
-788
-888
-988
614
-611
-612
-613
-615
-616
-617
-618
-624
-634
-114
-214
-714
-814
-914
632
-631
-633
-635
-636
-637
-412
-422
-432
-622
482
-483
-485
-486
-489
-672
-682
-692
-332
-732
-832
-932
-382
-782
-882
-982
668
-666
-667
-669
-458
-468
-648
-658
-628
-768
-868
-968
713
-711
-712
-715
-716
-717
-718
-719
-723
-733
-813
-823
-833
-913
-923
-933
-743
-753
-773
-783
-113
123
-122
-124
-126
-127
154
-156
-157
-159
-254
-264
-413
-513
-423
-623
-754
-854
-954
731
-734
-735
-736
-737
-739
-721
-811
-821
-831
-911
-921
-931
-751
-761
-771
-791
-231
-331
-531
746
-745
-747
-748
-749
-756
-766
-846
-856
-866
-946
-956
-966
-726
-776
-786
-796
-146
-346
-646
812
-815
-816
-817
-818
-819
-722
-822
-912
-922
-852
-872
-892
-112
-312
322
-321
-326
-327
864
-861
-867
-869
-764
-964
-824
-834
-884
926
-924
-925
-927
-928
-826
-836
-916
-936
-976
-986
-996
-226
-426
-626
948
-943
-945
-947
-949
-758
-848
-858
-958
-918
-998
418
-415
-416
-428
425
-435
-515
-535
-625
-455
-225
-725
-825
-348
358
-351
-356
-357
-359
311
-316
-317
-319
-211
-221
-511
621
-627
-671
-691
971
-972
-973
-977
-979
-871
-891
-991
851
-853
-855
-857
-859
-951
-961
-251
261
-266
-267
-269
256
-257
-259
-216
-236
-286
-456
-556
-656
466
-469
-436
433
-533
-453
459
-649
-659
-759
-959
-571
591
-595
-596
555
-553
-557
-645
-655
573
-576
-673
-683
845
-843
-847
-849
953
-952
-955
-957
752
-755
-757
-772
-792
992
-995
-999
-835
-885
-895
-983
643
-647
-653
657
172
-176
-177
-179
-192
-873
883
-886
-887
-889
116
-117
-119
-336
-196
199
386
-387
-389
287
-289
147
-149
-347
349
-217
-227
224
-234
-237
337
-339
-516
517
536
-537
-917
-724
934
-935
-937
-939
915
-919
839
-837
784
-785
-787
-789
-984
795
-798
-799
-985
898
-896
-899
876
-877
-879
728
-727
827
-828
-215
219
235
-239
-676
679
-689
-699
777
-779
-987
989
-767
769
967
-969
685
-686
-695
696
