123
-121
-122
-124
-125
-126
-127
-128
-129
-113
-133
-213
-223
-233
-313
-323
-333
-143
-153
-163
-173
-183
-193
-423
-523
-623
-723
-823
-923
146
-141
-142
-144
-145
-147
-148
-149
-156
-166
-246
-256
-266
-346
-356
-366
-116
-136
-176
-186
-196
-446
-546
-646
-746
-846
-946
152
-151
-154
-155
-157
-158
-159
-162
-242
-252
-262
-342
-352
-362
-112
-132
-172
-182
-192
-452
-552
-652
-752
-852
-952
178
-171
-174
-175
-177
-179
-188
-198
-278
-288
-298
-378
-388
-398
-118
-138
-168
-478
-578
-678
-778
-878
-978
261
-263
-264
-265
-267
-268
-269
-161
-241
-251
-341
-351
-361
-211
-221
-231
-271
-281
-291
-461
-561
-661
-761
-861
-961
277
-272
-273
-274
-275
-276
-279
-187
-197
-287
-297
-377
-387
-397
-217
-227
-237
-247
-257
-477
-577
-677
-777
-877
-977
322
-321
-324
-325
-326
-327
-328
-329
-212
-222
-232
-312
-332
-372
-382
-392
-422
-522
-622
-722
-822
-922
363
-364
-365
-367
-368
-369
-243
-253
-343
-353
-373
-383
-393
-463
-563
-663
-763
-863
-963
379
-371
-374
-375
-376
-189
-199
-289
-299
-389
-399
-319
-339
-349
-359
-479
-579
-679
-779
-879
-979
385
-381
-384
-386
-185
-195
-285
-295
-395
-315
-335
-345
-355
-485
-585
-685
-785
-885
-985
428
-421
-424
-425
-426
-427
-429
-418
-438
-518
-528
-538
-618
-628
-638
-448
-458
-468
-488
-498
-228
-728
-828
-928
464
-462
-465
-466
-467
-469
-444
-454
-544
-554
-564
-644
-654
-664
-414
-434
-474
-484
-494
-164
-764
-864
-964
472
-471
-473
-475
-476
-482
-492
-572
-582
-592
-672
-682
-692
-412
-432
-442
-772
-872
-972
486
-481
-483
-487
-489
-496
-576
-586
-596
-676
-686
-696
-416
-436
-456
-286
-786
-886
-986
627
-621
-624
-625
-626
-629
-417
-437
-517
-527
-537
-617
-637
-647
-657
-667
-687
-697
-727
-827
-927
631
-632
-633
-634
-635
-636
-639
-411
-431
-511
-521
-531
-611
-641
-651
-671
-681
-691
-131
-331
-731
-831
-931
645
-642
-643
-648
-649
-445
-455
-545
-555
-565
-655
-665
-615
-675
-695
-245
-745
-845
-945
683
-684
-688
-689
-493
-573
-583
-593
-673
674
-693
-574
-584
-594
-694
-613
-653
-614
-774
-874
-974
-283
293
-292
-294
-296
282
-284
396
-391
-394
311
-314
-316
-317
-318
-111
-336
-711
-811
-911
-782
-882
-982
-783
-883
-983
-793
-893
-993
-796
-896
-996
729
-721
-724
-725
-726
-719
-739
-819
-829
-839
-919
-929
-939
-749
-759
-769
-789
-799
-229
-529
738
-732
-733
-734
-735
-736
-737
-718
-818
-838
-918
-938
-748
-758
-768
-788
-798
218
-214
-215
-216
-219
-238
-338
-248
-258
744
-741
-742
-743
-747
-754
-844
-854
-944
-954
-714
-784
-794
-244
249
-169
-259
-239
-344
-449
-549
-849
-949
787
-781
-797
-887
-897
-987
-997
-717
-757
-767
-587
832
-833
-834
-835
-836
-837
-712
-812
-912
-932
-842
-862
-892
-532
841
-843
-847
-848
-751
-851
-941
-951
-821
921
-924
-925
-926
-871
-881
-891
-971
-981
-991
-441
-541
935
-933
-934
-936
-937
-715
-815
-825
-915
-955
-965
-975
-995
-135
-235
-435
-535
957
-953
-956
-958
-959
-857
-867
-947
-967
817
-813
-814
-816
-917
-117
-357
-457
-557
988
-984
-989
-888
-898
-998
-948
-968
-588
-114
115
-119
-225
139
-134
-137
337
-334
-165
167
255
-254
354
-358
-347
348
-415
495
-491
-497
-499
-575
571
-581
589
-591
-595
597
-598
-599
698
-699
451
-453
-459
-551
447
-443
-547
-567
-519
-539
-559
-569
-658
-668
-515
525
-524
-526
-439
433
-413
419
-513
-533
-619
-548
-755
-855
-771
791
-792
-795
992
-994
-999
762
-765
-766
-942
943
-962
-753
756
-853
865
-866
-868
-869
-856
-966
969
858
-859
775
-773
-776
-875
-895
713
-716
-913
873
-876
-973
976
826
-824
914
-916
-514
534
-536
224
-226
-234
236
542
-543
-562
-662
553
-556
-558
568
-566
-512
516
612
-616
-656
659
666
-669
181
-184
-191
194
884
-889
-894
899
