136
-131
-132
-133
-134
-135
-137
-138
-139
-116
-126
-216
-226
-236
-316
-326
-336
-146
-156
-166
-176
-186
-196
-436
-536
-636
-736
-836
-936
188
-181
-182
-183
-184
-185
-187
-189
-178
-198
-278
-288
-298
-378
-388
-398
-118
-128
-148
-158
-168
-488
-588
-688
-788
-888
-988
194
-191
-192
-193
-195
-197
-199
-174
-274
-284
-294
-374
-384
-394
-114
-124
-144
-154
-164
-494
-594
-694
-794
-894
-994
229
-221
-222
-223
-224
-225
-227
-228
-119
-129
-219
-239
-319
-329
-339
-249
-259
-269
-279
-289
-299
-429
-529
-629
-729
-829
-929
244
-241
-242
-243
-245
-246
-247
-248
-254
-264
-344
-354
-364
-214
-234
-444
-544
-644
-744
-844
-944
335
-331
-332
-333
-334
-337
-338
-115
-125
-215
-235
-315
-325
-345
-355
-365
-375
-385
-395
-435
-535
-635
-735
-835
-935
367
-361
-362
-363
-366
-368
-369
-147
-157
-167
-257
-267
-347
-357
-317
-327
-377
-387
-397
-467
-567
-667
-767
-867
-967
424
-421
-422
-423
-425
-426
-427
-428
-414
-434
-514
-524
-534
-614
-624
-634
-454
-464
-474
-484
-324
314
-311
-312
-313
-318
-714
-814
-914
-724
-824
-924
459
-451
-452
-453
-455
-456
-457
-458
-449
-469
-549
-559
-569
-649
-659
-669
-419
-439
-479
-489
-499
-159
-359
-759
-859
-959
475
-471
-472
-473
-476
-477
-478
-485
-495
-575
-585
-595
-675
-685
-695
-415
-445
-465
-175
-275
-775
-875
-975
511
-512
-513
-515
-516
-517
-518
-519
-411
-431
-521
-531
-611
-621
-631
-541
-551
-561
-571
-581
-591
-111
-211
-711
-811
-911
542
-543
-545
-546
-547
-548
-442
-462
-552
-562
-642
-652
-662
-522
-532
-572
-582
-592
-142
-342
-742
-842
-942
568
-563
-564
-565
-566
-448
-468
-558
-648
-658
-668
-528
-538
-578
-598
-268
-768
-868
-968
596
-593
-597
-599
-486
-496
-576
-586
-676
-686
-696
-526
-556
-296
-396
-796
-896
-996
625
-622
-623
-626
-627
-628
-525
-615
555
-553
-554
-557
-645
-655
-665
-725
-825
-925
-155
-255
-755
-855
-955
638
-632
-633
-637
-639
-418
-438
-618
498
-491
-492
-493
-497
-678
-698
-238
-738
-838
-938
-798
-898
-998
654
-651
-653
-656
-657
-664
-674
-684
-754
-854
-954
687
-681
-682
-683
-689
-487
-577
-587
-677
-697
-617
-647
447
-441
-443
-446
-417
-437
-747
-847
-947
-287
-787
-887
-987
745
-741
-743
-746
-748
-749
-765
-845
-865
-945
-965
-715
-785
-795
-145
165
-161
-162
-163
-169
-265
774
-771
-772
-773
-776
-777
-778
-779
-784
-874
-884
-974
-984
-734
-764
-574
584
-583
-589
864
-861
-862
-863
-866
-869
-964
-834
934
-931
-932
-933
-937
-939
881
-882
-883
-885
-886
-889
-781
-791
-871
-891
-971
-981
-991
-821
-831
-841
-851
-281
-381
-481
461
-463
-466
-641
-661
416
-412
-413
-616
-716
-816
-916
-261
-761
-961
919
-912
-913
-915
-917
-918
815
-812
-813
-817
-818
-819
-719
-739
-839
-895
-949
-969
-979
-989
-999
-619
539
-533
-537
527
-523
573
-579
-483
482
-672
-692
-673
-693
-432
433
612
-613
-112
-212
-712
-127
-727
-827
-927
-233
-733
-833
769
-762
-763
-766
-849
-789
-799
-173
-273
-373
-873
-973
-282
-382
-782
-982
389
-383
-386
-179
-379
-399
149
-141
-143
-349
926
-921
-922
-923
-928
-726
-826
-946
-956
-966
-976
-986
972
-977
-978
-792
-872
-892
-992
878
-876
-877
-879
786
-783
899
-893
-897
-756
-828
-848
-858
-952
-962
963
-753
-843
846
-853
-943
-953
-856
823
-822
-713
-723
793
-797
-983
985
-993
-995
997
-957
-123
-323
-346
-646
643
-663
666
-343
262
-263
-266
-152
-252
-352
-232
-272
-292
-172
122
-121
-322
-722
-372
392
-391
-393
353
-351
-356
-358
-153
151
-251
-341
348
-253
256
-258
-171
177
-277
-297
113
-117
-213
-276
271
-291
-371
376
-286
-231
237
321
-328
-217
218
717
-718
-737
-837
832
-732
731
-721
728
-751
752
-757
-758
-852
857
941
-948
-951
958
-671
679
691
-699
283
-285
-293
295
