136
-131
-132
-133
-134
-135
-137
-138
-139
-116
-126
-216
-226
-236
-316
-326
-336
-146
-156
-166
-176
-186
-196
-436
-536
-636
-736
-836
-936
158
-151
-152
-153
-154
-155
-157
-159
-148
-168
-248
-258
-268
-348
-358
-368
-118
-128
-178
-188
-198
-458
-558
-658
-758
-858
-958
224
-221
-222
-223
-225
-227
-228
-229
-114
-124
-214
-234
-314
-324
-334
-244
-254
-264
-274
-284
-294
-424
-524
-624
-724
-824
-924
238
-231
-232
-233
-235
-237
-239
-218
-318
-328
-338
-278
-288
-298
-438
-538
-638
-738
-838
-938
241
-242
-243
-245
-246
-247
-249
-141
-161
-251
-261
-341
-351
-361
-211
-271
-281
-291
-441
-541
-641
-741
-841
-941
262
-263
-265
-266
-267
-269
-142
-162
-252
-342
-352
-362
-212
-272
-282
-292
-462
-562
-662
-762
-862
-962
276
-273
-275
-277
-279
-286
-296
-376
-386
-396
-256
-476
-576
-676
-776
-876
-976
369
-363
-364
-365
-366
-367
-149
-169
-259
-349
-359
-319
-329
-339
-379
-389
-399
-469
-569
-669
-769
-869
-969
374
-371
-372
-373
-375
-377
-378
-174
-184
-194
-384
-394
-344
-354
-474
-574
-674
-774
-874
-974
388
-381
-382
-383
-385
-387
-398
-488
-588
-688
-788
-888
-988
463
-461
-464
-465
-466
-467
-468
-443
-453
-543
-553
-563
-643
-653
-663
-413
-423
-433
-473
-483
-493
-163
-763
-863
-963
492
-491
-494
-495
-496
-497
-498
-499
-472
-482
-572
-582
-592
-672
-682
-692
-412
-422
-432
-442
-452
-192
-392
-792
-892
-992
517
-511
-512
-513
-514
-515
-516
-518
-519
-417
-427
-437
-527
-537
-617
-627
-637
-547
-557
-567
-577
-587
-597
-117
-217
-317
-717
-817
-917
551
-552
-554
-555
-556
-559
-451
-561
-651
-661
-521
-531
-571
-581
-591
-751
-851
-951
593
-594
-595
-596
-598
-599
-573
-583
-673
-683
-693
-523
-533
-193
-293
-393
-793
-893
-993
613
-611
-612
-614
-615
-616
-618
-619
-623
-633
-113
-213
-313
-713
-813
-913
648
-642
-644
-645
-646
-647
-649
-448
-548
-568
-668
-628
-678
-698
-748
-848
-948
725
-721
-722
-723
-726
-727
-728
-729
-715
-735
-815
-825
-835
-915
-925
-935
-745
-755
-765
-775
-785
-795
-125
-325
-425
-525
-625
733
-731
-732
-734
-737
-739
-823
-833
-923
-933
-743
-753
-773
-783
-333
747
-742
-744
-746
-749
-757
-767
-847
-857
-867
-947
-957
-967
-777
-787
-797
-147
-347
-447
832
-831
-834
-837
-839
-712
-812
-822
-912
-922
-932
-842
-852
-872
-882
-332
-532
-632
843
-844
-845
-846
-849
-853
-943
-953
-873
-883
-143
-343
868
-861
-864
-865
-866
-768
-968
-818
-828
-878
-898
879
-871
-875
-877
-779
-789
-799
-889
-899
-979
-989
-999
-819
-829
-859
-179
-479
-579
-679
885
-881
-884
-886
-887
-895
-975
-985
-995
-855
-185
-285
-485
-585
-685
955
-952
-954
-956
-959
-945
-965
-255
-355
-455
-655
972
-971
-973
-977
-978
-772
-782
-982
983
-981
-984
-986
-987
752
-754
-756
-759
-942
949
-944
-946
719
-711
-714
-716
-718
-919
-929
-939
-119
-219
215
-115
-315
-335
129
-121
-122
-123
-127
323
-321
-322
-327
337
-331
-189
-199
-295
312
-311
111
-112
-171
-181
-191
391
-395
-397
-353
253
-257
-283
345
-346
-145
144
-164
-165
167
356
-357
-177
-187
-197
195
-175
-411
-811
-911
-415
-419
-429
-529
-629
-937
542
-544
-545
-546
-549
-652
-522
622
-621
-626
-444
-445
446
-449
-456
-566
-656
-666
-416
-426
526
-528
-486
-586
578
-575
-478
-826
-926
-856
854
-764
-964
-814
816
-916
-894
-896
-454
-654
-667
-172
173
182
-183
-778
771
-781
-791
-891
897
-991
-997
-761
766
961
-966
-786
784
-794
-994
-796
798
996
-998
821
-827
-921
-931
934
-914
918
927
-928
414
-418
-434
-534
-634
428
-421
-484
-471
-671
-584
589
-489
-689
-699
564
-565
-664
665
535
-539
-435
-635
475
-477
-675
677
-695
-487
481
-681
-691
-687
-697
-431
439
631
-639
457
-459
-657
659
-684
686
694
-696
287
-289
-297
299
