133
-131
-132
-134
-135
-136
-137
-138
-139
-113
-123
-213
-223
-233
-313
-323
-333
-143
-153
-163
-173
-183
-193
-433
-533
-633
-733
-833
-933
168
-161
-162
-164
-165
-166
-167
-169
-148
-158
-248
-258
-268
-348
-358
-368
-118
-128
-178
-188
-198
-468
-568
-668
-768
-868
-968
171
-172
-174
-175
-176
-177
-179
-181
-191
-271
-281
-291
-371
-381
-391
-111
-121
-141
-151
-471
-571
-671
-771
-871
-971
222
-221
-224
-225
-226
-227
-228
-229
-112
-122
-212
-232
-312
-322
-332
-242
-252
-262
-272
-282
-292
-422
-522
-622
-722
-822
-922
243
-241
-244
-245
-246
-247
-249
-253
-263
-343
-353
-363
-273
-283
-293
-443
-543
-643
-743
-843
-943
261
-264
-265
-266
-267
-269
-251
-341
-351
-361
-211
-231
-461
-561
-661
-761
-861
-961
287
-284
-285
-286
-288
-289
-187
-197
-277
-297
-377
-387
-397
-217
-237
-257
-487
-587
-687
-787
-887
-987
298
-294
-295
-296
-299
-278
-378
-388
-398
-218
-238
-498
-598
-698
-798
-898
-998
338
-331
-334
-335
-336
-337
-339
-318
-328
-438
-538
-638
-738
-838
-938
357
-352
-354
-355
-356
-359
-147
-157
-347
-367
-317
-327
-457
-557
-657
-757
-857
-957
416
-411
-412
-413
-414
-415
-417
-418
-419
-426
-436
-516
-526
-536
-616
-626
-636
-446
-456
-466
-476
-486
-496
-116
-216
-316
-716
-816
-916
429
-421
-423
-424
-425
-427
-428
-439
-519
-529
-539
-619
-629
-639
-449
-459
-469
-479
-489
-499
-129
-329
-729
-829
-929
467
-462
-463
-464
-465
-447
-547
-567
-647
-667
-437
-477
-497
-767
-867
-967
495
-491
-492
-493
-494
-475
-485
-575
-585
-595
-675
-685
-695
-435
-445
-455
-195
-395
-795
-895
-995
523
-521
-524
-525
-527
-528
-513
-613
-623
-553
-563
-573
-583
-593
-723
-823
-923
545
-541
-542
-544
-546
-548
-549
-555
-565
-645
-655
-665
-515
-535
-145
-345
-745
-845
-945
569
-562
-564
-566
-559
-649
-659
-669
-579
-589
-599
-369
-769
-869
-969
586
-581
-582
-584
-588
-576
-596
-676
-686
-696
-556
-186
-386
-786
-886
-986
615
-611
-612
-614
-617
-618
-625
-635
-115
-215
-315
-715
-815
-915
648
-641
-642
-644
-646
-448
-458
-558
-658
-628
518
-511
-512
-514
-517
-578
-678
-688
-718
-818
-918
-748
-848
-948
689
-681
-682
-683
-684
-679
-699
-189
-389
-789
-889
-989
692
-691
-693
-694
-697
-472
-482
-572
-592
-672
-632
-652
-662
-192
-392
-792
-892
-992
755
-751
-752
-753
-754
-756
-758
-759
-765
-855
-865
-955
-965
-725
-735
-775
-785
-155
-255
365
-362
-364
-366
-325
-375
-385
776
-772
-773
-774
-777
-778
-779
-796
-876
-896
-976
-996
-726
-736
-746
-766
-276
-376
814
-811
-812
-813
-817
-819
-714
-724
-734
-824
-834
-914
-924
-934
-844
-854
-864
-874
-884
-894
-114
-214
219
-119
117
-127
-239
-319
-259
-279
-314
311
-321
-711
-911
-717
-917
-719
-919
825
-821
-826
-827
-828
-835
-925
-935
-875
-885
-125
235
-234
-236
185
-182
-184
-275
274
-194
-374
-384
-394
-254
256
-146
-156
-346
-656
666
-663
-664
-856
-956
-866
-966
-474
-574
577
-597
-677
-537
-674
673
-473
478
-483
-488
453
-451
-452
-454
-653
-853
-953
-373
-873
-973
-974
975
-972
-977
-978
-979
-985
-877
-878
846
-841
-842
-847
-849
-946
-836
936
-931
-932
-937
-939
-926
863
-862
-763
-963
-883
-893
881
-882
-888
-781
-791
-891
-981
-991
-831
-851
858
-852
-859
-958
-481
484
591
-594
-434
-444
-531
-551
-784
-984
941
-942
-944
-947
-949
-741
-951
747
-742
-744
-749
959
-952
-954
-727
-737
-797
-921
-999
-441
442
651
-654
-552
554
431
-432
-621
-631
532
-534
721
-728
-731
928
-927
837
-832
-839
739
-732
788
-782
-783
-988
-799
872
-879
-982
983
-793
794
-993
-994
997
-897
899
713
-712
912
-913
762
-764
-962
964
627
-624
634
-637
-142
152
-154
-159
-342
-372
379
382
-383
393
-396
-399
196
-199
-126
124
-324
326
-144
149
344
-349
