123
-121
-122
-124
-125
-126
-127
-128
-129
-113
-133
-213
-223
-233
-313
-323
-333
-143
-153
-163
-173
-183
-193
-423
-523
-623
-723
-823
-923
136
-131
-132
-134
-135
-137
-138
-139
-116
-216
-226
-236
-316
-326
-336
-146
-156
-166
-176
-186
-196
-436
-536
-636
-736
-836
-936
151
-152
-154
-155
-157
-158
-159
-141
-161
-241
-251
-261
-341
-351
-361
-111
-171
-181
-191
-451
-551
-651
-751
-851
-951
168
-162
-164
-165
-167
-169
-148
-248
-258
-268
-348
-358
-368
-118
-178
-188
-198
-468
-568
-668
-768
-868
-968
182
-184
-185
-187
-189
-172
-192
-272
-282
-292
-372
-382
-392
-112
-142
-482
-582
-682
-782
-882
-982
211
-212
-214
-215
-217
-218
-219
-221
-231
-311
-321
-331
-271
-281
-291
-411
-511
-611
-711
-811
-911
222
-224
-225
-227
-228
-229
-232
-312
-322
-332
-242
-252
-262
-422
-522
-622
-722
-822
-922
286
-283
-284
-285
-287
-288
-289
-276
-296
-376
-386
-396
-246
-256
-266
-486
-586
-686
-786
-886
-986
293
-294
-295
-297
-298
-299
-273
-373
-383
-393
-243
-253
-263
-493
-593
-693
-793
-893
-993
448
-441
-442
-443
-444
-445
-446
-447
-449
-458
-548
-558
-648
-658
-418
-428
-438
-478
-488
-498
-748
-848
-948
452
-453
-454
-455
-456
-457
-459
-462
-542
-552
-562
-642
-652
-662
-412
-432
-472
-492
-352
-752
-852
-952
487
-481
-483
-484
-485
-489
-477
-497
-577
-587
-597
-677
-687
-697
-417
-427
-437
-467
-387
-787
-887
-987
495
-491
-494
-496
-499
-475
-575
-585
-595
-675
-685
-695
-415
-425
-435
-465
-195
-395
-795
-895
-995
543
-541
-544
-545
-546
-547
-549
-463
-553
-563
-643
-653
-663
-513
-533
-573
-583
-343
-743
-843
-943
567
-561
-564
-565
-566
-569
-557
-647
-657
-667
-517
-527
-537
-267
-367
-767
-867
-967
579
-571
-572
-574
-576
-578
-479
-589
-599
-679
-689
-699
-519
-529
-539
-559
-179
-279
-379
-779
-879
-979
616
-612
-613
-614
-615
-617
-618
-619
-416
-426
-516
-526
-626
-646
-656
-666
-676
-696
-716
-816
-916
627
-621
-624
-625
-628
-629
-637
-327
-727
-827
-927
659
-654
-655
-469
-649
-669
-639
-259
-359
-759
-859
-959
661
-664
-665
-461
-641
-631
-671
-681
-691
-761
-861
-961
812
-813
-814
-815
-817
-818
-819
-712
-732
-832
-912
-932
-842
-862
-872
-892
-512
825
-821
-824
-826
-828
-829
-715
-725
-735
-835
-915
-925
-935
-845
-855
-865
-875
-885
-325
-525
883
-881
-884
-888
-889
-773
-783
-873
-973
-983
-833
-853
-863
-683
896
-891
-894
-897
-898
-899
-776
-796
-876
-976
-996
-846
-856
-866
476
-471
-473
-474
673
-672
-674
-678
-596
-466
464
-554
-644
645
-555
556
-414
-424
-434
-633
-635
-145
-245
-345
-745
-945
-356
-756
-956
-264
-364
-764
-864
869
-749
-769
-849
-949
-969
-839
-964
-269
265
-255
-355
-365
-235
-275
-765
-965
-369
929
-921
-924
-926
-928
726
-721
-724
-728
-729
-719
-739
-919
-939
-746
-766
-989
-999
-329
-429
421
-431
-521
-531
942
-941
-944
-946
-947
-742
-762
763
-962
-753
-953
-963
966
-713
-733
-972
-992
-342
362
-363
-366
353
-354
-357
346
-344
-347
-349
772
-771
-774
-775
-777
-778
-792
955
-954
-957
-958
-755
785
-781
-784
-788
-789
-975
-985
799
-791
-794
-797
-798
-385
389
-381
-384
-388
-199
-399
-319
-339
978
-971
-974
-977
-878
-988
-998
-918
-938
-278
238
-234
-237
-239
-318
-328
324
-114
-314
-334
-338
119
-115
-117
175
-174
-177
-375
-149
249
-244
-247
-374
-394
-419
413
-433
439
-913
933
-931
-934
-937
-524
528
-518
-538
-638
-588
-598
718
-714
-717
-738
-838
-758
858
-854
-857
-378
398
-391
-397
371
-377
-871
688
-684
-698
984
-981
991
-994
-997
-874
877
-837
-847
-914
917
-737
514
-515
-534
-634
632
-532
535
592
-591
-594
581
-584
-692
694
315
-317
-335
337
274
-277
-194
197
144
-147
-254
257
-744
-844
841
-741
747
754
-757
731
-734
-831
834
