122
-121
-123
-124
-125
-126
-127
-128
-129
-112
-132
-212
-222
-232
-312
-322
-332
-142
-152
-162
-172
-182
-192
-422
-522
-622
-722
-822
-922
146
-141
-143
-144
-145
-147
-148
-149
-156
-166
-246
-256
-266
-346
-356
-366
-116
-136
-176
-186
-196
-446
-546
-646
-746
-846
-946
157
-151
-153
-154
-155
-158
-159
-167
-247
-257
-267
-347
-357
-367
-117
-137
-177
-187
-197
-457
-557
-657
-757
-857
-957
163
-161
-164
-165
-168
-169
-243
-253
-263
-343
-353
-363
-113
-133
-173
-183
-193
-463
-563
-663
-763
-863
-963
199
-191
-194
-195
-198
-179
-189
-279
-289
-299
-379
-389
-399
-119
-139
-499
-599
-699
-799
-899
-999
215
-211
-213
-214
-216
-217
-218
-219
-115
-135
-225
-235
-315
-325
-335
-245
-255
-265
-275
-285
-295
-415
-515
-615
-715
-815
-915
248
-241
-242
-244
-249
-258
-268
-348
-358
-368
-228
-238
-278
-288
-298
-448
-548
-648
-748
-848
-948
261
-262
-264
-269
-251
-341
-351
-361
-221
-231
-271
-281
-291
-461
-561
-661
-761
-861
-961
284
-282
-283
-286
-287
-174
-184
-274
-294
-374
-384
-394
-224
-234
-254
-484
-584
-684
-784
-884
-984
323
-321
-324
-326
-327
-328
-329
-223
-233
-313
-333
-373
-383
-393
-423
-523
-623
-723
-823
-923
398
-391
-392
-395
-396
-397
-178
-188
-378
-388
-318
-338
-498
-598
-698
-798
-898
-998
427
-421
-424
-425
-426
-428
-429
-417
-437
-517
-527
-537
-617
-627
-637
-447
-467
-477
-487
-497
-227
-727
-827
-927
442
-441
-443
-444
-445
-449
-452
-462
-542
-552
-562
-642
-652
-662
-412
-432
-472
-482
-492
-342
-742
-842
-942
469
-464
-465
-466
-468
-459
-549
-559
-569
-649
-659
-669
-419
-439
-479
-489
-369
-769
-869
-969
551
-553
-554
-555
-556
-558
-451
-541
-641
-651
-511
-521
-531
-571
-581
-591
-751
-851
-951
643
-644
-645
-647
-453
-543
-653
-613
-633
-673
-683
-693
-743
-843
-943
668
-664
-665
-666
-667
-458
-568
-658
-618
-628
-638
-678
-688
-768
-868
-968
685
-681
-682
-686
-687
-689
-475
-485
-495
-575
-585
-595
-675
-695
-625
-635
-655
-185
181
-171
175
-371
-381
-375
-385
-111
-131
-775
-875
-975
-481
-781
-881
-981
-785
-885
-985
713
-711
-712
-714
-716
-717
-718
-719
-733
-813
-833
-913
-933
-753
-773
-783
-793
-413
-513
788
-782
-786
-787
-789
-778
-878
-888
-978
-988
-728
-738
-758
-488
-588
828
-821
-824
-825
-826
-829
-818
-838
-918
-928
-938
-858
958
-952
-953
-954
-955
-956
-959
853
-852
-854
-855
-856
-859
-873
-883
-893
-528
849
-841
-844
-845
-847
-749
-759
-949
-819
-839
-879
-889
-349
866
-862
-864
-865
-867
-756
-766
-966
-816
-836
-876
-886
-896
-566
895
-891
-892
-894
-897
-795
-995
-835
916
-911
-912
-914
-917
-919
-726
-736
-926
-936
-976
-986
-996
-316
-416
-516
-616
945
-941
-944
-947
741
-744
-745
-747
-755
-765
-965
-721
-731
-771
-791
-925
-935
-345
344
-354
-364
-314
-334
-544
-545
547
-567
-577
-587
-597
964
-962
-967
-754
752
-762
-764
767
-732
-772
-792
-737
-777
-797
-924
-934
-974
-994
-252
259
-359
-229
226
-236
-336
-276
-296
-239
237
-317
-337
-277
-297
817
-811
-812
-814
-837
-937
-877
-887
882
-872
-972
-982
-992
-832
932
-931
-939
-526
-626
-532
-632
-352
355
362
-365
-372
-382
-455
565
-564
435
-431
-433
-434
-436
-438
533
-534
-535
-536
-538
-539
-525
636
-631
-634
-639
-573
-583
-593
-656
654
-454
456
-476
-486
483
-473
-493
-496
-614
-624
-674
-694
-676
-696
725
-724
-729
-735
524
-529
-414
-514
-574
-594
114
-118
-134
138
-582
-983
987
-989
-977
-997
-387
386
-376
377
-677
697
-691
-692
-586
589
-579
-679
-519
-272
273
292
-293
-973
993
-991
491
-494
-471
-671
672
-572
-592
596
474
-478
-576
578
-411
418
-518
512
-612
-774
-874
871
-971
979
794
-796
776
-779
-734
739
834
-831
921
-929
-621
629
611
-619
-311
319
331
-339
