121
-122
-123
-124
-125
-126
-127
-128
-129
-111
-131
-211
-221
-231
-311
-321
-331
-141
-151
-161
-171
-181
-191
-421
-521
-621
-721
-821
-921
145
-142
-143
-144
-146
-147
-148
-149
-155
-165
-245
-255
-265
-345
-355
-365
-115
-135
-175
-185
-195
-445
-545
-645
-745
-845
-945
182
-183
-184
-186
-187
-188
-189
-172
-192
-272
-282
-292
-372
-382
-392
-112
-132
-152
-162
-482
-582
-682
-782
-882
-982
242
-241
-243
-244
-246
-247
-248
-249
-252
-262
-342
-352
-362
-212
-222
-232
-442
-542
-642
-742
-842
-942
276
-271
-273
-274
-275
-277
-278
-279
-176
-196
-286
-296
-376
-386
-396
-216
-226
-236
-256
-266
-476
-576
-676
-776
-876
-976
328
-322
-323
-324
-325
-326
-327
-329
-118
-138
-218
-228
-238
-318
-338
-348
-358
-368
-378
-388
-398
-428
-528
-628
-728
-828
-928
353
-351
-354
-356
-357
-359
-153
-163
-253
-263
-343
-363
-313
-333
-373
-383
-393
-453
-553
-653
-753
-853
-953
416
-411
-412
-413
-414
-415
-417
-418
-419
-426
-436
-516
-526
-536
-616
-626
-636
-446
-456
-466
-486
-496
-116
-316
-716
-816
-916
477
-471
-472
-473
-474
-475
-478
-479
-487
-497
-577
-587
-597
-677
-687
-697
-427
-437
-447
-457
-467
-177
-377
-777
-877
-977
558
-551
-552
-554
-555
-556
-557
-559
-448
-458
-468
-548
-568
-648
-658
-668
-518
-538
-578
-588
-598
-158
-258
-758
-858
-958
623
-622
-624
-625
-627
-629
-423
-433
-513
-523
-533
-613
-633
-643
-663
-673
-683
-693
-223
-723
-823
-923
714
-711
-712
-713
-715
-717
-718
-719
-724
-734
-814
-824
-834
-914
-924
-934
-744
-754
-764
-774
-784
-794
-114
-214
-314
-514
-614
747
-741
-743
-746
-748
-749
-757
-767
-847
-857
-867
-947
-957
-967
-727
-737
-787
-797
-347
-547
-647
766
-761
-762
-763
-765
-768
-769
-756
-846
-856
-866
-946
-956
-966
-726
-736
-786
-796
-166
-366
-566
-666
888
-881
-883
-884
-885
-886
-887
-889
-778
-788
-798
-878
-898
-978
-988
-998
738
-731
-732
-733
-735
-739
-818
-838
-918
-938
-848
-868
618
-611
-612
-615
-617
-619
-438
-638
-678
-688
-698
948
-941
-943
-944
-949
-968
178
-173
-174
-179
-198
-288
-298
-168
268
-261
-264
-267
-269
-488
498
-491
-492
-493
-494
-495
-499
891
-892
-893
-894
-895
-896
-897
-899
-771
-781
-791
-871
-971
-981
-991
751
-752
-755
-759
-841
-851
-861
-951
-961
-811
-831
-251
-451
-651
-291
281
-283
-284
-285
-287
-289
-371
-381
-391
-481
-581
-681
-591
-691
912
-911
-913
-915
-917
-919
931
-932
-933
-935
-936
-937
-939
-722
-812
-822
-832
-922
-952
-962
-972
-992
511
-512
-515
-517
-519
-431
-531
-631
-541
-561
-571
671
-672
-674
-675
-679
-641
-661
-312
332
-334
-335
-336
-337
-339
136
-133
-134
-137
-139
-156
346
-341
-344
-349
361
-364
-367
-369
-432
-532
-632
-836
826
-825
-827
-829
-926
441
-443
-444
-449
-461
-546
-646
656
-652
-654
-655
-657
-659
-686
-696
-113
193
-194
-197
-199
-293
-593
-793
-993
-117
119
-219
-229
-239
-319
-159
-169
259
-254
-257
-299
-819
157
-154
164
-167
-459
-859
-959
-464
-564
-664
-864
-964
213
-215
-217
-233
-813
833
-835
-837
-839
-843
-863
963
-965
-969
-873
817
-815
-927
-973
-983
315
-317
-225
-235
295
-294
-297
-375
-385
-395
543
-544
-549
-463
-563
483
-484
-485
-489
-573
-583
773
-772
-775
-779
-783
792
-795
-799
-872
572
-574
-575
-579
-592
-692
-522
422
-424
-425
-429
-452
-462
-562
662
-665
-667
-669
567
-565
-569
-527
-537
637
-634
-635
-639
227
-224
234
-237
524
-525
-529
-434
-534
454
-455
-644
649
465
-469
-435
439
535
-539
-584
-594
-585
-595
-689
-699
844
-849
-854
-954
955
-855
852
-862
-865
869
-874
875
-879
-785
789
-975
-985
-995
-979
974
-984
-994
-989
-999
725
-729
-925
929
-374
379
-389
-399
685
-684
694
-695
384
-387
-394
397
987
-986
996
-997
586
-589
-596
599
