132
-131
-133
-134
-135
-136
-137
-138
-139
-112
-122
-212
-222
-232
-312
-322
-332
-142
-152
-162
-172
-182
-192
-432
-532
-632
-732
-832
-932
163
-161
-164
-165
-166
-167
-168
-169
-143
-153
-243
-253
-263
-343
-353
-363
-113
-123
-173
-183
-193
-463
-563
-663
-763
-863
-963
257
-251
-252
-254
-255
-256
-258
-259
-147
-157
-247
-267
-347
-357
-367
-217
-227
-237
-277
-287
-297
-457
-557
-657
-757
-857
-957
284
-281
-282
-283
-285
-286
-288
-289
-174
-184
-194
-274
-294
-374
-384
-394
-214
-224
-234
-244
-264
-484
-584
-684
-784
-884
-984
296
-291
-292
-293
-295
-298
-299
-176
-186
-196
-276
-376
-386
-396
-216
-226
-236
-246
-266
-496
-596
-696
-796
-896
-996
369
-361
-362
-364
-365
-366
-368
-149
-159
-249
-269
-349
-359
-319
-329
-339
-379
-389
-399
-469
-569
-669
-769
-869
-969
372
-371
-373
-375
-377
-378
-272
-382
-392
-342
-352
-472
-572
-672
-772
-872
-972
387
-381
-383
-385
-388
-177
-187
-197
-397
-317
-327
-337
-487
-587
-687
-787
-887
-987
415
-411
-412
-413
-414
-416
-417
-418
-419
-425
-435
-515
-525
-535
-615
-625
-635
-445
-455
-465
-475
-485
-495
-115
-215
-315
-715
-815
-915
422
-421
-423
-424
-426
-427
-428
-429
-512
-522
-612
-622
-442
-452
-462
-482
-492
-722
-822
-922
456
-451
-453
-454
-458
-459
-446
-466
-546
-556
-566
-646
-656
-666
-436
-476
-486
-156
-356
-756
-856
-956
471
-473
-474
-477
-478
-479
-481
-491
-571
-581
-591
-671
-681
-691
-431
-441
-461
-171
-271
-771
-871
-971
528
-521
-523
-524
-526
-527
-529
-438
-518
-538
-618
-628
-638
-548
-558
-568
-578
-588
-598
-128
-228
-328
-728
-828
-928
534
-531
-533
-536
-537
-539
-434
-514
-614
-624
-634
-544
-554
-564
-574
-594
-334
-734
-834
-934
573
-575
-576
-577
-579
-483
-493
-583
-593
-673
-683
-693
-513
-543
-553
-273
393
-391
-395
-398
-313
-323
-333
-773
-873
-973
-793
-893
-993
586
-582
-585
-589
-676
-686
-516
-786
-886
-986
639
-631
-633
-636
-637
-439
-519
-619
-629
-649
-659
-679
-689
-699
-239
-739
-839
-939
658
-651
-652
-653
-654
-655
-448
-468
-648
-668
-678
-688
-698
-158
-358
-758
-858
-958
682
-685
-592
-692
-642
-662
-782
-882
-982
694
-695
-697
-494
-674
-644
-664
-794
-894
-994
724
-721
-723
-725
-726
-727
-729
-714
-814
-824
-914
-924
-744
-754
-764
-774
-124
-324
735
-731
-733
-736
-737
-738
-825
-835
-925
-935
-745
-755
-765
-775
-785
-795
-235
-335
747
-741
-742
-743
-746
-748
-749
-767
-847
-867
-947
-967
-717
-777
-797
-447
-547
-647
816
-811
-812
-813
-817
-818
-819
-716
-826
-836
-916
-926
-936
-846
-866
-876
-116
-316
-616
626
-621
-623
-627
-126
146
-141
-144
-145
-148
-346
-326
336
-331
-338
-946
827
-821
-823
-829
-837
-917
-927
-937
-877
-897
-127
117
-111
-114
-118
-119
314
-311
-318
154
-151
-155
-344
-354
348
-341
-345
-248
-268
-517
511
-611
-541
-551
-561
-211
-711
-911
-617
613
-433
437
443
-444
-449
-643
464
-467
-497
-213
-713
-913
-843
-943
-848
-948
-854
-954
-864
-964
852
-851
-853
-855
-859
-752
-762
-842
-862
-942
-952
-962
-892
-552
944
-941
-945
-949
-844
874
-875
-878
-879
-974
975
-976
-977
-978
-979
-885
-895
-985
-995
776
-778
-779
997
-991
-992
-998
-999
792
-791
-798
-799
-712
912
-918
-919
-766
966
-961
-965
-968
-955
-175
-275
-675
677
595
-597
-599
-545
-555
559
-549
542
-562
-565
567
-667
-242
262
-261
-265
849
-841
-845
865
-861
-868
768
-761
-759
-959
-718
719
-929
-788
-789
-889
-899
989
-981
-983
-988
938
-931
-933
-838
218
-219
-238
-278
279
-179
178
-188
-198
-189
-199
129
-121
-125
-229
355
-351
241
-245
-221
-231
233
321
-325
-223
225
-921
923
831
-833
-881
-891
898
781
-783
883
-888
-751
753
951
-953
-641
645
661
-665
-181
185
191
-195
488
-489
-498
499
