147
-141
-142
-143
-144
-145
-146
-148
-149
-157
-167
-247
-257
-267
-347
-357
-367
-117
-127
-137
-177
-187
-197
-447
-547
-647
-747
-847
-947
186
-181
-182
-183
-184
-185
-188
-189
-176
-196
-276
-286
-296
-376
-386
-396
-116
-126
-136
-156
-166
-486
-586
-686
-786
-886
-986
198
-191
-192
-193
-194
-195
-199
-178
-278
-288
-298
-378
-388
-398
-118
-128
-138
-158
-168
-498
-598
-698
-798
-898
-998
214
-211
-212
-213
-215
-216
-217
-218
-219
-114
-124
-134
-224
-234
-314
-324
-334
-244
-254
-264
-274
-284
-294
-414
-514
-614
-714
-814
-914
271
-272
-273
-275
-277
-279
-171
-281
-291
-371
-381
-391
-221
-231
-241
-251
-261
-471
-571
-671
-771
-871
-971
335
-331
-332
-333
-336
-337
-338
-339
-115
-125
-135
-225
-235
-315
-325
-345
-355
-365
-375
-385
-395
-435
-535
-635
-735
-835
-935
349
-341
-342
-343
-344
-346
-348
-159
-169
-249
-259
-269
-359
-369
-319
-329
-379
-389
-399
-449
-549
-649
-749
-849
-949
428
-421
-422
-423
-424
-425
-426
-427
-429
-418
-438
-518
-528
-538
-618
-628
-638
-448
-458
-468
-478
-488
-228
-328
-728
-828
-928
441
-442
-443
-444
-445
-446
-451
-461
-541
-551
-561
-641
-651
-661
-411
-431
-481
-491
-741
-841
-941
483
-482
-484
-485
-487
-489
-473
-493
-573
-583
-593
-673
-683
-693
-413
-433
-453
-463
-283
-383
-783
-883
-983
512
-511
-513
-515
-516
-517
-519
-412
-432
-522
-532
-612
-622
-632
-542
-552
-562
-572
-582
-592
-112
-312
-712
-812
-912
575
-574
-576
-577
-578
-579
-475
-495
-585
-595
-675
-685
-695
-525
-545
-555
-565
-175
-775
-875
-975
755
-751
-752
-753
-754
-756
-757
-758
-759
-745
-765
-845
-855
-865
-945
-955
-965
-715
-725
-785
-795
-155
165
-161
-162
-163
-164
-245
-255
-265
645
-642
-643
-644
-646
-648
-455
-465
-655
-665
415
-416
-417
-419
-615
-625
-815
-915
762
-761
-763
-764
-766
-767
-768
-769
-742
-842
-852
-862
-942
-952
-962
-722
-732
-772
-782
-792
242
-243
-246
-248
-152
-252
-262
-352
-362
-222
-232
-282
-292
-462
-662
827
-821
-822
-823
-824
-825
-826
-829
925
-921
-922
-923
-924
-926
-927
-929
-717
-727
-737
-817
-837
-917
-937
-857
-867
-877
-887
-897
-985
-995
-227
-327
-527
-627
896
-891
-892
-893
-894
-895
-899
885
-881
-882
-884
-888
-889
-776
-796
-876
-976
-996
-816
-836
-846
-856
-866
-285
295
-293
-297
-299
-496
-596
-696
954
-951
-953
-956
-957
-958
-959
-744
-844
-854
-864
-944
-964
967
-961
-963
-966
-968
-969
-934
-974
-984
-994
-977
-987
-997
544
-543
-546
-548
-454
-464
-554
-564
-654
-664
-524
-534
-584
-594
-154
174
-172
-173
-179
-374
-384
-394
289
-287
237
-233
-236
-238
-239
-317
318
-311
-313
-316
-229
-358
-368
617
-611
-613
-616
-619
-437
-537
-637
-657
-667
-677
-687
-697
-718
-818
-918
-354
364
-361
-363
-366
861
-863
-868
-869
-851
859
-853
-858
-811
-831
-819
813
-713
-723
-733
-833
-913
-933
-843
848
-748
-948
-873
-838
-878
-839
-879
-113
-459
-559
-659
-467
-567
-474
-674
-774
-874
872
-972
-982
-992
-832
834
932
-931
-936
-938
-939
-724
-734
738
-731
-736
-739
-778
-788
624
-621
-623
-626
-629
-434
-634
494
-492
-497
-499
-684
-694
-132
122
-121
-123
-129
-322
-372
-472
452
-456
-457
-652
557
-553
-556
-558
477
-476
-479
676
-672
-678
-679
-587
-597
-636
-656
-666
-377
373
-393
-323
-353
-773
-973
-777
779
-789
-799
-979
978
-988
-989
981
-781
-791
-991
-999
993
-793
743
-746
-943
946
-719
-729
919
-911
-916
716
-711
721
-726
111
-119
-131
-321
326
-226
223
-133
139
-151
153
351
-356
-253
-263
-521
-523
-526
529
-439
436
-536
-539
-639
-466
469
566
-563
-568
-569
-669
533
-531
631
-633
588
-581
-589
-688
591
-599
-681
-691
-653
658
663
-668
256
-258
-266
268
784
-787
-794
797
387
-382
392
-397
682
-689
-692
699
