135
-131
-132
-133
-134
-136
-137
-138
-139
-115
-125
-215
-225
-235
-315
-325
-335
-145
-155
-165
-175
-185
-195
-435
-535
-635
-735
-835
-935
274
-271
-272
-273
-275
-276
-277
-278
-279
-174
-184
-194
-284
-294
-374
-384
-394
-214
-224
-234
-244
-254
-264
-474
-574
-674
-774
-874
-974
296
-291
-292
-293
-295
-297
-298
-299
-176
-186
-196
-286
-376
-386
-396
-216
-226
-236
-246
-256
-266
-496
-596
-696
-796
-896
-996
321
-322
-323
-324
-326
-327
-328
-329
-111
-121
-211
-221
-231
-311
-331
-341
-351
-361
-371
-381
-391
-421
-521
-621
-721
-821
-921
345
-342
-343
-344
-346
-347
-348
-349
-245
-255
-265
-355
-365
285
-281
-282
-283
-287
-288
-289
-375
-385
-395
-445
-545
-645
-745
-845
-945
-485
-585
-685
-785
-885
-985
368
-362
-363
-364
-366
-367
-369
-148
-158
-168
-248
-258
-268
-358
-318
-338
-378
-388
-398
-468
-568
-668
-768
-868
-968
397
-392
-393
-399
-177
-187
-197
-377
-387
-317
-337
-357
-497
-597
-697
-797
-897
-997
439
-431
-432
-433
-434
-436
-437
-438
-419
-429
-519
-529
-539
-619
-629
-639
-449
-459
-469
-479
-489
-499
-239
-339
-739
-839
-939
458
-451
-452
-453
-454
-455
-456
-457
-448
-548
-558
-648
-658
-418
-428
-478
-488
-498
-758
-858
-958
482
-481
-483
-484
-486
-487
-472
-492
-572
-582
-592
-672
-682
-692
-412
-422
-442
-462
-182
-382
-782
-882
-982
516
-511
-512
-513
-514
-515
-517
-518
-416
-426
-526
-536
-616
-626
-636
-546
-556
-566
-576
-586
-116
-316
-716
-816
-916
522
-523
-524
-525
-527
-528
-532
-612
-622
-632
-542
-552
-562
-122
-222
-722
-822
-922
569
-561
-563
-564
-565
-567
-549
-559
-649
-659
-669
-579
-589
-599
-169
-269
-769
-869
-969
694
-691
-693
-695
-698
-699
-494
-584
-594
-684
-614
-624
-634
-644
-654
-664
-794
-894
-994
752
-751
-753
-754
-755
-756
-757
-759
-742
-762
-842
-852
-862
-942
-952
-962
-712
-732
-772
-792
-152
-252
-352
-652
828
-823
-824
-825
-826
-827
-829
-718
-728
-738
-818
-838
-918
-928
-938
-848
-878
-888
-898
-128
-228
-628
864
-861
-863
-865
-866
-867
-744
-764
-844
-854
-944
-954
-964
-814
-834
-884
-164
-464
911
-912
-913
-914
-915
-917
-919
-711
-731
-811
-831
-931
-941
-951
-961
-971
-981
-991
-411
-611
927
-923
-924
-925
-926
-929
-717
-727
-737
-817
-837
-937
-947
-957
-967
-977
-987
-127
-227
-427
-627
963
-965
-966
-743
-763
-843
-853
-943
-953
-933
-973
-983
-993
-163
-263
-463
-663
978
-972
-975
-976
-979
-778
-788
-798
-988
-998
748
-741
-746
-747
-749
-948
-178
-578
-678
989
-984
-986
784
-781
-783
-786
-787
-789
-779
-799
-879
-889
-899
-999
-714
-724
-734
934
-932
-936
992
-995
-872
-892
955
-956
-959
-765
-855
946
-949
-766
-846
-856
-334
-534
-146
-446
-646
-555
-655
-189
-389
383
-173
-183
-193
-373
-313
-333
-353
-583
-683
-883
-689
679
-671
-673
-675
-676
-677
-179
-379
372
-172
171
-181
188
-191
-192
-198
199
-141
-151
-161
-118
-119
-129
-149
-159
-312
-332
336
-126
-356
726
-723
-725
-729
-736
733
-713
-813
-833
-836
832
-812
-773
-793
-776
719
-715
815
-819
-875
-895
-415
-615
-219
-319
314
-114
-124
123
-113
-213
-223
229
-233
-143
-153
-249
-259
359
-354
-414
424
-423
-425
625
-623
-444
-665
465
-461
-466
-467
-475
-495
476
-471
-473
-477
-686
-232
-533
-633
849
-841
-847
-859
-571
-771
-871
-876
886
-881
-887
-588
-688
598
-591
-593
-595
575
-573
-577
493
-491
441
-443
-447
-541
-551
-641
-651
-661
-413
417
613
-617
-618
-537
-637
-538
531
-631
638
-581
587
681
-687
-547
-557
-643
-653
-117
112
-212
-142
-162
-217
218
237
-238
-247
-257
-267
-241
873
-877
-893
891
-791
795
-775
777
761
-767
-851
857
251
-253
-261
262
-242
243
642
-647
-662
-543
544
553
-554
-144
147
154
-156
-157
166
-167
656
-657
-666
667
