122
-121
-123
-124
-125
-126
-127
-128
-129
-112
-132
-212
-222
-232
-312
-322
-332
-142
-152
-162
-172
-182
-192
-422
-522
-622
-722
-822
-922
155
-151
-153
-154
-156
-157
-158
-159
-145
-165
-245
-255
-265
-345
-355
-365
-115
-135
-175
-185
-195
-455
-555
-655
-755
-855
-955
188
-181
-183
-184
-186
-187
-189
-178
-198
-278
-288
-298
-378
-388
-398
-118
-138
-148
-168
-488
-588
-688
-788
-888
-988
263
-261
-262
-264
-266
-267
-268
-269
-143
-163
-243
-253
-343
-353
-363
-213
-223
-233
-273
-283
-293
-463
-563
-663
-763
-863
-963
281
-282
-284
-285
-286
-287
-289
-171
-191
-271
-291
-371
-381
-391
-211
-221
-231
-241
-251
-481
-581
-681
-781
-881
-981
328
-321
-323
-324
-325
-326
-327
-329
-218
-228
-238
-318
-338
-348
-358
-368
-428
-528
-628
-728
-828
-928
342
-341
-344
-346
-347
-349
-242
-252
-352
-362
-372
-382
-392
-442
-542
-642
-742
-842
-942
369
-361
-364
-366
-367
-149
-169
-249
-259
-359
-319
-339
-379
-389
-399
-469
-569
-669
-769
-869
-969
373
-374
-375
-376
-377
-173
-193
-383
-393
-313
-333
-473
-573
-673
-773
-873
-973
419
-411
-412
-413
-414
-415
-416
-417
-418
-429
-439
-519
-529
-539
-619
-629
-639
-449
-459
-479
-489
-499
-119
-219
-719
-819
-919
432
-431
-433
-434
-435
-436
-437
-438
-512
-532
-612
-632
-452
-462
-472
-482
-492
-732
-832
-932
454
-451
-453
-456
-457
-458
-444
-464
-544
-554
-564
-644
-654
-664
-424
-474
-484
-494
-254
-354
-754
-854
-954
487
-483
-485
-486
-477
-497
-577
-587
-597
-677
-687
-697
-427
-447
-467
-387
-787
-887
-987
625
-621
-623
-624
-626
-627
-425
-515
-525
-535
-615
-635
-645
-665
-675
-685
-695
-225
-725
-825
-925
652
-651
-653
-656
-657
-658
-659
-552
-562
-662
-672
-682
-692
-752
-852
-952
674
-671
-676
-678
-679
-574
-584
-594
-684
-694
-614
-634
-174
-274
-774
-874
-974
698
-691
-693
-696
-699
-478
-498
-578
-598
-618
-638
-648
-668
-798
-898
-998
731
-733
-734
-735
-736
-737
-738
-739
-711
-721
-811
-821
-831
-911
-921
-931
-741
-751
-761
-771
-791
-131
-331
-531
-631
746
-743
-744
-745
-747
-748
-749
-756
-766
-846
-856
-866
-946
-956
-966
-716
-726
-776
-786
-796
-146
-246
-446
-546
-646
764
-762
-765
-767
-768
-844
-864
-944
-964
-714
-724
-784
-794
-164
783
-782
-785
-789
-793
-883
-893
-983
-993
-713
-723
-753
-583
-683
826
-823
-824
-827
-829
-816
-836
-916
-926
-936
-876
-886
-896
-226
-426
-526
845
-841
-843
-847
-848
-849
-865
-945
-965
-815
-835
-875
-885
-895
-445
-545
923
-924
-927
-929
-813
-833
-913
-933
853
-851
-857
-858
-859
-943
-953
-423
421
-511
-521
-611
-441
-461
-471
-491
-523
-553
957
-951
-958
-959
-757
-867
-947
-967
-917
-937
-977
-997
-257
-357
-557
984
-982
-985
-986
-989
-884
-894
-994
-914
-934
-384
111
-113
-114
-116
-117
-311
133
-134
-136
-137
-139
-141
-161
351
-356
-533
-633
-551
144
-147
-244
-194
166
-167
-256
258
247
-248
-176
-196
-217
-227
-237
-277
-297
-547
-647
556
-558
-559
-466
-566
-666
-516
-536
-576
-586
-596
-758
759
-949
-729
727
-717
-817
-837
-777
-797
-779
-799
-527
524
-514
-534
-224
229
-239
-279
-299
177
-179
-197
199
-397
-877
897
-891
-892
-899
-599
-999
-214
-215
216
-236
-316
-336
-276
-296
-616
636
-637
-686
689
-579
-589
549
-541
-543
-548
-649
386
-385
-396
585
-582
-475
476
-495
-575
-595
-496
493
-593
-443
448
643
-641
-468
465
-565
-568
513
-517
-518
-613
617
-537
538
567
-561
661
-667
-317
337
-334
-335
-838
-938
941
-948
-861
-961
871
-872
-878
-879
-971
-991
-571
572
591
-592
-272
275
292
-294
-295
394
-395
234
-235
-314
315
814
-812
-818
-834
839
-939
935
-715
-915
868
-862
962
-968
882
-889
-772
-792
795
-972
-992
-775
778
-975
-995
996
-976
-978
979
712
-718
-912
918
