174
-171
-172
-173
-175
-176
-177
-178
-179
-184
-194
-274
-284
-294
-374
-384
-394
-114
-124
-134
-144
-154
-164
-474
-574
-674
-774
-874
-974
229
-221
-222
-223
-224
-225
-226
-227
-228
-119
-129
-139
-219
-239
-319
-329
-339
-249
-259
-269
-279
-289
-299
-429
-529
-629
-729
-829
-929
237
-231
-232
-233
-234
-235
-236
-238
-117
-127
-137
-217
-317
-327
-337
-247
-257
-267
-277
-287
-297
-437
-537
-637
-737
-837
-937
254
-251
-252
-253
-255
-256
-258
-244
-264
-344
-354
-364
-214
-454
-554
-654
-754
-854
-954
296
-291
-292
-293
-295
-298
-186
-196
-276
-286
-376
-386
-396
-216
-246
-266
-496
-596
-696
-796
-896
-996
331
-332
-333
-334
-335
-336
-338
-111
-121
-131
-211
-311
-321
-341
-351
-361
-371
-381
-391
-431
-531
-631
-731
-831
-931
343
-342
-345
-346
-347
-348
-349
-143
-153
-163
-243
-263
-353
-363
-313
-323
-373
-383
-393
-443
-543
-643
-743
-843
-943
365
-362
-366
-367
-368
-369
-145
-155
-165
-245
-265
-355
-315
-325
-375
-385
-395
-465
-565
-665
-765
-865
-965
377
-372
-378
-379
-187
-197
-387
-397
-357
-477
-577
-677
-777
-877
-977
433
-432
-434
-435
-436
-438
-439
-413
-423
-513
-523
-533
-613
-623
-633
-453
-463
-473
-483
-493
-133
-733
-833
-933
447
-441
-442
-444
-445
-446
-448
-449
-457
-467
-547
-557
-567
-647
-657
-667
-417
-427
-487
-497
-147
-747
-847
-947
459
-451
-452
-455
-456
-458
-469
-549
-559
-569
-649
-659
-669
-419
-479
-489
-499
-159
-359
-759
-859
-959
518
-511
-512
-514
-515
-516
-517
-519
-418
-428
-528
-538
-618
-628
-638
-548
-558
-568
-578
-588
-598
-118
-218
-318
-718
-818
-918
594
-591
-592
-593
-595
-597
-599
-484
-494
-584
-684
-694
-524
-534
-544
-564
-794
-894
-994
653
-651
-652
-655
-656
-658
-553
-563
-663
-673
-683
-693
-753
-853
-953
666
-661
-662
-664
-668
-466
-546
-556
-566
-646
-616
-626
-636
-676
-686
-166
-766
-866
-966
671
-672
-675
-678
-679
-471
-481
-491
-571
-581
-681
-691
-611
-621
-641
-271
-771
-871
-971
736
-732
-734
-735
-738
-739
-716
-726
-816
-826
-836
-916
-926
-936
-746
-756
-776
-786
-136
-536
741
-742
-744
-745
-748
-749
-751
-761
-841
-851
-861
-941
-951
-961
-711
-721
-781
-791
-141
-241
-541
762
-763
-764
-767
-768
-769
-752
-842
-852
-862
-942
-952
-962
-712
-722
-772
-782
-792
-162
-262
-462
-562
561
-461
-551
-521
151
-152
-156
-157
-158
-161
-261
268
167
-168
-169
-148
-248
242
-142
-352
-358
356
-146
149
-181
-191
281
-282
-283
-285
-288
-189
-199
-212
-272
-278
-316
-326
-542
545
-555
552
-642
-645
-522
-532
-572
-582
-525
-535
539
-619
-639
-575
-585
-579
-589
-839
-939
-845
-945
-849
-949
-856
-956
-867
-967
-468
464
-644
648
-414
-424
-688
-698
-848
-948
-864
-964
-868
-968
-881
-981
779
-773
-775
-778
-789
-799
-879
-889
-899
-979
-989
-999
-719
815
-811
-812
-813
-814
-817
-819
-715
-725
-825
-835
-915
-925
-935
919
-911
-912
-913
-914
-917
-855
-875
-885
-895
869
-863
963
-969
-923
-973
-983
-993
411
-412
-415
-416
-421
-115
-215
213
-113
-123
-273
275
-185
-195
-713
-615
116
-112
-126
-475
-975
858
-857
-758
-958
-828
-838
-878
-888
-898
876
-872
-873
-886
-976
-986
-846
844
-944
946
-824
-834
832
-822
-922
-932
-882
-892
-884
-132
-632
573
-576
-583
-476
883
-887
-783
-793
-893
723
-724
-727
-728
-823
-183
193
-192
-198
934
-938
-714
717
-924
-827
821
-921
-927
928
784
-785
-787
-788
-984
-757
755
-955
957
-795
-797
798
-978
972
-982
-992
-988
-998
-891
897
991
-995
-997
985
-987
-617
-128
-328
138
-135
125
-122
182
-188
-382
-392
-425
-625
635
-634
-685
-695
-472
478
-488
-498
-482
-682
-485
486
495
-492
692
-697
-699
-586
587
-687
689
422
-426
-612
614
-622
-624
627
526
-527
312
-314
-322
324
388
-389
-398
399
