171
-172
-173
-174
-175
-176
-177
-178
-179
-181
-191
-271
-281
-291
-371
-381
-391
-111
-121
-131
-141
-151
-161
-471
-571
-671
-771
-871
-971
256
-251
-252
-253
-254
-255
-257
-258
-259
-146
-156
-166
-246
-266
-346
-356
-366
-216
-226
-236
-276
-286
-296
-456
-556
-656
-756
-856
-956
323
-321
-322
-324
-325
-326
-327
-328
-329
-113
-123
-133
-213
-223
-233
-313
-333
-343
-353
-363
-373
-383
-393
-423
-523
-623
-723
-823
-923
358
-351
-352
-354
-355
-357
-359
-148
-158
-168
-248
-268
-348
-368
-318
-338
-378
-388
-398
-458
-558
-658
-758
-858
-958
369
-361
-362
-364
-365
-367
-149
-159
-169
-249
-269
-349
-319
-339
-379
-389
-399
-469
-569
-669
-769
-869
-969
396
-392
-394
-395
-397
-186
-196
-376
-386
-316
-336
-496
-596
-696
-796
-896
-996
432
-431
-433
-434
-435
-436
-437
-438
-439
-412
-422
-512
-522
-532
-612
-622
-632
-442
-452
-462
-472
-482
-492
-132
-232
-332
-732
-832
-932
467
-461
-463
-464
-465
-466
-468
-447
-457
-547
-557
-567
-647
-657
-667
-417
-427
-477
-487
-497
-167
-267
-767
-867
-967
534
-531
-533
-535
-536
-537
-538
-539
-414
-424
-514
-524
-614
-624
-634
-544
-554
-564
-574
-584
-594
-134
-234
-334
-734
-834
-934
576
-572
-573
-575
-577
-578
-579
-476
-486
-586
-676
-686
-516
-526
-546
-566
-776
-876
-976
649
-641
-642
-643
-644
-645
-646
-648
-449
-459
-549
-559
-659
-619
-629
-639
-679
-689
-699
-749
-849
-949
651
-652
-653
-654
-655
-441
-451
-541
-551
-561
-661
-611
-621
-631
-681
-691
-751
-851
-951
664
-662
-663
-665
-666
-668
-444
-454
446
-443
-445
-448
-416
-426
-674
-684
-694
-746
-846
-946
-164
-264
-764
-864
-964
695
-692
-693
-697
-698
-475
-485
-495
-585
-595
-675
-685
-615
-625
-635
-195
-295
-795
-895
-995
818
-811
-812
-813
-814
-815
-816
-817
-819
-718
-728
-738
-828
-838
-918
-928
-938
-848
-868
-878
-888
-898
-118
-218
-418
-518
-618
825
-821
-822
-824
-826
-827
-829
-715
-725
-735
-835
-915
-925
-935
-845
-855
-865
-875
-885
-125
-225
-425
-525
877
-872
-873
-874
-879
-777
-787
-797
-887
-897
-977
-987
-997
-837
-847
-857
-277
-377
-677
889
-881
-882
-883
-884
-886
-779
-789
-799
-899
-979
-989
-999
-839
-859
-189
-289
-489
-589
916
-911
-912
-913
-914
-917
-919
-716
-726
-736
-836
-926
-936
866
-861
-862
-863
-766
-966
786
-781
-782
-783
-784
-785
-788
-986
-116
-616
929
-921
-922
-924
-927
-719
-729
-739
-939
759
-752
-753
-754
-755
-757
-959
-129
-229
-429
-529
943
-941
-942
-944
-945
-947
-948
-743
-763
-843
-853
-953
-963
-933
-973
-983
-993
-143
-243
-543
952
-954
-955
-957
-742
-762
-842
-852
854
-962
-744
-844
841
-741
-761
-961
747
-745
-748
-717
-727
-737
937
-931
-831
833
-713
-733
731
-711
-721
-791
-891
892
-893
-894
-772
-792
-972
-982
-992
-231
-331
-633
-137
-237
-337
335
-115
-135
-215
-235
-315
-345
-375
-385
-637
-241
-341
261
-262
-263
-265
-211
-221
311
-312
-314
-317
-411
-511
-147
-247
-347
157
-152
-153
-154
-155
163
-162
-165
-183
-193
-117
-127
-187
-197
387
-382
-384
-287
-297
548
-542
-545
-568
-528
-588
-598
-552
562
-563
-565
-582
-592
-587
-687
597
-591
-593
-599
-517
-527
521
-421
428
-628
-638
636
-626
627
-617
613
-413
-513
-478
-488
-498
-581
583
-473
-483
-493
-673
-683
453
-455
-553
555
415
-419
-515
519
217
-212
-214
-219
-227
-119
126
-122
-124
-128
-136
-228
-283
-192
-292
985
-981
-984
-988
991
-994
-998
-775
-975
765
-768
-965
968
974
-978
-774
-794
-274
-374
372
-182
-272
-282
-342
344
-144
-244
-672
678
682
-688
-474
479
-499
275
-273
-278
-279
293
-294
-298
-299
-185
-285
199
-194
-198
145
-142
242
-245
112
-114
-222
224
184
-188
-284
288
138
-139
-238
239
-712
714
722
-724
773
-778
-793
798
481
-484
-491
494
