133
-131
-132
-134
-135
-136
-137
-138
-139
-113
-123
-213
-223
-233
-313
-323
-333
-143
-153
-163
-173
-183
-193
-433
-533
-633
-733
-833
-933
179
-171
-172
-174
-175
-176
-177
-178
-189
-199
-279
-289
-299
-379
-389
-399
-119
-129
-149
-159
-169
-479
-579
-679
-779
-879
-979
188
-181
-182
-184
-185
-186
-187
-198
-278
-288
-298
-378
-388
-398
-118
-128
-148
-158
-168
-488
-588
-688
-788
-888
-988
196
-191
-192
-194
-195
-197
-276
-286
-296
-376
-386
-396
-116
-126
-146
-156
-166
-496
-596
-696
-796
-896
-996
231
-232
-234
-235
-236
-237
-238
-239
-111
-121
-211
-221
-311
-321
-331
-241
-251
-261
-271
-281
-291
-431
-531
-631
-731
-831
-931
258
-252
-253
-254
-255
-256
-257
-259
-248
-268
-348
-358
-368
-218
-228
-458
-558
-658
-758
-858
-958
343
-341
-342
-344
-345
-346
-347
-349
-243
-263
-353
-363
-373
-383
-393
-443
-543
-643
-743
-843
-943
414
-411
-412
-413
-415
-416
-417
-418
-419
-424
-434
-514
-524
-534
-614
-624
-634
-444
-454
-464
-474
-484
-494
-114
-214
-314
-714
-814
-914
425
-421
-422
-423
-426
-427
-428
-429
-435
-515
-525
-535
-615
-625
-635
-445
-455
-465
-475
-485
-495
-125
-225
-325
-725
-825
-925
439
-432
-436
-437
-438
-519
-529
-539
-619
-629
-639
-449
-459
-469
-489
-499
-339
-739
-839
-939
482
-481
-483
-486
-487
-472
-492
-572
-582
-592
-672
-682
-692
-442
-452
-462
-282
-382
-782
-882
-982
512
-511
-513
-516
-517
-518
-522
-532
-612
-622
-632
-542
-552
-562
-112
-212
-312
-712
-812
-912
548
-541
-544
-545
-546
-547
-549
-448
-468
-568
-648
-668
-528
-538
-578
-598
-748
-848
-948
554
-551
-553
-555
-556
-557
-559
-564
-644
-654
-664
-574
-584
-594
-154
-354
-754
-854
-954
577
-571
-573
-575
-576
-477
-497
-587
-597
-677
-687
-697
-527
-537
536
-526
-616
-626
-636
-566
-586
-567
-336
-736
-836
-936
-277
-377
-777
-877
-977
671
-673
-674
-675
-676
-678
-471
-491
-581
-591
-681
-691
-611
-621
521
-523
-561
-641
-651
-661
-721
-821
-921
-371
-771
-871
-971
724
-722
-723
-726
-727
-728
-729
-734
-824
-834
-924
-934
-744
-764
-774
-784
-794
-124
-224
-324
334
-332
-335
-337
-338
-364
-374
-384
-394
751
-752
-753
-755
-756
-757
-759
-741
-761
-841
-851
-861
-941
-951
-961
-711
-781
-791
-151
-351
-451
775
-772
-773
-776
-778
-785
-795
-875
-885
-895
-975
-985
-995
-715
-735
-745
-765
-275
-375
372
-272
-292
-392
-322
-352
-362
-872
-972
849
-842
-844
-845
-846
-847
-749
-769
-859
-869
-949
-959
-969
-819
-829
-889
-899
-249
-649
866
-862
-863
-864
-865
-867
-868
-746
-766
-856
-946
-956
-966
-816
-826
-876
-886
-266
-366
-466
-666
887
-881
-883
-884
-787
-797
-897
-987
-997
-817
-827
-837
-857
-287
-387
916
-911
-913
-915
-917
-918
-919
811
-813
-815
-818
-716
-926
786
-783
-789
-976
-986
-891
-216
-316
476
-473
-478
-686
-446
-456
498
-493
-698
-798
-898
-998
944
-942
-945
-947
-964
-974
-984
-994
-144
164
-161
-162
-165
-167
-244
-264
141
-142
-145
-147
-361
-441
447
461
-463
-467
-457
453
-563
-653
-663
-647
-657
-667
-247
-747
742
-762
-852
-952
-962
-732
-792
-242
-642
-853
855
-955
-965
-835
935
-932
-937
-938
832
-838
-822
-922
-892
992
-991
-993
-999
981
-983
-989
799
-793
-719
929
-923
-927
-928
-229
-329
-953
957
-767
-967
-155
115
-117
-215
-315
-355
-655
-157
152
-262
-122
127
222
-226
-227
326
-327
-328
-217
219
-317
318
-319
246
-245
-356
-269
-618
-718
-627
645
-646
-565
569
-665
656
-652
-659
662
-669
-589
-599
-685
-695
-357
359
-369
-381
385
391
-395
-397
-285
-295
297
-293
-294
265
-267
-365
367
-585
583
-593
595
-683
-693
-283
284
273
-274
-873
-973
978
893
-894
874
-878
-823
828
713
-717
737
-738
-763
768
963
-968
-613
617
623
-628
-637
638
-684
689
694
-699
