146
-141
-142
-143
-144
-145
-147
-148
-149
-156
-166
-246
-256
-266
-346
-356
-366
-116
-126
-136
-176
-186
-196
-446
-546
-646
-746
-846
-946
154
-151
-152
-153
-155
-157
-158
-159
-164
-244
-254
-264
-344
-354
-364
-114
-124
-134
-174
-184
-194
-454
-554
-654
-754
-854
-954
229
-221
-222
-223
-224
-225
-226
-227
-228
-119
-129
-139
-219
-239
-319
-329
-339
-249
-259
-269
-279
-289
-299
-429
-529
-629
-729
-829
-929
274
-271
-272
-273
-275
-276
-277
-278
-284
-294
-374
-384
-394
-214
-234
-474
-574
-674
-774
-874
-974
288
-281
-282
-283
-285
-286
-287
-178
-188
-198
-298
-378
-388
-398
-218
-238
-248
-258
-268
-488
-588
-688
-788
-888
-988
314
-311
-312
-313
-315
-316
-317
-318
-324
-334
-414
-514
-614
-714
-814
-914
359
-351
-352
-353
-355
-357
-358
-169
-349
-369
-379
-389
-399
-459
-559
-659
-759
-859
-959
368
-361
-362
-363
-365
-367
-168
-348
-328
-338
-468
-568
-668
-768
-868
-968
373
-371
-372
-375
-376
-377
-173
-183
-193
-293
-383
-393
-323
-333
-343
-473
-573
-673
-773
-873
-973
382
-381
-385
-386
-387
-172
-182
-192
-292
-392
-322
-332
-342
-482
-582
-682
-782
-882
-982
424
-421
-422
-423
-425
-426
-427
-428
-434
-524
-534
-624
-634
-444
-464
-484
-494
-724
-824
-924
457
-451
-452
-453
-455
-456
-458
-447
-467
-547
-557
-567
-647
-657
-667
-417
-437
-477
-487
-497
-257
-757
-857
-957
476
-471
-472
-475
-478
-479
-486
-496
-576
-586
-596
-676
-686
-696
-416
-436
-466
-776
-876
-976
521
-522
-523
-525
-526
-527
-528
-411
-431
-511
-531
-611
-621
-631
-541
-551
-561
-571
-581
-591
-121
-321
-721
-821
-921
556
-552
-553
-555
-558
-566
-656
-666
-516
-536
-756
-856
-956
589
-583
-584
-585
-587
-489
-499
-579
-599
-679
-689
-699
-519
-539
-549
-569
-189
-789
-889
-989
635
-632
-633
-636
-637
-638
-639
-415
-435
-515
-535
-615
-625
-645
-655
-665
-675
-685
-695
-135
-235
-335
-735
-835
-935
658
-651
-652
-653
-448
-548
-648
-618
-628
-678
-698
-758
-858
-958
687
-681
-683
-684
-577
-597
-677
-697
-617
-627
-187
-787
-887
-987
723
-722
-725
-726
-727
-728
-713
-733
-813
-823
-833
-913
-923
-933
-743
-753
-763
-783
-793
-123
-623
736
-731
-732
-734
-737
-738
-739
-716
-816
-826
-836
-916
-926
-936
-766
-786
-796
-236
-336
741
-742
-744
-745
-747
-748
-749
-751
-761
-841
-851
-861
-941
-951
-961
-711
-771
-781
-791
-241
-341
-441
-641
251
-252
-253
-255
-161
-261
-211
-231
-291
752
-755
-762
-842
-852
-862
-942
-952
-962
-712
-772
-792
798
-794
-795
-797
-799
-778
-878
-898
-978
-998
-718
578
-572
-575
-498
-598
-518
-538
827
-822
-825
-828
-717
-817
-837
-917
-927
-937
-847
-867
-877
-897
-127
-327
834
-831
-832
-838
-839
-934
-844
-864
-884
-894
881
-883
-885
-886
-871
-891
-971
-981
-991
-811
-181
185
-175
-195
-295
-395
-115
-125
-165
-481
-485
483
-493
-593
-693
-413
-433
-443
-463
-983
-785
784
-984
-994
-764
-985
986
-896
-996
866
-863
-865
-869
-966
953
-955
-843
-853
855
-943
-963
-765
-845
-945
-965
893
-892
-895
-899
-993
-815
-875
964
-967
-969
-944
-564
-664
-111
911
-912
-915
-918
-919
-931
-112
113
-117
-118
-133
-213
-233
-163
-513
-613
533
-532
-537
517
-512
-543
-563
-217
-122
128
-138
-928
131
-132
-137
-331
337
-237
232
-212
-171
-191
391
-396
-397
296
-297
162
-167
-242
-262
-216
215
-325
326
-245
-265
345
-347
-715
719
925
-922
-819
-939
775
-777
-779
-975
-995
767
-769
-947
616
-612
-619
-626
622
-412
-432
-642
-662
-672
671
-491
-691
461
-462
-465
-469
-661
-692
694
-594
544
-542
-545
-644
812
-818
-932
938
-872
879
-979
-999
848
-849
-948
949
418
-419
-438
439
-449
442
-445
-562
565
-492
495
592
-595
247
-243
263
-267
643
-649
-663
669
972
-977
-992
997
177
-179
-197
199
