145
-141
-142
-143
-144
-146
-147
-148
-149
-155
-165
-245
-255
-265
-345
-355
-365
-115
-125
-135
-175
-185
-195
-445
-545
-645
-745
-845
-945
183
-181
-182
-184
-186
-187
-188
-189
-173
-193
-273
-283
-293
-373
-383
-393
-113
-123
-133
-153
-163
-483
-583
-683
-783
-883
-983
218
-211
-212
-213
-214
-215
-216
-217
-219
-118
-128
-138
-228
-238
-318
-328
-338
-248
-258
-268
-278
-288
-298
-418
-518
-618
-718
-818
-918
251
-252
-253
-254
-256
-257
-259
-151
-161
-241
-261
-341
-351
-361
-221
-231
-271
-281
-291
-451
-551
-651
-751
-851
-951
387
-381
-382
-384
-385
-386
-388
-389
-177
-197
-277
-287
-297
-377
-397
-317
-327
-337
-347
-357
-367
-487
-587
-687
-787
-887
-987
454
-452
-453
-455
-456
-457
-458
-459
-444
-464
-544
-554
-564
-644
-654
-664
-414
-424
-434
-474
-484
-494
-154
-354
-754
-854
-954
476
-471
-472
-473
-475
-477
-478
-479
-486
-496
-576
-586
-596
-676
-686
-696
-416
-426
-436
-446
-466
-176
-276
-376
-776
-876
-976
522
-521
-523
-524
-525
-526
-527
-528
-529
-412
-422
-432
-512
-532
-612
-622
-632
-542
-552
-562
-572
-582
-592
-122
-222
-322
-722
-822
-922
533
-531
-534
-535
-536
-537
-538
-539
-413
-423
-433
-513
-613
-623
-633
-543
-553
-563
-573
-593
-233
-333
-733
-833
-933
671
-672
-673
-674
-675
-677
-678
-679
-481
-491
-571
-581
-591
-681
-691
-611
-621
-631
-641
-661
-171
-371
-771
-871
-971
715
-711
-712
-713
-714
-716
-717
-719
-725
-735
-815
-825
-835
-915
-925
-935
-755
-765
-775
-785
-795
-315
-415
-515
-615
743
-741
-742
-744
-746
-747
-748
-749
-753
-763
-843
-853
-863
-943
-953
-963
-723
-773
-793
-243
-343
-443
-643
767
-761
-762
-764
-766
-768
-769
-757
-847
-857
-867
-947
-957
-967
-727
-737
-777
-797
-167
-267
-467
-567
-667
826
-821
-823
-824
-827
-828
-829
-726
-736
-816
-836
-916
-926
-936
-846
-856
-866
-886
-896
-126
-226
-326
-626
874
-872
-873
-875
-877
-878
-879
-774
-784
-794
-884
-894
-974
-984
-994
-814
-834
-844
-864
973
-972
-975
-977
-978
-979
-893
-993
813
-811
-812
-817
-819
-913
-923
-313
-174
-274
-374
-574
577
-575
-578
-579
-497
-597
-697
-517
-547
-557
899
-891
-892
-895
-897
-898
997
-991
-992
-995
-996
-998
-999
-779
-789
-799
-889
-989
837
-831
-832
-838
-839
-917
-927
-937
-849
-859
-869
-137
-237
-437
-637
-199
-299
-399
-499
-599
-699
942
-941
-944
-946
-948
-949
-752
-842
-852
-862
-952
-962
964
-961
-965
-966
-968
-969
882
-881
-885
-888
-772
778
-782
-792
-982
985
-981
-986
-988
-788
-798
732
-731
-734
-738
-739
-912
-932
724
-721
-728
-729
-914
-924
-934
-758
759
-756
956
-955
-958
-959
-124
-224
-324
-624
-132
-232
-332
-242
-342
-442
-642
-156
-356
-556
-656
-159
-359
-559
-659
-164
-264
-364
-178
-378
781
-786
-791
796
-282
-482
-682
-285
-485
-585
-685
286
-284
-289
-196
-296
-396
-236
-246
-266
-111
112
-114
-116
-117
-119
-312
-152
-162
-172
179
-279
-379
-192
-129
-139
-169
121
-127
-131
-311
-321
-331
227
-223
-225
-229
323
-325
-329
-191
391
-392
-394
-395
-398
198
-194
294
-292
-295
134
-136
-234
-314
-334
166
-168
-346
-366
157
-158
-247
263
-262
-269
-353
-363
272
-275
-372
375
-244
249
344
-348
-349
-369
235
-239
-335
-421
-921
-427
-627
-634
-435
-635
-449
-549
-649
653
-652
-655
-657
-658
-463
-663
493
-492
-495
-498
692
-693
-694
-695
-698
595
-594
-598
462
-461
-465
-468
-469
-662
425
-428
-429
-625
-555
558
-448
-548
-568
-648
-668
-565
665
-666
-669
569
-561
-566
-588
-519
-589
584
-684
-514
614
-616
-617
-619
417
-411
-419
-447
441
-541
546
-646
647
-431
511
-516
636
-638
-639
-911
919
931
-938
-939
928
-929
316
-319
-336
339
-628
629
438
-439
-488
489
688
-689
-841
848
861
-865
-868
855
-858
352
-358
-362
368
