137
-131
-132
-133
-134
-135
-136
-138
-139
-117
-127
-217
-227
-237
-317
-327
-337
-147
-157
-167
-177
-187
-197
-437
-537
-637
-737
-837
-937
178
-171
-172
-173
-174
-175
-176
-179
-188
-198
-278
-288
-298
-378
-388
-398
-118
-128
-148
-158
-168
-478
-578
-678
-778
-878
-978
216
-211
-212
-213
-214
-215
-218
-219
-116
-126
-226
-236
-316
-326
-336
-246
-256
-266
-276
-286
-296
-416
-516
-616
-716
-816
-916
223
-221
-222
-224
-225
-228
-229
-113
-123
-233
-313
-323
-333
-243
-253
-263
-273
-283
-293
-423
-523
-623
-723
-823
-923
379
-371
-372
-373
-374
-375
-376
-377
-189
-199
-279
-289
-299
-389
-399
-319
-329
-339
-349
-359
-369
-479
-579
-679
-779
-879
-979
469
-461
-462
-463
-464
-465
-466
-467
-468
-449
-459
-549
-559
-569
-649
-659
-669
-419
-429
-439
-489
-499
-169
-269
-769
-869
-969
493
-491
-492
-494
-495
-496
-497
-498
-473
-483
-573
-583
-593
-673
-683
-693
-413
-433
-443
-453
-193
-393
-793
-893
-993
538
-531
-532
-533
-534
-535
-536
-539
-418
-428
-438
-518
-528
-618
-628
-638
-548
-558
-568
-588
-598
-238
-338
-738
-838
-938
541
-542
-543
-544
-545
-546
-547
-441
-451
-551
-561
-641
-651
-661
-511
-521
-571
-581
-591
-141
-241
-341
-741
-841
-941
566
-562
-563
-564
-565
-567
-446
-456
-556
-646
-656
-666
-526
-576
-586
-596
-166
-366
-766
-866
-966
572
-574
-575
-577
-472
-482
-582
-592
-672
-682
-692
-512
-522
-552
-272
-772
-872
-972
625
-621
-622
-624
-626
-627
-629
-415
-425
-435
-515
-525
-615
-635
-645
-655
-665
-675
-685
-695
-125
-325
-725
-825
-925
631
-632
-633
-634
-636
-639
-411
-421
-431
-611
-671
-681
-691
-231
-331
-731
-831
-931
657
-652
-653
-654
-658
-447
-457
-557
-647
-667
-617
-677
-687
-697
-257
-357
-757
-857
-957
662
-663
-664
-668
-442
-452
-642
-612
-162
-262
-362
-762
-862
-962
694
-696
-698
-699
-474
-484
-584
-594
-674
676
-684
-476
-486
-686
-614
-644
-776
-876
-976
-194
-294
-394
-794
-894
-994
714
-711
-712
-713
-715
-717
-718
-719
-724
-734
-814
-824
-834
-914
-924
-934
-744
-754
-764
-774
-784
-114
-314
-414
-514
755
-751
-752
-753
-756
-758
-759
-745
-765
-845
-855
-865
-945
-955
-965
-735
-775
-785
-795
-155
-255
-355
-455
-555
445
-444
-448
-475
-485
-145
-245
-345
786
-781
-782
-783
-787
-788
-789
-796
-886
-896
-986
-996
-726
-736
-746
-186
-386
842
-843
-844
-846
-847
-848
-849
-742
-852
-942
-952
-812
-822
-832
-882
-892
-142
-242
-342
921
-922
-926
-927
-928
-929
-721
-811
-821
-911
-951
-961
-971
-981
-991
-121
-321
958
-953
-954
-956
-959
-748
-768
-858
-868
-948
-968
-918
-988
-998
-258
-358
-458
454
-554
553
-643
648
-424
-434
524
-527
-529
488
-481
-487
471
-477
-688
689
-589
-599
-513
613
-619
519
-517
-813
-913
-119
-819
-919
-124
-324
-248
268
-261
-264
-265
-267
-348
-368
-153
-353
-853
-154
-254
-354
-854
-271
-771
-871
-888
-889
-989
964
-963
-967
-864
-944
-974
-984
-164
-364
992
-995
-997
-999
-792
-982
-912
-932
-192
-292
-392
111
-112
-115
-311
-151
-161
-181
-191
-122
129
-239
-149
-159
-729
-829
-143
144
-146
-244
-344
-184
152
-156
-252
-352
-182
196
-195
-396
-163
165
-365
183
-185
-383
-883
-983
-232
282
-281
-284
-285
-287
-382
234
-235
-334
-274
384
-381
-385
-387
874
-873
-875
-877
-884
881
-885
-887
-791
-891
761
-763
-767
-851
-861
-361
-247
249
-259
251
-351
356
-346
-291
391
-395
-397
946
-943
-947
-949
-856
859
-749
-839
-899
799
-797
-798
898
-895
-897
728
-722
-727
732
-733
-739
-818
-828
939
-933
-935
-936
833
-835
-836
826
-827
-863
867
743
-747
-773
777
973
-975
-977
985
-987
815
-817
-915
917
-315
335
-332
-417
412
-422
-432
436
-426
427
-312
318
322
-328
-343
347
363
-367
275
-277
-295
297
-585
587
595
-597
