133
-131
-132
-134
-135
-136
-137
-138
-139
-113
-123
-213
-223
-233
-313
-323
-333
-143
-153
-163
-173
-183
-193
-433
-533
-633
-733
-833
-933
176
-171
-172
-174
-175
-177
-178
-179
-186
-196
-276
-286
-296
-376
-386
-396
-116
-126
-146
-156
-166
-476
-576
-676
-776
-876
-976
198
-191
-192
-194
-195
-197
-199
-188
-278
-288
-298
-378
-388
-398
-118
-128
-148
-158
-168
-498
-598
-698
-798
-898
-998
217
-211
-212
-214
-215
-216
-218
-219
-117
-127
-227
-237
-317
-327
-337
-247
-257
-267
-277
-287
-297
-417
-517
-617
-717
-817
-917
273
-271
-272
-274
-275
-279
-283
-293
-373
-383
-393
-243
-253
-263
-473
-573
-673
-773
-873
-973
342
-341
-343
-344
-345
-346
-347
-348
-349
-142
-152
-162
-242
-252
-262
-352
-362
-312
-322
-332
-372
-382
-392
-442
-542
-642
-742
-842
-942
453
-451
-452
-454
-455
-456
-457
-458
-459
-443
-463
-543
-553
-563
-643
-653
-663
-413
-423
-483
-493
-353
363
-361
-364
-365
-366
-367
-368
-369
-753
-853
-953
-763
-863
-963
466
-461
-462
-464
-465
-467
-468
-469
-446
-546
-556
-566
-646
-656
-666
-416
-426
-436
-486
-496
-266
-766
-866
-966
524
-521
-522
-523
-525
-526
-527
-528
-529
-414
-424
-434
-514
-534
-614
-624
-634
-544
-554
-564
-574
-584
-594
-124
-224
-324
-724
-824
-924
582
-581
-583
-585
-586
-587
-588
-589
-472
-482
-492
-572
-592
-672
-682
-692
-512
-532
-552
-562
-182
-282
292
-291
-294
-295
-299
-222
-232
-782
-882
-982
-792
-892
-992
685
-681
-683
-684
-686
-687
-688
-689
-475
-485
-495
-575
-595
-675
-695
-615
-625
-635
-645
-655
-665
-185
-285
-385
-785
-885
-985
715
-711
-712
-713
-714
-716
-718
-719
-725
-735
-815
-825
-835
-915
-925
-935
-745
-755
-765
-775
-795
-115
-315
-415
-515
757
-751
-752
-754
-756
-758
-759
-747
-767
-847
-857
-867
-947
-957
-967
-727
-737
-777
-787
-797
-157
-357
-557
-657
771
-772
-774
-778
-779
-781
-791
-871
-881
-891
-971
-981
-991
-721
-731
-741
-761
-371
-471
-571
-671
841
-843
-844
-845
-846
-848
-849
-851
-861
-941
-951
-961
-811
-821
-831
-141
-241
-441
-541
-641
884
-883
-886
-887
-888
-889
-784
-794
-874
-894
-974
-984
-994
-814
-834
-854
-864
-184
-284
-384
-484
922
-921
-923
-926
-927
-928
-929
-722
-732
-812
-822
-832
-912
-932
762
-764
-768
-769
-852
-862
-952
-962
872
-875
-877
-878
-879
-972
-122
112
-111
-114
-119
-412
-612
-422
432
-431
-435
-437
-438
-439
-622
-632
652
-651
-654
-658
-659
-662
-121
125
-129
-225
-235
-325
-335
-145
-155
-165
-425
535
-531
-536
-537
-538
-539
445
-444
-447
-448
-449
-545
-555
-565
-245
-945
-144
-147
149
167
-161
-164
-169
-159
-249
-259
-269
-359
154
-151
-244
-254
-264
-354
181
-187
-189
-281
289
-381
-391
-379
-389
387
-377
-397
-399
234
-231
-236
-238
-239
-314
-334
-229
914
-911
-913
-916
-918
-919
931
-934
-936
-937
-938
-939
-734
744
-743
-746
-748
-749
943
-944
-946
-948
-949
-954
-964
-983
-993
-331
-631
-644
664
-661
-667
-668
-669
-674
-694
246
-248
-256
-356
-226
-549
-649
-567
-481
783
-786
-788
-789
-793
-893
-723
986
-987
-988
-989
-796
799
-896
-996
978
-975
-977
-979
-899
-999
-729
-739
-956
856
-855
-858
-859
-816
-826
-836
997
-995
895
-897
-865
-958
-968
868
-869
-818
-828
-838
-268
-568
375
-374
394
-395
-355
474
-477
-478
-479
-494
-578
-678
488
-487
-489
-418
-428
-497
427
-421
-429
-627
-637
-827
837
-839
-597
-697
-499
491
-591
-691
-411
419
-519
-619
-629
-639
-319
-819
813
-823
829
-513
593
-596
-599
-693
696
-699
516
-511
-518
-616
-626
-636
638
-618
-628
-648
647
-547
548
-558
577
-579
-677
679
-613
611
-621
623
-311
-316
318
-228
221
-321
-328
-338
-251
-261
265
351
-358
-255
258
728
-726
736
-738
326
-329
-336
339
-551
559
561
-569
955
-959
-965
969
