121
-122
-123
-124
-125
-126
-127
-128
-129
-111
-131
-211
-221
-231
-311
-321
-331
-141
-151
-161
-171
-181
-191
-421
-521
-621
-721
-821
-921
132
-133
-134
-135
-136
-137
-138
-139
-112
-212
-222
-232
-312
-322
-332
-142
-152
-162
-172
-182
-192
-432
-532
-632
-732
-832
-932
167
-163
-164
-165
-166
-168
-169
-147
-157
-247
-257
-267
-347
-357
-367
-117
-177
-187
-197
-467
-567
-667
-767
-867
-967
233
-234
-235
-236
-237
-238
-239
-113
-213
-223
-313
-323
-333
-243
-253
-263
-273
-283
-293
-433
-533
-633
-733
-833
-933
254
-251
-252
-255
-256
-258
-259
-144
-154
-244
-264
-344
-354
-364
-214
-224
-274
-284
-294
-454
-554
-654
-754
-854
-954
314
-315
-316
-317
-318
-319
-114
-324
-334
-374
-384
-394
-414
-514
-614
-714
-814
-914
328
-325
-326
-327
-329
-118
-218
-228
-338
-348
-358
-368
-378
-388
-398
-428
-528
-628
-728
-828
-928
341
-342
-343
-345
-346
-349
-241
-261
-351
-361
-371
-381
-391
-441
-541
-641
-741
-841
-941
372
-373
-375
-376
-377
-379
-272
-282
-292
-382
-392
-352
-362
-472
-572
-672
-772
-872
-972
397
-393
-395
-396
-399
-277
-287
-297
-387
-337
-497
-597
-697
-797
-897
-997
435
-431
-434
-436
-437
-438
-439
-415
-425
-515
-525
-535
-615
-625
-635
-445
-455
-465
-475
-485
-495
-335
-735
-835
-935
447
-442
-443
-444
-446
-448
-449
-457
-547
-557
-647
-657
-417
-427
-477
-487
-747
-847
-947
451
-452
-453
-456
-458
-459
-461
-551
-561
-651
-661
-411
-471
-481
-491
-751
-851
-951
473
-474
-476
-478
-479
-483
-493
-573
-583
-593
-673
-683
-693
-413
-423
-463
-173
-773
-873
-973
546
-542
-543
-544
-545
-548
-549
-466
-556
-566
-646
-656
-666
-516
-526
-536
-576
-586
-596
-146
-246
-746
-846
-946
562
-563
-564
-565
-568
-569
-462
-552
-642
-652
-662
-512
-522
-582
-592
-262
242
-245
-248
-249
-742
-842
-942
-762
-862
-962
636
-631
-634
-637
-638
-639
-416
-426
-616
-626
-676
-686
-696
-336
339
-119
-219
-229
-359
-369
-389
-736
-836
-936
-539
-739
-839
-939
658
-653
-655
-659
-468
-558
-648
-668
-618
-678
-688
-698
-158
-758
-858
-958
669
-663
-664
-665
-469
464
-644
-559
-649
-424
-484
-494
-619
-629
-679
-689
-699
-764
-864
-964
-269
-769
-869
-969
677
-671
-674
-675
-577
-587
-687
-617
-627
-777
-877
-977
712
-711
-713
-715
-716
-717
-718
-719
-722
-812
-822
-912
-922
-752
-782
-792
-412
-612
738
-731
-734
-737
-818
-838
-918
-938
-748
-768
-778
-788
-798
-538
761
-763
-765
-766
-861
-961
-771
-781
-791
784
-783
-785
-786
-787
-789
-774
-794
-874
-884
-894
-974
-984
-994
-724
-744
-184
-584
-684
796
-793
-795
-799
-776
-876
-886
-896
-976
-986
-996
-726
-756
-196
-296
-496
486
-482
-488
-489
-186
-286
-386
859
-852
-853
-855
-856
-857
952
-953
-955
-956
-957
-959
757
-753
-755
-759
-749
-849
-949
-727
-819
-829
-879
-889
-899
-982
-992
149
-143
-145
-148
268
-265
-266
-159
-179
-189
-199
-278
-288
-298
-868
-968
871
-875
-878
-881
-891
-971
-981
-991
-811
-831
-271
-571
944
-943
-945
-948
-844
848
-843
-845
-888
-898
-924
-934
975
-978
-979
-775
779
-885
-895
-985
-995
-989
-999
-729
-915
-925
-965
-175
-275
-575
-279
276
-176
-216
-226
116
-115
-156
-816
-916
356
-353
-355
-366
-579
983
-987
-988
-883
-893
892
-882
887
-993
998
-817
-827
-837
834
-824
-913
-923
-963
966
-866
826
-823
-825
-926
-534
682
-681
-685
-492
-692
422
-429
-622
-183
-383
385
193
-194
-195
-198
174
-178
-185
188
-285
-295
-153
155
363
-365
553
-555
-643
645
-513
-523
-695
743
-745
-863
865
-723
725
813
-815
-613
611
-511
-531
537
623
-624
524
-527
-529
-517
-574
578
-498
499
-588
-598
-589
-599
418
-419
-518
519
-594
694
-691
-911
931
-937
215
-217
-225
227
917
-919
-927
929
-585
581
-591
595
-281
289
291
-299
