123
-121
-122
-124
-125
-126
-127
-128
-129
-113
-133
-213
-223
-233
-313
-323
-333
-143
-153
-163
-173
-183
-193
-423
-523
-623
-723
-823
-923
135
-131
-132
-134
-136
-137
-138
-139
-115
-215
-225
-235
-315
-325
-335
-145
-155
-165
-175
-185
-195
-435
-535
-635
-735
-835
-935
168
-161
-162
-164
-166
-167
-169
-148
-158
-248
-258
-268
-348
-358
-368
-118
-178
-188
-198
-468
-568
-668
-768
-868
-968
212
-211
-214
-216
-217
-218
-219
-112
-222
-232
-312
-322
-332
-242
-252
-262
-272
-282
-292
-412
-512
-612
-712
-812
-912
342
-341
-343
-344
-345
-346
-347
-349
-142
-152
-352
-362
-372
-382
-392
-442
-542
-642
-742
-842
-942
356
-351
-353
-354
-355
-357
-359
-146
-156
-246
-256
-266
-366
-316
-326
-336
-376
-386
-396
-456
-556
-656
-756
-856
-956
388
-381
-383
-384
-385
-387
-389
-278
-288
-298
-378
-398
-318
-328
-338
-488
-588
-688
-788
-888
-988
397
-391
-393
-394
-395
-399
-177
-187
-197
-277
-287
-297
-377
-317
-327
-337
-367
-497
-597
-697
-797
-897
-997
433
-431
-432
-434
-436
-437
-438
-439
-413
-513
-533
-613
-633
-443
-453
-463
-473
-483
-493
-733
-833
-933
444
-441
-445
-446
-447
-448
-449
-454
-464
-544
-554
-564
-644
-654
-664
-414
-424
-474
-484
-494
-144
-244
-744
-844
-944
466
-461
-462
-465
-467
-469
-546
-566
-646
-666
-416
-426
-476
-486
-496
-766
-866
-966
485
-481
-482
-487
-489
-475
-495
-575
-585
-595
-675
-685
-695
-415
-425
-455
-285
-785
-885
-985
522
-521
-524
-525
-526
-527
-528
-529
-422
-532
-622
-632
-552
-562
-572
-582
-592
-722
-822
-922
587
-581
-583
-584
-586
-589
-477
-577
-677
-687
-517
-537
-547
-557
-567
-787
-887
-987
627
-621
-624
-625
-626
-628
-629
-417
-427
-617
-637
457
-451
-452
-458
-459
-647
-657
-667
-227
-727
-827
-927
-157
-257
-757
-857
-957
645
-641
-643
-648
-649
-545
-555
-565
-655
-665
515
-511
-514
-516
-518
-519
-615
-715
-815
-915
-245
-745
-845
-945
662
-661
-663
-669
-652
-672
-682
-692
-762
-862
-962
679
-671
-673
-674
-676
-678
-479
-499
-579
-599
-689
-699
-619
-639
-659
-179
-279
-379
-779
-879
-979
711
-713
-714
-716
-717
-718
-719
-721
-731
-811
-821
-831
-911
-921
-931
-741
-751
-761
-771
-781
-791
-111
-311
-411
-611
726
-724
-725
-728
-729
-736
-816
-826
-836
-916
-926
-936
-746
-776
-786
-796
-226
763
-764
-765
-767
-769
-743
-753
-843
-853
-863
-943
-953
-963
-773
-783
-793
-263
-363
373
-371
-374
-375
-273
-283
-293
365
-361
-364
-369
-255
-265
-563
-865
-965
-573
-873
-973
891
-892
-893
-894
-895
-896
-898
-899
-871
-881
-971
-981
-991
-841
-851
-861
-191
-291
-491
-591
-691
941
-946
-947
-948
-949
-951
-961
846
-847
-848
-849
-876
-886
-141
-241
-541
978
-972
-974
-975
-976
-977
-778
-798
-878
-998
-918
-928
-938
-958
-478
-578
984
-982
-983
-986
-989
-774
-784
-794
-874
-884
-994
996
-992
-993
-995
-999
883
-882
-889
-813
913
-914
-917
-919
-924
-934
-954
-964
-683
-184
-284
-684
-196
-296
-596
-696
-114
-116
236
-231
-234
-237
-238
-239
117
-119
228
-221
-224
-229
-147
149
-159
-249
-259
-269
-189
-199
-276
-286
616
-614
-618
-536
-636
576
-571
-574
-686
681
-471
472
-492
498
-598
-698
421
-428
-429
-531
-631
-418
419
-539
-651
-817
818
-814
-819
-738
-828
-838
-858
314
-319
-324
-334
-321
329
331
-339
824
-825
-829
-734
-834
925
-929
754
-752
-755
-758
-759
-854
-864
748
-747
-749
-955
855
-852
-859
952
-959
-875
-932
247
-243
253
-251
-254
-267
543
-548
-549
-553
-653
658
-558
-593
594
693
-694
-534
538
634
-638
-154
151
-261
264
-171
-181
-274
-294
-551
559
561
-569
271
-275
-281
289
295
-299
-172
-772
-872
877
-777
775
-795
737
-732
-739
832
-837
-839
-937
939
-867
869
967
-969
174
-176
-194
192
-182
186
782
-789
-792
799
