123
-121
-122
-124
-125
-126
-127
-128
-129
-113
-133
-213
-223
-233
-313
-323
-333
-143
-153
-163
-173
-183
-193
-423
-523
-623
-723
-823
-923
142
-141
-144
-145
-146
-147
-148
-149
-152
-162
-242
-252
-262
-342
-352
-362
-112
-132
-172
-182
-192
-442
-542
-642
-742
-842
-942
169
-161
-164
-165
-166
-167
-168
-159
-249
-259
-269
-349
-359
-369
-119
-139
-179
-189
-199
-469
-569
-669
-769
-869
-969
217
-211
-212
-214
-215
-216
-218
-219
-117
-137
-227
-237
-317
-327
-337
-247
-257
-267
-277
-287
-297
-417
-517
-617
-717
-817
-917
274
-271
-272
-273
-275
-276
-278
-279
-174
-184
-194
-284
-294
-374
-384
-394
-224
-234
-244
-254
-264
-474
-574
-674
-774
-874
-974
298
-291
-292
-293
-295
-296
-299
-178
-188
-198
-288
-378
-388
-398
-228
-238
-248
-258
-268
-498
-598
-698
-798
-898
-998
371
-372
-373
-375
-376
-377
-379
-171
-181
-191
-281
-381
-391
-311
-321
-331
-341
-351
-361
-471
-571
-671
-771
-871
-971
446
-441
-443
-444
-445
-447
-448
-449
-456
-466
-546
-556
-566
-646
-656
-666
-416
-426
-436
-476
-486
-496
-246
-346
-746
-846
-946
452
-451
-453
-454
-455
-457
-458
-459
-462
-552
-562
-652
-662
-412
-422
-432
-472
-482
-492
-752
-852
-952
485
-481
-483
-484
-487
-488
-489
-475
-495
-575
-585
-595
-675
-685
-695
-415
-425
-435
-465
-185
-285
-385
-785
-885
-985
514
-511
-512
-513
-515
-516
-518
-519
-414
-424
-434
-524
-534
-614
-624
-634
-544
-554
-564
-584
-594
-114
-314
-714
-814
-914
645
-641
-643
-644
-647
-648
-649
-545
-555
-565
-655
-665
-615
-625
-635
-245
-345
-745
-845
-945
711
-712
-713
-715
-716
-718
-719
-721
-731
-811
-821
-831
-911
-921
-931
-741
-751
-761
-781
-791
-111
-411
-611
757
-753
-754
-755
-756
-758
-759
-747
-767
-847
-857
-867
-947
-957
-967
-727
-737
-777
-787
-797
-157
-357
-557
-657
764
-762
-763
-765
-766
-768
-744
-844
-854
-864
-944
-954
-964
-724
-734
-784
-794
344
-343
-347
-348
-154
-354
-364
367
-363
-365
-366
-368
134
-131
-135
-136
-138
-324
-334
151
-155
-156
-158
-241
243
-251
-261
-253
-263
-353
358
-355
-356
118
-115
-116
-318
-328
-338
-283
-387
-397
-418
-618
-818
-918
-834
-934
-543
-743
-843
-943
547
-541
-548
-549
-467
-567
-667
-527
-537
-577
-587
-597
-551
-651
-851
-951
654
-653
-658
-659
-464
-664
559
-553
-558
494
-491
-493
-497
-499
-684
-694
-529
-539
-579
-589
-599
-858
-958
-859
-959
-894
-994
882
-881
-883
-884
-886
-887
-888
-889
-772
-782
-792
-872
-892
-972
-982
-992
984
-981
-983
-986
-987
-988
-989
-812
-822
-832
-862
962
-961
-963
-965
-966
-968
824
-825
-826
-827
-828
-829
-924
-912
-922
-932
-282
-382
392
-393
-395
-396
-399
383
-386
-389
289
-286
-229
-239
-312
-322
-332
612
-613
-616
-619
-522
-532
-622
-632
-672
-682
-692
572
-573
-576
-578
-582
-592
-583
-683
-783
-689
-789
896
-891
-893
-895
-897
-899
991
-993
-995
-996
-997
-999
-776
-786
788
-796
-876
-976
-778
-878
-978
-728
-738
-748
749
-849
-949
-729
-739
-779
-799
-816
-836
-856
-866
956
-953
-955
-941
948
-848
841
-861
-868
838
-833
-835
-837
-839
-928
-938
877
-873
-875
-879
-977
979
-973
-975
819
-813
-815
-919
-929
-939
-916
-926
-936
316
-315
-319
-226
-236
-326
-336
915
-913
-725
-735
-925
927
-935
-937
933
-733
413
-419
-433
-533
-633
-463
-473
-427
-627
-438
-538
-638
853
-855
-863
865
255
-256
-265
266
-225
-235
-177
-477
437
-431
-439
-637
-677
-479
478
-588
-678
-688
-428
-468
461
-561
-661
-421
429
-629
-639
-329
325
-335
339
-525
535
-531
-536
-679
699
-691
-693
-696
-697
687
-681
-686
581
-586
-591
-521
186
-187
-176
175
-195
-196
197
-775
773
-793
795
-673
676
593
-596
-563
568
663
-668
526
-528
-626
-636
631
-621
628
221
-222
-231
232
722
-726
-732
736
