149
-141
-142
-143
-144
-145
-146
-147
-148
-159
-169
-249
-259
-269
-349
-359
-369
-119
-129
-139
-179
-189
-199
-449
-549
-649
-749
-849
-949
155
-151
-152
-153
-154
-156
-157
-158
-165
-245
-255
-265
-345
-355
-365
-115
-125
-135
-175
-185
-195
-455
-555
-655
-755
-855
-955
198
-191
-192
-193
-194
-196
-197
-178
-188
-278
-288
-298
-378
-388
-398
-118
-128
-138
-168
-498
-598
-698
-798
-898
-998
217
-211
-212
-213
-214
-215
-216
-218
-219
-117
-127
-137
-227
-237
-317
-327
-337
-247
-257
-267
-277
-287
-297
-417
-517
-617
-717
-817
-917
273
-271
-272
-274
-275
-276
-279
-173
-183
-283
-293
-373
-383
-393
-223
-233
-243
-253
-263
-473
-573
-673
-773
-873
-973
344
-341
-342
-343
-346
-347
-348
-164
-244
-254
-264
-354
-364
-314
-324
-334
-374
-384
-394
-444
-544
-644
-744
-844
-944
413
-411
-412
-414
-415
-416
-418
-419
-423
-433
-513
-523
-533
-613
-623
-633
-443
-453
-463
-483
-493
-113
-313
-713
-813
-913
454
-451
-452
-456
-457
-458
-459
-464
-554
-564
-654
-664
-424
-434
-474
-484
-494
-754
-854
-954
496
-491
-492
-495
-497
-499
-476
-486
-576
-586
-596
-676
-686
-696
-426
-436
-446
-466
-296
-396
-796
-896
-996
547
-541
-542
-543
-545
-546
-548
-447
-467
-557
-567
-647
-657
-667
-527
-537
-577
-587
-597
-747
-847
-947
585
-581
-582
-583
-584
-588
-589
-475
-485
-575
-595
-675
-685
-695
-515
-525
-535
-565
-285
-385
-785
-885
-985
611
-612
-614
-615
-616
-618
-619
-421
-431
-511
-521
-531
-621
-631
-641
-651
-661
-671
-681
-691
-111
-311
-711
-811
-911
729
-721
-722
-723
-724
-725
-726
-727
-728
-719
-739
-819
-829
-839
-919
-929
-939
-759
-769
-779
-789
-799
-229
-329
-429
-529
-629
784
-781
-782
-783
-786
-787
-788
-774
-794
-874
-884
-894
-974
-984
-994
-714
-734
-764
-184
-284
-684
863
-861
-862
-864
-865
-866
-867
-868
-869
-743
-753
-763
-843
-853
-943
-953
-963
964
-961
-962
-965
-966
-967
-968
-969
-823
-833
-883
-893
-914
-924
-934
643
-642
-645
-646
-648
-553
-563
-653
-663
593
-591
-592
-594
-599
-683
-693
353
-351
-352
-356
-357
-358
-163
-363
-323
-333
983
-981
-982
-986
-987
-988
-989
-793
-993
733
-731
-732
-735
-736
-737
-738
-923
-933
123
-121
-122
-124
-126
-133
871
-872
-875
-876
-877
-878
-879
-771
-791
-881
-891
-971
-991
-821
-831
-841
-851
-171
-371
-471
-571
481
-482
-487
-488
-489
-441
-461
-181
-281
-381
925
-921
-922
-926
-927
-928
931
-932
-935
-936
-937
-938
-715
-815
-825
-835
-915
-941
-951
-945
-975
-995
315
-312
-316
-318
-319
-225
-235
-325
-335
295
-291
-292
-294
-299
391
-392
-395
-397
-399
174
-172
-176
-177
-375
-114
-134
-321
-331
-361
519
-512
-514
-516
-518
-439
-539
-639
-559
-569
-579
814
-812
-816
-818
-824
-834
221
-222
-224
-226
-228
-131
-231
234
-232
-236
-238
-239
339
-332
-336
-338
328
-322
-326
161
-162
-166
-167
-241
-251
-261
367
-362
-366
-368
187
-182
-186
-377
-387
289
-282
-286
-379
-389
-425
-625
-428
-528
-628
-828
-534
-634
741
-742
-745
-746
-748
-751
-761
551
-552
-556
-558
-561
-767
-574
524
-522
-526
-624
-674
694
-692
-697
-699
775
-772
-776
-777
-778
-795
-895
-765
845
-842
-846
-848
-445
-687
-887
-689
-889
-112
116
132
-136
-716
-916
-432
-532
-632
-832
-242
246
-248
-256
-266
-946
252
-258
-262
268
-652
-752
-852
-952
-468
-568
-668
-768
372
-376
-382
386
-472
-572
578
-478
-678
-688
682
-672
562
-566
-442
448
-462
-662
-658
422
-427
-622
-438
536
-538
-626
627
-636
-437
435
-635
-637
638
-465
469
665
-666
-669
656
-659
477
-479
-677
679
-822
826
-827
-836
837
-838
-856
-886
976
-972
-977
-978
-979
888
-882
892
-897
-899
-792
797
-992
-997
999
-757
-857
957
-956
-958
-959
859
-858
942
-948
-762
766
-756
758
712
-718
-912
918
