145
-141
-142
-143
-144
-146
-147
-148
-149
-155
-165
-245
-255
-265
-345
-355
-365
-115
-125
-135
-175
-185
-195
-445
-545
-645
-745
-845
-945
152
-151
-153
-154
-156
-157
-158
-159
-162
-242
-252
-262
-342
-352
-362
-112
-122
-132
-172
-182
-192
-452
-552
-652
-752
-852
-952
176
-171
-173
-174
-177
-178
-179
-186
-196
-276
-286
-296
-376
-386
-396
-116
-126
-136
-166
-476
-576
-676
-776
-876
-976
222
-221
-223
-224
-225
-226
-227
-228
-229
-212
-232
-312
-322
-332
-272
-282
-292
-422
-522
-622
-722
-822
-922
258
-251
-253
-254
-256
-257
-259
-168
-248
-268
-348
-358
-368
-218
-238
-278
-288
-298
-458
-558
-658
-758
-858
-958
273
-271
-274
-275
-277
-279
-183
-193
-283
-293
-373
-383
-393
-213
-233
-243
-263
-473
-573
-673
-773
-873
-973
289
-281
-284
-285
-287
-189
-199
-299
-379
-389
-399
-219
-239
-249
-269
-489
-589
-689
-789
-889
-989
319
-311
-313
-314
-315
-316
-317
-318
-119
-129
-139
-329
-339
169
-161
-163
-164
-167
-349
-359
-369
-419
-519
-619
-719
-819
-919
-469
-569
-669
-769
-869
-969
328
-321
-323
-324
-325
-326
-327
-118
-128
-138
-338
-378
-388
-398
-428
-528
-628
-728
-828
-928
367
-361
-363
-364
-366
-247
-267
-347
-357
-337
-377
-387
-397
-467
-567
-667
-767
-867
-967
372
-371
-374
-375
-382
-392
-472
-572
-672
-772
-872
-972
426
-421
-423
-424
-425
-427
-429
-416
-436
-516
-526
-536
-616
-626
-636
-446
-456
-466
-486
-496
-726
-826
-926
438
-431
-432
-433
-434
-435
-437
-439
-418
-518
-538
-618
-638
-448
-468
-478
-488
-498
-738
-838
-938
465
-461
-462
-463
-464
-455
-555
-565
-655
-665
-415
-475
-485
-495
-765
-865
-965
646
-641
-642
-643
-644
-647
-648
-649
-546
-556
-566
-656
-666
-686
-696
-246
-346
-746
-846
-946
679
-671
-674
-675
-677
-678
-479
-499
-579
-599
-699
-629
-639
-659
-779
-879
-979
688
-681
-682
-683
-684
-685
-687
-578
-588
-598
-698
-668
-188
198
-191
-194
-197
-788
-888
-988
-798
-898
-998
734
-731
-732
-733
-735
-736
-737
-739
-714
-724
-814
-824
-834
-914
-924
-934
-744
-754
-764
-774
-784
-794
-134
-234
-334
-534
-634
749
-741
-742
-743
-747
-748
-759
-849
-859
-949
-959
-729
-799
-449
459
-451
-453
-454
-457
-549
-559
786
-781
-782
-783
-785
-787
-796
-886
-896
-986
-996
-716
-756
-766
-586
596
-591
-592
-593
-594
-595
-597
793
-791
-792
-795
-797
-883
-893
-983
-993
-713
-723
-753
-763
-493
-693
829
-821
-823
-825
-827
-839
-929
-939
-899
999
-991
-992
-994
-995
-997
-529
539
-531
-532
-533
-535
-537
831
-832
-833
-835
-836
-837
-711
-721
-811
-911
-921
-931
-841
-851
-861
-871
-881
-891
-131
-231
-331
-631
884
-882
-885
-887
-874
-894
-974
-984
-844
-854
-864
-184
-384
-484
-584
932
-933
-935
-936
-937
-712
-812
-912
762
-761
-768
-842
-862
-942
-962
892
-895
-897
-982
-632
-562
-662
-492
-692
612
-611
-613
-614
-615
-617
-412
-512
957
-951
-953
-954
-955
-956
-757
-847
-857
-947
-917
-927
-977
-987
-557
-657
964
-961
-963
-966
-968
-944
916
-913
-915
-918
-816
-216
-264
-564
-664
-111
-113
114
-117
-124
-214
-414
-514
121
-123
-127
-211
-181
187
-297
133
-137
-333
-521
-621
-633
-487
-587
-215
217
-237
-417
-517
-717
-817
727
-725
-777
877
-875
-878
-527
-627
637
-635
-697
-477
-577
497
-491
-494
-447
547
-541
-542
-543
-544
-548
442
-441
-443
-444
568
-561
-563
-482
582
-581
-583
-585
483
-481
-413
411
-511
-471
474
-574
-694
-868
-235
236
335
-336
295
-291
-294
394
-391
-395
381
-385
244
-241
-344
-354
261
-266
-341
343
-351
-353
356
941
-943
-948
-751
755
-855
848
-843
771
-775
-778
-971
-981
985
-975
978
-715
718
-818
815
-813
923
-925
513
-515
-523
-623
-553
-856
853
-863
866
-653
663
-661
-571
575
691
-695
551
-554
-651
654
524
-525
-624
625
