135
-131
-132
-133
-134
-136
-137
-138
-139
-115
-125
-215
-225
-235
-315
-325
-335
-145
-155
-165
-175
-185
-195
-435
-535
-635
-735
-835
-935
141
-142
-143
-144
-146
-147
-148
-149
-151
-161
-241
-251
-261
-341
-351
-361
-111
-121
-171
-181
-191
-441
-541
-641
-741
-841
-941
154
-152
-153
-156
-157
-158
-159
-164
-244
-254
-264
-344
-354
-364
-114
-124
-174
-184
-194
-454
-554
-654
-754
-854
-954
168
-162
-163
-166
-167
-169
-248
-258
-268
-348
-358
-368
-118
-128
-178
-188
-198
-468
-568
-668
-768
-868
-968
177
-172
-173
-176
-179
-187
-197
-277
-287
-297
-377
-387
-397
-117
-127
-477
-577
-677
-777
-877
-977
186
-182
-183
-189
-196
-276
-286
-296
-376
-386
-396
-116
-126
-486
-586
-686
-786
-886
-986
232
-231
-233
-234
-236
-237
-238
-239
-112
-122
-212
-222
-312
-322
-332
192
-193
-199
-272
-282
-292
-372
-382
-392
-242
-252
-262
-432
-532
-632
-732
-832
-932
-492
-592
-692
-792
-892
-992
243
-245
-246
-247
-249
-253
-263
-343
-353
-363
-213
-223
-273
-283
-293
-443
-543
-643
-743
-843
-943
275
-271
-274
-278
-279
-285
-295
-375
-385
-395
-255
-265
-475
-575
-675
-775
-875
-975
288
-281
-284
-289
-298
-378
-388
-398
-218
-228
-488
-588
-688
-788
-888
-988
415
-411
-412
-413
-414
-416
-417
-418
-419
-425
-515
-525
-615
-625
-445
-455
-465
-485
-495
-715
-815
-915
433
-431
-434
-436
-437
-438
-439
-423
-513
-523
-533
-613
-623
-633
-453
-463
-473
-483
-493
-333
-733
-833
-933
442
-444
-446
-447
-448
-449
-452
-462
-542
-552
-562
-642
-652
-662
-422
-472
-482
-342
-742
-842
-942
481
-484
-487
-489
-471
-491
-571
-581
-591
-671
-681
-691
-421
-451
-461
-381
-781
-881
-981
567
-561
-563
-564
-565
-566
-569
-457
-467
-547
-557
-647
-657
-667
-517
-527
-537
-587
-597
-267
-367
-767
-867
-967
578
-572
-573
-574
-576
-579
-478
-498
-598
-678
-698
-518
-528
-538
-548
-558
-778
-878
-978
583
-582
-584
-585
-589
-593
-673
-683
-693
-553
-383
-783
-883
-983
624
-621
-622
-626
-627
-628
-629
-424
-514
-524
-534
-614
-634
-644
-664
-674
-684
-694
-224
-324
-724
-824
-924
661
-663
-665
-666
-669
-551
-651
653
-655
-656
-658
-659
-611
-631
-753
-853
-953
-761
-861
-961
682
-685
-687
-689
-672
-612
-782
-882
-982
744
-745
-746
-747
-748
-749
-764
-844
-864
-944
-964
-714
-734
-774
-784
-794
-544
464
-466
-469
-474
-494
594
-595
-596
-599
695
-696
-697
-699
497
-496
-499
-427
-645
-294
214
-211
-216
-217
-219
-314
-334
-814
-914
-394
-894
-994
-795
-895
-995
-797
-897
-997
831
-834
-836
-837
-838
-839
-711
-721
-731
-811
-821
-911
-921
-931
934
-936
-937
-938
-939
-851
-871
-891
-974
-984
-331
-531
855
-852
-856
-857
-858
-859
-755
-765
-845
-865
-945
-955
-965
-825
-885
-355
-555
545
-546
-549
-345
365
-362
-366
-369
352
-356
-357
-359
-752
-952
873
-872
-874
-876
-879
-773
-793
-893
-973
-993
884
-887
-889
-813
-823
-863
-373
393
-391
-399
-313
-323
374
-371
-379
291
-299
-384
389
-221
-319
-329
-339
-349
-789
-989
-791
-991
898
-896
-899
-798
-998
-818
-828
-848
917
-912
-913
-916
-918
-919
-717
-727
-737
-817
-827
-927
847
-846
-849
-757
-947
-957
787
-785
985
-987
725
-722
-723
-726
-728
-729
-925
-317
-617
637
-636
-638
-639
-337
-347
346
-256
-266
269
257
-259
226
-227
-229
-316
-326
-336
338
327
-321
-328
311
-318
-511
521
-522
-526
-529
512
-516
-519
-712
-812
-426
-826
-926
-738
-646
-946
-769
-869
-969
113
-119
-123
129
-713
923
-922
-928
-929
822
-829
718
-716
-719
763
-762
-766
-963
772
-771
-776
-779
971
-972
-976
-979
751
-756
-758
-759
-951
-862
866
962
-966
-956
-816
819
736
-739
-796
799
996
-999
616
-618
-619
-536
539
428
-429
-458
648
-649
556
-559
-456
459
476
-479
-676
679
-948
949
958
-959
