146
-141
-142
-143
-144
-145
-147
-148
-149
-156
-166
-246
-256
-266
-346
-356
-366
-116
-126
-136
-176
-186
-196
-446
-546
-646
-746
-846
-946
164
-161
-162
-163
-165
-167
-168
-169
-154
-244
-254
-264
-344
-354
-364
-114
-124
-134
-174
-184
-194
-464
-564
-664
-764
-864
-964
195
-191
-192
-193
-197
-198
-199
-175
-185
-275
-285
-295
-375
-385
-395
-115
-125
-135
-155
-495
-595
-695
-795
-895
-995
217
-211
-212
-213
-214
-215
-216
-218
-219
-117
-127
-137
-227
-237
-317
-327
-337
-247
-257
-267
-277
-287
-297
-417
-517
-617
-717
-817
-917
228
-221
-222
-223
-224
-225
-226
-229
-118
-128
-138
-238
-318
-328
-338
-248
-258
-268
-278
-288
-298
-428
-528
-628
-728
-828
-928
289
-281
-282
-283
-284
-286
-179
-189
-279
-299
-379
-389
-399
-239
-249
-259
-269
-489
-589
-689
-789
-889
-989
342
-341
-343
-345
-347
-348
-349
-152
-242
-252
-262
-352
-362
-312
-322
-332
-372
-382
-392
-442
-542
-642
-742
-842
-942
413
-411
-412
-414
-415
-416
-418
-419
-423
-433
-513
-523
-533
-613
-623
-633
-443
-453
-463
-473
-483
-493
-113
-313
-713
-813
-913
451
-452
-454
-455
-456
-457
-458
-459
-441
-461
-541
-551
-561
-641
-651
-661
-421
-431
-471
-481
-491
-151
-251
-351
-751
-851
-951
548
-543
-544
-545
-547
-549
-448
-468
-558
-568
-648
-658
-668
-518
-538
-578
-588
-598
-748
-848
-948
576
-571
-572
-573
-574
-575
-577
-579
-476
-486
-496
-586
-596
-676
-686
-696
-516
-526
-536
-556
-566
-276
-376
-776
-876
-976
619
-611
-612
-614
-615
-616
-618
-429
-439
-519
-529
-539
-629
-639
-649
-659
-669
-679
-699
-119
-319
-719
-819
-919
759
-752
-753
-754
-755
-756
-757
-758
-749
-769
-849
-859
-869
-949
-959
-969
-729
-739
-779
-799
449
-444
-445
-447
-469
-559
-569
-479
-499
599
-591
-592
-593
-594
-597
-159
-359
369
-361
-363
-365
-367
-368
-329
-339
-899
-999
781
-782
-783
-784
-785
-786
-787
-788
-771
-791
-871
-881
-891
-971
-981
-991
-711
-721
-731
-741
-761
-181
-381
-581
-681
834
-831
-832
-833
-835
-836
-837
-838
-839
-714
-724
-734
-814
-824
-914
-924
-934
-844
-854
-874
-884
-894
-234
-334
-434
-534
-634
872
-873
-875
-877
-878
-879
-772
-792
-882
-892
-972
-982
-992
979
-973
-974
-975
-977
-978
-812
-822
-852
-862
829
-821
-823
-825
-826
-827
-929
-939
-129
139
-131
-132
-133
-172
-272
-472
-672
926
-921
-922
-923
-925
-927
-716
-726
-736
-816
-916
-936
-956
-966
-986
-996
316
-311
-314
-315
324
-321
-323
-325
-326
-236
-336
296
-291
-292
-293
-294
182
-183
-187
-188
-386
-396
-112
111
-121
-231
-331
-171
-122
123
232
-233
-235
-333
335
-153
-173
274
-271
-273
-374
-384
-394
-355
-511
-811
-911
931
-932
-933
-935
-937
-938
-941
-961
514
-512
-515
-424
-524
-624
-554
-584
-723
733
-732
-735
-737
-738
727
-722
-725
-743
-763
-773
-793
-747
-767
-777
-797
-426
-626
-427
-527
-627
-531
521
-522
-525
-621
-631
-432
-532
-632
-435
-535
537
-437
-637
-557
-567
-587
-635
-474
-674
-774
-482
-582
-682
886
-883
-885
-887
-888
-796
-896
766
-762
-765
-768
-856
-866
712
-715
-718
-912
656
-652
-653
-654
-655
-657
644
-643
-645
-647
-466
-666
436
-438
-636
638
-684
-694
-678
-688
-698
-744
745
-845
-855
-865
-945
-955
-965
794
-798
-984
-994
-775
778
985
-983
-987
-988
-898
-998
815
-818
-915
918
-958
-968
-944
954
-952
-953
-957
962
-963
-967
-245
552
-553
-555
-462
-562
-662
255
-253
-265
868
-861
-863
-867
841
-843
-847
-858
-241
243
261
-263
-353
-943
947
853
-857
-893
897
993
-997
-178
177
-377
-387
-397
-157
158
357
-358
-477
-677
-378
-478
475
-485
-585
583
-673
-683
-693
-675
671
-691
-685
687
-487
-497
-697
692
-492
422
-425
-622
625
-465
467
-667
-563
565
663
-665
-371
373
391
-393
-398
-383
388
484
-488
-494
498
