121
-122
-123
-124
-125
-126
-127
-128
-129
-111
-131
-211
-221
-231
-311
-321
-331
-141
-151
-161
-171
-181
-191
-421
-521
-621
-721
-821
-921
146
-142
-143
-144
-145
-147
-148
-149
-156
-166
-246
-256
-266
-346
-356
-366
-116
-136
-176
-186
-196
-446
-546
-646
-746
-846
-946
165
-162
-163
-164
-167
-168
-169
-155
-245
-255
-265
-345
-355
-365
-115
-135
-175
-185
-195
-465
-565
-665
-765
-865
-965
225
-222
-223
-224
-226
-227
-228
-229
-215
-235
-315
-325
-335
-275
-285
-295
-425
-525
-625
-725
-825
-925
247
-241
-242
-243
-244
-248
-249
-157
-257
-267
-347
-357
-367
-217
-237
-277
-287
-297
-447
-547
-647
-747
-847
-947
383
-381
-382
-384
-385
-386
-387
-388
-389
-173
-183
-193
-273
-283
-293
-373
-393
-313
-323
-333
-343
-353
-363
-483
-583
-683
-783
-883
-983
418
-411
-412
-413
-414
-415
-416
-417
-419
-428
-438
-518
-528
-538
-618
-628
-638
-448
-458
-468
-478
-488
-498
-118
-218
-318
-718
-818
-918
452
-451
-453
-454
-455
-456
-457
-459
-442
-462
-542
-552
-562
-642
-652
-662
-422
-432
-472
-482
-492
-152
-252
-352
-752
-852
-952
526
-522
-523
-524
-527
-529
-426
-436
-516
-536
-616
-626
-636
-556
-566
-576
-586
-596
-326
-726
-826
-926
575
-571
-572
-573
-574
-577
-578
-579
-475
-485
-495
-585
-595
-675
-685
-695
-515
-535
-545
-555
-375
395
-391
-392
-394
-396
-397
-398
-399
-775
-875
-975
-795
-895
-995
671
-672
-673
-674
-676
-677
-678
-679
-471
-481
-491
-581
-591
-681
-691
-611
-631
-641
-651
-661
-271
-371
-771
-871
-971
713
-711
-712
-714
-715
-716
-717
-719
-723
-733
-813
-823
-833
-913
-923
-933
-743
-753
-763
-773
-793
-113
-213
-513
-613
739
-731
-732
-734
-735
-736
-737
-738
-729
-819
-829
-839
-919
-929
-939
-749
-759
-769
-779
-789
-799
-139
-239
-339
-439
-539
-639
758
-751
-754
-755
-756
-757
-748
-768
-848
-858
-868
-948
-958
-968
-728
-778
-788
-798
-158
-258
-358
-558
-658
784
-781
-782
-785
-786
-787
-774
-794
-874
-884
-894
-974
-984
-994
-724
-744
-764
745
-741
-742
-845
-855
-945
-955
-445
435
-431
-433
-434
-437
-615
-635
-835
-935
-645
655
-653
-654
-656
-657
-659
-184
-284
-484
-584
-684
841
-842
-843
-844
-849
-761
-851
-861
-941
-951
-961
791
-792
-796
-797
-881
-891
-981
-991
-811
-831
-341
-441
461
-463
-464
-466
-467
-469
-541
-551
-561
666
-663
-664
-667
-668
-669
-686
-696
-261
-361
351
-354
-359
-251
-766
776
-772
-777
-876
-886
-896
-976
-986
-996
-866
-966
-276
-376
-476
281
-282
-286
-288
-289
-291
296
-292
-294
-298
-299
-216
-236
486
-487
-489
-496
912
-911
-914
-915
-916
-917
931
-932
-934
-936
-937
-938
-722
727
-812
-822
-832
-922
815
-814
-816
-817
836
-834
-837
-838
-827
-927
762
-767
-862
-942
-962
-885
985
-982
-987
-988
-989
-856
956
-953
-954
-957
-959
-972
-992
511
-512
-514
-517
-519
-531
-112
-212
-312
-612
316
-314
-317
-319
-336
-327
-427
-627
342
-344
-348
-349
-262
-362
-322
-332
-372
622
-623
-624
-629
-532
-632
-682
-692
423
-424
-429
-533
-633
619
-614
-617
-443
-473
-493
-649
-689
-699
117
-114
-119
-137
-337
-177
-187
-197
377
-374
-378
-379
214
-219
-134
-234
-324
-334
338
-138
-238
-328
329
-254
-264
-274
364
-368
-369
-154
268
-263
-269
-278
-564
-864
-964
-568
-477
497
-494
-499
-587
-597
-687
688
-697
-588
-598
-698
548
-543
-544
-549
-648
637
-634
534
-537
-554
-594
854
-853
-857
-859
-944
-824
828
924
-928
-878
-888
-898
557
-553
-559
-567
-877
-977
887
-882
-889
-897
-997
-867
967
-963
-969
-188
132
-133
-232
233
-172
-182
189
-179
-199
-279
272
-192
153
-159
-253
259
-872
892
-893
-899
582
-589
-592
-174
178
194
-198
474
-479
-694
693
-593
599
-444
449
644
-643
563
-569
943
-949
-863
869
873
-879
-973
-993
-978
979
998
-999
