131
-132
-133
-134
-135
-136
-137
-138
-139
-111
-121
-211
-221
-231
-311
-321
-331
-141
-151
-161
-171
-181
-191
-431
-531
-631
-731
-831
-931
155
-152
-153
-154
-156
-157
-158
-159
-145
-165
-245
-255
-265
-345
-355
-365
-115
-125
-175
-185
-195
-455
-555
-655
-755
-855
-955
248
-241
-242
-243
-244
-246
-247
-249
-148
-168
-258
-268
-348
-358
-368
-218
-228
-238
-278
-288
-298
-448
-548
-648
-748
-848
-948
276
-271
-272
-273
-274
-275
-277
-279
-176
-186
-196
-286
-296
-376
-386
-396
-216
-226
-236
-256
-266
-476
-576
-676
-776
-876
-976
416
-411
-412
-413
-414
-415
-417
-418
-419
-426
-436
-516
-526
-536
-616
-626
-636
-446
-456
-466
-486
-496
-116
-316
-716
-816
-916
428
-421
-422
-423
-424
-425
-427
-429
-438
-518
-528
-538
-618
-628
-638
-458
-468
-478
-488
-498
-128
-328
-728
-828
-928
472
-471
-473
-474
-475
-477
-479
-482
-492
-572
-582
-592
-672
-682
-692
-432
-442
-452
-462
-172
-372
-772
-872
-972
523
-521
-522
-524
-525
-527
-529
-433
-513
-533
-613
-623
-633
-543
-553
-563
-573
-583
-593
-123
-223
-323
-723
-823
-923
561
-562
-564
-565
-566
-567
-568
-569
-441
-451
-461
-541
-551
-641
-651
-661
-511
-571
-581
-591
-261
-361
-761
-861
-961
654
-652
-653
-656
-657
-658
-659
-444
-454
-464
-544
-554
-644
-664
-614
-624
-634
-674
-684
-694
-254
-354
-754
-854
-954
677
-671
-673
-675
-678
-679
-487
-497
-577
-587
-597
-687
-697
-617
-627
-637
-647
-667
-177
-377
-777
-877
-977
717
-711
-712
-713
-714
-715
-718
-719
-727
-737
-817
-827
-837
-917
-927
-937
-747
-757
-767
-787
-797
-117
-217
-317
-517
781
-782
-783
-784
-785
-786
-788
-789
-771
-791
-871
-881
-891
-971
-981
-991
-721
-741
-751
371
-373
-374
-375
-378
-379
-281
-291
-381
-391
251
-252
-253
-257
-259
-341
-351
-851
-951
-481
491
-493
-494
-495
-499
-681
-691
795
-792
-793
-794
-796
-798
-799
-775
-875
-885
-895
-975
-985
-995
-725
-735
-745
-765
575
-574
-578
-579
-485
-585
-595
-685
-695
-515
-535
-545
-295
-395
819
-811
-812
-813
-814
-815
-818
-729
-739
-829
-839
-919
-929
-939
-849
-859
-869
-879
-889
-899
-119
-219
-319
-519
-619
842
-841
-843
-844
-845
-846
-847
941
-942
-943
-944
-945
-946
-947
-949
-742
-752
-762
-852
-862
-952
-962
821
-822
-824
-825
-826
-911
-921
-832
-882
-892
611
-612
-615
-621
-142
-342
-542
-642
984
-982
-983
-986
-987
-988
-989
992
-993
-994
-996
-997
-998
-999
-774
-874
-884
-894
-974
-912
-922
-932
-914
-924
-934
-964
174
-173
-178
-179
-184
-194
-284
-294
-384
-394
-114
-124
-144
-164
-484
434
-435
-437
-439
-514
512
-532
-622
-632
-534
537
-539
-552
662
-663
-665
-666
-668
-669
558
-556
-557
-559
-547
-588
-598
-112
-212
-312
-234
-334
-734
-834
724
-722
-726
732
-733
-736
-738
-744
-764
864
-863
-865
-866
-867
-868
965
-963
-966
-967
-968
-969
835
-833
-836
-838
-915
-925
926
-935
-936
-956
957
-953
-958
-959
-857
979
-973
-978
-779
-224
-324
-126
-326
336
-332
-333
-335
-337
-338
-339
-346
-356
-366
-232
-235
-635
639
625
-629
-645
-649
-689
-699
-225
-325
-237
938
-933
913
-918
-113
118
-318
-188
-198
-213
-313
233
-239
-263
-283
-293
344
-343
-347
-349
-264
-364
214
-215
-314
315
285
-282
-287
-289
-385
445
-443
-447
-449
-465
147
-143
-146
-149
166
-162
-163
-167
-169
-267
-357
-367
-127
-187
-197
352
-353
-359
-262
269
-362
363
-369
-229
-299
-322
-382
-392
-383
-393
-457
467
-463
-469
-758
-858
768
-763
-766
-769
-778
773
-873
878
-883
-893
-888
-898
-743
-753
853
-856
643
-646
-453
459
546
-549
483
-489
-683
-693
-586
-596
-746
749
756
-759
182
-183
-189
-192
-292
297
193
-199
-387
-397
-122
129
222
-227
327
-329
-584
589
594
-599
887
-886
896
-897
686
-688
-696
698
388
-389
-398
399
