145
-141
-142
-143
-144
-146
-147
-148
-149
-155
-165
-245
-255
-265
-345
-355
-365
-115
-125
-135
-175
-185
-195
-445
-545
-645
-745
-845
-945
172
-171
-173
-174
-176
-177
-178
-179
-182
-192
-272
-282
-292
-372
-382
-392
-112
-122
-132
-152
-162
-472
-572
-672
-772
-872
-972
194
-191
-193
-196
-197
-198
-199
-184
-274
-284
-294
-374
-384
-394
-114
-124
-134
-154
-164
-494
-594
-694
-794
-894
-994
277
-271
-273
-275
-276
-278
-279
-187
-287
-297
-377
-387
-397
-217
-227
-237
-247
-257
-267
-477
-577
-677
-777
-877
-977
313
-311
-312
-314
-315
-316
-317
-318
-319
-113
-123
-133
-213
-223
-233
-323
-333
-343
-353
-363
-373
-383
-393
-413
-513
-613
-713
-813
-913
444
-441
-442
-443
-446
-447
-448
-449
-454
-464
-544
-554
-564
-644
-654
-664
-414
-424
-434
-474
-484
-244
-344
-744
-844
-944
456
-451
-452
-453
-455
-457
-458
-459
-466
-546
-556
-566
-646
-656
-666
-416
-426
-436
-476
-486
-496
-156
-256
-356
-756
-856
-956
483
-481
-482
-485
-487
-488
-489
-473
-493
-573
-583
-593
-673
-683
-693
-423
-433
-463
-183
-283
293
-291
-295
-296
-298
-299
-243
-253
-263
-783
-883
-983
-793
-893
-993
532
-531
-533
-534
-535
-536
-537
-538
-539
-412
-422
-432
-512
-522
-612
-622
-632
-542
-552
-562
-582
-592
-232
-332
-732
-832
-932
575
-571
-574
-576
-578
-579
-475
-495
-585
-595
-675
-685
-695
-515
-525
-555
-565
-375
-775
-875
-975
651
-652
-653
-655
-657
-658
-659
-461
-541
-551
-561
-641
-661
-611
-621
-631
-671
-681
-691
-151
-251
-351
-751
-851
-951
718
-711
-712
-714
-715
-716
-717
-719
-728
-738
-818
-828
-838
-918
-928
-938
-748
-758
-768
-778
-788
-798
-118
-218
-418
-518
-618
721
-722
-723
-724
-725
-726
-727
-729
-731
-811
-821
-831
-911
-921
-931
-741
-761
-771
-781
-791
-121
-221
-321
-421
-521
786
-782
-784
-785
-787
-789
-776
-796
-876
-886
-896
-976
-986
-996
-736
-746
-766
-186
-286
-386
-586
-686
842
-841
-843
-846
-847
-848
-849
-742
-752
-762
-852
-862
-942
-952
-962
792
-795
-797
-799
-882
-892
-982
-992
-812
-822
-242
-342
-642
682
-684
-687
-688
-689
-492
-692
462
-465
-467
-468
-469
-662
665
-663
-667
-668
-669
-615
-625
-635
-262
-362
-765
-865
-965
867
-861
-863
-864
-866
-868
-869
-747
-757
-767
-857
-947
-957
-967
737
-733
-734
-735
-739
-817
-827
-837
-917
-927
-937
755
-753
-754
-759
-855
-955
-887
-897
-137
-337
-437
-637
-167
-367
-567
989
-981
-984
-985
-987
-988
997
-991
-995
-998
-999
-779
-879
-889
-899
-979
-919
-929
-939
-949
-959
-969
587
-581
-584
-588
-589
674
-676
-678
-679
-497
-597
-697
-517
-527
-547
-557
647
-643
-648
-649
-614
-624
-634
-617
-627
-347
-774
773
-873
-973
-743
749
-769
-859
-763
764
-854
-954
-964
-249
-349
-549
-264
-364
-874
-974
884
-881
-885
-888
895
-891
-898
871
-878
-971
978
-814
-824
-834
-815
-825
-835
858
-853
-948
-958
953
-943
-963
-968
-923
-933
543
-548
-553
-563
-523
-153
163
-161
-166
-168
-169
-158
-258
-358
-558
559
568
-569
-528
-598
-519
-529
-599
-159
157
-357
-117
-127
327
-322
-324
-325
-326
-328
-329
352
-354
-359
-252
254
-259
-214
-224
-234
334
-331
-335
-336
-338
-339
417
-411
-415
-419
-427
-934
-268
-368
-371
-471
376
-378
-379
-396
-346
-366
-478
479
-499
-699
-429
-439
-189
-289
-389
399
-391
-395
-398
385
-381
-388
-285
348
-341
-248
361
-369
-241
246
-261
-266
269
-216
-226
-236
-219
-229
-239
941
-946
-961
966
-916
-926
-936
935
-915
-925
215
-211
-212
222
-225
-228
-235
912
-914
-922
924
514
-511
-516
431
-435
-438
-524
526
425
-428
-616
619
-626
-636
-629
-639
-491
498
591
-596
696
-698
111
-116
-119
-131
-231
238
-128
-138
-181
188
281
-288
816
-819
-826
-836
-126
129
136
-139
628
-623
633
-638
823
-829
-833
839
