171
-172
-173
-174
-175
-176
-177
-178
-179
-181
-191
-271
-281
-291
-371
-381
-391
-111
-121
-131
-141
-151
-161
-471
-571
-671
-771
-871
-971
197
-192
-193
-194
-195
-196
-198
-199
-187
-277
-287
-297
-377
-387
-397
-117
-127
-137
-147
-157
-167
-497
-597
-697
-797
-897
-997
219
-211
-212
-213
-214
-215
-216
-217
-218
-119
-129
-139
-229
-239
-319
-329
-339
-249
-259
-269
-279
-289
-299
-419
-519
-619
-719
-819
-919
252
-251
-253
-254
-255
-256
-257
-258
-142
-152
-162
-242
-262
-342
-352
-362
-222
-232
-272
-282
-292
-452
-552
-652
-752
-852
-952
378
-372
-373
-374
-375
-376
-379
-188
-278
-288
-298
-388
-398
-318
-328
-338
-348
-358
-368
-478
-578
-678
-778
-878
-978
447
-441
-442
-443
-444
-445
-446
-448
-449
-457
-467
-547
-557
-567
-647
-657
-667
-417
-427
-437
-477
-487
-247
-347
-747
-847
-947
461
-462
-463
-464
-465
-466
-468
-469
-451
-541
-551
-561
-641
-651
-661
-411
-421
-431
-481
-491
-261
-361
-761
-861
-961
475
-472
-473
-474
-476
-479
-485
-495
-575
-585
-595
-675
-685
-695
-415
-425
-435
-455
-275
-775
-875
-975
514
-511
-512
-513
-515
-516
-517
-518
-414
-424
-434
-524
-534
-614
-624
-634
-544
-554
-564
-574
-584
-594
-114
-314
-714
-814
-914
583
-581
-582
-586
-587
-588
-589
-483
-493
-573
-593
-673
-683
-693
-523
-533
-543
-553
-563
-183
-283
-383
-783
-883
-983
649
-642
-643
-644
-645
-646
-648
-459
-549
-559
-569
-659
-669
-629
-639
-679
-689
-699
-149
-349
-749
-849
-949
743
-741
-742
-744
-745
-746
-748
-753
-763
-843
-853
-863
-943
-953
-963
-713
-723
-733
-773
-793
-143
-243
-343
754
-751
-755
-756
-757
-758
-759
-764
-844
-854
-864
-944
-954
-964
-724
-734
-774
-784
-794
-154
-354
-454
-654
664
-662
-663
-665
-666
-668
-674
-684
-694
-164
-264
-364
786
-781
-782
-785
-787
-788
-789
-776
-796
-876
-886
-896
-976
-986
-996
-716
-726
-736
-766
-186
-286
-386
-486
-686
838
-831
-832
-833
-834
-835
-836
-837
-839
-718
-728
-738
-818
-828
-918
-928
-938
-848
-858
-868
-888
-898
-138
-238
-438
-538
-638
882
-881
-884
-885
-887
-889
-772
-792
-872
-892
-972
-982
-992
-812
-822
-842
-862
-182
-382
392
-393
-394
-395
-396
-399
-312
-322
-332
-482
-682
-492
-592
-692
921
-922
-923
-924
-925
-926
-927
-929
-711
-721
-731
-811
-821
-911
-931
791
-795
-798
-799
-891
-981
-991
768
-762
-765
-767
-769
-948
-958
-968
-941
-951
-221
-321
-521
-621
-168
-268
-568
681
-687
-688
-591
-691
531
-532
-535
-536
-537
-539
-611
-631
311
-313
-315
-316
-317
-231
-331
241
-244
-245
-246
-248
-341
-351
228
-223
-224
-225
-226
-227
-118
-128
-428
-528
-628
-841
851
-855
-856
-857
-859
987
-984
-985
-988
-989
-777
779
-877
-977
998
-993
-994
-995
-999
895
-893
-894
-899
-879
-979
-729
-739
-815
-825
-845
846
-866
-946
-956
-966
-865
-816
-826
-917
-937
-957
-967
867
-869
-817
813
-823
-913
-933
-873
874
973
-974
-824
934
-932
-935
-936
-939
916
-912
-915
829
-827
-113
-413
-613
-116
-416
-616
-429
-529
439
-432
-433
-436
-489
-499
-134
-234
-334
-146
-346
-546
357
-353
-355
-356
-359
-267
-367
237
-233
-235
-236
-327
-337
-637
-737
-273
293
-294
-295
-296
276
-274
-263
284
-285
-184
-384
265
-266
-145
-155
-165
-345
344
-144
148
-365
-158
124
-122
-123
-125
-126
-324
-548
-565
-965
-576
-676
-579
599
-596
-598
558
-555
-556
-458
-658
-484
488
494
-496
-498
696
-698
-418
412
-422
-522
-612
-622
-632
618
-615
-617
672
-677
-572
577
-527
627
-623
-625
-626
-636
-656
-112
115
132
-133
-135
-136
-325
-335
-185
189
385
-389
-159
-169
369
-363
-366
-712
-715
717
-727
722
-725
-732
735
525
-526
-635
633
-423
426
453
-456
-653
655
-545
542
-562
566
323
-326
-333
336
-942
945
962
-969
-955
959
-153
156
163
-166
