147
-141
-142
-143
-144
-145
-146
-148
-149
-157
-167
-247
-257
-267
-347
-357
-367
-117
-127
-137
-177
-187
-197
-447
-547
-647
-747
-847
-947
176
-171
-172
-173
-174
-175
-178
-179
-186
-196
-276
-286
-296
-376
-386
-396
-116
-126
-136
-156
-166
-476
-576
-676
-776
-876
-976
192
-191
-193
-194
-195
-198
-199
-182
-272
-282
-292
-372
-382
-392
-112
-122
-132
-152
-162
-492
-592
-692
-792
-892
-992
228
-221
-222
-223
-224
-225
-226
-227
-229
-118
-128
-138
-218
-238
-318
-328
-338
-248
-258
-268
-278
-288
-298
-428
-528
-628
-728
-828
-928
231
-232
-233
-234
-235
-236
-237
-239
-111
-121
-131
-211
-311
-321
-331
-241
-251
-261
-271
-281
-291
-431
-531
-631
-731
-831
-931
414
-411
-412
-413
-415
-416
-417
-418
-419
-424
-434
-514
-524
-534
-614
-624
-634
-444
-454
-464
-474
-484
-494
-114
-214
-314
-714
-814
-914
442
-441
-443
-445
-446
-448
-449
-452
-462
-542
-552
-562
-642
-652
-662
-422
-432
-472
-482
-242
-342
-742
-842
-942
523
-521
-522
-525
-526
-527
-529
-423
-433
-513
-533
-613
-623
-633
-543
-553
-563
-573
-583
-593
-123
-323
-723
-823
-923
581
-582
-584
-585
-586
-587
-588
-589
-471
-481
-491
-571
-591
-671
-681
-691
-511
-541
-551
-561
-181
-381
-781
-881
-981
616
-611
-612
-615
-617
-618
-619
-426
-436
-516
-536
-626
-636
-646
-656
-666
-686
-696
-216
-316
-716
-816
-916
677
-672
-673
-674
-675
-678
-679
-477
-487
-497
-577
-597
-687
-697
-627
-637
-657
-667
-277
-377
-777
-877
-977
751
-752
-753
-754
-755
-756
-757
-758
-759
-741
-761
-841
-851
-861
-941
-951
-961
-711
-721
-771
-791
-151
161
-163
-164
-165
-168
-169
-341
-351
-361
641
-643
-644
-645
-648
-649
-451
-461
-651
-661
421
-425
-427
-429
-621
-821
-921
763
-762
-764
-765
-766
-767
-768
-769
-743
-843
-853
-863
-943
-953
-963
-713
-733
-773
-783
-793
-263
-363
-463
-663
785
-782
-784
-786
-787
-788
-789
-775
-795
-875
-885
-895
-975
-985
-995
-715
-725
-735
-745
-185
-285
-385
-485
-685
812
-811
-813
-815
-817
-818
-819
911
-912
-913
-915
-917
-918
-919
-712
-722
-732
-822
-832
-922
-932
772
-774
-778
-779
-872
-882
-972
-982
-852
-862
-971
-991
-212
-312
-512
-572
682
-683
-684
-688
-689
532
-535
-537
-538
-539
-622
-632
322
-324
-325
-326
-327
-329
-332
336
-333
-334
-335
-337
-339
-352
-362
-346
-356
-366
-736
-836
-936
894
-891
-893
-896
-897
-898
-899
871
-873
-874
-878
-879
-794
-884
-974
-984
-994
-824
-834
-844
-854
-864
-371
391
-393
-394
-395
-397
-398
-399
-294
-594
-694
574
-575
-578
-579
-544
-554
-564
-274
-374
958
-952
-954
-955
-956
-957
-959
962
-964
-965
-966
-967
-968
-969
-748
-848
-858
-868
-948
-938
-978
-988
-998
252
-253
-254
-255
-256
-259
-262
-158
188
-183
-184
-189
-378
-388
-358
-458
-558
-658
478
-473
-475
-479
-488
-498
-598
-698
-438
-468
-888
798
-796
-797
-799
-718
-738
838
-833
-835
-837
-839
933
-934
-935
-937
-939
883
-886
-887
-889
-973
979
-983
-993
-989
-999
-929
-949
518
-515
-517
-519
437
-435
-439
-638
-457
-467
-548
-568
668
-664
-665
-669
654
-653
-655
-659
453
-455
-456
-459
-483
-493
693
-695
-699
-133
-737
348
-343
-344
-345
-349
-368
243
-244
-245
-246
-249
-153
-353
266
-264
-265
-269
113
-115
-119
-213
-313
-273
-283
-293
284
-287
-289
-384
-154
-354
364
-365
-369
-466
-566
-866
373
-375
-379
-383
275
-279
-295
-215
315
-317
-319
-125
-135
217
-219
155
-159
-355
359
-297
299
387
-389
-717
719
-729
-739
734
-724
-924
-829
-744
944
-945
-946
727
-726
-827
-927
746
-749
-846
-856
826
-825
925
-926
124
-129
-134
139
-625
629
635
-639
-546
556
-555
-557
-559
567
-565
-569
-596
-855
857
-859
-867
-987
986
-996
997
-486
489
496
-495
-499
595
-599
465
-469
-545
549
845
-849
-865
869
