171
-172
-173
-174
-175
-176
-177
-178
-179
-181
-191
-271
-281
-291
-371
-381
-391
-111
-121
-131
-141
-151
-161
-471
-571
-671
-771
-871
-971
196
-192
-193
-194
-195
-197
-198
-199
-186
-276
-286
-296
-376
-386
-396
-116
-126
-136
-146
-156
-166
-496
-596
-696
-796
-896
-996
224
-221
-222
-223
-225
-226
-227
-228
-229
-114
-124
-134
-214
-234
-314
-324
-334
-244
-254
-264
-274
-284
-294
-424
-524
-624
-724
-824
-924
248
-241
-242
-243
-245
-246
-247
-249
-148
-158
-168
-258
-268
-348
-358
-368
-218
-238
-278
-288
-298
-448
-548
-648
-748
-848
-948
345
-341
-342
-343
-344
-346
-347
-349
-145
-155
-165
-255
-265
-355
-365
-315
-325
-335
-375
-385
-395
-445
-545
-645
-745
-845
-945
373
-372
-374
-377
-378
-379
-183
-273
-283
-293
-383
-393
-313
-323
-333
-353
-363
-473
-573
-673
-773
-873
-973
427
-421
-422
-423
-425
-426
-428
-429
-417
-437
-517
-527
-537
-617
-627
-637
-447
-457
-467
-477
-487
-497
-127
-327
-727
-827
-927
474
-472
-475
-476
-478
-479
-484
-494
-574
-584
-594
-674
-684
-694
-414
-434
-444
-454
-464
-774
-874
-974
485
-481
-482
-483
-486
-488
-489
-495
-575
-585
-595
-675
-685
-695
-415
-435
-455
-465
-185
-285
-785
-885
-985
516
-511
-512
-513
-514
-515
-518
-519
-416
-436
-526
-536
-616
-626
-636
-546
-556
-566
-576
-586
-216
-316
-716
-816
-916
551
-552
-553
-554
-555
-557
-558
-559
-441
-451
-461
-541
-561
-641
-651
-661
-521
-531
-581
-591
-251
-351
-751
-851
-951
744
-741
-742
-743
-746
-747
-749
-754
-764
-844
-854
-864
-944
-954
-964
-714
-734
-784
-794
-144
-544
-644
758
-752
-753
-755
-756
-757
-759
-768
-858
-868
-958
-968
-718
-728
-738
-778
-788
-798
-458
-658
782
-781
-783
-786
-787
-789
-772
-792
-872
-882
-892
-972
-982
-992
-712
-722
-732
-762
-182
-282
-382
-582
-682
813
-811
-812
-814
-815
-817
-818
-819
-713
-723
-733
-823
-833
-913
-923
-933
-843
-853
-863
-883
-893
-113
-213
-413
-613
889
-881
-884
-886
-887
-888
-779
-799
-879
-899
-979
-989
-999
-829
-839
-849
-859
-869
-189
-289
287
-187
-277
-297
-387
-397
-217
-237
-257
-267
-587
-687
-987
-389
-589
-689
911
-912
-914
-915
-917
-918
-919
-711
-721
-731
-821
-831
-921
-931
-941
-961
-981
-991
-211
-311
-411
-611
614
-612
-615
-618
-619
-534
-634
564
-562
-563
-565
-567
-568
-569
-654
-664
841
-842
-846
-847
-761
-861
791
-793
-795
-797
-891
763
-765
-766
-767
-769
-943
-953
-963
-163
-263
-463
-663
-164
-364
681
-683
-686
-688
-491
-691
676
-672
-677
-678
-679
431
-432
-433
-438
-439
-621
-631
-646
-656
-666
321
-322
-326
-328
-329
-231
-331
261
-262
-266
-269
-361
-776
-876
-976
986
-983
-984
-988
993
-994
-995
-997
-998
894
-895
-897
-898
-834
934
-932
-935
-936
-937
-938
-939
-926
-946
-956
-966
446
-442
-443
-449
-456
-466
583
-588
-493
-593
-693
453
-452
-459
-543
-643
-653
-523
-533
143
-142
-147
-149
-153
-253
-123
-133
233
-232
-235
-236
-239
336
-332
-337
-338
-339
256
-252
-259
-356
-366
623
-622
-625
-628
-629
-633
-736
726
-725
-729
-826
-836
-856
866
-862
-865
-867
-394
295
-292
-299
-275
-215
-112
115
-117
-118
-119
-125
-135
-715
-122
-128
129
-139
-219
212
-132
-312
-319
-159
-169
-272
279
392
-398
-399
-352
-362
-412
-529
-929
572
-577
-578
-579
-492
-592
-692
462
-468
-469
-542
-642
-652
-662
668
-665
-667
-669
655
-657
-659
-522
-532
632
-635
-638
-639
-698
-832
942
-947
-949
-852
-952
-962
822
-825
-828
-922
152
-154
-157
-162
167
354
-357
-359
-367
369
184
-188
-384
388
-137
138
317
-318
-717
719
-739
418
-419
-528
525
-535
-538
539
-498
499
598
-597
-599
697
-699
547
-549
-647
649
-925
928
-838
878
-875
-877
-978
-855
857
-957
-967
835
-837
-735
737
775
-777
-975
977
-955
959
965
-969
