133
-131
-132
-134
-135
-136
-137
-138
-139
-113
-123
-213
-223
-233
-313
-323
-333
-143
-153
-163
-173
-183
-193
-433
-533
-633
-733
-833
-933
145
-141
-142
-144
-146
-147
-148
-149
-155
-165
-245
-255
-265
-345
-355
-365
-115
-125
-175
-185
-195
-445
-545
-645
-745
-845
-945
219
-211
-212
-214
-215
-216
-217
-218
-119
-129
-229
-239
-319
-329
-339
-249
-259
-269
-279
-289
-299
-419
-519
-619
-719
-819
-919
221
-222
-224
-225
-226
-227
-228
-111
-121
-231
-311
-321
-331
-241
-251
-261
-271
-281
-291
-421
-521
-621
-721
-821
-921
282
-283
-284
-285
-286
-287
-288
-172
-182
-192
-272
-292
-372
-382
-392
-232
-242
-252
-262
-482
-582
-682
-782
-882
-982
312
-314
-315
-316
-317
-318
-112
-122
-322
-332
-342
-352
-362
-412
-512
-612
-712
-812
-912
327
-324
-325
-326
-328
-117
-127
-237
-337
-347
-357
-367
-377
-387
-397
-427
-527
-627
-727
-827
-927
349
-341
-343
-344
-346
-348
-159
-169
-359
-369
-379
-389
-399
-449
-549
-649
-749
-849
-949
363
-361
-364
-366
-368
-243
-253
-263
-353
-373
-383
-393
-463
-563
-663
-763
-863
-963
375
-371
-374
-376
-378
-275
-295
-385
-395
235
-234
-236
-238
-335
-435
-535
-635
-735
-835
-935
-475
-575
-675
-775
-875
-975
413
-411
-414
-415
-416
-417
-418
-423
-513
-523
-613
-623
-443
-453
-473
-483
-493
-713
-813
-913
428
-422
-424
-425
-426
-429
-438
-518
-528
-538
-618
-628
-638
-448
-458
-468
-478
-488
-498
-128
-728
-828
-928
436
-431
-432
-434
-437
-439
-516
-526
-536
-616
-626
-636
-446
-456
-466
-476
-486
-496
-336
-736
-836
-936
469
-461
-462
-464
-465
-467
-459
-559
-569
-659
-669
-479
-489
-499
-769
-869
-969
517
-511
-514
-515
-537
-617
-637
-547
-557
-567
-577
-587
-597
-717
-817
-917
646
-641
-642
-643
-644
-647
-648
-546
-556
-566
-656
-666
-676
-686
-696
-246
-746
-846
-946
672
-671
-673
-674
-677
-678
-679
-472
-492
-572
-592
-692
-622
-632
-652
-662
-772
-872
-972
683
-681
-684
-685
-687
-688
-689
-573
-583
-593
-693
-653
-783
-883
-983
698
-691
-694
-695
-697
-699
-578
-588
-598
-658
-668
-198
-298
-398
-798
-898
-998
731
-732
-734
-737
-738
-739
-711
-811
-831
-911
-931
-741
-751
-761
-771
-781
-791
611
-614
-615
-531
-631
-651
-661
744
-742
-743
-747
-748
-754
-764
-844
-854
-864
-944
-954
-964
-714
-724
-774
-784
-794
-244
-444
-544
765
-762
-766
-767
-768
-755
-855
-865
-955
-965
-715
-725
-785
-795
-565
-665
788
-786
-787
-789
-778
-878
-888
-978
-988
-718
716
-726
-816
-826
-916
-926
-756
-776
-796
-758
-116
126
-124
-156
-166
-176
-186
-196
-188
-388
797
-792
-793
-799
-777
-877
-887
-897
-977
-987
-997
-757
-197
-297
-497
824
-822
-823
-825
-829
-814
-834
-914
-924
-934
-874
-884
-894
114
-118
-334
338
-154
-164
-174
-184
-194
-358
-524
-624
-838
-938
885
-881
-886
-889
-895
-985
-995
-815
818
-918
915
-925
-848
-858
-868
-485
-585
896
-891
-892
-893
-899
992
-991
-993
-994
-996
-999
-876
-976
-986
-856
-866
-922
-932
-942
-952
-962
293
-294
-296
-273
-396
-596
968
-961
-966
-967
956
-951
-953
-957
-958
-959
-948
-256
-356
266
-264
-267
-268
-276
386
-381
-384
-168
-568
576
-571
-574
-579
-586
974
-971
-973
-979
-984
-274
394
-391
254
-257
-258
-354
351
-151
-161
-451
-551
-851
-454
-554
-654
-474
-494
484
-481
-487
-584
-594
477
-471
-447
-457
-177
-277
278
187
-181
-189
-178
-157
-167
162
-152
158
247
-248
-847
-947
937
-939
-837
548
-541
-542
-543
553
-552
-555
-558
-753
-853
-562
-862
171
-179
-191
199
-871
981
-989
-941
943
-843
873
-879
-773
779
723
-722
-729
832
-839
-923
929
752
-759
-842
841
-861
867
-852
-857
859
522
-525
-529
-532
625
-629
595
-591
-599
-495
491
-581
589
-441
442
561
-564
-452
455
664
-667
-655
657
534
-539
-634
639
