122
-121
-123
-124
-125
-126
-127
-128
-129
-112
-132
-212
-222
-232
-312
-322
-332
-142
-152
-162
-172
-182
-192
-422
-522
-622
-722
-822
-922
143
-141
-144
-145
-146
-147
-148
-149
-153
-163
-243
-253
-263
-343
-353
-363
-113
-133
-173
-183
-193
-443
-543
-643
-743
-843
-943
164
-161
-165
-166
-167
-168
-169
-154
-244
-254
-264
-344
-354
-364
-114
-134
-174
-184
-194
-464
-564
-664
-764
-864
-964
188
-181
-185
-186
-187
-189
-178
-198
-278
-288
-298
-378
-388
-398
-118
-138
-158
-488
-588
-688
-788
-888
-988
336
-331
-333
-334
-335
-337
-338
-339
-116
-136
-216
-226
-236
-316
-326
-346
-356
-366
-376
-386
-396
-436
-536
-636
-736
-836
-936
359
-351
-352
-355
-357
-358
-159
-249
-259
-269
-349
-369
-319
-329
-379
-389
-399
-459
-559
-659
-759
-859
-959
384
-381
-382
-383
-385
-387
-274
-284
-294
-374
-394
-314
-324
-484
-584
-684
-784
-884
-984
424
-421
-423
-425
-426
-427
-428
-429
-414
-434
-514
-524
-534
-614
-624
-634
-444
-454
-474
-494
-224
-724
-824
-924
437
-431
-432
-433
-435
-438
-439
-417
-517
-527
-537
-617
-627
-637
-447
-457
-467
-477
-487
-497
-137
-237
-737
-837
-937
461
-462
-463
-465
-466
-468
-469
-441
-451
-541
-551
-561
-641
-651
-661
-411
-471
-481
-491
-261
-361
-761
-861
-961
473
-472
-475
-476
-478
-479
-483
-493
-573
-583
-593
-673
-683
-693
-413
-453
-273
-373
-773
-873
-973
668
-662
-663
-665
-666
-667
-669
-448
-458
-548
-558
-568
-648
-658
-618
-628
-638
-678
-698
-268
-368
-768
-868
-968
697
-691
-692
-694
-695
-696
-699
-577
-587
-597
-677
-687
-647
-657
-197
-297
-397
-797
-897
-997
718
-711
-712
-713
-714
-715
-716
-717
-719
-728
-738
-818
-828
-838
-918
-928
-938
-748
-758
-778
-798
-218
-318
-418
498
-492
-495
-496
-499
-578
-598
-518
-898
-998
754
-751
-752
-753
-755
-756
-757
-744
-844
-854
-944
-954
-734
-774
-794
-554
-654
762
-763
-765
-766
-767
-769
-742
-842
-852
-862
-942
-952
-962
-732
-772
-782
-792
-262
-362
-562
787
-781
-783
-785
-786
-789
-777
-877
-887
-977
-987
-727
-747
-287
832
-831
-833
-834
-835
-839
-812
-912
-932
-872
-882
-892
-532
-632
876
-871
-874
-875
-878
-879
-776
-796
-886
-896
-976
-986
-996
978
-971
-972
-974
-975
-979
-816
-826
-846
-856
-866
-948
-958
-176
-276
-576
-676
889
-881
-883
-885
-779
-799
-899
-989
-999
-819
-829
-849
-869
-289
-489
-589
-689
891
-893
-894
-895
-771
775
-791
-981
-991
994
-992
-993
-995
982
-983
-985
793
-795
-723
-733
-725
-735
-745
-811
-821
-841
-851
814
-813
-815
-817
-914
-934
-214
234
-231
-233
-235
-238
-239
538
-531
-533
-535
-539
-528
-175
-275
-375
-575
-675
-282
-482
-582
-682
283
-281
-285
-286
-293
-393
-213
-223
-191
-291
-391
-591
-594
939
-931
-933
-935
-729
-739
731
-721
726
-911
-921
-916
-926
-919
-929
-741
-746
749
-949
-969
-526
-626
-131
-631
633
-635
-639
-513
-523
-613
-623
-653
135
-139
-115
-215
-225
-315
-325
-155
-195
-449
419
-412
-415
-416
-519
-529
-619
-629
-119
-219
229
-221
-227
-228
328
-321
-323
-327
313
-311
-317
-279
-299
-348
-913
-549
-649
569
-563
-565
-566
-567
553
-552
-555
-556
-557
547
-542
-544
-545
-546
644
-642
-645
-646
574
-571
-572
-579
-674
-599
679
-671
-672
592
-595
-596
-512
612
-611
-615
-616
516
-511
-515
-586
-652
915
-917
-825
-925
-945
-955
-965
-247
-347
-847
-947
-853
-953
-179
199
-196
296
-292
-295
395
-392
156
-151
-157
-246
-256
-266
-345
-365
367
-257
-267
265
-245
-255
-377
-456
-656
655
-445
-455
452
-442
446
485
-486
-585
581
-681
-685
686
-521
525
621
-625
845
-848
-855
-865
858
-857
-946
941
-951
-241
-341
342
251
-252
-258
-242
248
-211
217
111
-117
-171
177
-277
-271
272
371
-372
-956
957
966
-963
-967
863
-867
-823
827
923
-927
