121
-122
-123
-124
-125
-126
-127
-128
-129
-111
-131
-211
-221
-231
-311
-321
-331
-141
-151
-161
-171
-181
-191
-421
-521
-621
-721
-821
-921
176
-172
-173
-174
-175
-177
-178
-179
-186
-196
-276
-286
-296
-376
-386
-396
-116
-136
-146
-156
-166
-476
-576
-676
-776
-876
-976
257
-251
-252
-253
-254
-255
-256
-258
-259
-147
-157
-167
-247
-267
-347
-357
-367
-217
-227
-237
-277
-287
-297
-457
-557
-657
-757
-857
-957
284
-281
-282
-283
-285
-288
-289
-184
-194
-274
-294
-374
-384
-394
-214
-224
-234
-244
-264
-484
-584
-684
-784
-884
-984
417
-411
-412
-413
-414
-415
-416
-418
-419
-427
-437
-517
-527
-537
-617
-627
-637
-447
-467
-477
-487
-497
-117
-317
-717
-817
-917
432
-431
-433
-434
-435
-436
-438
-439
-422
-512
-522
-532
-612
-622
-632
-442
-452
-462
-472
-482
-492
-132
-232
-332
-732
-832
-932
458
-451
-453
-454
-455
-456
-459
-448
-468
-548
-558
-568
-648
-658
-668
-428
-478
-488
-498
-158
-358
-758
-858
-958
545
-541
-542
-543
-544
-546
-547
-549
-445
-465
-555
-565
-645
-655
-665
-515
-525
-535
-575
-585
-595
-145
-245
-345
-745
-845
-945
571
-572
-573
-574
-577
-578
-579
-471
-481
-491
-581
-591
-671
-681
-691
-511
-531
-551
-561
-271
-371
-771
-871
-971
593
-592
-594
-596
-597
-598
-599
-473
-483
-493
-583
-673
-683
-693
-513
-523
-533
-553
-563
-193
-293
-393
-793
-893
-993
743
-741
-742
-744
-746
-747
-748
-749
-753
-763
-843
-853
-863
-943
-953
-963
-713
-723
-733
-773
-783
-143
-243
-343
-443
-643
766
-761
-762
-764
-765
-767
-768
-769
-756
-846
-856
-866
-946
-956
-966
-716
-726
-736
-786
-796
-266
-366
-466
-566
-666
775
-772
-774
-777
-778
-779
-785
-795
-875
-885
-895
-975
-985
-995
-715
-725
-735
-755
-275
-375
-475
-675
818
-811
-812
-813
-814
-815
-816
-819
-718
-728
-738
-828
-838
-918
-928
-938
-848
-868
-878
-888
-898
-118
-218
-318
-518
-618
882
-881
-883
-886
-887
-889
-782
-792
-872
-892
-972
-982
-992
-822
-842
-852
-862
-182
-382
-582
-682
914
-911
-912
-913
-915
-916
-919
-714
-724
-734
-824
-834
-924
-934
-944
-954
-964
-974
-994
-114
-314
-514
-614
941
-942
-947
-948
-949
-751
-841
-851
-861
-951
-961
968
-962
-965
-967
-969
-931
-981
-991
-978
-988
-998
-241
-341
-441
461
-463
-464
-469
-641
-651
-661
423
-424
-425
-426
-429
-613
-623
-633
-223
-323
-823
-923
351
-352
-353
-354
-355
-356
-359
-261
-361
291
-292
-295
-298
-299
-381
-391
-168
-268
-368
781
-787
-788
-789
-791
-891
798
-794
-797
-799
-711
-731
831
-833
-835
-836
-837
-839
933
-935
-936
-937
-939
754
-752
-759
952
-955
-959
-844
-854
-864
873
-874
-877
-879
-973
-983
894
-896
-897
-899
826
-825
-827
-829
925
-922
-926
-927
-929
611
-615
-616
-619
-631
-225
-325
-625
635
-634
-636
-638
-639
-685
-695
-226
-326
-526
-626
-133
-233
-333
-135
-235
-335
-152
-552
562
-564
-567
-569
-642
-652
-662
587
-586
-588
-589
-677
-687
-697
-154
-554
-654
-162
-262
-362
-273
-373
-187
-387
-987
-494
-694
-198
-398
-698
112
-113
-115
-119
-212
-222
-312
-322
-142
-192
-712
719
722
-727
-729
737
-739
-219
-319
-519
516
-536
-556
559
-449
-649
-659
-669
-529
-539
629
-624
-628
-679
-689
-699
-216
-316
327
-324
-328
-329
-137
-337
197
-195
-199
-377
-397
524
-528
-534
538
228
-229
-138
-238
-338
-248
-278
656
-653
663
-664
-667
-446
444
-644
-646
647
-474
479
674
-672
-678
692
-696
688
-686
-489
-499
-144
-344
-847
849
867
-865
-869
855
-859
-149
148
-348
-188
-249
-349
153
-155
-159
-163
-263
-363
-183
383
-385
-388
-389
378
-372
-379
213
-215
-313
315
265
-269
-165
-365
185
-189
-395
272
-279
-392
399
-242
246
342
-346
-236
239
336
-334
-339
134
-139
-164
169
364
-369
977
-979
-997
-485
486
495
-496
-986
989
996
-999
