139
-131
-132
-133
-134
-135
-136
-137
-138
-119
-129
-219
-229
-239
-319
-329
-339
-149
-159
-169
-179
-189
-199
-439
-539
-639
-739
-839
-939
153
-151
-152
-154
-155
-156
-157
-158
-143
-163
-243
-253
-263
-343
-353
-363
-113
-123
-173
-183
-193
-453
-553
-653
-753
-853
-953
162
-161
-164
-165
-166
-167
-168
-142
-242
-252
-262
-342
-352
-362
-112
-122
-172
-182
-192
-462
-562
-662
-762
-862
-962
213
-211
-212
-214
-215
-216
-217
-218
-223
-233
-313
-323
-333
-273
-283
-293
-413
-513
-613
-713
-813
-913
222
-221
-224
-225
-226
-227
-228
-232
-312
-322
-332
-272
-282
-292
-422
-522
-622
-722
-822
-922
337
-331
-334
-335
-336
-338
-117
-127
-237
-317
-327
-347
-357
-367
-377
-387
-397
-437
-537
-637
-737
-837
-937
359
-351
-354
-355
-356
-358
-249
-259
-269
-349
-369
-379
-389
-399
-459
-559
-659
-759
-859
-959
391
-392
-393
-394
-395
-396
-398
-171
-181
-191
-271
-281
-291
-371
-381
-311
-321
-341
-361
-491
-591
-691
-791
-891
-991
411
-412
-414
-415
-416
-417
-418
-419
-421
-431
-511
-521
-531
-611
-621
-631
-441
-451
-461
-471
-481
-111
-711
-811
-911
483
-482
-484
-485
-486
-487
-488
-489
-473
-493
-573
-583
-593
-673
-683
-693
-423
-433
-443
-463
-383
373
-372
-374
-375
-376
-378
382
-384
-385
-386
-388
-773
-873
-973
-582
-682
-782
-882
-982
-783
-883
-983
499
-492
-494
-495
-496
-497
-498
-479
-579
-589
-599
-679
-689
-699
-429
-449
-469
-299
-799
-899
-999
526
-523
-524
-525
-527
-528
-529
-426
-436
-516
-536
-616
-626
-636
-546
-556
-566
-576
-586
-596
-126
-326
-726
-826
-926
548
-541
-542
-543
-544
-545
-547
-549
-448
-458
-468
-558
-568
-648
-658
-668
-518
-538
-578
-588
-598
-148
-248
-348
-748
-848
-948
563
-561
-564
-565
-567
-569
-643
-663
-533
519
-512
-514
-515
-517
-619
-629
-719
-819
-919
-763
-863
-963
585
-581
-584
-587
-475
-575
-595
-675
-685
-695
-535
-555
-185
-285
-785
-885
-985
617
-612
-614
-615
-618
-427
-627
-647
-657
-667
-677
-687
-697
-717
-817
-917
624
-623
-625
-628
633
-632
-634
-635
-638
-424
-434
-534
532
-432
-552
-572
-592
-644
-654
-664
-674
-684
-694
-124
-324
-724
-824
-924
-732
-832
-932
-733
-833
-933
678
-671
-672
-676
-478
-688
-698
-178
-278
-778
-878
-978
692
-696
-472
-642
-652
-792
-892
-992
718
-712
-714
-715
-716
-728
-738
-818
-828
-838
-918
-928
-938
-758
-768
-788
-798
-118
-318
757
-751
-752
-754
-755
-756
-747
-767
-847
-857
-867
-947
-957
-967
-727
-777
-787
-797
-257
-457
-557
774
-771
-772
-775
-776
-779
-784
-794
-874
-884
-894
-974
-984
-994
742
-741
-743
-744
-745
-746
-749
-842
-852
-942
-952
-734
-764
-442
452
-454
-455
-456
-174
-274
-474
-574
594
-597
-554
551
-641
-651
-661
-571
577
681
-686
476
-477
-446
-466
-251
-851
-951
-176
-276
-876
-976
-177
175
-195
-275
-295
-115
-125
-145
-875
-975
-277
279
-289
-877
-977
-879
-979
-781
-881
-981
-194
-294
887
-886
-888
-889
-897
-987
-997
-827
927
-921
-923
-925
-929
-187
-287
898
-893
-895
-896
-988
-998
-858
-868
-198
-298
946
-941
-943
-944
-945
-949
843
-841
-844
-845
-846
-849
-766
-856
-866
-956
-966
-823
723
-721
-725
-729
829
-821
-825
-793
993
-995
-996
795
-796
-735
-765
-869
-916
-936
-986
989
786
-789
-736
731
-831
-931
-761
769
-969
121
-128
-231
-141
188
-184
-186
284
-286
-288
-234
-244
-254
-264
241
-245
-246
-247
-261
-146
-346
-646
649
-645
-669
958
-954
-955
-968
854
-855
-864
-964
-814
-834
934
-935
-914
-258
971
-972
-871
872
861
-865
-961
965
-812
912
-915
-265
-365
-465
-665
666
-656
655
-445
345
-344
-255
256
-266
-366
235
-236
-238
-315
-325
328
-296
297
196
-197
-116
114
-314
316
-144
147
364
-368
-267
268
815
-816
-835
836
425
-428
-435
438
444
-447
-464
467
