147
-141
-142
-143
-144
-145
-146
-148
-149
-157
-167
-247
-257
-267
-347
-357
-367
-117
-127
-137
-177
-187
-197
-447
-547
-647
-747
-847
-947
153
-151
-152
-154
-155
-156
-158
-159
-163
-243
-253
-263
-343
-353
-363
-113
-123
-133
-173
-183
-193
-453
-553
-653
-753
-853
-953
161
-162
-164
-165
-166
-168
-169
-241
-251
-261
-341
-351
-361
-111
-121
-131
-171
-181
-191
-461
-561
-661
-761
-861
-961
196
-192
-194
-195
-198
-199
-176
-186
-276
-286
-296
-376
-386
-396
-116
-126
-136
-496
-596
-696
-796
-896
-996
273
-271
-272
-274
-275
-277
-278
-279
-283
-293
-373
-383
-393
-213
-223
-233
-473
-573
-673
-773
-873
-973
292
-291
-294
-295
-297
-298
-299
-172
-182
-282
-372
-382
-392
-212
-222
-232
-242
-252
-262
-492
-592
-692
-792
-892
-992
368
-362
-364
-365
-366
-369
-248
-258
-268
-348
-358
-318
-328
-338
-378
-388
-398
-468
-568
-668
-768
-868
-968
381
-384
-385
-387
-389
-281
-371
-391
-311
-321
-331
-481
-581
-681
-781
-881
-981
429
-421
-422
-423
-424
-425
-426
-427
-428
-419
-439
-519
-529
-539
-619
-629
-639
-449
-459
-469
-479
-489
-499
-129
-229
-329
-729
-829
-929
443
-441
-442
-444
-445
-446
-448
-463
-543
-563
-643
-663
-413
-433
-483
-493
-743
-843
-943
465
-462
-464
-466
-467
-455
-545
-555
-565
-645
-655
-665
-415
-435
-475
-485
-495
-265
-765
-865
-965
472
-471
-474
-476
-477
-478
-482
-572
-582
-672
-682
-412
-432
-452
-772
-872
-972
517
-511
-512
-513
-514
-515
-516
-518
-417
-437
-527
-537
-617
-627
-637
-557
-567
-577
-587
-597
-217
-317
-717
-817
-917
524
-521
-522
-523
-525
-526
-528
-414
-434
-534
-614
-624
-634
-544
-554
-564
-574
-584
-594
-124
-224
-324
-724
-824
-924
541
-542
-546
-548
-549
-451
-551
-641
-651
-531
-571
-591
-741
-841
-941
622
-621
-623
-625
-626
-628
-532
-612
-632
-642
-652
-662
-122
-322
-722
-822
-922
688
-683
-684
-685
-686
-687
-689
-488
-498
-578
-588
-598
-678
-698
-618
-638
-648
-658
-188
-288
178
-174
-175
-179
-118
-128
125
-115
-135
-215
-225
-235
-315
-325
-335
-185
-138
-725
-825
-925
-778
-878
-978
-788
-888
-988
734
-731
-732
-733
-735
-736
-737
-738
-739
-714
-814
-834
-914
-934
-744
-754
-764
-774
-784
-794
-134
-234
-334
779
-771
-775
-776
-777
-789
-799
-879
-889
-899
-979
-989
-999
-719
-749
-759
-769
-379
-579
-679
793
-791
-795
-797
-798
-783
-883
-893
-983
-993
-713
-723
-763
583
-585
-586
-589
-593
-693
-533
831
-832
-833
-835
-836
-837
-838
-839
-711
-721
-811
-821
-911
-921
-931
751
-752
-755
-756
-757
-758
-851
-951
-871
-891
221
-226
-227
-228
-211
-231
-431
-631
857
-852
-854
-855
-856
-858
-859
-767
-867
-957
-967
-827
-877
-887
-897
-457
-657
667
-664
-666
-669
-677
-697
866
-862
-863
-864
-869
963
-962
-964
-966
-969
-746
-766
762
-742
-842
-942
-952
-846
-946
-956
-712
-782
-816
-826
-876
-886
-913
-923
-933
342
-344
-345
-346
-349
-352
-312
-332
552
-556
-558
-559
-562
458
-454
-456
-418
-438
436
-416
411
-611
-536
-616
-636
538
-535
-491
-486
-236
-336
-936
-238
218
-214
-216
-219
-718
-818
-918
-938
-958
264
-266
-269
-244
-254
-354
-284
-566
569
-649
-659
576
-575
-676
595
-599
-675
-695
699
-691
-694
671
-674
-971
991
-994
-995
-997
-998
898
-894
-895
-828
823
-813
-848
-323
-976
-395
-399
975
-974
-977
-785
-875
874
-884
-984
-885
882
-982
-985
-812
-844
-915
-935
-945
-955
635
-633
613
-615
-313
333
-337
-339
-374
-375
377
285
-287
-289
-397
394
-184
189
114
-112
-119
132
-139
-314
-245
-255
355
-356
-359
237
-239
-327
326
-316
319
912
-916
-919
-932
716
-715
815
-819
-726
-926
939
-937
745
-748
-845
849
948
-944
-949
954
-959
-786
787
986
-987
-727
728
927
-928
644
-646
-654
656
246
-249
-256
259
484
-487
-494
497
