123
-121
-122
-124
-125
-126
-127
-128
-129
-113
-133
-213
-223
-233
-313
-323
-333
-143
-153
-163
-173
-183
-193
-423
-523
-623
-723
-823
-923
145
-141
-142
-144
-146
-147
-148
-149
-155
-165
-245
-255
-265
-345
-355
-365
-115
-135
-175
-185
-195
-445
-545
-645
-745
-845
-945
178
-171
-172
-174
-176
-177
-179
-188
-198
-278
-288
-298
-378
-388
-398
-118
-138
-158
-168
-478
-578
-678
-778
-878
-978
218
-211
-212
-214
-215
-216
-217
-219
-228
-238
-318
-328
-338
-248
-258
-268
-418
-518
-618
-718
-818
-918
273
-271
-272
-274
-275
-276
-277
-279
-283
-293
-373
-383
-393
-243
-253
-263
-473
-573
-673
-773
-873
-973
291
-292
-294
-295
-296
-297
-299
-181
-191
-281
-371
-381
-391
-221
-231
-241
-251
-261
-491
-591
-691
-791
-891
-991
321
-322
-324
-325
-326
-327
-329
-111
-131
-311
-331
-341
-351
-361
-421
-521
-621
-721
-821
-921
339
-332
-334
-335
-336
-337
-119
-139
-229
-239
-319
-349
-359
-369
-379
-389
-399
-439
-539
-639
-739
-839
-939
344
-342
-343
-346
-347
-348
-154
-164
-244
-254
-264
-354
-364
-314
-374
-384
-394
-444
-544
-644
-744
-844
-944
433
-431
-432
-434
-435
-436
-437
-438
-413
-513
-533
-613
-633
-443
-453
-463
-483
-493
-733
-833
-933
441
-442
-446
-447
-448
-449
-451
-461
-541
-551
-561
-641
-651
-661
-411
-471
-481
-741
-841
-941
476
-472
-474
-475
-477
-479
-486
-496
-576
-586
-596
-676
-686
-696
-416
-426
-456
-466
-376
-776
-876
-976
548
-542
-543
-546
-547
-549
-458
-468
-558
-568
-648
-658
-668
-528
-538
-588
-598
-748
-848
-948
554
-552
-553
-555
-556
-557
-559
-454
-464
-564
-654
-664
-514
-524
-534
-574
-584
-594
-754
-854
-954
567
-562
-563
-565
-566
-569
-457
-467
-647
-657
-667
-517
-527
-537
-577
-587
-597
-167
-267
-367
-767
-867
-967
638
-631
-632
-634
-635
-636
-637
-428
-628
-688
-698
-738
-838
-938
662
-663
-665
-666
-669
-452
-462
-642
-652
-612
-622
-672
-682
-692
-162
-262
-362
-762
-862
-962
674
-671
-675
-677
-679
-484
-494
-684
-694
-614
-624
-774
-874
-974
766
-761
-763
-764
-765
-768
-769
-746
-756
-846
-856
-866
-946
-956
-966
-716
-726
-736
-786
-796
-166
-266
269
-159
-169
161
-151
-249
-259
-289
-861
-961
-366
-469
465
-455
459
-655
-649
-659
-415
-425
-485
-495
-419
-429
-489
-499
-759
-859
-959
-865
-965
-869
-969
775
-771
-772
-777
-779
-785
-795
-875
-885
-895
-975
-985
-995
-715
-725
-735
-755
-375
-575
789
-781
-782
-783
-784
-787
-788
-799
-879
-889
-899
-979
-989
-999
-719
-729
-749
579
-571
-572
-589
-599
-689
-699
-519
-529
-189
199
-192
-194
-196
-197
811
-812
-813
-814
-815
-816
-817
-819
-711
-731
-831
-911
-931
751
-752
-753
-757
-758
-851
-951
-871
-881
-511
-611
531
-532
-535
-536
-581
681
-683
-685
-687
971
-972
-977
-981
835
-832
-834
-836
-837
-825
-915
-925
-935
-855
955
-952
-953
-957
-958
-235
894
-892
-893
-896
-897
-898
-794
-884
-984
-994
-824
-864
964
-963
-968
-914
-924
-934
936
-932
-937
-826
-916
-926
886
-882
-883
-887
-888
-986
-996
-136
-236
-186
-286
-386
396
-392
-395
-397
-316
-356
983
-982
-987
-988
-793
-993
-913
713
-712
-714
-717
-743
-943
-583
593
-592
-595
-693
488
-482
-487
-498
695
-697
-585
582
-492
497
-417
-427
-512
-522
-615
-625
-182
-282
-382
372
-377
-312
-352
-872
877
-797
-997
-827
-847
-857
112
-114
-116
-117
-132
-222
-232
226
-224
-225
-227
315
-317
-152
156
-157
-246
-256
285
-284
-287
184
-187
-385
387
-134
137
234
-237
-357
-412
414
422
-424
-912
-515
516
525
-526
-616
-626
-722
-822
-922
732
-734
-737
724
-727
-728
-742
747
-947
-792
798
992
-998
-942
949
-849
829
-828
928
-927
-929
917
-919
-617
619
627
-629
646
-643
653
-656
843
-842
852
-853
-858
-863
868
242
-247
-252
257
-353
358
363
-368
