124
-121
-122
-123
-125
-126
-127
-128
-129
-114
-134
-214
-224
-234
-314
-324
-334
-144
-154
-164
-174
-184
-194
-424
-524
-624
-724
-824
-924
191
-192
-193
-195
-196
-197
-198
-199
-171
-181
-271
-281
-291
-371
-381
-391
-111
-131
-141
-151
-161
-491
-591
-691
-791
-891
-991
253
-251
-252
-254
-255
-256
-257
-258
-259
-143
-153
-163
-243
-263
-343
-353
-363
-213
-223
-233
-273
-283
-293
-453
-553
-653
-753
-853
-953
282
-284
-285
-286
-287
-288
-289
-172
-182
-272
-292
-372
-382
-392
-212
-222
-232
-242
-262
-482
-582
-682
-782
-882
-982
312
-311
-313
-315
-316
-317
-318
-319
-112
-132
-322
-332
-342
-352
-362
-412
-512
-612
-712
-812
-912
358
-351
-354
-355
-356
-357
-359
-148
-158
-168
-248
-268
-348
-368
-328
-338
-378
-388
-398
-458
-558
-658
-758
-858
-958
421
-422
-423
-425
-426
-427
-428
-429
-411
-431
-511
-521
-531
-611
-621
-631
-441
-451
-461
-471
-481
-221
-321
-721
-821
-921
447
-442
-443
-444
-445
-446
-448
-449
-457
-467
-547
-557
-567
-647
-657
-667
-417
-437
-477
-487
-497
-147
-247
-347
-747
-847
-947
573
-571
-572
-574
-575
-576
-577
-578
-579
-473
-483
-493
-583
-593
-673
-683
-693
-513
-523
-533
-543
-563
-173
-373
-773
-873
-973
585
-581
-584
-586
-587
-588
-589
-475
-485
-495
-595
-675
-685
-695
-515
-525
-535
-545
-555
-565
-185
-385
-785
-885
-985
672
-671
-674
-676
-677
-678
-679
681
-684
-686
-687
-688
-689
-472
-492
-592
-692
-641
-651
-661
-622
-632
-642
-652
-662
-772
-872
-972
-781
-881
-981
737
-731
-732
-733
-734
-735
-736
-738
-739
-717
-727
-817
-827
-837
-917
-927
-937
-757
-767
-777
-787
-797
-137
-237
-337
-537
-637
741
-742
-743
-744
-745
-746
-748
-749
-751
-761
-841
-851
-861
-941
-951
-961
-711
-771
-241
-341
-541
551
-552
-554
-556
-559
-561
766
-762
-763
-764
-765
-768
-769
-756
-846
-856
-866
-946
-956
-966
-716
-726
-776
-786
-796
-166
-266
-366
-466
-566
-666
813
-811
-814
-815
-816
-818
-819
-713
-723
-823
-833
-913
-923
-933
-843
-863
-883
-893
-113
-413
-613
875
-871
-874
-876
-877
-878
-879
971
-974
-975
-976
-977
-978
-979
-775
-795
-895
-995
831
-832
-834
-835
-836
-838
-839
-911
-931
-825
-845
-855
-865
211
-215
-216
-217
-218
-219
-231
-331
-261
361
-364
-365
-367
-369
-175
-275
-375
944
-942
-943
-945
-948
-949
963
-962
-964
-965
-967
-968
-969
-754
-844
-854
-864
-954
-983
-993
-914
-934
714
-715
-718
-719
-774
-784
-794
-984
-994
-414
-514
-614
643
-644
-645
-646
-648
-649
-463
-663
433
-432
-434
-435
-436
-438
-439
-623
-633
323
-325
-326
-327
-329
-133
-333
183
-186
-187
-188
-189
-383
-393
-244
-344
264
-265
-267
-269
-274
-294
-544
-464
-564
-664
-783
793
-792
-798
-799
-115
-116
-117
227
-225
-226
-228
-229
-277
-297
-527
-627
-118
119
-139
-239
-339
-149
-159
-169
-179
-419
-519
-619
-919
135
-136
-138
-235
-335
336
-236
238
-145
-155
-165
178
-176
-177
-278
-298
-346
-376
-386
-396
-635
-935
-536
-636
-936
-538
-638
-938
377
-374
-379
-387
-397
474
-476
-478
-479
-484
-494
-594
-694
-454
654
-655
-656
-659
534
-532
-539
522
-526
-528
-529
-634
639
-629
-542
-562
-669
-699
-722
752
-755
-759
-842
-852
-862
-952
955
-957
-959
725
-728
-729
-915
-925
-822
892
-894
-896
-897
-898
-899
-992
884
-886
-887
-888
-889
826
-828
-829
-916
918
-926
-928
-988
-998
-418
-518
-618
628
-625
-626
-668
665
-455
-465
415
-416
-615
-698
-922
929
932
-939
-989
-999
142
-146
-152
-162
167
-157
156
-246
546
-548
-549
-456
-516
517
616
-617
-596
-597
697
-696
848
-849
-868
-452
459
462
-468
-469
568
-569
-489
-499
599
-598
857
-859
-867
869
276
-279
-296
-778
779
788
-789
-384
389
394
-395
-399
295
-299
-245
249
345
-349
987
-986
996
-997
486
-488
-496
498
