133
-131
-132
-134
-135
-136
-137
-138
-139
-113
-123
-213
-223
-233
-313
-323
-333
-143
-153
-163
-173
-183
-193
-433
-533
-633
-733
-833
-933
155
-151
-152
-154
-156
-157
-158
-159
-145
-165
-245
-255
-265
-345
-355
-365
-115
-125
-175
-185
-195
-455
-555
-655
-755
-855
-955
234
-231
-232
-235
-236
-237
-238
-239
-114
-124
-214
-224
-314
-324
-334
-244
-254
-264
-274
-284
-294
-434
-534
-634
-734
-834
-934
282
-281
-283
-285
-286
-287
-288
-289
-172
-182
-192
-272
-292
-372
-382
-392
-212
-222
-242
-252
-262
-482
-582
-682
-782
-882
-982
299
-291
-293
-295
-296
-297
-298
-179
-189
-199
-279
-379
-389
-399
-219
-229
-249
-259
-269
-499
-599
-699
-799
-899
-999
311
-312
-315
-316
-317
-318
-319
-111
-121
-211
-221
-321
-331
-341
-351
-361
-371
-381
-391
-411
-511
-611
-711
-811
-911
357
-352
-353
-354
-356
-358
-359
-147
-167
-247
-257
-267
-347
-367
-327
-337
-377
-387
-397
-457
-557
-657
-757
-857
-957
369
-362
-363
-364
-366
-368
-149
-169
-349
-329
-339
-469
-569
-669
-769
-869
-969
393
-394
-395
-396
-398
-273
-373
-383
-343
-493
-593
-693
-793
-893
-993
414
-412
-413
-415
-416
-417
-418
-419
-424
-514
-524
-614
-624
-444
-454
-464
-474
-484
-494
-714
-814
-914
425
-421
-422
-423
-426
-427
-428
-429
-435
-515
-525
-535
-615
-625
-635
-445
-465
-475
-485
-495
-225
-325
-725
-825
-925
463
-461
-462
-466
-467
-468
-443
-453
-543
-553
-563
-643
-653
-663
-473
-483
-263
-763
-863
-963
472
-471
-476
-477
-478
-479
-492
-572
-592
-672
-692
-432
-442
-452
-772
-872
-972
638
-631
-632
-636
-637
-639
-438
-518
-528
-538
-618
-628
-648
-658
-668
-678
-688
-698
-338
-738
-838
-938
646
-641
-642
-644
-645
-647
-649
-446
-456
-546
-556
-566
-656
-666
-616
-626
-676
-686
-696
-146
-246
-346
-746
-846
-946
684
-681
-683
-685
-687
-689
-574
-584
-594
-674
-694
-654
-664
-184
-384
-784
-884
-984
691
-695
-697
-481
-491
-571
-581
-591
-671
-621
-651
-661
-191
-791
-891
-991
715
-712
-713
-716
-717
-718
-719
-735
-815
-835
-915
-935
-745
-765
-775
-785
-795
-215
335
-332
-336
275
-271
-276
-277
-278
-375
-385
-575
-675
665
-662
-667
-545
-565
-865
-965
-875
-975
743
-741
-742
-744
-747
-748
-749
-753
-843
-853
-943
-953
-723
-773
-783
-243
253
-251
-256
-258
758
-751
-752
-754
-756
-759
-768
-848
-858
-868
-948
-958
-968
-728
-778
-788
-798
-458
-558
797
-792
-794
-796
-777
-787
-877
-887
-897
-977
-987
-997
-727
-737
-767
-197
-497
-597
813
-812
-816
-817
-818
-819
-823
-913
-923
-873
-883
-513
-613
822
-821
-824
-826
-827
-828
-829
-722
-732
-832
-912
-922
-932
762
-761
-764
-766
-842
-852
-862
-942
-952
-962
-892
992
-994
-995
-996
-998
-122
-322
112
-116
-117
-118
-119
129
-126
-127
-128
-142
-162
342
-344
-348
374
-376
-378
-174
-194
-512
-612
-522
-622
532
-531
-536
-537
-539
-542
-552
-562
652
-659
-529
-629
-729
-929
-774
724
-721
-726
-924
-874
-974
894
-895
-896
-898
-844
-854
-864
595
-596
-598
-585
878
-871
-876
-879
-888
-978
-988
-178
-578
959
-951
-954
-956
-849
-859
-949
-919
-939
-979
-989
554
-551
-559
-544
-564
856
-851
-866
-966
-836
-886
451
-459
-441
-541
-561
-431
521
-523
-526
-527
623
-627
-673
-921
971
-973
-976
-771
-781
-881
-981
983
-985
-986
885
-889
731
-736
-739
-831
-931
839
-837
-845
945
-941
-944
-947
964
-961
-967
-439
144
-141
-148
-164
-171
181
-186
-187
-188
177
-176
-161
573
-576
-577
-579
-583
776
-779
-786
789
-677
679
-489
-589
449
-447
-448
-549
519
-516
-517
436
-437
617
-619
-486
-496
498
586
-587
-588
487
-488
-217
227
-226
-228
-917
-927
937
-936
-386
388
196
-198
-166
168
266
-261
-268
241
-248
-216
218
326
-328
916
-918
-926
928
-841
847
861
-867
-547
548
567
-568
