138
-131
-132
-133
-134
-135
-136
-137
-139
-118
-128
-218
-228
-238
-318
-328
-338
-148
-158
-168
-178
-188
-198
-438
-538
-638
-738
-838
-938
157
-151
-152
-153
-154
-155
-156
-159
-147
-167
-247
-257
-267
-347
-357
-367
-117
-127
-177
-187
-197
-457
-557
-657
-757
-857
-957
189
-181
-182
-183
-184
-185
-186
-179
-199
-279
-289
-299
-379
-389
-399
-119
-129
-149
-169
-489
-589
-689
-789
-889
-989
191
-192
-193
-194
-195
-196
-171
-271
-281
-291
-371
-381
-391
-111
-121
-141
-161
-491
-591
-691
-791
-891
-991
255
-251
-252
-253
-254
-256
-258
-259
-145
-165
-245
-265
-345
-355
-365
-215
-225
-235
-275
-285
-295
-455
-555
-655
-755
-855
-955
266
-261
-262
-263
-264
-268
-269
-146
-166
-246
-346
-356
-366
-216
-226
-236
-276
-286
-296
-466
-566
-666
-766
-866
-966
293
-292
-294
-297
-298
-173
-273
-283
-373
-383
-393
-213
-223
-233
-243
-493
-593
-693
-793
-893
-993
336
-331
-332
-333
-334
-335
-337
-339
-116
-126
-316
-326
176
-172
-174
-175
-376
-386
-396
-436
-536
-636
-736
-836
-936
-476
-576
-676
-776
-876
-976
377
-372
-374
-375
-378
-277
-287
-387
-397
-317
-327
-477
-577
-677
-777
-877
-977
385
-382
-384
-388
-395
-315
-325
-485
-585
-685
-785
-885
-985
435
-431
-432
-433
-434
-437
-439
-415
-425
-515
-525
-535
-615
-625
-635
-445
-465
-475
-495
-735
-835
-935
442
-441
-443
-444
-446
-447
-448
-449
-452
-462
-542
-552
-562
-642
-652
-662
-412
-422
-472
-482
-492
-142
-242
-342
-742
-842
-942
516
-511
-512
-513
-514
-517
-518
-519
-416
-426
-526
-616
-626
-546
-556
-586
-596
-716
-816
-916
537
-531
-532
-533
-534
-539
-417
-427
-527
-617
-627
-637
-547
-567
-587
-597
-237
-737
-837
-937
554
-551
-553
-558
-559
-454
-464
-544
-564
-644
-654
-664
-524
-574
-584
-594
-354
-754
-854
-954
572
-571
-573
-575
-578
-579
-582
-592
-672
-682
-692
-522
-272
-772
-872
-972
598
-595
-599
-478
-488
-498
-588
-678
-688
-698
-528
-548
-568
-398
-798
-898
-998
668
-661
-663
-665
-667
-669
-458
-468
-648
-658
-618
-628
-368
-768
-868
-968
675
-671
-673
-674
-679
-695
-645
-775
-875
-975
728
-721
-722
-723
-724
-725
-726
-727
-729
-718
-818
-828
-918
-928
-748
-758
-778
-788
418
-411
-413
-414
-419
-428
732
-731
-733
-734
-739
-712
-812
-822
-832
-912
-922
-932
-752
-762
-782
-792
-232
-632
773
-771
-774
-779
-783
-873
-883
-973
-983
-713
-743
-753
-763
-473
815
-811
-813
-814
-817
-819
-715
-825
-915
-925
-845
-865
-895
-115
125
-122
-123
-124
849
-841
-843
-844
-846
-847
-848
-749
-759
-769
-859
-869
-949
-959
-969
-829
-839
-879
-899
-249
-349
-549
-649
858
-851
-852
-853
-856
-948
-958
-878
-888
-358
348
-341
-343
-344
-248
919
-911
-913
-914
-917
-719
-929
-939
799
-794
-795
-796
-797
995
-992
-994
-996
-997
-999
-979
-945
-965
-219
-319
-619
479
-471
-474
-499
-699
-429
-459
-469
927
-921
-923
-924
-926
826
-821
-823
-824
-827
-717
-886
-896
-947
-967
-987
217
-211
-212
-214
-227
956
-951
-952
-953
-746
-756
751
-741
-761
-861
-941
-961
-946
-711
714
-834
-934
-781
-744
-764
-784
786
-787
-986
-114
-314
-614
646
-641
-643
-647
-456
-656
467
-461
-463
-487
-497
-686
-696
747
-745
765
-767
-867
545
-541
-543
-565
241
-244
-351
-361
-221
-231
-451
453
-563
-653
-423
-483
-651
659
561
-569
-521
-581
583
-683
-523
529
-629
-639
-229
239
-234
-329
634
-631
-633
-424
421
-611
-621
-624
-481
681
-684
-687
697
-694
311
-312
-313
-321
352
-353
-359
-162
-362
369
-363
-364
112
-113
-222
224
-322
323
-324
282
-284
-288
-392
394
-274
278
-612
613
622
-623
-978
988
-981
-982
-984
962
-963
-964
-862
-881
-882
892
-894
-897
887
-884
484
-486
-494
496
971
-974
-871
874
831
-833
-931
933
863
-864
-943
944
143
-144
-163
164
