133
-131
-132
-134
-135
-136
-137
-138
-139
-113
-123
-213
-223
-233
-313
-323
-333
-143
-153
-163
-173
-183
-193
-433
-533
-633
-733
-833
-933
165
-161
-162
-164
-166
-167
-168
-169
-145
-155
-245
-255
-265
-345
-355
-365
-115
-125
-175
-185
-195
-465
-565
-665
-765
-865
-965
258
-251
-252
-253
-254
-256
-257
-259
-148
-158
-248
-268
-348
-358
-368
-218
-228
-238
-278
-288
-298
-458
-558
-658
-758
-858
-958
266
-261
-262
-263
-264
-267
-269
-146
-156
-246
-346
-356
-366
-216
-226
-236
-276
-286
-296
-466
-566
-666
-766
-866
-966
273
-271
-272
-274
-275
-277
-279
-283
-293
-373
-383
-393
-243
-473
-573
-673
-773
-873
-973
289
-281
-282
-284
-285
-287
-179
-189
-199
-299
-379
-389
-399
-219
-229
-239
-249
-489
-589
-689
-789
-889
-989
332
-331
-334
-335
-336
-337
-338
-339
-112
-122
-212
-222
-232
-312
-322
-342
-352
-362
-372
-382
-392
-432
-532
-632
-732
-832
-932
376
-371
-374
-375
-377
-378
-176
-186
-196
-386
-396
-316
-326
-476
-576
-676
-776
-876
-976
387
-381
-384
-385
-388
-177
-187
-197
-297
-397
-317
-327
-347
-357
-367
-487
-587
-687
-787
-887
-987
469
-461
-462
-463
-464
-467
-468
-449
-459
-549
-559
-569
-649
-659
-669
-419
-429
-439
-479
-499
-369
-769
-869
-969
478
-471
-472
-474
-475
-477
-488
-498
-578
-588
-598
-678
-688
-698
-418
-428
-438
-448
-178
-778
-878
-978
491
-492
-493
-494
-495
-496
-497
-481
-571
-581
-591
-671
-681
-691
-411
-421
-431
-441
-451
-191
-291
-391
-791
-891
-991
525
-521
-522
-523
-524
-526
-527
-528
-529
-415
-425
-435
-515
-535
-615
-625
-635
-545
-555
-575
-585
-595
-225
-325
-725
-825
-925
544
-541
-542
-543
-546
-547
-548
-444
-454
-554
-564
-644
-654
-664
-514
-534
-574
-584
-594
-144
-244
-344
-744
-844
-944
563
-561
-562
-567
-568
-443
-453
-553
-643
-653
-663
-513
-583
-593
-363
-763
-863
-963
586
-582
-486
-596
-686
-696
-516
-536
-556
-786
-886
-986
614
-611
-612
-613
-616
-617
-618
-619
-414
-424
-434
-624
-634
484
-482
-483
-485
-674
-684
-694
-114
-214
-314
-714
-814
-914
-184
-784
-884
-984
631
-636
-637
-638
-639
-511
-531
-621
551
-552
-557
-641
-651
-661
-231
-731
-831
-931
-151
-351
-751
-851
-951
646
-642
-645
-647
-648
-446
-456
-656
668
-662
-667
-626
-628
-746
-846
-946
-768
-868
-968
721
-722
-723
-724
-726
-727
-728
-729
-711
-811
-821
-911
-921
-741
-761
-771
-781
-121
-221
-321
736
-734
-735
-737
-738
-739
-716
-816
-826
-836
-916
-926
-936
-756
-796
-436
437
-417
-427
-517
-537
-627
-447
-457
657
-652
-655
-677
-697
-237
-837
-937
-157
-757
-857
-957
777
-772
-774
-775
-779
-797
-877
-897
-977
-997
-717
-747
-767
-577
597
-592
-599
822
-823
-824
-827
-828
-829
-712
-812
-912
-922
-842
-852
-862
-872
-882
-892
-422
-622
834
-835
-838
-839
-924
-934
-854
-864
-874
-894
-234
235
-215
-315
-295
395
-394
-398
-935
-695
-795
-895
-995
848
-841
-843
-845
-847
-849
-748
-948
-818
-888
-898
856
-853
-855
-859
-956
-896
996
-992
-993
-994
-998
-999
943
-941
-942
-945
-947
-949
-743
-753
-953
-913
-923
-983
-343
353
-354
-359
974
-971
-972
-975
-979
-794
-954
-964
-174
-111
-116
126
-124
-127
-128
-129
416
-412
-413
512
-518
-519
-426
423
-623
629
538
-539
-572
579
-679
-699
-329
-929
-938
939
-719
-819
-919
-959
-879
899
-893
-799
117
-118
-119
-217
211
-311
-227
224
-324
328
-318
319
-147
247
-241
-242
292
-294
-172
171
-181
-182
188
-192
194
-198
-141
-154
364
-361
341
-349
-817
867
-861
961
-962
-967
-981
-917
927
-928
754
-752
-755
-759
-764
762
-742
-952
955
-745
749
-782
-792
982
-985
-988
-915
918
-718
445
-442
452
-455
142
-149
-152
159
-871
875
881
-883
-885
-785
715
-713
813
-815
672
-675
-682
-692
693
-683
685
783
-788
-793
798
