137
-131
-132
-133
-134
-135
-136
-138
-139
-117
-127
-217
-227
-237
-317
-327
-337
-147
-157
-167
-177
-187
-197
-437
-537
-637
-737
-837
-937
144
-141
-142
-143
-145
-146
-148
-149
-154
-164
-244
-254
-264
-344
-354
-364
-114
-124
-174
-184
-194
-444
-544
-644
-744
-844
-944
196
-191
-192
-193
-195
-198
-199
-176
-186
-276
-286
-296
-376
-386
-396
-116
-126
-156
-166
-496
-596
-696
-796
-896
-996
234
-231
-232
-233
-235
-236
-238
-239
-214
-224
-314
-324
-334
-274
-284
-294
-434
-534
-634
-734
-834
-934
241
-242
-243
-245
-246
-247
-248
-249
-151
-161
-251
-261
-341
-351
-361
-211
-221
-271
-281
-291
-441
-541
-641
-741
-841
-941
277
-272
-273
-275
-278
-279
-287
-297
-377
-387
-397
-257
-267
-477
-577
-677
-777
-877
-977
288
-282
-283
-285
-289
-178
-188
-298
-378
-388
-398
-218
-228
-258
-268
-488
-588
-688
-788
-888
-988
312
-311
-313
-315
-316
-318
-319
-112
-122
-212
-222
-322
-332
-342
-352
-362
-372
-382
-392
-412
-512
-612
-712
-812
-912
323
-321
-325
-326
-328
-329
-113
-123
-213
-223
-333
-343
-353
-363
-373
-383
-393
-423
-523
-623
-723
-823
-923
347
-345
-346
-348
-349
-357
-367
-447
-547
-647
-747
-847
-947
417
-411
-413
-414
-415
-416
-418
-419
-427
-517
-527
-617
-627
-457
-467
-487
-497
-717
-817
-917
431
-432
-433
-435
-436
-438
-439
-421
-511
-521
-531
-611
-621
-631
-451
-461
-471
-481
-491
-331
-731
-831
-931
462
-463
-464
-465
-466
-468
-469
-442
-452
-542
-552
-562
-642
-652
-662
-422
-472
-482
-492
-162
-262
-762
-862
-962
524
-522
-525
-526
-528
-529
-424
-514
-614
-624
-554
-564
-574
-584
-594
-724
-824
-924
555
-551
-553
-556
-557
-558
-559
-445
-455
-545
-565
-645
-655
-665
-515
-535
-575
-585
-595
-155
-255
-355
-755
-855
-955
587
-581
-582
-583
-586
-589
-597
-687
-697
-567
-787
-887
-987
648
-643
-646
-649
-448
-458
-548
-568
-658
-668
-618
-628
-638
-678
-698
-748
-848
-948
671
-672
-673
-674
-675
-676
-679
-571
-591
-681
-691
561
-563
-566
-569
-651
-661
-761
-861
-961
-171
-371
-771
-871
-971
694
-692
-693
-695
-699
-474
-484
-494
-684
454
-453
-456
-459
-654
-664
-754
-854
-954
-394
-794
-894
-994
763
-764
-765
-766
-767
-768
-769
-743
-753
-843
-853
-863
-943
-953
-963
-713
-733
-773
-783
-793
-163
-263
-663
785
-781
-782
-784
-786
-789
-775
-795
-875
-885
-895
-975
-985
-995
-715
-725
-735
-745
-185
-385
-485
-685
799
-791
-792
-797
-798
-779
-879
-889
-899
-979
-989
-999
-719
-729
-739
-749
-759
-299
-399
-499
-599
822
-821
-825
-826
-827
-828
-829
-722
-732
-832
-922
-932
-842
-852
-872
-882
-892
-622
835
-833
-836
-838
-839
-815
-915
-925
-935
-845
-865
-335
-635
945
-942
-946
-949
-965
742
-746
-752
-952
-772
867
-864
-866
-868
-869
964
-966
-967
-968
-969
-757
-857
-957
727
-721
-726
-728
-927
-897
997
-991
-992
-993
-998
-914
-974
-984
657
-653
-656
-659
-667
873
-874
-876
-878
-883
-893
-973
-983
-813
-173
-473
-573
916
-911
-913
-918
-919
933
-936
-938
-939
-716
-736
738
-816
-926
-718
-818
-928
-758
-778
-956
-976
-986
-216
-516
-616
-533
-633
-338
-538
972
-978
-982
981
-881
-891
898
-858
958
-951
-959
-921
929
-819
121
-125
-128
-129
-111
118
-115
-119
-181
-158
-168
-518
428
-425
-426
-429
-478
-498
-229
-629
-358
368
-365
-366
-369
-172
-572
578
-576
-579
-598
-381
391
-395
375
-374
-379
384
-389
-175
179
-295
-189
165
-169
-265
-159
774
-776
-884
886
-714
711
-811
814
-751
756
851
-856
-859
-846
849
-449
-549
669
-666
-619
-639
-689
-256
-356
359
266
-269
-259
-226
225
-215
219
336
-339
615
-613
513
-519
-625
626
-536
-636
632
-532
539
592
-593
-682
-543
546
443
-446
-483
-493
495
683
-686
-475
476
-479
-486
489
182
-183
-292
293
-152
153
252
-253
