123
-121
-122
-124
-125
-126
-127
-128
-129
-113
-133
-213
-223
-233
-313
-323
-333
-143
-153
-163
-173
-183
-193
-423
-523
-623
-723
-823
-923
147
-141
-142
-144
-145
-146
-148
-149
-157
-167
-247
-257
-267
-347
-357
-367
-117
-137
-177
-187
-197
-447
-547
-647
-747
-847
-947
214
-211
-212
-215
-216
-217
-218
-219
-114
-134
-224
-234
-314
-324
-334
-244
-254
-264
-274
-284
-294
-414
-514
-614
-714
-814
-914
259
-251
-252
-253
-255
-256
-258
-159
-169
-249
-269
-349
-359
-369
-229
-239
-279
-289
-299
-459
-559
-659
-759
-859
-959
296
-291
-292
-293
-295
-297
-298
-176
-186
-196
-276
-286
-376
-386
-396
-226
-236
-246
-266
-496
-596
-696
-796
-896
-996
328
-321
-322
-325
-326
-327
-329
-118
-138
-228
-238
-318
-338
-348
-358
-368
-378
-388
-398
-428
-528
-628
-728
-828
-928
335
-331
-332
-336
-337
-339
-115
-135
-225
-235
-315
-345
-355
-365
-375
-385
-395
-435
-535
-635
-735
-835
-935
344
-341
-342
-343
-346
-154
-164
-354
-364
-374
-384
-394
-444
-544
-644
-744
-844
-944
432
-431
-433
-434
-436
-437
-438
-439
-412
-422
-512
-522
-532
-612
-622
-632
-442
-452
-462
-472
-482
-492
-132
-232
-732
-832
-932
474
-471
-473
-475
-476
-477
-478
-479
-484
-494
-574
-584
-594
-674
-684
-694
-424
-454
-464
-174
-774
-874
-974
495
-491
-493
-497
-498
-499
-485
-575
-585
-595
-675
-685
-695
-415
-425
-445
-455
-465
-195
-795
-895
-995
524
-521
-525
-526
-527
-529
-534
-624
-634
-554
-564
-724
-824
-924
537
-531
-533
-536
-538
-539
-417
-427
-517
-617
-627
-637
-557
-567
-577
-587
-597
-237
231
-111
-131
-221
-311
-241
-261
-271
-281
-631
-731
-831
-931
-737
-837
-937
573
-571
-572
-576
-578
-579
-483
-583
-593
-673
-683
-693
-513
-543
-553
-563
-273
-373
-773
-873
-973
581
-582
-586
-588
-589
-481
-591
-671
-681
-691
-511
-541
-551
-561
-181
-381
-781
-881
-981
616
-611
-613
-615
-618
-619
-416
-426
-516
-626
-636
-646
-656
-666
-676
-686
486
-487
-488
-489
-446
-456
-466
-116
-316
136
-139
-156
-166
-716
-816
-916
-736
-836
-936
-786
-886
-986
639
-633
-638
413
-411
-418
-419
518
-515
-519
625
-621
-629
421
-429
-441
-451
-461
-443
-453
-463
-548
-558
-568
-598
-645
-655
-665
-649
-669
-679
-689
-699
599
-592
-549
-569
-713
-813
-913
-718
-818
-918
-721
-821
-921
-725
-825
-925
-739
-839
-939
-199
-399
-799
-899
-999
677
-672
-678
-687
-697
-657
-667
-277
-377
-777
-877
-977
764
-761
-762
-763
-765
-766
-767
-768
-769
-754
-854
-864
-954
-964
-734
-784
-794
654
-651
-652
-653
-658
-664
775
-771
-772
-776
-778
-779
-785
-875
-885
-975
-985
-715
-745
-755
-175
-275
789
-782
-783
-787
-788
-879
-889
-979
-989
-719
-729
-749
-189
-389
812
-811
-815
-817
-819
-712
-722
-822
-912
-922
915
-911
-917
-919
711
-717
-741
-751
-791
-842
-852
-862
-872
-882
-892
-945
-955
-965
-112
119
-319
-179
379
-371
-372
-312
317
222
-227
-242
-262
-272
278
-178
-188
-198
-288
-282
287
-283
-285
185
-182
-184
194
-191
-192
-387
-397
-155
-165
-248
-268
-878
-978
-887
-987
-894
-994
858
-851
-853
-855
-856
-857
-748
-758
-848
-868
-948
-958
-968
-838
-888
-898
555
-552
-556
-545
-565
-158
168
-161
-162
-458
457
-467
-757
-957
-468
469
-449
448
-648
-668
-869
-969
891
-893
-897
-871
876
-971
-991
-976
972
-792
-982
-992
-841
-861
-826
-846
-866
-942
-952
-962
171
-172
-391
-151
152
-352
-362
-752
742
-743
-746
-542
546
-566
562
-642
-662
-946
967
-961
-963
-966
-867
827
-829
-727
726
-926
-927
929
-756
753
-843
-863
865
-943
-953
-845
849
956
-951
941
-949
-733
738
-938
-793
797
-798
-997
-641
643
661
-663
-243
245
-265
263
-353
-363
351
-356
-361
366
988
-983
-984
884
-883
993
-998
833
-834
-933
934
383
-382
392
-393
682
-688
-692
698
