144
-141
-142
-143
-145
-146
-147
-148
-149
-154
-164
-244
-254
-264
-344
-354
-364
-114
-124
-134
-174
-184
-194
-444
-544
-644
-744
-844
-944
156
-151
-152
-153
-155
-157
-158
-159
-166
-246
-256
-266
-346
-356
-366
-116
-126
-136
-176
-186
-196
-456
-556
-656
-756
-856
-956
183
-181
-182
-185
-187
-188
-189
-173
-193
-273
-283
-293
-373
-383
-393
-113
-123
-133
-163
-483
-583
-683
-783
-883
-983
272
-271
-274
-275
-276
-277
-278
-279
-172
-192
-282
-292
-372
-382
-392
-212
-222
-232
-242
-252
-262
-472
-572
-672
-772
-872
-972
285
-281
-284
-286
-287
-288
-289
-175
-195
-295
-375
-385
-395
-215
-225
-235
-245
-255
-265
-485
-585
-685
-785
-885
-985
319
-311
-312
-313
-314
-315
-316
-317
-318
-119
-129
-139
-219
-229
-239
-329
-339
-349
-359
-369
-379
-389
-399
-419
-519
-619
-719
-819
-919
323
-321
-322
-324
-325
-326
-327
-328
-213
-223
-233
-333
-343
-353
-363
-423
-523
-623
-723
-823
-923
377
-371
-374
-376
-378
-177
-197
-297
-387
-397
-337
-347
-357
-367
-477
-577
-677
-777
-877
-977
398
-391
-394
-396
-178
-198
-298
-388
-338
-348
-358
-368
-498
-598
-698
-798
-898
-998
413
-411
-412
-414
-415
-416
-417
-418
-433
-513
-533
-613
-633
-443
-453
-463
-473
-493
-713
-813
-913
447
-441
-442
-445
-446
-448
-449
-457
-467
-547
-557
-567
-647
-657
-667
-427
-437
-487
-497
-247
-747
-847
-947
528
-521
-522
-524
-525
-526
-527
-529
-428
-438
-518
-538
-618
-628
-638
-548
-558
-568
-578
-588
-128
-228
-728
-828
-928
534
-531
-532
-535
-536
-537
-539
-424
-434
-514
-614
-624
-634
-554
-564
-574
-584
-594
-234
-334
384
-381
-386
-294
296
-291
-299
-216
-226
-236
336
-331
-332
-335
-734
-834
-934
-436
-636
-736
-836
-936
-484
-684
-784
-884
-984
-496
-596
-696
-796
-896
-996
545
-541
-542
-543
-546
-549
-455
-465
-555
-565
-645
-655
-665
-515
-575
-595
-345
-745
-845
-945
561
-562
-563
-566
-569
-451
-461
-551
-641
-651
-661
-511
-571
-581
-591
-161
-261
-361
-761
-861
-961
573
-576
-579
-593
-673
-693
-553
-773
-873
-973
589
-582
-586
-587
-479
-489
-499
-599
-679
-689
-699
516
-512
-517
-426
-616
-626
597
-592
-687
-697
552
-559
-452
-462
-642
-652
-662
-716
-816
-916
-352
-752
-852
-952
-789
-889
-989
-797
-897
-997
666
-663
-664
-668
-669
-466
-646
-676
-686
-766
-866
-966
692
-691
-694
-695
-482
-492
-682
-612
-622
-632
-792
-892
-992
714
-711
-712
-715
-717
-718
-724
-814
-824
-914
-924
-754
-764
-774
-794
-214
224
-221
-227
738
-731
-732
-733
-735
-737
-739
-818
-838
-918
-938
-748
-758
-768
-778
-788
-138
-238
781
-782
-786
-787
-771
-791
-871
-881
-891
-971
-981
-991
-721
-741
-751
-481
-681
688
-478
-488
486
-476
-678
-648
-658
-886
-986
-888
-988
795
-793
-799
-775
-875
-895
-975
-995
-725
-755
-765
-495
826
-821
-822
-825
-827
-829
-726
-926
-846
-876
835
-831
-832
-833
-837
-839
933
-931
-932
-935
-937
-939
-815
-915
-925
-855
-865
-943
-953
-963
-993
893
-894
-899
-843
-853
-863
-135
-435
-635
927
-921
-922
-929
-727
-817
-917
729
-722
-749
-759
-769
-779
776
-976
-746
946
-941
-942
-948
-949
-957
-967
-987
982
-882
887
-857
-867
-912
911
-811
812
-842
-862
-951
-962
-111
-211
-611
-112
-127
-627
-429
-629
955
-954
-958
-959
-965
-355
351
-241
-251
-341
342
-162
-362
365
-165
231
-237
-121
-131
-431
-631
841
-848
-849
-851
-742
743
762
-763
-767
-753
757
-243
-643
649
653
-654
-659
-459
-469
439
-432
422
-421
-425
621
-625
615
-617
637
-639
475
-471
-474
-675
491
-494
-671
674
-115
125
-122
132
-137
248
-249
-168
-258
-268
118
-117
217
-218
167
-169
-257
-267
-253
259
263
-269
-859
171
-179
-191
199
-874
-974
994
-999
-964
968
-969
-858
854
-864
-868
869
878
-879
-978
979
-454
458
464
-468
