122
-121
-123
-124
-125
-126
-127
-128
-129
-112
-132
-212
-222
-232
-312
-322
-332
-142
-152
-162
-172
-182
-192
-422
-522
-622
-722
-822
-922
191
-193
-194
-195
-196
-197
-198
-199
-171
-181
-271
-281
-291
-371
-381
-391
-111
-131
-141
-151
-161
-491
-591
-691
-791
-891
-991
223
-221
-224
-225
-226
-227
-228
-229
-113
-133
-213
-233
-313
-323
-333
-243
-253
-263
-273
-283
-293
-423
-523
-623
-723
-823
-923
247
-241
-242
-244
-245
-246
-248
-249
-147
-157
-167
-257
-267
-347
-357
-367
-217
-237
-277
-287
-297
-447
-547
-647
-747
-847
-947
358
-351
-352
-353
-354
-355
-356
-359
-148
-158
-168
-258
-268
-348
-368
-318
-328
-338
-378
-388
-398
-458
-558
-658
-758
-858
-958
445
-441
-442
-443
-444
-446
-448
-449
-455
-465
-545
-555
-565
-645
-655
-665
-415
-425
-435
-475
-485
-495
-145
-345
-745
-845
-945
472
-471
-473
-474
-476
-477
-478
-479
-482
-492
-572
-582
-592
-672
-682
-692
-412
-432
-452
-462
-272
-372
-772
-872
-972
487
-481
-483
-484
-486
-488
-489
-497
-577
-587
-597
-677
-687
-697
-417
-427
-437
-457
-467
-187
-387
-787
-887
-987
511
-512
-513
-514
-515
-516
-517
-518
-519
-411
-421
-431
-521
-531
-611
-621
-631
-541
-551
-561
-571
-581
-211
-311
-711
-811
-911
539
-532
-533
-534
-535
-536
-537
-538
-419
-429
-439
-529
-619
-629
-639
-549
-559
-569
-579
-589
-599
-139
-239
-339
-739
-839
-939
618
-612
-613
-614
-615
-616
-617
632
-633
-634
-635
-636
-637
-638
-418
-428
-438
-528
-628
-642
-652
-662
-648
-668
-678
-688
-698
-118
-218
-718
-818
-918
-732
-832
-932
686
-681
-683
-684
-685
-689
671
-673
-674
-675
-676
-679
-496
-576
-586
-596
-696
-641
-651
-661
-626
-646
-656
-666
-771
-871
-971
-186
-286
-386
-786
-886
-986
714
-712
-713
-715
-716
-717
-719
-724
-734
-814
-824
-834
-914
-924
-934
-744
-754
-764
-774
-784
-794
-114
-214
-314
-414
773
-775
-776
-777
-778
-779
-783
-793
-873
-883
-893
-973
-983
-993
-733
-743
-753
-763
-173
-373
-573
785
-781
-782
-788
-789
-795
-875
-885
-895
-975
-985
-995
-725
-735
-755
-765
-185
-285
-385
-585
851
-852
-853
-854
-855
-856
-857
-859
-741
-751
-761
-841
-861
-941
-951
-961
-821
-831
-881
981
-982
-984
-988
-989
-921
-931
341
-342
-343
-344
-346
-349
-251
-261
-361
231
-234
-235
-236
-238
-321
-331
138
-134
-135
-136
-137
-178
-188
721
-726
-727
-728
-729
-731
-738
-838
-938
-451
461
-463
-464
-466
-468
-469
498
-493
-494
-499
-578
-588
-598
699
-693
-694
-695
459
-453
-454
-456
-649
-659
-669
625
-624
-627
-525
527
-524
-526
-557
-567
-325
-825
-925
-327
-827
-927
-159
-259
-759
-959
-298
-798
-898
-998
-299
-399
-799
-899
-999
977
-974
-976
-978
-979
-797
-877
-897
-997
-917
-937
-957
-967
-177
117
-115
-116
-119
-317
-337
-817
-377
397
-392
-393
-394
-395
-396
593
-594
-595
-583
584
-574
575
-543
-553
-563
-544
-554
-564
-175
-275
-375
295
-292
-294
-296
-215
-255
-265
-184
-284
-384
-884
-143
-144
146
-149
-156
-166
-256
-266
-366
-176
-546
-746
-846
-946
153
-154
-155
-163
-363
-183
189
383
-382
-389
282
-288
-289
278
-274
-276
-279
376
-374
-379
174
-179
-164
165
-169
-365
-252
254
-264
-364
-262
269
362
-369
216
-219
-316
-326
-336
-416
413
-433
-813
-913
-816
-916
-653
-953
-654
657
-667
-954
955
-952
-956
-865
-965
-915
-935
-757
-562
-762
-862
-962
-769
749
-742
-748
-849
-869
-949
-969
768
-766
-767
867
-863
-864
-866
-868
-848
-948
-968
737
-736
-837
928
-926
-929
-828
919
-912
812
-815
-819
835
-833
-836
933
-936
826
-829
-842
-882
-892
843
-844
-943
-963
-876
-896
894
-874
-994
315
-319
-335
334
-324
329
424
-426
-434
436
-643
644
663
-664
-944
942
-752
756
964
-966
792
-796
-992
996
-542
548
552
-556
566
-568
-878
879
888
-889
