122
-121
-123
-124
-125
-126
-127
-128
-129
-112
-132
-212
-222
-232
-312
-322
-332
-142
-152
-162
-172
-182
-192
-422
-522
-622
-722
-822
-922
134
-131
-133
-135
-136
-137
-138
-139
-114
-214
-224
-234
-314
-324
-334
-144
-154
-164
-174
-184
-194
-434
-534
-634
-734
-834
-934
185
-181
-183
-186
-187
-188
-189
-175
-195
-275
-285
-295
-375
-385
-395
-115
-145
-155
-165
-485
-585
-685
-785
-885
-985
241
-242
-243
-244
-245
-246
-247
-248
-249
-141
-151
-161
-251
-261
-341
-351
-361
-211
-221
-231
-271
-281
-291
-441
-541
-641
-741
-841
-941
263
-262
-264
-265
-266
-267
-268
-269
-143
-153
-163
-253
-343
-353
-363
-213
-223
-233
-273
-283
-293
-463
-563
-663
-763
-863
-963
454
-451
-452
-453
-455
-456
-457
-458
-459
-444
-464
-544
-554
-564
-644
-654
-664
-414
-424
-474
-484
-494
-254
-354
-754
-854
-954
482
-481
-483
-486
-487
-488
-489
-472
-492
-572
-582
-592
-672
-682
-692
-412
-432
-442
-462
-282
-382
-782
-882
-982
528
-521
-523
-524
-525
-526
-527
-529
-418
-428
-438
-518
-538
-618
-628
-638
-548
-558
-568
-578
-588
-598
-228
-328
-728
-828
-928
535
-531
-532
-533
-536
-537
-539
-415
-425
-435
-515
-615
-625
-635
-545
-555
-565
-575
-595
-235
-335
-735
-835
-935
613
-611
-612
-614
-616
-617
-619
-413
-423
-433
-513
-623
-633
-643
-653
-673
-683
-693
-113
-313
-713
-813
-913
666
-661
-662
-665
-667
-668
-669
-446
-466
-546
-556
-566
-646
-656
-626
-636
-676
-686
-696
-166
-366
-766
-866
-966
717
-711
-712
-714
-715
-716
-718
-719
-727
-737
-817
-827
-837
-917
-927
-937
-747
-757
-767
-777
-787
-797
-117
-217
-317
-417
-517
773
-771
-772
-774
-775
-776
-778
-779
-783
-793
-873
-883
-893
-973
-983
-993
-723
-733
-743
-753
-173
193
-191
-196
-197
-198
-199
-373
-383
-393
-473
-573
583
-581
-584
-586
-587
-589
-493
-593
443
-445
-447
-448
-449
-543
-553
-843
-943
796
-791
-792
-794
-795
-798
-799
-786
-876
-886
-896
-976
-986
-996
-726
-736
-746
-756
-296
-396
-496
-596
849
-842
-844
-845
-846
-847
-848
-749
-759
-769
-859
-869
-949
-959
-969
-819
-829
-839
-879
-889
-899
-149
-349
-549
-649
852
-851
-853
-855
-856
-857
-858
-742
-752
-762
-862
-942
-952
-962
953
-951
-955
-956
-957
-958
946
-944
-945
-947
-948
732
-731
-738
-739
-812
-832
-912
-932
-872
-892
-923
-933
-916
-926
-936
512
-511
-514
-516
-519
-632
624
-621
-627
-629
-542
547
-467
-557
-567
-647
-657
-552
-562
576
-571
-574
-577
-579
-476
594
-591
-597
-599
-674
-684
-694
-724
-824
-924
-146
-346
-147
148
-158
-168
-258
-348
-358
-368
-118
-178
-347
-648
-748
-252
-352
-652
642
-645
-342
362
-364
-365
-367
-369
344
-345
-372
-392
-374
-384
-394
-744
745
-755
-765
-865
-965
-725
465
-461
-468
-469
-655
658
-651
-659
-475
-495
-678
-688
-698
-758
751
-761
-861
-961
-721
729
-919
-929
-939
-781
-789
-229
-329
-429
-551
559
561
-569
-159
-259
-359
169
-167
-119
-179
-176
-276
-376
-294
-894
-994
971
-972
-974
-975
-977
-978
-979
-871
-881
-891
-981
-991
992
-995
-997
-998
-999
989
-984
-987
-988
-911
-921
925
-815
-825
-915
-931
938
-818
-838
-918
914
-814
-964
967
-968
-867
-225
-325
-238
-338
-171
177
-277
-287
-297
-377
-387
-397
111
-116
-311
-321
-331
156
-157
-256
-356
-411
-811
816
-826
-836
-216
-316
-416
419
-439
-639
-479
-499
-219
-319
-371
-471
-671
272
-274
-278
-279
-292
284
-286
-288
-289
386
-381
-388
-389
391
-398
-399
-326
-336
874
-875
-877
-878
-784
788
-884
895
-897
-898
887
-888
764
-768
-864
868
675
-677
-679
-695
-477
478
-498
-378
379
298
-299
-218
215
-315
318
-255
257
355
-357
-227
226
-236
-237
239
-339
-426
436
-431
-437
681
-687
-689
-491
497
-691
-697
699
421
-427
-631
637
-821
823
831
-833
-323
327
333
-337
