135
-131
-132
-133
-134
-136
-137
-138
-139
-115
-125
-215
-225
-235
-315
-325
-335
-145
-155
-165
-175
-185
-195
-435
-535
-635
-735
-835
-935
153
-151
-152
-154
-156
-157
-158
-159
-143
-163
-243
-253
-263
-343
-353
-363
-113
-123
-173
-183
-193
-453
-553
-653
-753
-853
-953
169
-161
-162
-164
-166
-167
-168
-149
-249
-259
-269
-349
-359
-369
-119
-129
-179
-189
-199
-469
-569
-669
-769
-869
-969
191
-192
-194
-196
-197
-198
-171
-181
-271
-281
-291
-371
-381
-391
-111
-121
-141
-491
-591
-691
-791
-891
-991
217
-211
-212
-213
-214
-216
-218
-219
-117
-127
-227
-237
-317
-327
-337
-247
-257
-267
-277
-287
-297
-417
-517
-617
-717
-817
-917
223
-221
-222
-224
-226
-228
-229
-233
-313
-323
-333
-273
-283
-293
-423
-523
-623
-723
-823
-923
262
-261
-264
-265
-266
-268
-142
-242
-252
-342
-352
-362
-232
-272
-282
-292
-462
-562
-662
-762
-862
-962
346
-341
-344
-345
-347
-348
-146
-246
-256
-356
-366
-316
-326
-336
-376
-386
-396
-446
-546
-646
-746
-846
-946
367
-361
-364
-365
-368
-147
-357
-377
-387
-397
-467
-567
-667
-767
-867
-967
392
-393
-394
-395
-398
-399
-172
-182
-372
-382
-312
-322
-332
-492
-592
-692
-792
-892
-992
448
-441
-442
-443
-444
-445
-447
-449
-458
-468
-548
-558
-568
-648
-658
-668
-418
-428
-438
-478
-488
-498
-148
144
-244
-254
-354
-114
-124
-174
-184
-544
-644
-744
-844
-944
-248
-748
-848
-948
495
-493
-494
-496
-497
-499
-475
-485
-575
-585
-595
-675
-685
-695
-415
-425
-455
-465
-295
-795
-895
-995
518
-511
-512
-513
-514
-515
-516
-519
-528
-538
-618
-628
-638
-578
-588
-598
-118
-318
-718
-818
-918
527
-521
-522
-524
-525
-526
-529
-427
-437
-537
-627
-637
-547
-557
-577
-587
-597
-727
-827
-927
541
-542
-543
-545
-549
-451
-461
-551
-561
-641
-651
-661
-531
-571
-581
-241
245
-255
-355
-275
-285
-741
-841
-941
-645
-745
-845
-945
565
-563
-564
-566
-555
-655
-665
-765
-865
-965
582
-583
-584
-586
-589
-472
-482
-572
-672
-682
-532
-552
-782
-882
-982
599
-593
-594
-596
-479
-489
-579
-679
-689
-699
-539
-559
-299
-799
-899
-999
611
-612
-613
-614
-615
-616
-619
-411
-421
-431
-621
-631
625
-622
-624
-626
-629
-671
-681
-311
-711
-811
-911
-725
-825
-925
663
-664
-666
-463
-643
-633
-673
-683
-693
-763
-863
-963
715
-712
-713
-714
-716
-719
-815
-915
-755
-775
-785
749
-742
-743
-747
-759
-849
-859
-949
-959
-729
-739
-779
-789
-649
768
-761
-764
-766
-758
-858
-868
-958
-968
-728
-738
-778
-788
-798
843
-842
-847
-943
-813
-833
-873
-883
-893
881
-884
-885
-886
-887
-888
-889
-771
-781
-871
-971
-981
-821
-831
-851
-861
961
-964
-966
-751
-951
-921
-931
471
-473
-474
-476
-477
-481
896
-894
-897
-898
-776
-786
-796
-876
-976
-986
-996
-816
-826
-836
-856
-866
864
-754
-854
-954
-814
-824
-834
-874
-464
466
-456
-556
554
-454
-654
-656
-416
-426
-436
-486
-534
-574
-296
-696
913
-912
-914
-916
-919
-733
-933
-973
-983
-993
-413
116
-112
122
-126
-128
-236
-176
-186
-422
-722
-822
-922
793
-794
-797
-773
-783
947
-942
-757
-857
-957
-937
-977
-987
-997
642
-647
-452
-652
-632
697
-694
-698
-487
-677
-687
457
-459
-657
659
-639
956
-952
-955
855
-852
752
-756
-732
-772
-875
-926
-936
726
-721
-724
731
-734
-736
-737
837
-832
-838
-839
-877
321
-324
-328
-329
-231
-331
251
-258
-351
358
-338
238
-234
-239
-278
-288
-298
294
-274
-284
-374
-384
-378
-388
-938
-994
998
-878
-978
-988
828
-829
-928
979
-972
-974
-975
872
-879
985
-984
-989
-812
819
932
-934
-939
924
-929
412
-414
-419
-432
314
-319
-334
339
-379
-389
-424
429
-439
375
-373
383
-385
573
-576
-483
484
-674
-684
433
-434
-533
536
634
-636
774
-777
-784
787
177
-178
-187
188
678
-676
686
-688
276
-279
-286
289
