135
-131
-132
-133
-134
-136
-137
-138
-139
-115
-125
-215
-225
-235
-315
-325
-335
-145
-155
-165
-175
-185
-195
-435
-535
-635
-735
-835
-935
142
-141
-143
-144
-146
-147
-148
-149
-152
-162
-242
-252
-262
-342
-352
-362
-112
-122
-172
-182
-192
-442
-542
-642
-742
-842
-942
154
-151
-153
-156
-157
-158
-159
-164
-244
-254
-264
-344
-354
-364
-114
-124
-174
-184
-194
-454
-554
-654
-754
-854
-954
168
-161
-163
-166
-167
-169
-248
-258
-268
-348
-358
-368
-118
-128
-178
-188
-198
-468
-568
-668
-768
-868
-968
186
-181
-183
-187
-189
-176
-196
-276
-286
-296
-376
-386
-396
-116
-126
-486
-586
-686
-786
-886
-986
269
-261
-263
-265
-266
-267
-249
-259
-349
-359
-369
-219
-229
-239
-279
-289
-299
-469
-569
-669
-769
-869
-969
282
-281
-283
-284
-285
-287
-288
-272
-292
-372
-382
-392
-212
-222
-232
-482
-582
-682
-782
-882
-982
313
-311
-312
-314
-316
-317
-318
-319
-113
-123
-213
-223
-233
-323
-333
-343
-353
-363
-373
-383
-393
-413
-513
-613
-713
-813
-913
366
-361
-365
-367
-246
-256
-346
-356
-326
-336
-466
-566
-666
-766
-866
-966
388
-381
-384
-385
-387
-389
-278
-298
-378
-398
-328
-338
-488
-588
-688
-788
-888
-988
437
-431
-432
-433
-434
-436
-438
-439
-417
-427
-517
-527
-537
-617
-627
-637
-447
-457
-467
-477
-487
-497
-237
-337
-737
-837
-937
444
-441
-443
-445
-446
-448
-449
-464
-544
-564
-644
-664
-414
-424
-474
-484
-494
-744
-844
-944
483
-481
-485
-489
-473
-493
-573
-583
-593
-673
-683
-693
-423
-453
-463
-783
-883
-983
491
-492
-495
-496
-498
-499
-471
-571
-581
-591
-671
-681
-691
-411
-421
-451
-461
-191
-291
-391
-791
-891
-991
612
-611
-614
-615
-616
-618
-619
-412
-422
-512
-522
-532
-622
-632
-652
-662
-672
-692
-712
-812
-912
623
-621
-624
-625
-626
-628
-629
-523
-533
-633
-643
-653
-663
-723
-823
-923
661
-665
-667
-541
-551
-561
-641
-651
-631
-761
-861
-961
676
-674
-675
-677
-678
-679
-476
-576
-596
-696
-636
-646
-656
-776
-876
-976
729
-721
-722
-724
-725
-726
-727
-728
-719
-739
-819
-829
-839
-919
-929
-939
-749
-759
-779
-789
-799
-129
-329
-429
-529
748
-741
-743
-745
-746
-747
-758
-848
-858
-948
-958
-718
-738
-778
-798
-548
-648
796
-792
-793
-794
-795
-797
-896
-996
-716
-736
-756
824
-821
-822
-825
-826
-827
-828
-714
-734
-814
-834
-914
-924
-934
-864
-874
-884
-894
-224
-324
-524
841
-843
-845
-846
-847
-849
-751
-851
-941
-951
-811
-831
-871
-881
-241
-341
921
-922
-925
-926
-927
-928
-711
-731
-911
-931
-971
-981
-121
127
-117
-217
-227
-327
-177
-197
-221
-321
322
-332
-521
781
-784
-785
-787
-771
947
-943
-945
-946
-949
-757
-767
-857
-867
-957
-967
-917
-977
-987
-997
546
-543
-545
-547
-549
-456
-556
-516
-526
-536
243
-245
-247
-253
-273
-293
-347
345
-255
-355
-375
-395
-645
-647
649
-459
-559
-659
-639
-689
-699
567
-562
-563
-565
553
-552
-555
-557
-558
-657
-577
-587
-597
-753
-853
-953
959
-952
-955
-956
856
-852
-855
-859
-816
-836
-979
-989
-999
965
-962
-963
-964
764
-762
-763
-765
863
-862
-865
752
-755
-732
733
-833
-933
-772
-773
-774
-873
-893
-915
-975
-985
984
-974
-994
-995
-452
462
-465
-472
-584
-684
978
-972
-973
993
-992
-998
-878
-898
932
-936
-938
-832
838
916
-918
-818
-216
-416
426
-425
-428
525
-528
-415
-515
-575
-585
589
-479
-579
-599
419
-418
-519
-539
-595
-119
111
-211
-231
-331
339
-334
-171
-379
-399
-511
531
-534
-538
-226
228
236
-234
-238
214
-218
-274
-294
-514
518
634
-638
-578
-598
-694
173
-179
-193
199
-478
475
-685
687
-695
-697
698
-455
458
655
-658
-275
295
-297
-775
777
-877
-887
-897
715
-717
-815
817
-875
-277
271
-371
-251
257
351
-357
-377
374
-394
397
-574
572
-592
594
-872
879
892
-895
-899
885
-889
