123
-121
-122
-124
-125
-126
-127
-128
-129
-113
-133
-213
-223
-233
-313
-323
-333
-143
-153
-163
-173
-183
-193
-423
-523
-623
-723
-823
-923
175
-171
-172
-174
-176
-177
-178
-179
-185
-195
-275
-285
-295
-375
-385
-395
-115
-135
-145
-155
-165
-475
-575
-675
-775
-875
-975
246
-241
-242
-243
-244
-245
-247
-248
-249
-146
-156
-166
-256
-266
-346
-356
-366
-216
-226
-236
-276
-286
-296
-446
-546
-646
-746
-846
-946
287
-281
-282
-283
-284
-288
-289
-187
-197
-277
-297
-377
-387
-397
-217
-227
-237
-257
-267
-487
-587
-687
-787
-887
-987
342
-341
-343
-344
-345
-347
-348
-349
-142
-152
-162
-252
-262
-352
-362
-312
-322
-332
-372
-382
-392
-442
-542
-642
-742
-842
-942
414
-411
-412
-413
-415
-416
-417
-418
-419
-424
-434
-514
-524
-534
-614
-624
-634
-444
-454
-464
-474
-484
-494
-114
-214
-314
-714
-814
-914
473
-471
-472
-476
-477
-478
-479
-483
-493
-573
-583
-593
-673
-683
-693
-433
-443
-453
-463
-273
-373
-773
-873
-973
536
-531
-532
-533
-535
-537
-538
-539
-426
-436
-516
-526
-616
-626
-636
-556
-566
-576
-586
-596
-136
-336
-736
-836
-936
541
-543
-544
-545
-547
-548
-549
-441
-451
-461
-551
-561
-641
-651
-661
-511
-521
-571
-581
-591
-141
-741
-841
-941
652
-653
-654
-655
-656
-657
-658
-659
-452
-462
-552
-562
-662
-612
-622
-632
-672
-682
-692
-752
-852
-952
677
-671
-674
-676
-678
-679
-497
-577
-597
-697
-617
-627
-637
-647
-667
-777
-877
-977
718
-711
-712
-713
-715
-716
-717
-719
-728
-738
-818
-828
-838
-918
-928
-938
-748
-758
-768
-778
-788
-798
-118
-218
-318
-518
-618
727
-721
-722
-724
-725
-726
-729
-737
-817
-827
-837
-917
-927
-937
-747
-757
-767
-797
-327
-427
-527
753
-751
-754
-755
-756
-759
-743
-763
-843
-853
-863
-943
-953
-963
-733
-783
-793
643
-644
-645
-648
-649
-553
-563
-663
513
-512
-515
-517
-519
-613
-633
437
-431
-432
-435
-438
-439
-447
-457
-467
-813
-913
-137
-337
-253
-353
864
-861
-862
-865
-866
-867
-868
-869
-744
-764
-844
-854
-944
-954
-964
-824
-834
-874
-884
-894
144
-147
-148
-149
-154
-164
-254
-264
-354
-364
-134
-184
-194
554
-555
-557
-558
-559
-564
-664
567
-565
-568
-569
-574
-584
-594
-167
-367
-967
886
-881
-882
-883
-885
-888
-889
-776
-786
-796
-876
-896
-976
-986
-996
766
-761
-762
-765
-769
962
-961
-965
-966
-968
-969
-856
-956
-816
-826
-912
-922
-932
-972
-982
-992
456
-455
-458
-459
-466
-666
-486
-496
376
-371
-374
-378
-379
-186
-196
-386
-396
116
-111
-112
-117
-119
-316
-326
317
-311
-315
-319
157
-151
-158
-159
-357
-916
926
-921
-924
-925
-929
-857
-957
-686
696
-691
-694
-695
-698
-699
684
-681
-685
-688
-689
-384
-784
-984
991
-993
-994
-995
-997
-998
-999
-771
-781
-791
-871
-891
-971
-981
897
-892
-893
-895
-898
-899
983
-985
-988
-989
731
-732
-734
-735
-739
-811
-821
-831
-911
-931
934
-933
-935
-939
833
-832
-835
-839
851
-855
-858
-859
-951
-847
947
-945
-948
-949
-974
-131
-231
-331
-631
-234
-334
-251
-351
271
-272
-274
-278
-279
-181
-191
-291
-381
-391
161
-168
-169
-261
-361
-211
-221
321
-324
-325
-328
-329
224
-222
-225
-228
-229
-294
394
-393
-398
-399
611
-615
-619
-421
-621
774
-772
-779
-794
481
-482
-485
-488
-489
-491
-383
293
-292
-298
-299
-263
363
-365
-368
-369
-132
232
-235
-238
-239
-212
812
-815
-819
-822
-872
572
-578
-579
-492
-582
-592
422
-425
-428
-429
-522
138
-139
-338
-188
-198
388
-389
-358
-638
-588
182
-189
-192
199
-782
792
-795
-799
785
-789
-745
749
-849
-959
-449
-585
589
-499
-599
469
-465
-468
-669
-529
-269
-215
219
335
-339
-259
359
-355
915
-919
-825
829
845
-848
-955
958
878
-879
-978
979
-629
639
-635
-445
448
665
-668
495
-498
-595
598
525
-528
-625
628
255
-258
-265
268
