136
-131
-132
-133
-134
-135
-137
-138
-139
-116
-126
-216
-226
-236
-316
-326
-336
-146
-156
-166
-176
-186
-196
-436
-536
-636
-736
-836
-936
162
-161
-163
-164
-165
-167
-168
-169
-142
-152
-242
-252
-262
-342
-352
-362
-112
-122
-172
-182
-192
-462
-562
-662
-762
-862
-962
199
-191
-193
-194
-195
-197
-198
-179
-189
-279
-289
-299
-379
-389
-399
-119
-129
-149
-159
-499
-599
-699
-799
-899
-999
253
-251
-254
-255
-256
-257
-258
-259
-143
-153
-243
-263
-343
-353
-363
-213
-223
-233
-273
-283
-293
-453
-553
-653
-753
-853
-953
297
-291
-292
-294
-295
-296
-298
-177
-187
-277
-287
-377
-387
-397
-217
-227
-237
-247
-267
-497
-597
-697
-797
-897
-997
312
-311
-313
-314
-315
-317
-318
-319
-212
-222
-232
-322
-332
-372
-382
-392
-412
-512
-612
-712
-812
-912
416
-411
-413
-414
-415
-417
-418
-419
-426
-516
-526
-616
-626
-446
-456
-466
-476
-486
-496
-716
-816
-916
488
-481
-482
-483
-484
-485
-487
-489
-478
-498
-578
-588
-598
-678
-688
-698
-428
-438
-448
-458
-468
-188
-288
-388
-788
-888
-988
518
-511
-513
-514
-515
-517
-519
-528
-538
-618
-628
-638
-548
-558
-568
-118
-218
-718
-818
-918
523
-521
-522
-524
-525
-527
-529
-423
-433
-533
-613
-623
-633
-543
-563
-573
-583
-593
-123
-323
-723
-823
-923
551
-552
-554
-555
-556
-557
-559
-441
-451
-461
-541
-561
-641
-651
-661
-531
-571
-581
-591
-151
-351
-751
-851
-951
577
-572
-574
-575
-576
-579
-477
-587
-677
-687
-537
-547
-567
-777
-877
-977
594
-592
-595
-596
-474
-494
-584
-674
-684
-694
-534
-544
-564
-394
-794
-894
-994
629
-621
-622
-624
-625
-627
-429
-439
-539
-619
-639
-649
-659
-669
-679
-689
-229
-329
-729
-829
-929
681
-682
-683
-685
-686
-471
-491
-671
-691
-611
-631
-181
-281
-381
-781
-881
-981
724
-721
-722
-725
-726
-727
-728
-714
-734
-814
-824
-834
-914
-924
-934
-744
-754
-764
-774
-784
-124
-224
-324
-424
745
-741
-742
-743
-746
-747
-748
-749
-755
-765
-845
-855
-865
-945
-955
-965
-715
-735
-775
-785
-795
-145
-245
-345
-445
-545
-645
761
-763
-766
-767
-768
-769
-841
-861
-941
-961
-711
-731
-771
-791
-261
-361
773
-772
-776
-778
-779
-783
-793
-873
-883
-893
-973
-983
-993
-713
-733
-173
-373
-473
-673
868
-863
-864
-866
-867
-869
-758
-848
-858
-948
-958
-968
-828
-838
-878
-898
-268
-368
-668
937
-931
-932
-933
-935
-938
-939
-717
719
-737
-817
-827
-837
-917
-927
-739
-819
-839
-919
-759
-789
-947
-957
-967
-987
-219
-337
-437
-637
969
-963
-964
-966
-849
-859
-949
-959
-979
-989
-269
-369
-469
-569
976
-971
-972
-974
-975
-978
-786
-796
-876
-886
-896
-986
-996
756
-752
-757
-846
-856
-946
-956
787
-782
-887
826
-821
-822
-825
-926
-356
-656
-276
-376
-676
992
-991
-995
-998
-792
798
-872
-882
-892
-982
732
-738
-832
-922
928
-921
-925
911
-913
-915
-811
-831
-942
-952
954
-844
-854
-944
943
-843
-984
985
-875
-885
-895
891
-871
-111
-211
422
-421
-425
-427
431
-432
-434
-435
-532
535
-632
-615
-635
634
-614
617
-442
-452
-472
-492
-565
566
-546
-646
-666
-585
-586
696
-692
-693
-695
493
-495
-443
-463
-644
-654
-664
-647
-657
-667
-117
-128
-228
-328
-231
-331
-234
-334
-235
-335
-835
833
-813
815
113
-114
-115
-333
214
-215
-183
-244
-264
-274
-284
-643
663
-665
-154
-354
-454
-266
265
-155
-355
-365
-225
221
-121
-321
-241
-271
-275
-285
-465
-366
383
-384
-385
-386
-393
-185
184
-174
-374
-144
874
-879
-884
889
479
-475
675
-672
582
-589
455
-457
-459
-655
-449
549
-542
-249
239
-238
338
-339
-348
-358
-378
-398
-349
359
-357
272
-278
-282
286
-396
178
-171
-175
141
-147
-148
-341
125
-127
-325
327
157
-158
-347
-367
364
-344
346
-246
248
444
-447
-464
467
847
-842
852
-857
642
-648
-652
658
371
-375
-391
395
