122
-121
-123
-124
-125
-126
-127
-128
-129
-112
-132
-212
-222
-232
-312
-322
-332
-142
-152
-162
-172
-182
-192
-422
-522
-622
-722
-822
-922
143
-141
-144
-145
-146
-147
-148
-149
-153
-163
-243
-253
-263
-343
-353
-363
-113
-133
-173
-183
-193
-443
-543
-643
-743
-843
-943
168
-161
-164
-165
-166
-167
-169
-158
-248
-258
-268
-348
-358
-368
-118
-138
-178
-188
-198
-468
-568
-668
-768
-868
-968
215
-211
-213
-214
-216
-217
-218
-219
-115
-135
-225
-235
-315
-325
-335
-245
-255
-265
-275
-285
-295
-415
-515
-615
-715
-815
-915
277
-271
-272
-273
-274
-276
-278
-279
-177
-187
-197
-287
-297
-377
-387
-397
-227
-237
-247
-257
-267
-477
-577
-677
-777
-877
-977
284
-281
-282
-283
-286
-288
-289
-174
-184
-194
-294
-374
-384
-394
-224
-234
-244
-254
-264
-484
-584
-684
-784
-884
-984
411
-412
-413
-414
-416
-417
-418
-419
-421
-431
-511
-521
-531
-611
-621
-631
-441
-451
-461
-471
-481
-491
-111
-311
-711
-811
-911
446
-442
-444
-445
-447
-448
-449
-456
-466
-546
-556
-566
-646
-656
-666
-426
-436
-476
-486
-496
-246
-346
-746
-846
-946
454
-452
-453
-455
-457
-458
-459
-464
-544
-554
-564
-644
-654
-664
-424
-434
-474
-494
-154
-354
-754
-854
-954
523
-524
-525
-526
-527
-528
-529
-423
-433
-513
-533
-613
-623
-633
-553
-563
-573
-583
-593
-223
-323
-723
-823
-923
598
-591
-592
-594
-595
-596
-597
-599
-478
-488
-498
-578
-588
-678
-688
-698
-518
-538
-548
-558
-298
-398
-798
-898
-998
672
-671
-673
-674
-675
-676
-679
-472
-482
-492
-572
-582
-682
-692
-612
-632
-642
-652
-662
-372
-772
-872
-972
714
-712
-713
-716
-717
-718
-719
-724
-734
-814
-824
-834
-914
-924
-934
-744
-764
-774
-794
-114
134
-131
-136
-137
-139
-314
-324
-334
-514
-614
624
-625
-626
-627
-628
-629
-534
-634
574
-571
-575
-576
-579
-694
-874
-974
757
-751
-752
-753
-755
-756
-758
-759
-747
-767
-847
-857
-867
-947
-957
-967
-727
-737
-787
-797
-157
117
-116
-119
-317
-327
-337
-517
-617
-817
-917
-357
-557
-657
886
-881
-882
-883
-885
-887
-888
-889
-776
-786
-796
-876
-896
-976
-986
-996
-816
-826
-836
-856
-866
-186
-386
-586
-686
696
-691
-693
-695
-697
-699
-616
-636
-196
-296
-396
893
-891
-892
-894
-895
-897
-899
-773
-783
-793
-873
-973
-983
-993
994
-991
-992
-995
-997
-999
987
-981
-982
-985
-988
-989
-813
-833
-853
-863
-944
-964
-927
-937
-487
-587
-687
497
-493
-495
-499
-427
-437
-467
827
-821
-825
-828
-829
-837
-293
233
-231
-236
-238
-239
-313
-333
228
-221
-226
-229
-318
-328
-338
913
-912
-916
-918
-919
-733
-933
763
-761
-762
-765
-766
-769
-953
-963
-428
438
-432
-435
-439
-618
619
-638
-429
425
-535
-635
-519
-539
-639
637
-537
462
-463
-465
-469
-542
-552
-562
-475
-485
-647
-667
-649
-659
-669
-689
818
-812
-819
-728
-738
-838
-928
-938
-848
-858
-878
512
-516
-532
536
316
-319
-326
-336
-356
-366
-376
176
-171
-175
-179
-156
-725
-925
-736
726
-721
-729
-926
-936
653
-651
-655
-658
-663
648
-641
-645
-683
-748
-948
958
-951
-952
-955
-956
-959
966
-961
-962
-965
-969
-978
256
-251
-252
-259
-266
-262
-362
-862
-393
931
-932
-935
-939
-731
-831
-921
929
-739
-839
-941
-971
942
-945
-949
-742
-842
-852
832
-835
-732
735
-745
-775
-785
-795
975
-979
-875
321
-329
-331
339
-341
-351
-361
-371
-381
-391
-349
-359
-369
-379
-389
-399
-242
292
-291
-299
-382
-392
395
-185
-195
-375
-385
155
-151
-159
-345
-355
352
-342
-365
-555
-855
782
-781
-788
-789
-792
778
-771
-779
871
-879
-791
799
741
-749
-841
-851
859
-861
-849
-869
-241
249
261
-269
-541
-549
551
-559
-561
-661
665
-545
547
-565
-567
569
-581
681
-685
585
-589
845
-844
864
-865
344
-347
-364
367
-378
373
-383
388
-473
479
483
-489
-181
189
191
-199
