177
-171
-172
-173
-174
-175
-176
-178
-179
-187
-197
-277
-287
-297
-377
-387
-397
-117
-127
-137
-147
-157
-167
-477
-577
-677
-777
-877
-977
216
-211
-212
-213
-214
-215
-217
-218
-219
-116
-126
-136
-226
-236
-316
-326
-336
-246
-256
-266
-276
-286
-296
-416
-516
-616
-716
-816
-916
234
-231
-232
-233
-235
-237
-238
-239
-114
-124
-134
-224
-314
-324
-334
-244
-254
-264
-274
-284
-294
-434
-534
-634
-734
-834
-934
259
-251
-252
-253
-255
-257
-258
-149
-159
-169
-249
-269
-349
-359
-369
-229
-279
-289
-299
-459
-559
-659
-759
-859
-959
292
-291
-293
-295
-298
-182
-192
-272
-282
-372
-382
-392
-222
-242
-262
-492
-592
-692
-792
-892
-992
329
-321
-322
-323
-325
-327
-328
-119
-129
-139
-319
-339
-379
-389
-399
-429
-529
-629
-729
-829
-929
354
-351
-352
-353
-355
-356
-357
-358
-144
-154
-164
-344
-364
-374
-384
-394
-454
-554
-654
-754
-854
-954
363
-361
-362
-365
-366
-367
-368
-143
-153
-163
-243
-263
-343
-313
-333
-373
-383
-393
-463
-563
-663
-763
-863
-963
395
-391
-396
-398
-185
-195
-275
-285
-375
-385
-315
-335
-345
-495
-595
-695
-795
-895
-995
532
-531
-533
-535
-536
-537
-538
-539
-412
-422
-432
-512
-522
-612
-622
-632
-542
-552
-562
-572
-582
-132
-332
-732
-832
-932
544
-541
-543
-545
-546
-547
-548
-549
-444
-464
-564
-644
-664
-514
-524
-574
-584
-594
-744
-844
-944
586
-581
-583
-585
-587
-588
-589
-476
-486
-496
-576
-596
-676
-686
-696
-526
-556
-566
-186
-386
-786
-886
-986
619
-611
-613
-614
-615
-617
-618
-419
-439
-519
-639
-649
-669
-679
-689
-699
-719
-819
-919
623
-621
-624
-625
-626
-627
-628
-413
-423
-433
-513
-523
-633
-643
-653
-673
-683
-693
-123
-223
-723
-823
-923
651
-652
-655
-656
-657
-658
-441
-451
-461
-551
-561
-641
-661
-631
-671
-681
-691
-151
-751
-851
-951
667
-662
-665
-666
-668
-447
-457
-467
-557
-567
-647
-637
-687
-697
-267
-767
-867
-967
688
-682
-684
-685
-478
-488
-498
-578
-598
-678
-698
694
-474
-484
-494
-674
-638
-648
-188
-288
-388
381
-181
-191
-271
-281
283
-371
-183
-193
-273
278
-198
-378
376
-196
-228
-248
-268
-311
-331
-341
-346
-776
-876
-976
-778
-878
-978
-481
-781
-881
-981
-483
-783
-883
-983
-788
-888
-988
-194
199
184
-189
-784
-884
-984
-794
-894
-994
-499
-599
-799
-899
-999
711
-712
-713
-714
-715
-717
-718
-721
-731
-811
-821
-831
-911
-921
-931
-741
-761
-771
-791
-111
-411
-511
828
-822
-824
-825
-826
-827
-728
-738
-818
-838
-918
-928
-938
-848
-858
-868
-898
-128
-428
-528
853
-852
-855
-856
-857
-743
-753
-843
-943
-953
-813
-833
-873
-893
443
-442
-445
-446
-448
-449
-453
-553
-473
-493
885
-882
-887
-889
-775
-785
-875
-975
-985
-815
-835
-845
-865
-485
973
-971
-972
-974
-979
-773
-793
-993
733
-735
-736
-737
-739
-913
-933
113
-112
-115
-118
-133
-573
593
-591
-597
997
-991
-996
-998
-787
-797
-897
-987
798
-796
896
-891
871
-872
-874
-879
774
-772
-779
-724
-764
-748
-758
-768
-841
-861
-836
-846
-866
-917
-927
-937
-947
-957
757
-752
-755
-756
-747
-847
-727
-471
-571
491
-497
487
-482
-489
-421
-431
521
-525
-527
-417
-427
-437
517
-515
-518
-317
-817
837
-839
939
-935
-936
-949
-969
-989
982
-782
789
-749
-769
-912
-922
-942
-952
-962
-121
-221
131
-135
-138
-141
-161
227
-225
125
-122
312
-318
-337
338
-145
-155
-165
-247
347
-342
-348
-812
814
722
-725
-726
-914
915
-924
-925
926
-742
-762
-864
964
-961
-965
-966
-968
941
-945
-946
-948
958
-955
-956
-414
424
-425
-426
-415
418
-438
-458
-468
-241
245
261
-265
-645
-745
746
765
-766
-146
-646
642
-452
-462
472
-475
-479
-672
675
-575
579
469
-465
-466
456
-455
-569
435
-436
-635
636
-142
148
-158
-168
-842
849
862
-869
152
-156
-162
166
555
-558
-565
568
