132
-131
-133
-134
-135
-136
-137
-138
-139
-112
-122
-212
-222
-232
-312
-322
-332
-142
-152
-162
-172
-182
-192
-432
-532
-632
-732
-832
-932
153
-151
-154
-155
-156
-157
-158
-159
-143
-163
-243
-253
-263
-343
-353
-363
-113
-123
-173
-183
-193
-453
-553
-653
-753
-853
-953
178
-171
-174
-175
-176
-177
-179
-188
-198
-278
-288
-298
-378
-388
-398
-118
-128
-148
-168
-478
-578
-678
-778
-878
-978
184
-181
-185
-186
-187
-189
-194
-274
-284
-294
-374
-384
-394
-114
-124
-144
-164
-484
-584
-684
-784
-884
-984
219
-211
-213
-214
-215
-216
-217
-218
-119
-129
-229
-239
-319
-329
-339
-249
-259
-269
-279
-289
-299
-419
-519
-619
-719
-819
-919
224
-221
-223
-225
-226
-227
-228
-234
-314
-324
-334
-244
-254
-264
-424
-524
-624
-724
-824
-924
268
-261
-262
-265
-266
-267
-248
-258
-348
-358
-368
-238
-468
-568
-668
-768
-868
-968
281
-282
-283
-285
-286
-287
-191
-271
-291
-371
-381
-391
-231
-241
-251
-481
-581
-681
-781
-881
-981
293
-292
-295
-296
-297
-273
-373
-383
-393
-233
-493
-593
-693
-793
-893
-993
386
-382
-385
-387
-389
-196
-276
-376
-396
-316
-326
-336
-346
-356
-366
-486
-586
-686
-786
-886
-986
444
-441
-442
-443
-445
-446
-447
-448
-449
-454
-464
-544
-554
-564
-644
-654
-664
-414
-434
-474
-494
-344
-744
-844
-944
458
-451
-452
-455
-456
-457
-459
-548
-558
-648
-658
-418
-428
-438
-488
-498
-758
-858
-958
469
-461
-462
-463
-465
-466
-467
-549
-559
-569
-649
-659
-669
-429
-439
-479
-489
-499
-169
-369
-769
-869
-969
491
-492
-495
-496
-497
-471
-571
-591
-671
-691
-411
-421
-431
-791
-891
-991
534
-531
-533
-535
-536
-537
-538
-539
-514
-614
-634
-574
-594
-734
-834
-934
573
-572
-575
-576
-577
-579
-473
-483
-583
-673
-683
-513
-523
-543
-563
-773
-873
-973
611
-612
-613
-615
-616
-617
-618
-511
-521
-621
-631
-641
-651
-661
-111
-311
-711
-811
-911
643
-642
-645
-646
-647
-663
-623
-633
-743
-843
-943
652
-655
-656
-657
-542
-552
-562
-662
-622
-672
-682
-692
-252
-352
-752
-852
-952
667
-665
-666
-547
-557
-567
-627
-637
-677
-687
-697
-167
-367
-767
-867
-967
729
-721
-722
-723
-725
-726
-727
-728
-739
-829
-839
-929
-939
-749
-759
-779
-789
-799
-529
-629
639
-635
-636
-638
-679
-689
-699
814
-812
-813
-815
-816
-817
-818
-714
-914
-854
-864
-874
-894
822
-821
-823
-825
-826
-827
-828
-712
-912
-922
-842
-862
-872
-882
-892
-422
-522
849
-841
-845
-846
-847
-848
-859
-949
-959
-879
-889
-899
-149
199
-195
-197
-379
-399
-349
359
-351
-354
-355
-357
364
-361
-362
-365
-764
-964
979
-971
-972
-974
-975
-976
-977
-989
-999
589
-582
-585
-587
-588
-599
888
-883
-885
-887
-788
-798
-898
-988
-998
-838
-688
685
-475
-485
-595
-675
-695
-625
-785
-985
896
-895
-897
-776
-796
-876
-996
-836
-856
-866
-596
-696
928
-921
-923
-925
-926
-927
-718
-738
-918
-938
748
-741
-742
-745
-746
-747
-948
-328
-528
-628
626
-416
-426
-436
-516
-526
518
-512
-515
-517
412
-413
-415
-417
-472
-482
487
592
-597
-598
-477
476
-676
674
-694
698
-427
-437
527
-525
-318
338
-331
-333
-335
-337
-126
-127
-327
-774
-787
-987
-392
-792
-992
936
-931
-933
-935
-937
-716
-736
-916
-946
-956
-966
116
-115
-117
-236
-146
-166
147
-141
-145
-247
-257
-347
-947
955
-951
-954
-957
754
-751
-755
-756
-757
-765
-855
-865
-945
-965
766
-761
-762
-763
857
-851
-794
994
-995
-997
-837
-877
-915
917
-913
-717
-737
-317
237
-235
-277
551
-555
-556
-541
-561
-255
256
-246
546
-545
565
-566
962
-961
-963
-942
941
-861
863
-833
-982
983
-783
782
-772
-341
161
-165
-121
125
321
-323
-325
313
-315
-713
715
733
-731
-735
831
-835
771
-775
-777
-871
875
-795
797
423
-425
-433
435
-275
272
-372
-242
245
342
-345
-375
377
395
-397
