137
-131
-132
-133
-134
-135
-136
-138
-139
-117
-127
-217
-227
-237
-317
-327
-337
-147
-157
-167
-177
-187
-197
-437
-537
-637
-737
-837
-937
174
-171
-172
-173
-175
-176
-178
-179
-184
-194
-274
-284
-294
-374
-384
-394
-114
-124
-144
-154
-164
-474
-574
-674
-774
-874
-974
195
-191
-192
-193
-196
-198
-199
-185
-275
-285
-295
-375
-385
-395
-115
-125
-145
-155
-165
-495
-595
-695
-795
-895
-995
256
-251
-252
-253
-254
-255
-257
-258
-259
-146
-156
-166
-246
-266
-346
-356
-366
-216
-226
-236
-276
-286
-296
-456
-556
-656
-756
-856
-956
288
-281
-282
-283
-287
-289
-188
-278
-298
-378
-388
-398
-218
-228
-238
-248
-268
-488
-588
-688
-788
-888
-988
299
-291
-292
-293
-297
-189
-279
-379
-389
-399
-219
-229
-239
-249
-269
-499
-599
-699
-799
-899
-999
321
-322
-323
-324
-325
-326
-328
-329
-111
-121
-211
-221
-231
-311
-331
-341
-351
-361
-371
-381
-391
-421
-521
-621
-721
-821
-921
455
-451
-452
-453
-454
-457
-458
-459
-445
-465
-545
-555
-565
-645
-655
-665
-415
-425
-435
-475
-485
-355
-755
-855
-955
477
-471
-472
-473
-476
-478
-479
-487
-497
-577
-587
-597
-677
-687
-697
-417
-427
-447
-467
-277
-377
-777
-877
-977
529
-522
-523
-524
-525
-526
-527
-528
-419
-429
-439
-519
-539
-619
-629
-639
-549
-559
-569
-579
-589
-129
-729
-829
-929
573
-571
-572
-575
-576
-578
-483
-493
-583
-593
-673
-683
-693
-513
-533
-543
-553
-563
-273
-373
-773
-873
-973
626
-622
-623
-624
-625
-627
-628
-416
-426
-436
-516
-536
-616
-636
-646
-666
-676
-686
-696
-126
-726
-826
-926
647
-641
-642
-643
-644
-648
-649
-547
-557
-567
-657
-667
517
-511
-512
-514
-515
-518
-617
-717
-817
-917
-247
267
-261
-262
-263
-264
-265
-347
-357
-367
-747
-847
-947
-767
-867
-967
658
-651
-652
-653
-654
-659
-448
-468
-548
-558
-568
-668
-618
-638
-678
-698
-158
-358
-758
-858
-958
681
-682
-684
-685
-689
-481
-491
-581
-591
-671
-691
-611
-631
-661
-181
271
-272
-241
-771
-871
-971
-781
-881
-981
748
-741
-742
-743
-744
-745
-746
-749
-768
-848
-868
-948
-968
-718
-728
-738
-778
-798
-148
-348
785
-782
-783
-784
-786
-787
-789
-775
-875
-885
-975
-985
-715
-725
-735
-765
675
-672
-679
-585
489
-482
-484
-486
-449
-469
669
-662
-663
-664
535
-531
-532
-534
-538
-615
-635
598
-592
-594
-596
-498
-235
-335
-835
-935
-169
-369
-769
-869
-969
-889
-989
-898
-998
833
-831
-832
-834
-836
-838
-839
-713
-723
-733
-813
-823
-913
-923
-933
-843
-853
-863
-883
-893
-233
-333
-433
-633
613
-612
-614
-413
-423
-113
-213
-313
861
-862
-864
-865
-866
-751
-761
-841
-851
-941
-951
-961
-811
-891
-161
-461
-561
892
-894
-896
-897
-772
-792
-872
-882
-972
-982
-992
-812
-822
-842
-852
372
-376
-182
-382
-392
-312
-332
-342
-352
-362
582
-584
-586
-492
-692
694
-494
496
-446
-466
-542
-552
-562
632
-634
-412
-422
-432
-232
234
-214
-224
-314
-334
-244
-732
-932
-434
-734
-934
-794
-994
-396
-796
-996
922
-924
-925
-927
-928
-712
-722
-912
-942
-952
-962
-122
-222
938
-931
-936
-939
-818
-828
-918
878
-876
-879
-978
-338
-438
431
-411
-441
-731
959
-953
-954
-957
-759
-849
-859
-949
819
-814
-815
-816
-719
-739
736
-716
-916
-919
-766
-776
779
-979
976
-886
-986
846
-844
-845
-946
-966
825
-824
-827
-915
727
-724
-757
857
-854
-797
884
-887
-984
-119
-319
339
-336
-349
-359
424
-428
-414
418
-444
-464
-118
-318
128
-123
223
-225
-168
368
-363
-364
-365
-243
-546
566
-564
149
-141
-142
-143
151
-152
-153
-159
541
-544
-551
554
752
-753
-754
-762
353
-354
-163
162
-242
245
-343
344
-345
-112
116
212
-215
315
-316
183
-186
-383
-393
397
386
-387
442
-443
-462
463
943
-944
-945
-763
764
-963
-964
965
793
-791
991
-993
-997
-983
987
711
-714
-911
914
