147
-141
-142
-143
-144
-145
-146
-148
-149
-157
-167
-247
-257
-267
-347
-357
-367
-117
-127
-137
-177
-187
-197
-447
-547
-647
-747
-847
-947
166
-161
-162
-163
-164
-165
-168
-169
-156
-246
-256
-266
-346
-356
-366
-116
-126
-136
-176
-186
-196
-466
-566
-666
-766
-866
-966
178
-171
-172
-173
-174
-175
-179
-188
-198
-278
-288
-298
-378
-388
-398
-118
-128
-138
-158
-478
-578
-678
-778
-878
-978
184
-181
-182
-183
-185
-189
-194
-274
-284
-294
-374
-384
-394
-114
-124
-134
-154
-484
-584
-684
-784
-884
-984
237
-231
-232
-233
-234
-235
-236
-238
-239
-217
-227
-317
-327
-337
-277
-287
-297
-437
-537
-637
-737
-837
-937
258
-251
-252
-253
-254
-255
-259
-248
-268
-348
-358
-368
-218
-228
-458
-558
-658
-758
-858
-958
281
-282
-283
-285
-286
-289
-191
-271
-291
-371
-381
-391
-211
-221
-241
-261
-481
-581
-681
-781
-881
-981
296
-292
-293
-295
-299
-276
-376
-386
-396
-216
-226
-496
-596
-696
-796
-896
-996
318
-311
-312
-313
-314
-315
-316
-319
-328
-338
-418
-518
-618
-718
-818
-918
321
-322
-323
-324
-325
-326
-329
-111
-121
-131
-331
336
-332
-333
-334
-335
-339
151
-152
-153
-155
-159
-341
-351
-361
-421
-521
-621
-721
-821
-921
-436
-536
-636
-736
-836
-936
-451
-551
-651
-751
-851
-951
364
-362
-363
-365
-369
-244
-264
-344
-354
-464
-564
-664
-764
-864
-964
427
-422
-423
-424
-425
-426
-428
-429
-417
-517
-527
-617
-627
-457
-467
-477
-487
-497
-727
-827
-927
442
-441
-443
-444
-445
-446
-448
-449
-452
-462
-542
-552
-562
-642
-652
-662
-412
-432
-472
-482
-492
-242
-342
-742
-842
-942
454
-453
-455
-456
-459
-544
-554
-644
-654
-414
-434
-474
-494
-754
-854
-954
483
-485
-486
-488
-489
-473
-493
-573
-583
-593
-673
-683
-693
-413
-433
-463
-383
-783
-883
-983
626
-622
-623
-624
-625
-628
-629
-416
-516
-526
-616
476
-471
-475
-479
-576
-586
-676
-686
-646
-656
-726
-826
-926
-776
-876
-976
653
-655
-657
-659
-543
-553
-563
-643
-663
-613
-633
-353
-753
-853
-953
669
-661
-665
-667
-668
-469
-549
-559
-569
-649
-619
-639
-679
-689
-699
-269
-769
-869
-969
685
-682
-687
-688
-495
-575
-585
-595
-675
-695
-615
-635
-645
-385
-785
-885
-985
741
-743
-744
-745
-746
-748
-749
-761
-841
-861
-941
-961
-711
-731
-771
-791
-541
-641
648
-468
-548
-568
-638
-698
-848
-948
788
-782
-786
-787
-789
-798
-888
-898
-988
-998
-728
-738
-768
-588
793
-792
-794
-795
-797
-799
-773
-873
-893
-973
-993
-713
-723
-733
-763
-193
-393
811
-812
-813
-814
-815
-816
-817
-819
-831
-911
-931
-871
-891
-411
-511
-611
828
-822
-823
-824
-825
-829
-838
-928
-938
-868
968
-962
-963
-965
-967
-528
857
-852
-855
-856
-859
-757
-767
-867
-957
-877
-887
-897
-557
567
-561
-565
461
-465
-431
-491
-577
-587
-597
875
-872
-874
-879
-775
-895
-975
-995
-835
-845
-865
-275
-375
922
-923
-924
-925
-929
-712
-722
-732
-832
-912
-932
-952
-972
-982
-992
-122
-222
-522
933
-934
-935
-939
-833
-913
-943
-133
-533
945
-944
-946
-949
844
-843
-846
-849
863
-862
-755
-765
762
-752
-955
-772
-834
839
-719
-729
-739
-919
-894
886
-882
-889
892
-899
-986
-915
-139
-439
-539
-245
-345
-545
546
555
-556
-515
-525
-535
352
-355
-359
-262
265
-263
-215
-225
-372
-382
-392
395
-397
-399
-195
582
-589
-572
-592
-672
-692
-512
-532
272
-273
-279
-192
199
373
-377
-379
387
-389
-119
-129
-212
-343
349
243
-249
-213
-223
-987
989
-779
-979
-999
759
-756
956
-959
716
-714
-715
-717
-916
917
-914
777
-774
-977
-997
-677
697
-691
-694
579
-571
-574
-499
498
-598
-599
-438
435
-415
419
538
-531
-534
631
-632
-634
612
-614
-519
-529
591
-594
-671
674
-112
132
-135
115
-113
123
-125
513
-514
-523
524
214
-219
-224
229
-724
725
734
-735
971
-974
-991
994
