145
-141
-142
-143
-144
-146
-147
-148
-149
-155
-165
-245
-255
-265
-345
-355
-365
-115
-125
-135
-175
-185
-195
-445
-545
-645
-745
-845
-945
172
-171
-173
-174
-176
-177
-178
-179
-182
-192
-272
-282
-292
-372
-382
-392
-112
-122
-132
-152
-162
-472
-572
-672
-772
-872
-972
197
-191
-193
-194
-196
-198
-199
-187
-277
-287
-297
-377
-387
-397
-117
-127
-137
-157
-167
-497
-597
-697
-797
-897
-997
216
-211
-212
-213
-214
-215
-217
-218
-219
-116
-126
-136
-226
-236
-316
-326
-336
-246
-256
-266
-276
-286
-296
-416
-516
-616
-716
-816
-916
228
-221
-222
-223
-224
-225
-227
-229
-118
-128
-138
-238
-318
-328
-338
-248
-258
-268
-278
-288
-298
-428
-528
-628
-728
-828
-928
243
-241
-242
-244
-247
-249
-153
-163
-253
-263
-343
-353
-363
-233
-273
-283
-293
-443
-543
-643
-743
-843
-943
374
-371
-373
-375
-376
-378
-379
-184
-274
-284
-294
-384
-394
-314
-324
-334
-344
-354
-364
-474
-574
-674
-774
-874
-974
422
-421
-423
-424
-425
-426
-427
-429
-412
-432
-512
-522
-532
-612
-622
-632
-442
-452
-462
-482
-492
-322
-722
-822
-922
437
-431
-433
-434
-435
-436
-438
-439
-417
-517
-527
-537
-617
-627
-637
-447
-457
-467
-477
-487
-237
-337
-737
-837
-937
454
-451
-453
-455
-456
-458
-459
-444
-464
-544
-554
-564
-644
-654
-664
-414
-484
-494
-154
-254
-754
-854
-954
541
-542
-546
-547
-548
-549
-441
-461
-551
-561
-641
-651
-661
-511
-521
-531
-571
-581
-591
-341
-741
-841
-941
589
-582
-583
-584
-585
-586
-587
-588
-479
-489
-499
-579
-599
-679
-689
-699
-519
-529
-539
-559
-569
-189
-289
-389
-789
-889
-989
713
-711
-712
-714
-715
-717
-718
-719
-723
-733
-813
-823
-833
-913
-923
-933
-753
-763
-773
-783
-793
-113
-313
-413
-513
-613
781
-782
-784
-785
-786
-787
-788
-771
-791
-871
-881
-891
-971
-981
-991
-721
-731
-751
-761
-181
-281
285
-275
-295
-385
-395
-235
-381
-481
-681
-485
-685
-885
-985
852
-851
-853
-855
-856
-857
-858
-859
-742
-752
-762
-842
-862
-942
-952
-962
-812
-832
-882
-892
-252
-352
-552
-652
875
-873
-876
-877
-878
-879
-775
-795
-895
-975
-995
-815
-825
-835
-865
-475
-575
-675
911
-912
-914
-915
-917
-918
-919
-811
-821
-831
-921
-931
861
-863
-864
-866
-867
-868
-869
-951
-961
-111
-311
-411
-611
312
-315
-317
-319
-232
-332
327
-321
-323
-325
-329
335
-331
-333
-339
262
-261
-264
-267
-269
-342
-362
164
-161
-166
-168
-169
-114
119
-129
-139
-239
-124
-134
234
-231
-159
257
-251
-259
-347
-357
-367
817
-814
-818
-819
-727
-827
-927
-847
-887
-419
-619
-534
-634
-734
-834
-934
-535
-635
-735
-935
642
-646
-647
-648
-649
-562
-662
592
-593
-594
-595
-596
-598
-682
-692
-557
-657
-757
-957
-361
-764
-964
982
-983
-984
-986
-987
-988
-792
-992
732
-736
-738
-739
-932
687
-683
-684
-686
-688
694
-691
-693
-695
-696
-698
495
-491
-493
-496
-498
-577
-677
471
-473
-476
-478
-671
-415
418
-518
-538
-618
-638
-465
-448
-468
-488
567
-563
-565
-566
-568
-667
-614
615
-515
514
-524
-624
-525
-625
555
-553
-556
-558
-655
-665
578
-573
-576
-678
-755
-955
-767
-967
-271
279
-299
291
-391
-399
351
-356
-358
-359
-151
-778
-978
-779
-979
884
-883
-886
-888
-794
-894
-994
893
-896
-898
-899
-973
-993
-824
-844
673
-676
-483
486
463
-466
-469
-653
-663
-446
449
-659
-669
-623
-633
-349
369
-366
-368
-749
-849
-949
953
-956
-958
-959
-963
759
-756
-758
-769
-969
-729
-799
999
-996
-998
798
-796
-748
-768
-929
-939
-186
156
-158
-346
348
188
-183
-388
-398
-848
846
-746
-766
765
-965
-946
-966
968
-948
-725
925
-924
-926
724
-726
-744
747
944
-947
776
-777
-976
977
-826
829
-839
-836
838
936
-938
-629
639
-631
-636
621
-626
-121
123
131
-133
-523
526
533
-536
-656
658
666
-668
383
-386
-393
396
