147
-141
-142
-143
-144
-145
-146
-148
-149
-157
-167
-247
-257
-267
-347
-357
-367
-117
-127
-137
-177
-187
-197
-447
-547
-647
-747
-847
-947
159
-151
-152
-153
-154
-155
-156
-158
-169
-249
-259
-269
-349
-359
-369
-119
-129
-139
-179
-189
-199
-459
-559
-659
-759
-859
-959
225
-221
-222
-223
-224
-226
-227
-228
-229
-115
-125
-135
-215
-235
-315
-325
-335
-245
-255
-265
-275
-285
-295
-425
-525
-625
-725
-825
-925
254
-251
-252
-253
-256
-258
-164
-244
-264
-344
-354
-364
-214
-234
-274
-284
-294
-454
-554
-654
-754
-854
-954
287
-281
-282
-283
-286
-288
-289
-277
-297
-377
-387
-397
-217
-237
-487
-587
-687
-787
-887
-987
368
-361
-362
-363
-365
-366
-168
-248
-268
-348
-358
-318
-328
-338
-378
-388
-398
-468
-568
-668
-768
-868
-968
386
-381
-382
-383
-384
-385
-389
-176
-186
-196
-276
-296
-376
-396
-316
-326
-336
-346
-356
-486
-586
-686
-786
-886
-986
417
-411
-412
-413
-414
-415
-416
-418
-419
-427
-437
-517
-527
-537
-617
-627
-637
-457
-467
-477
-497
-317
-717
-817
-917
489
-481
-482
-483
-484
-485
-488
-479
-499
-579
-589
-599
-679
-689
-699
-429
-439
-449
-469
-789
-889
-989
536
-531
-532
-533
-534
-535
-538
-539
-426
-436
-516
-526
-616
-626
-636
-546
-556
-566
-576
-596
-136
-236
-736
-836
-936
551
-552
-553
-555
-557
-558
-441
-451
-461
-541
-561
-641
-651
-661
-511
-521
-571
-581
-591
-351
-751
-851
-951
567
-562
-563
-564
-565
-569
-657
-667
-577
-597
-767
-867
-967
614
-611
-612
-613
-615
-618
-619
-424
-434
-514
-524
-624
-634
-644
-664
-674
-684
-694
-114
-314
-714
-814
-914
653
-652
-655
-656
-658
-443
-453
-463
-543
-643
-663
-623
-633
-673
-683
-693
-353
-753
-853
-953
728
-721
-722
-723
-724
-726
-727
-729
-718
-738
-818
-828
-838
-918
-928
-938
-748
-758
-778
-788
-798
-128
-428
-528
-628
731
-732
-733
-734
-735
-737
-739
-711
-811
-821
-831
-911
-921
-931
-741
-761
-771
-781
-791
-131
-231
-331
-431
-631
749
-742
-743
-744
-745
-746
-769
-849
-869
-949
-969
-719
-779
-799
-549
-649
669
-662
-665
-666
-629
-639
793
-792
-794
-795
-796
-797
-773
-783
-873
-883
-893
-973
-983
-993
-713
-763
-193
-293
-393
-493
-593
816
-812
-813
-815
-819
-716
-826
-916
-926
-846
-856
-866
-876
-896
-116
-216
126
-121
-122
-123
-124
-166
891
-892
-894
-895
-897
-898
-899
-871
-881
-971
-981
-991
-841
-861
-191
-291
-391
-491
-691
919
-912
-913
-915
-829
-839
-929
-939
879
-872
-874
-875
-877
-878
-979
-999
-219
-319
-519
529
-522
-523
-329
-279
-379
933
-932
-934
-935
-937
-823
-833
-923
-943
-963
-133
-233
-333
-433
964
-961
-962
-965
-966
941
-942
-944
-945
-946
-948
-764
-844
-864
-924
-974
-984
-994
-241
-341
-464
992
-995
-996
-997
-998
-772
-782
-882
-972
-982
-922
927
-827
-837
857
-852
-855
-858
-757
-957
777
-774
-775
-776
976
-975
-977
-978
784
-785
-884
-952
-956
-327
337
-332
-334
-339
239
-232
-238
-299
399
-392
-394
-395
-476
-676
-677
697
-692
-695
-696
-698
496
-492
-494
-495
-498
-446
-456
-466
646
-642
-645
-648
-246
266
-261
-262
-263
161
-162
-163
-165
-111
-171
-181
756
-752
-755
-766
863
-862
-865
-843
681
-682
-685
-688
-471
-671
421
-422
-423
-621
622
-432
-512
-632
513
-515
-518
473
-472
-474
-475
-478
-573
-583
444
-442
-445
-448
-544
-672
-113
-213
-313
323
-321
-322
-324
134
-132
-138
-174
-184
-194
374
-371
-372
-373
-375
271
-272
-273
-278
-211
311
-312
243
-242
-343
715
-712
-835
762
-765
-842
-822
824
832
-834
-462
465
-455
-545
452
-458
-542
548
-435
438
635
-638
-578
-588
-598
678
-675
342
-345
-352
355
845
-848
-955
958
-885
888
985
-988
-173
183
-182
-185
-188
-574
-178
582
-584
-585
-572
575
-592
594
-595
172
-175
-192
-292
298
195
-198
-112
118
212
-218
