136
-131
-132
-133
-134
-135
-137
-138
-139
-116
-126
-216
-226
-236
-316
-326
-336
-146
-156
-166
-176
-186
-196
-436
-536
-636
-736
-836
-936
199
-191
-192
-193
-194
-195
-197
-198
-179
-189
-279
-289
-299
-379
-389
-399
-119
-129
-149
-159
-169
-499
-599
-699
-799
-899
-999
211
-212
-213
-214
-215
-217
-218
-219
-111
-121
-221
-231
-311
-321
-331
-241
-251
-261
-271
-281
-291
-411
-511
-611
-711
-811
-911
244
-242
-243
-245
-246
-247
-248
-249
-144
-154
-164
-254
-264
-344
-354
-364
-224
-234
-274
-284
-294
-444
-544
-644
-744
-844
-944
286
-282
-283
-285
-287
-288
-276
-296
-376
-386
-396
-256
-266
-486
-586
-686
-786
-886
-986
337
-332
-333
-334
-335
-338
-339
-117
-127
-227
-237
-317
-327
-347
-357
-367
-377
-387
-397
-437
-537
-637
-737
-837
-937
368
-361
-362
-363
-365
-366
-369
-148
-158
-168
-258
-268
-348
-358
-318
-328
-378
-388
-398
-468
-568
-668
-768
-868
-968
371
-372
-373
-374
-375
-171
-181
-381
-391
-341
-351
-471
-571
-671
-771
-871
-971
415
-412
-413
-414
-416
-417
-418
-419
-425
-435
-515
-525
-535
-615
-625
-635
-445
-455
-465
-475
-485
-495
-115
-315
-715
-815
-915
433
-431
-432
-434
-438
-439
-423
-513
-523
-533
-613
-623
-633
-443
-453
-463
-473
-483
-493
-233
-733
-833
-933
446
-441
-442
-447
-448
-449
-456
-466
-546
-556
-566
-646
-656
-666
-426
-476
-496
-346
356
-352
-353
-355
-359
-746
-846
-946
-756
-856
-956
517
-512
-514
-516
-518
-519
-427
-527
-617
-627
-547
-557
-567
-577
-587
-597
-717
-817
-917
521
-522
-524
-526
-528
-529
-421
-531
-621
-631
-541
-551
-561
-581
-591
-721
-821
-921
629
-622
-624
-626
-628
616
-612
-614
-618
-619
-429
-539
-639
-676
-696
-649
-659
-669
-679
-689
-716
-816
-916
-229
-329
-729
-829
-929
664
-661
-662
-663
-665
-667
-454
-464
-554
-564
-654
-634
-674
-684
-694
-764
-864
-964
683
-681
-682
-685
-687
-688
-573
-583
-593
-673
-693
-643
-653
-183
-383
-783
-883
-983
757
-751
-752
-753
-754
-755
-758
-759
-747
-767
-847
-857
-867
-947
-957
-967
-727
-777
-787
-797
-157
-257
-457
-657
762
-761
-763
-765
-766
-769
-742
-842
-852
-862
-942
-952
-962
-712
-722
-732
-772
-782
-792
-162
-262
-462
-562
778
-773
-774
-775
-776
-779
-788
-798
-878
-888
-898
-978
-988
-998
-718
-728
-738
-748
-178
-278
-478
-578
-678
879
-872
-873
-874
-875
-876
-877
-789
-889
-979
-989
-819
-839
-849
-859
-869
-479
-579
932
-931
-934
-935
-938
-939
-812
-822
-832
-912
-922
-972
-982
-992
-232
-532
-632
638
422
-424
-428
534
-538
-452
-472
-482
-492
-574
-584
-594
-648
-658
-698
-122
-222
-322
-734
-834
-238
-838
959
-951
-953
-954
-955
-958
854
-851
-853
-855
-858
-749
-949
-969
-814
-824
-884
-894
-919
-259
-459
-559
984
-981
-985
-987
-784
-794
-974
-994
-914
-924
-184
-384
-484
991
-993
-995
-996
-997
-781
785
-791
-881
-891
-795
-885
-895
-975
-725
-735
-745
-941
-961
481
-487
-488
-489
-491
-691
589
-582
-585
-588
-451
458
-548
-558
-461
-498
598
-592
-595
-596
576
-572
-575
469
-467
647
-641
-642
-645
651
-652
-655
-549
-569
-677
-697
-147
349
-342
-343
-345
-269
239
-235
-319
719
-713
-714
724
-723
-726
-739
731
-831
835
-825
-925
-741
743
-843
-863
-943
-963
-793
796
-896
-976
-845
-865
-124
-324
-143
-543
-151
-185
-385
382
-172
-182
-272
-292
-392
252
-253
-255
-142
-152
112
-113
-114
-118
-312
314
-313
174
-173
-175
-177
-394
542
-545
-552
672
-675
-692
695
-474
477
494
-497
275
-273
-277
-295
-395
393
-293
-225
-265
-323
325
-125
973
-977
-893
-913
918
-818
813
-823
-923
-828
-928
848
-841
861
-866
966
-965
945
-948
826
-827
-926
927
141
-145
-161
-882
887
892
-897
-187
188
297
-298
167
-163
-165
155
-153
263
-267
123
-128
-223
228
553
-555
-563
565
