122
-121
-123
-124
-125
-126
-127
-128
-129
-112
-132
-212
-222
-232
-312
-322
-332
-142
-152
-162
-172
-182
-192
-422
-522
-622
-722
-822
-922
143
-141
-144
-145
-146
-147
-148
-149
-153
-163
-243
-253
-263
-343
-353
-363
-113
-133
-173
-183
-193
-443
-543
-643
-743
-843
-943
177
-171
-174
-175
-176
-178
-179
-187
-197
-277
-287
-297
-377
-387
-397
-117
-137
-157
-167
-477
-577
-677
-777
-877
-977
252
-251
-254
-255
-256
-257
-258
-259
-242
-262
-342
-352
-362
-272
-282
-292
-452
-552
-652
-752
-852
-952
269
-261
-264
-265
-266
-267
-268
-159
-169
-249
-349
-359
-369
-219
-229
-239
-279
-289
-299
-469
-569
-669
-769
-869
-969
315
-311
-313
-314
-316
-317
-318
-319
-115
-135
-215
-225
-235
-325
-335
-345
-355
-365
-375
-385
-395
-415
-515
-615
-715
-815
-915
338
-331
-333
-334
-336
-337
-339
-118
-138
-218
-228
-238
-328
-348
-358
-368
-378
-388
-398
-438
-538
-638
-738
-838
-938
373
-371
-372
-374
-376
-379
-273
-283
-293
-383
-393
-323
-473
-573
-673
-773
-873
-973
399
-391
-392
-394
-396
382
-381
-384
-386
-389
-189
-199
-329
-482
-582
-682
-782
-882
-982
-499
-599
-699
-799
-899
-999
454
-451
-453
-455
-456
-457
-458
-459
-444
-464
-544
-554
-564
-644
-654
-664
-414
-424
-434
-474
-484
-494
-154
-354
-754
-854
-954
463
-461
-462
-465
-466
-467
-468
-553
-563
-653
-663
-413
-423
-433
-483
-493
-763
-863
-963
485
-481
-486
-487
-488
-489
-475
-495
-575
-585
-595
-675
-685
-695
-425
-435
-445
-185
-285
-785
-885
-985
513
-511
-512
-514
-516
-517
-518
-519
-523
-533
-613
-623
-633
-583
-593
-213
-713
-813
-913
547
-541
-542
-545
-546
-548
-549
-447
-557
-567
-647
-657
-667
-527
-537
-587
-597
-247
-347
-747
-847
-947
562
-561
-565
-566
-568
-442
-642
-662
-532
-572
-592
-762
-862
-962
596
-591
-594
-598
-476
-496
-576
-586
-676
-686
-696
-526
-536
-556
-196
-296
-796
-896
-996
629
-621
-624
-625
-626
-627
-628
-419
-429
-439
-529
-539
-619
-639
-649
-659
-679
-689
-729
-829
-929
645
-641
-646
-648
-555
-655
-665
-635
-245
-745
-845
-945
656
-651
-658
-446
-666
-616
-636
-156
-356
-756
-856
-956
714
-711
-712
-716
-717
-718
-719
-724
-734
-814
-824
-834
-914
-924
-934
-744
-764
-774
-784
-794
-114
-214
-614
737
-731
-732
-733
-735
-736
-739
-727
-817
-827
-837
-917
-927
-937
-757
-767
-787
-797
-237
-437
-637
776
-771
-772
-775
-778
-779
-786
-876
-886
-976
-986
-726
-746
-766
-276
795
-791
-792
-793
-798
-875
-895
-975
-995
742
-741
-748
-749
-842
-942
-725
-755
-765
275
-271
-274
-278
-195
-295
849
-841
-844
-846
-848
-759
-859
-949
-959
789
-781
-783
-788
-879
-889
-979
-989
-819
-839
-449
559
-551
-558
479
-471
-472
-478
-579
-589
858
-851
-853
-855
-857
-758
-768
761
-751
753
-861
-941
-951
-961
-953
-868
-948
-958
-968
-721
-723
728
-818
-828
-918
-928
-878
-888
-898
-428
-528
-158
-161
-361
-661
668
441
-448
-411
-421
-431
-491
-618
418
-412
-416
-417
-498
-678
-688
-698
-241
-341
248
-244
-246
-168
-288
-298
932
-931
-933
-935
-936
-939
-812
-832
-912
919
-911
-916
-972
-992
612
-611
-617
-432
436
-632
-426
427
492
-497
-672
-692
217
-211
-216
-227
-327
-119
139
-131
-134
-136
-236
-836
872
-871
-874
-892
964
-965
-966
-967
-864
-944
946
-866
-974
-984
-994
-926
344
-346
-164
-364
-324
987
-981
-983
-988
-887
-897
-997
867
-865
955
-957
-925
-155
151
-351
357
165
-166
366
-367
-111
116
-226
-326
321
-221
-231
-181
-191
-186
286
-281
-284
291
-294
811
-816
-821
-831
-921
923
-823
-833
835
-825
826
-881
-891
-993
-521
-223
224
233
-234
-524
525
-535
-687
697
-691
-693
-694
683
-681
-684
581
-584
-588
-571
-671
674
-574
578
-531
534
631
-634
971
-978
-991
998
-883
884
893
-894
-184
188
194
-198
