138
-131
-132
-133
-134
-135
-136
-137
-139
-118
-128
-218
-228
-238
-318
-328
-338
-148
-158
-168
-178
-188
-198
-438
-538
-638
-738
-838
-938
144
-141
-142
-143
-145
-146
-147
-149
-154
-164
-244
-254
-264
-344
-354
-364
-114
-124
-174
-184
-194
-444
-544
-644
-744
-844
-944
191
-192
-193
-195
-196
-197
-199
-171
-181
-271
-281
-291
-371
-381
-391
-111
-121
-151
-161
-491
-591
-691
-791
-891
-991
225
-221
-222
-223
-224
-226
-227
-229
-115
-125
-215
-235
-315
-325
-335
-245
-255
-265
-275
-285
-295
-425
-525
-625
-725
-825
-925
232
-231
-233
-234
-236
-237
-239
-112
-122
-212
-312
-322
-332
-242
-252
-262
-272
-282
-292
-432
-532
-632
-732
-832
-932
247
-241
-243
-246
-248
-249
-157
-167
-257
-267
-347
-357
-367
-217
-277
-287
-297
-447
-547
-647
-747
-847
-947
259
-251
-253
-256
-258
-159
-169
-269
-349
-359
-369
-219
-279
-289
-299
-459
-559
-659
-759
-859
-959
319
-311
-313
-314
-316
-317
-119
-129
-329
-339
-379
-389
-399
-419
-519
-619
-719
-819
-919
331
-333
-334
-336
-337
-211
-321
261
-263
-266
-268
-341
-351
-361
-431
-531
-631
-731
-831
-931
-461
-561
-661
-761
-861
-961
358
-352
-353
-355
-356
-348
-368
-378
-388
-398
-458
-558
-658
-758
-858
-958
411
-412
-413
-414
-415
-416
-417
-418
-421
-511
-521
-611
-621
-441
-451
-471
-481
-711
-811
-911
436
-433
-434
-435
-437
-439
-426
-516
-526
-536
-616
-626
-636
-446
-456
-466
-476
-486
-496
-736
-836
-936
524
-522
-523
-527
-528
-529
-424
-514
-534
-614
-624
-634
-554
-564
-574
-584
-594
-324
214
-213
-216
-274
-284
-294
-714
-814
-914
-724
-824
-924
548
-541
-542
-543
-545
-546
-549
-448
-468
-568
-648
-668
-518
-578
-588
-598
-748
-848
-948
569
-562
-563
-565
-566
-567
-449
-469
-649
-669
-539
-579
-589
-599
-769
-869
-969
583
-581
-582
-585
-586
-587
-473
-483
-493
-573
-593
-673
-683
-693
-513
-533
-553
-183
-283
-383
-783
-883
-983
676
-671
-672
-674
-675
-677
-678
-679
-576
-596
-686
-696
556
-551
-552
-555
-557
-646
-656
-666
571
-572
-575
-577
-681
-156
-756
-856
-956
-771
-871
-971
-176
-276
-376
-776
-876
-976
694
-692
-695
-697
-698
-699
-474
-484
-494
-684
-654
-664
-394
-794
-894
-994
752
-751
-753
-754
-755
-757
-742
-762
-842
-852
-862
-942
-952
-962
-712
-722
-772
-782
-792
-152
-452
-652
775
-773
-774
-777
-778
-779
-785
-795
-875
-885
-895
-975
-985
-995
-715
-735
-745
-765
-175
-375
-475
796
-793
-797
-798
-799
-786
-886
-896
-986
-996
-716
-726
-746
-766
-296
286
-288
-186
-386
-396
857
-851
-853
-854
-855
-767
-867
-957
-967
-817
-827
-837
-877
-887
-897
-457
-657
863
-864
-865
-866
-868
-743
-763
-843
-943
-953
-963
-813
-823
-833
-873
-893
-163
-363
-463
-663
879
-872
-874
-878
-789
-889
-899
-979
-989
-999
-829
-839
-849
-179
189
-182
-185
-187
-479
-489
-689
499
-492
-495
-497
-498
-429
881
-882
-884
-888
-781
-981
-821
-841
834
-835
-734
-934
915
-912
-913
-916
-917
-918
-815
-935
845
-846
-945
-955
-965
-515
-615
-345
-445
-645
964
-966
-968
-764
768
-954
951
-741
749
-941
946
-949
721
-723
-727
-728
-729
-921
784
-787
-788
-974
-984
-718
-739
-926
641
-642
-643
-651
-346
454
-453
-455
-464
374
-372
-373
-377
-384
978
-972
-973
-977
993
-992
-997
-998
987
-982
-988
892
-898
-812
-822
922
-923
-927
-928
-929
939
-933
-937
-422
-622
629
-623
-627
-628
-639
-278
273
-173
-293
298
-393
-478
-387
-487
-687
-392
-592
512
-517
-612
113
-116
-117
-123
-323
-153
155
343
-342
-165
-365
-613
-713
717
733
-737
816
-818
-826
828
-617
618
-428
488
-482
-485
-688
465
-462
-467
-655
653
-443
442
-662
-665
667
-472
477
682
-685
595
-597
423
-427
-633
-535
537
635
-637
172
-177
-382
385
-395
397
-162
166
362
-366
-126
127
326
-327
