121
-122
-123
-124
-125
-126
-127
-128
-129
-111
-131
-211
-221
-231
-311
-321
-331
-141
-151
-161
-171
-181
-191
-421
-521
-621
-721
-821
-921
142
-143
-144
-145
-146
-147
-148
-149
-152
-162
-242
-252
-262
-342
-352
-362
-112
-132
-172
-182
-192
-442
-542
-642
-742
-842
-942
195
-193
-194
-196
-197
-198
-199
-175
-185
-275
-285
-295
-375
-385
-395
-115
-135
-155
-165
-495
-595
-695
-795
-895
-995
222
-223
-224
-225
-226
-227
-228
-229
-212
-232
-312
-322
-332
-272
-282
-292
-422
-522
-622
-722
-822
-922
238
-233
-234
-235
-236
-237
-239
-118
-138
-218
-318
-328
-338
-248
-258
-268
-278
-288
-298
-438
-538
-638
-738
-838
-938
241
-243
-244
-245
-246
-247
-249
-251
-261
-341
-351
-361
-271
-281
-291
-441
-541
-641
-741
-841
-941
347
-343
-344
-345
-346
-348
-349
-157
-167
-257
-267
-357
-367
-317
-327
-337
-377
-387
-397
-447
-547
-647
-747
-847
-947
374
-371
-372
-373
-376
-378
-379
-174
-184
-274
-284
-294
-384
-394
-314
-324
-334
-354
-364
-474
-574
-674
-774
-874
-974
382
-381
-383
-386
-388
-389
391
-392
-393
-396
-398
-399
-482
-582
-682
-782
-882
-982
-491
-591
-691
-791
-891
-991
412
-411
-413
-414
-415
-416
-417
-418
-419
-432
-512
-532
-612
-632
-452
-462
-472
-492
-712
-812
-912
426
-423
-424
-425
-427
-428
-429
-436
-516
-526
-536
-616
-626
-636
-446
-456
-466
-476
-486
-496
-326
-726
-826
-926
478
-471
-473
-475
-477
-479
-488
-498
-578
-588
-598
-678
-688
-698
-448
-458
-468
-178
188
-183
-186
-187
-189
-158
-168
-778
-878
-978
-788
-888
-988
481
-483
-484
-485
-487
-489
-571
-581
-671
-681
-431
-451
-461
-781
-881
-981
515
-511
-513
-514
-517
-518
-519
-435
-525
-535
-615
-625
-635
-545
-555
-565
-575
-585
-215
-315
-715
-815
-915
549
-543
-544
-546
-548
-449
-459
-469
-559
-569
-649
-659
-669
-529
-539
-579
-589
-599
-749
-849
-949
561
-562
-563
-564
-566
-567
-568
-551
-651
-661
-531
-761
-861
-961
572
-573
-576
-577
-592
-672
-692
-552
-772
-872
-972
611
-613
-614
-617
-618
-619
-631
-711
-811
-911
643
-644
-645
-646
-648
-443
-453
-463
-553
-653
-663
-623
-633
-673
-683
-693
-743
-843
-943
662
-664
-665
-666
-667
-668
-652
-762
-862
-962
714
-713
-716
-717
-718
-719
-724
-734
-814
-824
-834
-914
-924
-934
-744
-754
-764
-784
-794
-114
-214
134
-133
-136
-137
-139
-154
-164
-434
-534
-634
731
-732
-733
-735
-736
-737
-739
-831
-931
-751
-771
777
-773
-775
-776
-779
-787
-797
-877
-887
-897
-977
-987
-997
-727
-757
-767
-177
117
-113
-116
-119
-217
-817
-917
-277
-677
792
-793
-796
-798
-799
-892
-992
-752
813
-816
-818
-819
-723
-823
-833
-913
-923
-933
-853
-863
-873
-883
-893
-213
-313
918
-916
-919
-728
-828
-928
-948
-958
-968
-998
898
-894
-896
-899
-848
-858
-868
748
-745
-746
-758
-768
368
-363
-365
-366
-369
-358
832
-835
-836
-837
-839
-932
936
-935
-937
-939
-852
952
-951
-953
-954
-955
-956
-957
-959
851
-854
-855
-856
-857
-859
-871
971
-973
-975
-976
-979
-946
-966
-986
-996
335
-333
-336
-339
323
-325
-329
-353
-355
-523
846
-844
-845
-756
-766
-866
786
-783
-785
-789
-876
-886
-286
-586
-686
153
-156
-159
-163
-253
-263
-173
-753
763
-765
-769
-963
273
-276
-279
-283
-293
166
-169
-256
-266
-356
359
-259
-269
-176
179
296
-297
-299
287
-289
-216
219
316
-319
-759
755
-865
-945
944
-864
-964
-965
-725
729
-829
-929
884
-885
-889
-984
-994
-629
-444
445
-455
-465
-655
-255
254
-264
265
-454
457
-467
464
-554
-654
-557
-657
-494
-437
-497
676
-675
-679
685
-684
-687
-689
-596
-696
556
-558
-656
658
528
-524
-527
624
-627
-628
-694
875
-879
-985
-825
827
925
-927
-867
869
967
-969
-584
594
-593
-597
-587
583
-493
499
697
-699
433
-439
-533
537
-637
639
-983
989
993
-999
