147
-141
-142
-143
-144
-145
-146
-148
-149
-157
-167
-247
-257
-267
-347
-357
-367
-117
-127
-137
-177
-187
-197
-447
-547
-647
-747
-847
-947
188
-181
-182
-183
-184
-185
-186
-189
-178
-198
-278
-288
-298
-378
-388
-398
-118
-128
-138
-158
-168
-488
-588
-688
-788
-888
-988
194
-191
-192
-193
-195
-196
-199
-174
-274
-284
-294
-374
-384
-394
-114
-124
-134
-154
-164
-494
-594
-694
-794
-894
-994
223
-221
-222
-224
-225
-226
-227
-228
-229
-113
-123
-133
-213
-233
-313
-323
-333
-243
-253
-263
-273
-283
-293
-423
-523
-623
-723
-823
-923
231
-232
-234
-235
-236
-237
-238
-239
-111
-121
-131
-211
-311
-321
-331
-241
-251
-261
-271
-281
-291
-431
-531
-631
-731
-831
-931
456
-451
-452
-453
-454
-455
-457
-458
-459
-446
-466
-546
-556
-566
-646
-656
-666
-416
-426
-436
-476
-486
-496
-156
-256
-356
-756
-856
-956
461
-462
-463
-464
-465
-467
-468
-469
-441
-541
-551
-561
-641
-651
-661
-411
-421
-471
-481
-491
-161
-361
-761
-861
-961
475
-472
-473
-474
-477
-478
-479
-485
-495
-575
-585
-595
-675
-685
-695
-415
-425
-435
-445
-175
-275
-375
-775
-875
-975
518
-511
-512
-513
-514
-515
-516
-517
-519
-418
-428
-438
-528
-538
-618
-628
-638
-548
-558
-568
-578
-598
-218
-318
-718
-818
-918
524
-521
-522
-525
-526
-527
-529
-414
-424
-434
-534
-614
-624
-634
-544
-554
-564
-574
-584
-324
-724
-824
-924
583
-581
-582
-586
-587
-589
-483
-493
-573
-593
-673
-683
-693
-533
-543
-553
-563
-383
-783
-883
-983
642
-643
-644
-645
-648
-649
-442
-542
-552
-562
-652
-662
-612
-622
-632
-672
-682
-692
-242
-342
-742
-842
-942
744
-741
-743
-745
-746
-748
-749
-754
-764
-844
-854
-864
-944
-954
-964
-714
-734
-774
-784
-244
-344
-444
484
-482
-487
-489
-674
-684
-884
-984
753
-751
-752
-755
-757
-758
-759
-763
-843
-853
-863
-943
-953
-963
-713
-733
-773
-793
-153
-353
-653
836
-832
-833
-834
-835
-837
-838
-839
-716
-726
-736
-816
-826
-916
-926
-936
-846
-866
-876
-886
-896
-136
-336
-536
-636
871
-872
-873
-874
-877
-878
-879
-771
-781
-791
-881
-891
-971
-981
-991
974
-972
-973
-976
-977
-978
-979
-811
-821
-841
-851
814
-812
-813
-815
-817
-819
-914
-934
893
-892
-895
-897
-898
-899
-993
-214
-314
334
-332
-335
-337
-338
-339
328
-322
-325
-326
-327
-329
-354
-364
-348
-358
-368
-728
-828
-928
-171
151
-152
-155
-159
-341
-351
941
-945
-946
-948
-949
-951
-911
-921
-371
-571
591
-592
-596
-597
-599
-671
-681
-691
576
-572
-577
-579
492
-497
-498
-499
-676
-686
-696
-412
-422
-432
532
-535
-537
-539
448
-443
-449
663
-664
-665
-667
-668
-669
654
-655
-657
-658
-659
-613
-633
-132
-732
-932
343
-345
-346
-349
-163
-363
173
-172
-176
-179
-373
-393
246
-245
-248
-249
-166
-266
-366
-216
-276
-286
-296
-848
-254
264
-262
-265
-268
-269
258
-252
-255
-259
-858
868
-862
-865
-867
-869
-768
-958
-968
-376
-776
381
-382
-385
-386
-387
-389
-391
396
-392
-395
-397
-399
-316
-292
-792
-992
-796
-996
912
-913
-915
-917
-919
-712
-722
-822
-922
933
-935
-937
-938
-939
738
-735
-737
-739
-778
-798
998
-995
-997
-999
-952
-962
-982
-112
-212
-312
122
-125
-126
-129
116
-115
-119
-162
413
-417
-419
-433
-616
626
-621
-625
-627
-629
611
-615
-617
-619
635
-637
-639
-711
721
-725
-727
-729
-135
139
-219
-319
165
-169
-355
-365
315
-317
-215
217
-277
-287
-297
377
-372
-379
-715
-717
719
-829
-929
-769
-779
-789
-799
429
-427
437
-439
-565
-765
-965
-677
-777
772
-782
-882
-762
852
-855
-857
-859
-352
359
362
-369
-559
-959
-272
279
282
-285
-289
295
-299
678
-679
-698
-795
797
-787
-887
-987
785
-786
-885
889
-985
986
-989
766
-767
-966
827
-825
925
-927
845
-849
-955
957
-967
969
-545
549
555
-557
567
-569
687
-689
-697
699
