133
-131
-132
-134
-135
-136
-137
-138
-139
-113
-123
-213
-223
-233
-313
-323
-333
-143
-153
-163
-173
-183
-193
-433
-533
-633
-733
-833
-933
169
-161
-162
-164
-165
-166
-167
-168
-149
-159
-249
-259
-269
-349
-359
-369
-119
-129
-179
-189
-199
-469
-569
-669
-769
-869
-969
194
-191
-192
-195
-196
-197
-198
-174
-184
-274
-284
-294
-374
-384
-394
-114
-124
-144
-154
-494
-594
-694
-794
-894
-994
226
-221
-222
-224
-225
-227
-228
-229
-116
-126
-216
-236
-316
-326
-336
-246
-256
-266
-276
-286
-296
-426
-526
-626
-726
-826
-926
238
-231
-232
-234
-235
-237
-239
-118
-128
-218
-318
-328
-338
-248
-258
-268
-278
-288
-298
-438
-538
-638
-738
-838
-938
264
-261
-262
-263
-265
-267
-244
-254
-344
-354
-364
-214
-464
-564
-664
-764
-864
-964
311
-312
-314
-315
-317
-319
-111
-121
-211
-321
-331
-341
-351
-361
-371
-381
-391
-411
-511
-611
-711
-811
-911
339
-332
-334
-335
-337
324
-322
-325
-327
-329
-219
-379
-389
-399
-424
-524
-624
-724
-824
-924
-439
-539
-639
-739
-839
-939
386
-382
-383
-385
-387
-388
-176
-186
-376
-396
-346
-356
-366
-486
-586
-686
-786
-886
-986
431
-432
-434
-435
-436
-437
-421
-521
-531
-621
-631
-441
-451
-461
-471
-481
-491
-731
-831
-931
448
-442
-443
-444
-445
-446
-447
-449
-458
-468
-548
-558
-568
-648
-658
-668
-418
-428
-478
-488
-498
-148
-348
-748
-848
-948
467
-462
-463
-465
-466
-457
-547
-557
-567
-647
-657
-667
-417
-427
-477
-487
-497
-367
-767
-867
-967
482
-483
-484
-485
-489
-472
-492
-572
-582
-592
-672
-682
-692
-412
-422
-452
-182
-282
-782
-882
-982
536
-532
-534
-535
-537
-416
-516
-616
-636
-546
-556
-566
-576
-596
-736
-836
-936
544
-541
-542
-543
-545
-549
-454
-554
-644
-654
-514
-574
-584
-744
-844
-944
565
-561
-562
-563
-455
-555
-645
-655
-665
-515
-525
-575
-585
-595
-365
-765
-865
-965
629
-622
-623
-625
-627
-628
-419
-429
-519
-529
-619
-649
-659
-679
-689
-699
-729
-829
-929
641
-642
-643
-646
-551
-651
-661
-671
-681
-691
-141
-241
-741
-841
-941
663
-662
-666
-453
-553
-653
-613
-673
-683
-693
-363
-763
-863
-963
675
-674
-676
-677
-678
-475
-495
-685
-695
-615
-635
-175
-275
-375
-775
-875
-975
722
-721
-723
-725
-727
-728
-712
-732
-812
-822
-832
-912
-922
-932
-742
-752
-762
-772
-792
-122
-522
632
-634
-637
-512
-612
552
-559
-652
656
-456
459
-479
-499
-696
-152
-252
-352
-852
-952
-156
146
-142
-145
-147
-746
-846
-946
-756
-856
-956
-759
-859
-959
771
-773
-774
-776
-777
-778
-779
-781
-791
-871
-881
-891
-971
-981
-991
-751
-761
-171
-271
-571
798
-793
-795
-796
-797
-799
-788
-878
-888
-898
-978
-988
-998
-718
-758
-768
766
-866
-966
-716
-398
-598
-698
697
-577
-587
-597
-687
-617
-297
-397
-897
-997
847
-842
-843
-845
-849
-747
-757
-857
-947
-957
-817
-827
-837
-877
-887
-247
-347
876
-872
-873
-874
-879
-896
-976
-996
-816
916
-913
-914
-915
-917
-918
-919
-476
496
-493
884
-883
-885
-889
-784
-974
-984
-814
-834
835
-715
-735
-815
-825
-925
-935
-854
-855
-895
474
-473
-684
688
-578
-588
-414
614
-618
-714
-188
943
-942
-945
-949
-743
-753
-853
-953
749
-745
-719
819
-813
-818
-789
-899
-923
-973
-983
-993
518
-513
-517
527
-523
-528
-127
125
-115
-215
-155
-185
415
-413
423
-425
713
-717
-823
-783
893
-892
862
-861
-868
-962
-927
-243
-343
961
-968
-851
858
-951
-958
821
-828
-921
928
-158
178
-172
-177
-378
112
-117
-212
217
-257
-277
-287
-358
368
-362
-293
-393
-593
977
-972
-979
992
-995
-999
-787
785
-985
-987
989
-755
754
-954
955
-734
737
934
-937
-255
-355
-377
187
-181
151
-157
-251
253
-353
357
-273
-283
373
-372
272
-279
-292
-392
395
-285
-295
-242
245
342
-345
-573
579
583
-581
-589
591
-599
281
-289
-291
299
