123
-121
-122
-124
-125
-126
-127
-128
-129
-113
-133
-213
-223
-233
-313
-323
-333
-143
-153
-163
-173
-183
-193
-423
-523
-623
-723
-823
-923
257
-251
-252
-253
-254
-255
-256
-258
-259
-147
-157
-167
-247
-267
-347
-357
-367
-217
-227
-237
-277
-287
-297
-457
-557
-657
-757
-857
-957
263
-261
-262
-264
-265
-266
-268
-269
-243
-343
-353
-363
-273
-283
-293
-463
-563
-663
-763
-863
-963
286
-281
-282
-284
-285
-288
-289
-176
-186
-196
-276
-296
-376
-386
-396
-216
-226
-236
-246
-486
-586
-686
-786
-886
-986
325
-321
-322
-324
-326
-327
-328
-329
-115
-135
-215
-225
-235
-315
-335
-345
-355
-365
-375
-385
-395
-425
-525
-625
-725
-825
-925
354
-351
-352
-356
-358
-359
-144
-154
-164
-244
-344
-364
-314
-334
-374
-384
-394
-454
-554
-654
-754
-854
-954
368
-361
-362
-366
-369
-148
-158
-168
-248
-348
-318
-338
-378
-388
-398
-468
-568
-668
-768
-868
-968
383
-381
-382
-387
-389
-373
-393
-483
-583
-683
-783
-883
-983
428
-421
-422
-424
-426
-427
-429
-418
-438
-518
-528
-538
-618
-628
-638
-448
-458
-478
-488
-498
-228
-728
-828
-928
439
-431
-432
-433
-434
-435
-436
-437
-419
-519
-529
-539
-619
-629
-639
-449
-459
-469
-479
-489
-499
-139
-239
-339
-739
-839
-939
442
-441
-443
-444
-445
-446
-447
-452
-462
-542
-552
-562
-642
-652
-662
-412
-472
-482
-492
-142
-242
-342
-742
-842
-942
494
-491
-493
-495
-496
-497
-474
-484
-574
-584
-594
-674
-684
-694
-414
-464
-194
-294
-794
-894
-994
533
-531
-532
-534
-535
-536
-537
-413
-513
-613
-633
-543
-553
-573
-593
-733
-833
-933
551
-555
-556
-558
-559
-451
-461
-541
-561
-641
-651
-661
-511
-521
-571
-581
-591
-151
-751
-851
-951
576
-572
-575
-577
-578
-579
-476
-596
-676
-696
-516
-526
-546
-566
-776
-876
-976
615
-611
-612
-614
-616
-617
-415
-515
-635
-645
-655
-665
-675
-685
-695
-715
-815
-915
664
-666
-667
-669
-544
-564
-644
-624
-634
-764
-864
-964
679
-671
-672
-673
-677
-678
-589
-599
-689
-699
-649
-659
-179
-279
-379
-779
-879
-979
682
-681
-687
-688
-582
-592
-692
-622
-632
-182
-782
-882
-982
726
-721
-722
-724
-727
-729
-716
-736
-816
-826
-836
-916
-926
-936
-746
-756
-766
-796
-626
747
-741
-743
-744
-745
-748
-749
-767
-847
-867
-947
-967
-717
-737
-777
-787
-797
-547
-647
752
-753
-755
-758
-759
-762
-852
-862
-952
-962
-712
-732
-772
-792
-152
162
-161
-165
-166
-169
-112
-132
-172
-192
785
-781
-784
-788
-789
-775
-795
-875
-885
-895
-975
-985
-995
-735
-765
-185
-485
-585
822
-821
-824
-827
-829
-812
-832
-912
-922
-932
-872
-892
-222
-522
512
-514
-517
524
-527
-212
-312
-224
-924
843
-841
-844
-845
-846
-848
-849
-853
-943
-953
944
-941
-945
-946
-948
-949
-813
-873
-893
-914
-934
-974
-984
-643
856
-855
-858
-859
-866
-956
-966
958
-955
-959
-896
996
-991
-992
-993
-997
-998
-999
972
-971
-973
-977
-978
913
-911
-917
-918
-919
-713
-938
-988
-156
-456
-656
-658
653
-453
455
-465
-545
-565
473
-471
-475
-477
-693
595
-597
-598
-155
159
-149
-249
-349
-119
-189
-199
549
-548
648
-646
466
-467
567
-569
-416
636
-631
-637
-587
588
-698
-136
-336
-272
-372
-773
793
-791
-798
-799
-188
-888
-195
-295
981
-987
-989
-771
-871
-881
-891
-921
-931
-961
-181
-481
487
691
-697
411
-417
-621
627
-111
-211
-311
-711
-811
221
-229
-131
-231
-331
-241
245
-145
175
-171
-174
-177
-178
-275
-271
-291
-927
929
-719
-819
769
-761
861
-865
-869
965
-969
731
-734
-738
-831
835
-834
-837
-838
-935
937
-817
-137
-337
332
-232
292
-298
-299
-392
399
-391
-397
219
-214
-218
-319
371
-377
-191
141
-146
-341
346
116
-114
-117
-118
-316
317
877
-874
-878
-887
-897
-187
184
-274
278
197
-198
-134
138
234
-238
774
-778
-884
889
898
-899
-714
718
814
-818
