123
-121
-122
-124
-125
-126
-127
-128
-129
-113
-133
-213
-223
-233
-313
-323
-333
-143
-153
-163
-173
-183
-193
-423
-523
-623
-723
-823
-923
135
-131
-132
-134
-136
-137
-138
-139
-115
-215
-225
-235
-315
-325
-335
-145
-155
-165
-175
-185
-195
-435
-535
-635
-735
-835
-935
144
-141
-142
-146
-147
-148
-149
-154
-164
-244
-254
-264
-344
-354
-364
-114
-174
-184
-194
-444
-544
-644
-744
-844
-944
216
-211
-212
-214
-217
-218
-219
-116
-226
-236
-316
-326
-336
-246
-256
-266
-276
-286
-296
-416
-516
-616
-716
-816
-916
255
-251
-252
-253
-257
-258
-259
-245
-265
-345
-355
-365
-275
-285
-295
-455
-555
-655
-755
-855
-955
297
-291
-292
-293
-294
-298
-299
-177
-187
-197
-277
-287
-377
-387
-397
-227
-237
-247
-267
-497
-597
-697
-797
-897
-997
311
-312
-314
-317
-318
-319
-111
-221
-231
-321
-331
-341
-351
-361
-371
-381
-391
-411
-511
-611
-711
-811
-911
338
-332
-334
-337
-339
-118
-228
-238
-328
-348
-358
-368
-378
-388
-398
-438
-538
-638
-738
-838
-938
374
-372
-373
-375
-376
-379
-274
-284
-384
-394
-324
-474
-574
-674
-774
-874
-974
412
-413
-414
-415
-417
-418
-419
-422
-432
-512
-522
-532
-612
-622
-632
-442
-452
-462
-472
-482
-492
-112
-712
-812
-912
453
-451
-454
-456
-457
-458
-459
-443
-463
-543
-553
-563
-643
-653
-663
-433
-473
-483
-493
-353
-753
-853
-953
464
-461
-465
-466
-467
-468
-469
-554
-564
-654
-664
-424
-434
-484
-494
-764
-864
-964
491
-495
-496
-498
-499
-471
-481
-571
-581
-591
-671
-681
-691
-421
-431
-441
-191
-791
-891
-991
545
-541
-542
-546
-547
-548
-549
-445
-565
-645
-665
-515
-525
-575
-585
-595
-745
-845
-945
569
-561
-562
-566
-567
-568
-449
-559
-649
-659
-669
-519
-529
-539
-579
-589
-599
-169
-269
-369
-769
-869
-969
615
-613
-614
-617
-618
-619
-425
-625
-675
-685
-695
-715
-815
-915
646
-641
-642
-647
-648
-446
-556
-656
-666
-626
-636
-676
-686
-696
-346
-746
-846
-946
651
-652
-657
-658
-551
-661
-621
-631
-151
-751
-851
-951
699
-692
-693
-694
-698
-479
-489
-679
-689
-629
-639
-199
-399
-799
-899
-999
733
-731
-732
-734
-736
-737
-739
-713
-813
-833
-913
-933
-743
-763
-773
-783
-793
513
-514
-517
-518
-533
-633
-573
-583
-593
777
-771
-772
-775
-776
-778
-779
-787
-877
-887
-977
-987
-717
-727
-747
-757
-767
-477
-577
-677
796
-792
-794
-795
-798
-786
-876
-886
-896
-976
-986
-996
-726
-756
-766
-196
-396
-596
818
-814
-817
-819
-718
-728
-828
-918
-928
-848
-858
-868
-878
-888
-898
857
-852
-854
-856
-859
-847
-867
-947
-957
-967
-827
-837
-157
-357
-557
962
-961
-963
-965
-966
-968
-742
-752
-762
-842
-862
-942
-952
-922
-932
-972
-982
-992
-162
-262
-362
-662
552
-558
-572
-582
-592
-152
-352
975
-971
-973
-978
-979
-785
-875
-885
-895
-985
-995
-925
-475
485
-486
-487
-488
-385
395
-392
-393
988
-981
-983
-984
-989
-788
-998
-948
-958
-188
-288
-588
-688
117
-119
-327
-167
-917
-156
-158
159
-249
-349
-359
356
-166
-366
-179
-189
-386
-956
866
-861
-863
-865
765
-761
-768
-725
825
-821
-822
-824
-826
-829
-836
758
-754
-759
954
-959
-748
-914
919
-719
714
-724
-834
-924
-934
-729
-839
-929
-939
-784
-994
993
-873
-883
-893
843
-841
-849
-943
-949
941
-741
749
-789
-921
-931
-241
-243
-343
161
-168
-261
-171
-181
172
-176
-178
-182
186
-192
198
-272
-282
-382
-278
-672
682
-683
-684
-687
673
-678
587
-584
-586
594
-598
-524
-534
-527
-537
-872
-273
-782
781
-871
879
-881
-889
-721
722
831
-832
521
-526
-528
-531
536
-426
-436
476
-478
-576
578
-222
-322
329
232
-234
-239
224
-229
-242
248
342
-347
367
-363
263
-268
-283
383
-389
-624
634
-637
926
-927
-936
937
-429
439
-437
447
-448
-667
668
-427
428
627
-628
271
-279
-281
289
-882
884
892
-894
