146
-141
-142
-143
-144
-145
-147
-148
-149
-156
-166
-246
-256
-266
-346
-356
-366
-116
-126
-136
-176
-186
-196
-446
-546
-646
-746
-846
-946
171
-172
-173
-174
-175
-177
-178
-179
-181
-191
-271
-281
-291
-371
-381
-391
-111
-121
-131
-151
-161
-471
-571
-671
-771
-871
-971
194
-192
-193
-195
-197
-198
-199
-184
-274
-284
-294
-374
-384
-394
-114
-124
-134
-154
-164
-494
-594
-694
-794
-894
-994
212
-211
-213
-214
-215
-216
-217
-218
-219
-112
-122
-132
-222
-232
-312
-322
-332
-242
-252
-262
-272
-282
-292
-412
-512
-612
-712
-812
-912
253
-251
-254
-255
-257
-258
-259
-153
-163
-243
-263
-343
-353
-363
-223
-233
-273
-283
-293
-453
-553
-653
-753
-853
-953
421
-422
-423
-424
-425
-426
-427
-428
-429
-411
-431
-511
-521
-531
-611
-621
-631
-441
-451
-461
-481
-491
-221
-321
-721
-821
-921
444
-442
-443
-445
-447
-448
-449
-454
-464
-544
-554
-564
-644
-654
-664
-414
-434
-474
-484
-244
-344
-744
-844
-944
475
-472
-473
-476
-477
-478
-479
-485
-495
-575
-585
-595
-675
-685
-695
-415
-435
-455
-465
-275
-375
-775
-875
-975
517
-513
-514
-515
-516
-518
-519
-417
-437
-527
-537
-617
-627
-637
-547
-557
-567
-577
-587
-597
-117
-317
-717
-817
-917
582
-581
-583
-584
-586
-588
-589
-482
-492
-572
-592
-672
-682
-692
-522
-532
-542
-552
-562
-182
-382
-782
-882
-982
636
-632
-633
-634
-635
-638
-639
-416
-436
-526
-536
-616
-626
-656
-666
-676
-686
-696
-236
-336
-736
-836
-936
757
-751
-752
-754
-755
-756
-758
-759
-747
-767
-847
-857
-867
-947
-957
-967
-727
-737
-777
-787
-797
-157
-357
-457
-657
762
-761
-763
-764
-765
-766
-768
-769
-742
-842
-852
-862
-942
-952
-962
-722
-732
-772
-792
-162
152
-155
-158
-159
-342
-352
-362
642
-641
-643
-645
-647
-648
-649
-452
-462
-652
-662
432
-433
-438
-439
-622
-832
-932
783
-781
-784
-785
-786
-788
-789
-773
-793
-873
-883
-893
-973
-983
-993
-713
-723
-733
-743
-183
-383
-483
-683
828
-822
-823
-824
-825
-826
-827
-829
922
-923
-924
-925
-926
-927
-928
-929
-718
-728
-738
-818
-838
-918
-938
-848
-858
-868
-878
-888
-898
-972
-992
-128
-228
-328
-528
-628
834
-831
-833
-835
-837
-839
-714
-724
-734
-814
-914
-934
937
-931
-933
-935
-939
774
-776
-778
-779
-874
-884
-974
-984
-854
-864
-977
-987
-997
-234
-334
-534
-137
-237
-337
-574
524
-523
-525
-529
-614
-624
314
-311
-313
-315
-316
-318
-319
-224
-324
264
-261
-265
-267
-268
-269
-354
-364
954
-951
-955
-956
-958
-959
-964
-674
684
-681
-687
-688
-689
876
-872
-877
-879
892
-891
-895
-896
-897
-899
-796
-886
-976
-986
-996
887
-881
-885
-889
-816
-856
-866
966
-961
-963
-965
-968
-969
-916
716
-711
-715
-719
-726
-466
-566
372
-373
-376
-377
-378
-379
-392
393
-395
-396
-397
-398
-399
-323
-333
-276
-576
981
-985
-988
-989
-791
-991
-911
-941
811
-813
-815
-819
-731
913
-915
-919
741
-745
-748
-749
-841
-851
-861
948
-943
-945
-949
798
-795
-799
995
-998
-999
-978
979
-113
-413
-613
-241
231
-235
-238
-239
-331
-341
-541
-248
-348
-548
-279
-579
-679
-187
-287
-387
-487
-493
463
-467
-468
-469
-543
-563
-663
667
-661
-665
-668
-669
497
-496
-498
-499
-677
-697
843
-845
-849
-863
-167
127
-123
-125
-129
133
-135
-138
-139
-227
-327
623
-625
-629
-533
-673
678
-488
-578
573
-593
-693
-598
-698
-618
-658
-367
347
-345
-349
-247
277
-278
-297
-295
-298
288
-285
-286
-289
-188
-388
-115
615
-619
-535
-655
118
-119
-338
-168
-418
419
538
-539
458
-456
-459
556
-551
-555
-558
-559
-568
486
-489
-596
-358
368
-361
-365
-369
351
-355
-359
-651
659
561
-565
-569
545
-549
-591
599
691
-699
-245
249
165
-169
-185
189
385
-386
-389
296
-299
225
-226
-229
-325
-335
339
326
-329
-725
729
735
-739
855
-859
-865
869
