144
-141
-142
-143
-145
-146
-147
-148
-149
-154
-164
-244
-254
-264
-344
-354
-364
-114
-124
-134
-174
-184
-194
-444
-544
-644
-744
-844
-944
168
-161
-162
-163
-165
-166
-167
-169
-158
-248
-258
-268
-348
-358
-368
-118
-128
-138
-178
-188
-198
-468
-568
-668
-768
-868
-968
217
-211
-212
-213
-214
-215
-216
-218
-219
-117
-127
-137
-227
-237
-317
-327
-337
-247
-257
-267
-277
-287
-297
-417
-517
-617
-717
-817
-917
282
-281
-283
-284
-285
-286
-288
-289
-172
-182
-192
-272
-292
-372
-382
-392
-222
-232
-242
-252
-262
-482
-582
-682
-782
-882
-982
366
-361
-362
-363
-365
-367
-369
-156
-246
-256
-266
-346
-356
-316
-326
-336
-376
-386
-396
-466
-566
-666
-766
-866
-966
411
-412
-413
-414
-415
-416
-418
-419
-421
-431
-511
-521
-531
-611
-621
-631
-441
-451
-461
-471
-481
-491
-111
-311
-711
-811
-911
432
-433
-434
-435
-436
-437
-438
-439
-422
-512
-522
-532
-612
-622
-632
-442
-452
-462
-472
-492
-132
-332
-732
-832
-932
457
-453
-454
-455
-456
-458
-459
-447
-467
-547
-557
-567
-647
-657
-667
-427
-477
-487
-497
-157
-357
347
-341
-342
-343
-345
-349
-377
-387
-397
-747
-847
-947
-757
-857
-957
543
-541
-542
-545
-546
-548
-549
-443
-463
-553
-563
-643
-653
-663
-513
-523
-533
-573
-583
-593
-243
-743
-843
-943
576
-571
-572
-574
-575
-577
-578
-579
-476
-486
-496
-586
-596
-676
-686
-696
-516
-526
-536
-556
-176
-276
-776
-876
-976
598
-591
-592
-594
-595
-597
-599
-478
-488
-498
-588
-678
-688
-698
-518
-528
-538
-558
-298
-398
-798
-898
-998
712
-713
-714
-715
-716
-718
-719
-722
-812
-822
-912
-922
-742
-752
-762
-772
-792
-112
-312
755
-751
-753
-754
-756
-758
-759
-745
-765
-845
-855
-865
-945
-955
-965
-725
-735
-775
-785
-795
-155
-255
-355
-555
-655
781
-783
-784
-786
-787
-788
-789
-771
-791
-871
-881
-891
-971
-981
-991
-721
-731
-741
-761
-181
-381
-581
-681
828
-821
-823
-824
-825
-826
-827
-829
-728
-738
-818
-838
-918
-928
-938
-848
-858
-878
-888
-228
-328
-428
448
-445
-446
-449
-648
-658
426
-423
-424
-425
-429
-616
-626
-636
-126
-226
-726
-926
-628
-748
778
-773
-774
-777
-779
-978
-988
-948
958
-951
-952
-953
-954
-956
-959
-278
238
-231
-233
-234
-235
-236
-239
-318
-338
296
-291
-293
-294
-295
-299
-186
-196
618
-613
-614
-615
-619
-638
-378
388
-383
-384
-385
-389
-796
-896
-996
874
-872
-873
-875
-877
-879
-794
-884
-894
-974
-984
-994
-814
-834
-854
-864
-274
224
-221
-223
-225
-229
-314
-324
-334
-524
-624
-724
-924
-374
394
-391
-393
-395
-399
-474
-674
-494
-694
913
-914
-915
-916
-919
-723
-733
-813
-833
-923
-933
-963
-973
-983
-993
-113
-313
514
-515
-519
-534
-634
-554
-564
-584
654
-651
-652
-656
-659
-464
-664
646
-641
-642
-645
-649
484
-483
-485
-489
-684
245
-241
-249
-265
-275
-746
749
-769
-849
-859
-869
-949
-969
736
-734
-737
-739
934
-931
-935
-936
-937
-939
-816
-836
764
-763
-767
-964
793
-797
-799
-883
-893
727
-729
-837
-927
116
-115
-119
-136
-527
-627
-846
-946
856
-851
-852
-853
863
-861
-862
-867
967
-961
-962
-886
986
-985
-987
-989
-977
-997
-263
-193
-493
473
-475
-479
-673
-683
-693
-173
-273
253
-251
-259
-153
-353
-373
183
-185
-187
-189
-123
-133
-121
122
-125
-129
-322
-152
352
-351
-359
-552
562
-561
-565
-569
-662
551
-559
-661
-151
159
261
-269
-139
-179
-199
-271
279
-379
-679
-979
-131
135
-315
319
-325
-335
-329
-339
-175
-195
375
-371
815
-819
-835
-925
-885
-895
-535
-635
-675
-975
972
-892
-992
995
-999
842
-841
941
-942
831
-839
-921
929
321
-323
-331
333
623
-625
-629
-633
525
-529
-585
-672
692
-691
-695
-697
-699
671
-677
-171
177
191
-197
685
-687
-689
-495
499
587
-589
465
-469
-665
669
-537
539
637
-639
-887
889
897
-899
