133
-131
-132
-134
-135
-136
-137
-138
-139
-113
-123
-213
-223
-233
-313
-323
-333
-143
-153
-163
-173
-183
-193
-433
-533
-633
-733
-833
-933
167
-161
-162
-164
-165
-166
-168
-169
-147
-157
-247
-257
-267
-347
-357
-367
-117
-127
-177
-187
-197
-467
-567
-667
-767
-867
-967
181
-182
-184
-185
-186
-188
-189
-171
-191
-271
-281
-291
-371
-381
-391
-111
-121
-141
-151
-481
-581
-681
-781
-881
-981
216
-211
-212
-214
-215
-217
-218
-219
-116
-126
-226
-236
-316
-326
-336
-246
-256
-266
-276
-286
-296
-416
-516
-616
-716
-816
-916
338
-331
-332
-334
-335
-337
-339
-118
-128
-228
-238
-318
-328
-348
-358
-368
-378
-388
-398
-438
-538
-638
-738
-838
-938
342
-341
-343
-344
-345
-346
-349
-142
-152
-242
-252
-262
-352
-362
-312
-322
-372
-382
-392
-442
-542
-642
-742
-842
-942
351
-353
-354
-355
-356
-359
-241
-251
-261
-361
-311
-321
-451
-551
-651
-751
-851
-951
446
-441
-443
-444
-445
-447
-448
-449
-456
-466
-546
-556
-566
-646
-656
-666
-426
-436
-476
-486
-496
-146
-746
-846
-946
452
-453
-454
-455
-457
-458
-459
-462
-552
-562
-652
-662
-412
-422
-432
-472
-482
-492
-752
-852
-952
474
-471
-473
-475
-477
-478
-479
-484
-494
-574
-584
-594
-674
-684
-694
-414
-424
-434
-464
-174
-274
-374
-774
-874
-974
531
-532
-534
-535
-536
-537
-539
-411
-421
-431
-511
-521
-611
-621
-631
-541
-561
-571
-591
-231
221
-222
-224
-225
-227
-229
-721
-821
-921
-731
-831
-931
596
-592
-593
-595
-597
-598
-599
-576
-586
-676
-686
-696
-526
-196
-396
-796
-896
-996
644
-641
-643
-645
-647
-648
-649
-544
-554
-564
-654
-664
-614
-624
-634
-144
-244
-744
-844
-944
669
-661
-663
-665
-668
461
-463
-465
-468
-469
-549
-559
-569
-659
-491
-619
-629
-639
-679
-689
-699
-761
-861
-961
-269
-369
-769
-869
-969
698
-691
-692
-693
-695
-697
671
-672
-673
-675
-677
-678
-488
-498
-578
-588
-688
-618
-628
-658
-771
-871
-971
-198
-298
-798
-898
-998
735
-732
-734
-736
-737
-739
-715
-725
-815
-825
-835
-915
-925
-935
-745
-755
-765
-775
-785
-795
-235
-435
-635
757
-753
-754
-756
-758
-759
-747
-847
-857
-947
-957
-717
-727
-777
-787
-797
547
-543
-545
-548
-557
-657
-517
-527
-577
-587
791
-792
-793
-794
-799
-891
-991
-711
-741
848
-841
-843
-845
-849
941
-943
-945
-948
-949
-748
-768
-858
-868
-958
-968
811
-812
-813
-814
-817
-818
-819
-911
-828
-878
-888
-148
-248
887
-882
-883
-884
-885
-886
-889
-877
-897
-977
-987
-997
-827
-837
-287
-387
-487
-687
497
-493
-495
-499
-417
-427
-437
439
-419
-429
-519
-529
-489
-239
-839
-939
-297
-397
913
-912
-914
-917
-918
-919
-713
-723
-823
-923
-953
-963
-973
-983
-993
-413
-513
-613
924
-922
-926
-927
-928
-929
-714
-724
-824
-834
-934
937
-932
-936
-954
-964
-984
-994
-124
-324
-524
514
-512
-515
-518
-114
-314
234
-232
-237
-254
-264
-284
-294
277
-272
-273
-275
-278
-279
-377
-637
979
-972
-975
-976
-978
-779
-789
-879
-899
-989
-999
988
-982
-985
-986
-778
-788
-959
178
-172
-175
-176
-179
-288
156
-154
-155
-158
-159
364
-363
-365
-366
194
-192
-195
-199
-384
-394
854
-853
-855
-856
-859
-764
-864
749
-743
784
-782
-783
-786
-894
-719
-729
829
-822
-826
-129
-329
243
-245
-249
-253
-263
-283
-293
145
-149
-255
-265
268
-258
259
-115
-125
122
-112
119
-319
-289
-299
-522
-622
-722
-956
955
-865
-965
-995
992
-772
-872
-892
-962
966
-766
-866
-555
-655
653
-553
558
-563
565
-568
-525
-575
-585
-528
523
-423
-623
483
-485
-573
-583
-683
685
-682
-615
-625
572
-579
-582
589
-379
282
-285
-292
295
-375
-385
-395
875
-873
-876
-895
893
-773
776
763
-762
862
-863
712
-718
-832
836
-726
728
-612
617
632
-636
626
-627
-317
315
-325
327
-415
418
425
-428
373
-376
-383
-393
399
386
-389
