149
-141
-142
-143
-144
-145
-146
-147
-148
-159
-169
-249
-259
-269
-349
-359
-369
-119
-129
-139
-179
-189
-199
-449
-549
-649
-749
-849
-949
244
-241
-242
-243
-245
-246
-247
-248
-154
-164
-254
-264
-344
-354
-364
-214
-224
-234
-274
-284
-294
-444
-544
-644
-744
-844
-944
251
-252
-253
-255
-256
-257
-258
-151
-161
-261
-341
-351
-361
-211
-221
-231
-271
-281
-291
-451
-551
-651
-751
-851
-951
339
-331
-332
-333
-334
-335
-336
-337
-338
-219
-229
-239
-319
-329
-379
-389
-399
-439
-539
-639
-739
-839
-939
356
-352
-353
-355
-357
-358
-156
-166
-266
-346
-366
-316
-326
-376
-386
-396
-456
-556
-656
-756
-856
-956
375
-371
-372
-373
-374
-377
-378
-175
-185
-195
-275
-285
-295
-385
-395
-315
-325
-345
-365
-475
-575
-675
-775
-875
-975
388
-381
-382
-383
-384
-387
-178
-188
-198
-278
-288
-298
-398
-318
-328
-348
-368
-488
-588
-688
-788
-888
-988
392
-391
-393
-394
-397
-172
-182
-192
-272
-282
-292
-312
-322
-342
-362
-492
-592
-692
-792
-892
-992
425
-421
-422
-423
-424
-426
-427
-428
-429
-415
-435
-515
-525
-535
-615
-625
-635
-445
-455
-465
-485
-495
-125
-225
-725
-825
-925
433
-431
-432
-434
-436
-437
-438
-413
-513
-523
-533
-613
-623
-633
-443
-453
-463
-473
-483
-493
-133
-233
-733
-833
-933
454
-452
-457
-458
-459
-464
-554
-564
-654
-664
-414
-474
-484
-494
-754
-854
-954
489
-481
-482
-486
-487
-479
-499
-579
-589
-599
-679
-689
-699
-419
-469
-289
-789
-889
-989
496
-491
-497
-498
-476
-576
-586
-596
-676
-686
-696
-416
-446
-466
-196
-296
-796
-896
-996
534
-531
-532
-536
-537
-538
-514
-524
-614
-624
-634
-574
-584
-594
-134
-734
-834
-934
547
-541
-542
-543
-545
-546
-548
-447
-467
-557
-567
-647
-657
-667
-517
-527
-577
-587
-597
-347
343
-153
-163
-263
-363
367
-157
-167
-267
-313
-323
-317
-327
-643
-743
-843
-943
-747
-847
-947
-767
-867
-967
569
-561
-562
-563
-565
-566
-568
-559
-659
-669
-519
-529
-769
-869
-969
578
-571
-572
-573
-478
-598
-678
-698
-518
-528
-558
-778
-878
-978
618
-611
-612
-616
-617
-619
-418
-628
-638
629
-621
-622
-626
-627
-648
-658
-668
-118
-218
-718
-818
-918
-729
-829
-929
653
-652
-655
-553
-663
-673
-683
-693
-753
-853
-953
671
-672
-674
-677
-471
-581
-591
-681
-691
-631
-641
-661
-171
-771
-871
-971
684
-682
-685
-687
-694
-184
-784
-884
-984
714
-711
-712
-713
-715
-716
-717
-719
-724
-814
-824
-914
-924
-764
-774
-794
-114
-314
311
-111
-121
-131
-321
324
-124
-411
-511
521
-522
-526
516
-512
-636
-811
-911
-116
-216
-816
-916
-721
-821
-921
728
-722
-723
-726
-727
-738
-828
-838
-928
-938
-748
-758
-768
-798
-128
-228
731
-732
-735
-736
-737
-831
-931
-741
-761
-781
-791
755
-752
-757
-759
-745
-765
-845
-855
-865
-945
-955
-965
-785
-795
645
-642
-646
-555
552
-442
-462
-662
-665
666
-582
472
-477
697
-695
-412
417
632
-637
-117
-217
-817
-917
-132
-232
-832
-932
-152
-852
-952
-155
158
-168
-268
-138
238
-235
-236
-237
-858
-958
-766
-866
-966
-772
-872
-972
-197
-297
-797
-897
-997
776
-773
-777
-779
-786
-876
-886
-976
-986
-746
742
-762
763
-842
-862
-942
-962
-863
-963
-782
-783
787
-877
-887
-977
-987
-793
799
-879
-899
-979
-999
-176
-276
279
-273
-277
-299
293
-173
-183
-193
-283
-213
-223
177
-174
194
-191
181
-186
-187
286
-287
-127
-137
227
-222
-226
-827
-927
-881
-981
-593
595
583
-585
-883
-983
-893
-993
-894
-994
-895
-995
859
-857
957
-959
837
-835
-836
-937
-819
919
-912
-913
-915
864
-861
-868
-964
-874
873
-973
974
-813
-823
923
-922
-926
982
-985
-882
885
-815
812
-822
826
935
-936
-846
946
-941
-948
-112
-212
215
122
-123
-126
113
-115
-135
136
-162
165
262
-265
961
-968
-841
848
891
-898
-991
998
441
-448
-461
468
