121
-122
-123
-124
-125
-126
-127
-128
-129
-111
-131
-211
-221
-231
-311
-321
-331
-141
-151
-161
-171
-181
-191
-421
-521
-621
-721
-821
-921
159
-152
-153
-154
-155
-156
-157
-158
-149
-169
-249
-259
-269
-349
-359
-369
-119
-139
-179
-189
-199
-459
-559
-659
-759
-859
-959
165
-162
-163
-164
-166
-167
-168
-145
-245
-255
-265
-345
-355
-365
-115
-135
-175
-185
-195
-465
-565
-665
-765
-865
-965
198
-192
-193
-194
-196
-197
-178
-188
-278
-288
-298
-378
-388
-398
-118
-138
-148
-498
-598
-698
-798
-898
-998
232
-233
-234
-235
-236
-237
-238
-239
-112
-132
-212
-222
-312
-322
-332
-242
-252
-262
-272
-282
-292
-432
-532
-632
-732
-832
-932
246
-241
-243
-244
-247
-248
-146
-256
-266
-346
-356
-366
-216
-226
-276
-286
-296
-446
-546
-646
-746
-846
-946
267
-261
-263
-264
-268
-147
-257
-347
-357
-367
-217
-227
-277
-287
-297
-467
-567
-667
-767
-867
-967
335
-333
-334
-336
-337
-338
-339
-215
-225
-315
-325
-375
-385
-395
-435
-535
-635
-735
-835
-935
379
-371
-372
-373
-374
-376
-377
-279
-289
-299
-389
-399
-319
-329
-479
-579
-679
-779
-879
-979
427
-422
-423
-424
-425
-426
-428
-429
-417
-437
-517
-527
-537
-617
-627
-637
-447
-457
-477
-487
-497
-327
-727
-827
-927
455
-451
-452
-453
-454
-456
-458
-445
-545
-555
-645
-655
-415
-475
-485
-495
-755
-855
-955
529
-522
-523
-524
-525
-526
-528
-419
-439
-519
-539
-619
-629
-639
-549
-569
-589
-599
-229
219
-213
-214
-218
-719
-819
-919
-729
-829
-929
533
-531
-534
-536
-538
-413
-433
-513
-613
-623
-633
-543
-553
-563
-573
-583
-593
-133
-733
-833
-933
576
-571
-572
-574
-575
-577
-578
-476
-486
-496
-586
-596
-676
-686
-696
-516
-556
-566
-176
-776
-876
-976
581
-582
-584
-585
-587
-588
-471
-481
-491
-591
-671
-681
-691
-511
-541
-551
-561
-281
-381
-781
-881
-981
656
-651
-652
-653
-654
-657
-658
-466
-666
-616
-626
-636
-756
-856
-956
675
-672
-673
-674
-677
-678
-595
-685
-695
515
-512
-514
-518
-615
-625
-715
-815
-915
-275
-775
-875
-975
689
-682
-683
-684
-687
-688
-489
-499
-699
-649
-669
-789
-889
-989
737
-731
-734
-736
-738
-739
-717
-817
-837
-917
-937
-747
-757
-777
-787
-797
-137
771
-772
-773
-774
-778
-791
-871
-891
-971
-991
-711
-741
-751
-761
-271
842
-841
-843
-844
-845
-847
-848
-849
-742
-752
-762
-852
-862
-942
-952
-962
-812
-822
-872
-882
-892
-142
-342
-442
-542
-642
868
-861
-863
-864
-866
-869
-748
-758
-768
-858
-948
-958
-968
-818
-828
-838
-878
-888
-368
-468
-568
-668
873
-874
-877
-783
-793
-883
-893
-973
-983
-993
-813
-823
-853
-173
-273
274
-174
-184
-284
-294
-384
-394
-224
-254
-473
-474
-974
913
-911
-912
-914
-916
-918
-713
-723
-923
-943
-953
-963
-113
-313
941
-944
-945
-947
-949
-851
-951
-961
745
-743
-744
-749
-725
-785
-795
-931
-341
-441
-641
449
-443
-444
-448
-469
957
-954
-857
854
-754
753
-763
-764
-964
-814
-824
-834
-884
-894
-977
-987
-997
-253
-353
-354
-554
-557
177
-172
-187
-387
-397
182
-183
-186
-382
-392
143
-144
-343
-363
-117
317
-314
-316
-318
-643
-482
-782
-982
887
-885
-886
-897
988
-984
-985
-986
-788
-978
972
-792
-992
-922
-928
-938
-472
478
-488
-418
-438
638
-631
-634
-618
-628
-648
718
-712
-714
-716
722
-724
-726
-728
-622
624
-414
-434
-614
-644
647
-547
597
-592
-594
-697
-664
-694
114
-116
-134
136
-324
-326
-924
934
-936
-939
839
-831
-836
811
-816
-899
-994
-411
-611
612
431
-436
-412
416
-461
661
-662
-663
463
-462
-464
492
-493
-494
-692
693
-483
484
-361
-784
786
794
-796
-799
-896
895
-995
-996
999
-766
769
966
-969
-825
826
925
-926
285
-283
-295
383
-386
-293
291
-391
-393
396
-251
258
351
-352
-358
362
-364
344
-348
223
-228
-323
328
-544
548
564
-562
552
-558
