146
-141
-142
-143
-144
-145
-147
-148
-149
-156
-166
-246
-256
-266
-346
-356
-366
-116
-126
-136
-176
-186
-196
-446
-546
-646
-746
-846
-946
212
-211
-213
-214
-215
-216
-217
-218
-219
-112
-122
-132
-222
-232
-312
-322
-332
-242
-252
-262
-272
-282
-292
-412
-512
-612
-712
-812
-912
253
-251
-254
-255
-257
-258
-259
-153
-163
-243
-263
-343
-353
-363
-223
-233
-273
-283
-293
-453
-553
-653
-753
-853
-953
267
-261
-264
-265
-268
-269
-157
-167
-247
-347
-357
-367
-227
-237
-277
-287
-297
-467
-567
-667
-767
-867
-967
294
-291
-295
-296
-298
-299
-174
-184
-194
-274
-284
-374
-384
-394
-224
-234
-244
-494
-594
-694
-794
-894
-994
317
-311
-313
-314
-315
-316
-318
-319
-117
-127
-137
-327
-337
-377
-387
-397
-417
-517
-617
-717
-817
-917
399
-391
-392
-393
-395
-396
-398
-179
-189
-199
-279
-289
-379
-389
-329
-339
-349
-359
-369
-499
-599
-699
-799
-899
-999
469
-461
-462
-463
-464
-465
-466
-468
-449
-459
-549
-559
-569
-649
-659
-669
-419
-429
-439
-479
-489
-169
-769
-869
-969
558
-551
-552
-554
-555
-556
-557
-448
-458
-548
-568
-648
-658
-668
-518
-528
-538
-578
-588
-598
-158
-358
-758
-858
-958
565
-561
-562
-563
-564
-566
-445
-455
-545
-645
-655
-665
-515
-525
-535
-575
-585
-595
-165
-365
-765
-865
-965
571
-572
-573
-574
-576
-577
-579
-471
-481
-491
-581
-591
-671
-681
-691
-511
-521
-531
-541
-171
-271
-371
-771
-871
-971
586
-582
-583
-584
-587
-589
-476
-486
-496
-596
-676
-686
-696
-516
-526
-536
-286
-386
-786
-886
-986
613
-611
-614
-615
-616
-618
-619
-413
-423
-433
-513
-523
-533
-623
-633
-643
-663
-673
-683
-693
-113
-713
-813
-913
654
-651
-652
-656
-657
-444
-454
-544
-644
-664
-624
-634
-674
-684
-154
-354
-754
-854
-954
682
-685
-687
-688
-689
-472
-482
-492
-592
-672
-692
679
-675
-677
-678
-622
-632
-642
-662
-629
-639
-779
-879
-979
-182
-382
-782
-882
-982
698
-695
-697
-478
-488
-498
-628
-638
-198
-798
-898
-998
757
-751
-752
-755
-756
-759
-747
-847
-857
-947
-957
-727
-737
-777
-787
-797
-457
825
-821
-822
-823
-824
-826
-827
-828
-829
-715
-725
-735
-815
-835
-915
-925
-935
-845
-855
-875
-885
-895
-125
-225
-325
-425
-625
635
-631
-636
-637
-415
-435
115
-111
-114
-118
-119
-135
-235
-335
-155
-175
-185
-195
831
-832
-833
-834
-836
-837
-838
-839
-711
-721
-731
-811
-911
-921
-931
-841
-851
-861
-881
-891
411
-414
-416
-418
-421
-431
-621
-441
-451
-131
-231
-331
878
-872
-873
-874
-876
-877
-778
-788
-888
-978
-988
-818
-848
-868
-178
-278
-378
922
-923
-924
-926
-927
-928
-929
-722
-732
-932
937
-933
-934
-936
-938
-939
-942
-952
-962
-972
-992
-977
-987
-997
-422
-522
-437
-537
948
-941
-943
-944
-945
-949
-748
-768
-968
-918
718
-714
-716
-719
-728
-738
-248
-348
961
-963
-964
-966
-741
-761
-951
-981
-991
-161
-361
-661
666
641
-647
-456
452
-442
-542
-432
532
-534
-539
-626
627
-427
-527
-241
-341
-152
-352
-852
-766
-866
-121
-123
-124
128
-129
-138
-228
-238
-328
-338
-168
368
-362
-364
-188
288
-281
-285
-388
221
-226
-229
-321
-428
438
-434
-436
426
-424
-326
-726
-133
134
-139
-324
323
-333
-334
336
-236
239
-164
162
-342
344
-345
-172
-192
372
-373
-375
-376
276
-275
385
-381
-383
159
-151
351
-355
245
-249
-723
733
-734
-736
-739
-743
-763
-773
-783
-793
-744
-844
-745
955
-956
-959
856
-859
-816
916
-914
-919
-896
-975
-985
-995
-976
-996
993
-883
-893
-973
974
-983
-774
-784
-884
-984
989
-789
-889
887
-897
892
-772
-792
-842
-862
742
-749
-762
764
-864
863
-843
849
-724
729
814
-819
-514
519
524
-529
-474
484
-483
-485
-487
-776
775
-785
781
-791
-795
796
-475
495
-493
-497
-181
191
-193
-197
183
-187
-173
177
473
-477
-593
597
-443
447
543
-547
