122
-121
-123
-124
-125
-126
-127
-128
-129
-112
-132
-212
-222
-232
-312
-322
-332
-142
-152
-162
-172
-182
-192
-422
-522
-622
-722
-822
-922
154
-151
-153
-155
-156
-157
-158
-159
-144
-164
-244
-254
-264
-344
-354
-364
-114
-134
-174
-184
-194
-454
-554
-654
-754
-854
-954
211
-213
-214
-215
-216
-217
-218
-219
-111
-131
-221
-231
-311
-321
-331
-241
-251
-261
-271
-281
-291
-411
-511
-611
-711
-811
-911
269
-262
-263
-265
-266
-267
-268
-149
-169
-249
-259
-349
-359
-369
-229
-239
-279
-289
-299
-469
-569
-669
-769
-869
-969
296
-292
-293
-294
-295
-297
-298
-176
-186
-196
-276
-286
-376
-386
-396
-226
-236
-246
-256
-496
-596
-696
-796
-896
-996
343
-341
-342
-345
-346
-347
-348
-143
-163
-243
-253
-353
-363
-313
-323
-333
-373
-383
-393
-443
-543
-643
-743
-843
-943
372
-371
-374
-375
-377
-378
-379
-272
-282
-382
-392
-352
-362
-472
-572
-672
-772
-872
-972
397
-391
-394
-395
-398
-399
-177
-187
-197
-277
-287
-387
-317
-327
-337
-357
-367
-497
-597
-697
-797
-897
-997
419
-412
-413
-414
-415
-416
-417
-418
-429
-439
-519
-529
-539
-619
-629
-639
-449
-459
-479
-489
-499
-119
-319
-719
-819
-919
536
-531
-532
-533
-534
-535
-537
-538
-426
-436
-516
-526
-616
-626
-636
-546
-556
-566
-576
-586
-136
-336
-736
-836
-936
595
-591
-592
-593
-594
-598
-599
-475
-485
-495
-575
-585
-675
-685
-695
-515
-525
-545
-555
-565
-195
-795
-895
-995
627
-621
-623
-624
-625
-628
-427
-437
-517
-527
-617
-637
-647
-657
-667
-677
-687
-227
-727
-827
-927
642
-641
-644
-645
-646
-648
-649
-442
-452
-462
-542
-552
-562
-652
-662
-612
-632
-682
-692
-242
252
-255
-257
-258
-742
-842
-942
-752
-852
-952
678
-671
-673
-674
-676
-679
-478
-488
-498
-578
-588
-688
-698
-618
-638
-658
-668
-178
-278
-778
-878
-978
693
-691
-694
-699
-473
-483
-493
-573
-583
-683
-613
-633
-653
-663
-193
-793
-893
-993
734
-731
-732
-733
-735
-737
-738
-739
-714
-724
-814
-824
-834
-914
-924
-934
-744
-764
-774
-784
-794
-234
-334
-434
-634
785
-781
-782
-783
-786
-787
-788
-789
-775
-875
-885
-975
-985
-715
-725
-745
-755
-765
-185
-285
-385
791
-792
-798
-799
-771
-871
-881
-891
-971
-981
-991
-721
-741
-751
-761
-191
-491
855
-851
-853
-856
-857
-858
-859
-845
-865
-945
-955
-965
-815
-825
-835
-355
-455
-655
899
-892
-894
-898
-779
-879
-889
-979
-989
-999
-829
-839
-849
-199
198
-188
-288
-388
-118
-138
-148
-168
-998
937
-931
-932
-933
-935
-938
-939
-717
-817
-837
-917
-947
-957
-967
-977
-987
117
-113
-115
-116
-137
-237
-147
-167
247
-245
-248
-447
-547
-747
-847
949
-941
-944
-946
-948
-749
-759
-959
729
-723
-726
-728
-929
-329
-549
976
-973
-974
-776
-876
-886
-986
-916
-926
-956
-966
-476
983
-982
-984
-988
-773
777
-873
-883
-877
874
-884
-994
992
-882
-887
888
-757
-767
867
-861
-862
-863
-864
-866
-868
-844
964
-961
-962
-963
-968
762
-763
-766
-768
-712
-818
-828
-838
-848
-912
-913
-923
-953
753
-756
-758
-713
-453
-553
-464
-564
-664
-467
-567
-274
-474
-574
-477
471
-481
-571
-581
-681
-421
-431
-441
-451
-461
-171
-577
579
-589
-689
-559
659
-651
-656
-179
-183
-283
284
-384
-224
-484
-584
-684
686
494
-492
-486
-424
-444
544
-541
-548
-514
-524
614
-615
-666
-314
324
-325
-326
-328
316
-315
-318
-356
-366
915
-918
-925
-716
718
-928
921
-821
-831
746
-748
-846
841
-951
958
-816
826
-823
-518
-521
631
-635
-661
665
-445
-465
-141
145
-146
-165
-365
166
-161
181
-189
-381
389
-135
-175
173
-273
275
-133
139
-339
-225
-235
335
-338
425
-423
-428
-435
-446
448
-458
-468
-558
-568
-438
528
-523
223
-228
-233
238
456
-457
-466
463
-563
561
-551
557
-433
432
-512
513
-482
487
582
-587
812
-813
-832
833
351
-358
-361
368
