232
-231
-233
-234
-235
-236
-237
-238
-239
-112
-122
-132
-212
-222
-312
-322
-332
-242
-252
-262
-272
-282
-292
-432
-532
-632
-732
-832
-932
285
-281
-283
-284
-286
-287
-288
-289
-175
-185
-195
-275
-295
-375
-385
-395
-215
-225
-245
-255
-265
-485
-585
-685
-785
-885
-985
338
-331
-333
-334
-335
-336
-337
-339
-118
-128
-138
-218
-228
-318
-328
-348
-358
-368
-378
-388
-398
-438
-538
-638
-738
-838
-938
343
-341
-342
-344
-345
-346
-347
-349
-143
-153
-163
-243
-253
-263
-353
-363
-313
-323
-373
-383
-393
-443
-543
-643
-743
-843
-943
354
-351
-352
-355
-356
-357
-359
-144
-154
-164
-244
-254
-264
-364
-314
-324
-374
-384
-394
-454
-554
-654
-754
-854
-954
376
-371
-372
-377
-379
-176
-186
-196
-276
-296
-386
-396
-316
-326
-366
-476
-576
-676
-776
-876
-976
389
-381
-382
-387
-179
-189
-199
-279
-299
-399
-319
-329
-369
-489
-589
-689
-789
-889
-989
523
-521
-522
-524
-525
-526
-527
-528
-529
-413
-423
-433
-513
-533
-613
-623
-633
-553
-563
-573
-583
-593
-123
-223
-723
-823
-923
539
-531
-534
-535
-536
-537
-419
-429
-439
-519
-619
-629
-639
-549
-559
-569
-579
-599
-139
-739
-839
-939
565
-561
-562
-564
-566
-567
-568
-445
-455
-465
-545
-555
-645
-655
-665
-515
-575
-595
-165
-365
-765
-865
-965
628
-621
-622
-624
-625
-626
-627
-418
-428
-518
-618
-648
-658
-668
-678
-688
-698
-728
-828
-928
657
-651
-652
-653
-656
-659
-447
-457
-467
-547
-557
-647
-667
-617
-637
-677
-687
-697
-157
-257
-757
-857
-957
683
-681
-682
-684
-686
-473
-483
-493
-673
-693
-663
-183
-783
-883
-983
694
-691
-692
-695
-696
-699
-474
-484
-494
-574
-584
-594
-674
-614
-634
-644
-664
-194
-294
-794
-894
-994
836
-831
-833
-834
-835
-837
-716
-726
-736
-816
-826
-916
-926
-936
-846
-856
-866
-886
-896
-136
-436
-636
848
-841
-842
-844
-845
-847
-849
-748
-758
-768
-858
-868
-948
-958
-968
-818
-878
-888
-898
-148
-248
-448
-548
853
-851
-852
-855
-859
-753
-763
-863
-953
-963
-813
-873
-893
-453
463
-461
-462
-464
-466
-468
-469
862
-861
-864
-867
-869
-742
-752
-762
-942
-952
-962
-812
-822
-872
-882
-892
-162
-362
392
-391
-397
-172
-182
-192
-662
-492
-592
-792
-992
897
-891
-895
-899
-777
-787
-797
-877
-887
-977
-987
-997
-817
-827
-197
-297
-497
-597
915
-911
-912
-913
-914
-917
-918
-919
-715
-725
-735
-815
-825
-925
-935
718
-711
-712
-713
-714
-717
-719
-778
-788
-798
875
-871
-874
-879
-775
-795
-975
-995
-945
-955
-115
-315
325
-321
-327
-125
-135
-415
-615
-425
-475
-675
495
-491
-496
-498
-499
-435
635
-631
924
-921
-922
-927
-929
722
-721
-724
-727
-729
-734
-814
-824
-934
-772
-782
884
-881
-774
-784
-974
-984
-944
-964
-422
-124
-224
-424
764
-761
-766
-767
-769
-744
-184
956
-951
-959
-746
-756
-946
-966
-986
-996
-156
-256
-456
-556
961
-967
-969
-741
-751
-941
-931
-971
-981
-991
-161
-261
-361
367
-147
-167
-247
-267
311
-317
-111
-121
-131
-211
-221
-411
-511
-611
-811
819
-829
821
-731
-119
-219
-421
431
-434
-437
-441
-451
-471
-481
134
-133
-137
-114
-214
-174
274
-271
-273
-277
-278
-661
973
-972
-978
-979
982
-988
-773
-793
-993
998
-999
733
-737
-933
937
747
-745
-749
755
-759
-947
949
145
-141
-142
-146
-149
152
-151
-155
-158
-159
-249
-449
-649
-452
-552
-173
-482
-582
-198
-298
-598
799
-791
-796
786
-781
771
-779
-171
-571
-671
641
-642
-646
-541
-551
558
-458
459
-669
666
-446
-546
-479
679
-672
-578
-588
612
-616
-412
-512
-241
246
251
-258
-259
-166
-266
-291
293
-193
191
-181
113
-116
-117
-213
126
-127
-129
-216
217
-226
-227
229
169
-168
268
-269
-417
-517
427
-426
-477
-487
581
-586
-587
-591
596
-486
488
577
-572
472
-478
-442
444
542
-544
-414
416
514
-516
-177
178
187
-188
