136
-131
-132
-133
-134
-135
-137
-138
-139
-116
-126
-216
-226
-236
-316
-326
-336
-146
-156
-166
-176
-186
-196
-436
-536
-636
-736
-836
-936
147
-141
-142
-143
-144
-145
-148
-149
-157
-167
-247
-257
-267
-347
-357
-367
-117
-127
-177
-187
-197
-447
-547
-647
-747
-847
-947
165
-161
-162
-163
-164
-168
-169
-155
-245
-255
-265
-345
-355
-365
-115
-125
-175
-185
-195
-465
-565
-665
-765
-865
-965
171
-172
-173
-174
-178
-179
-181
-191
-271
-281
-291
-371
-381
-391
-111
-121
-151
-471
-571
-671
-771
-871
-971
211
-212
-213
-214
-215
-217
-218
-219
-221
-231
-311
-321
-331
-241
-251
-261
-411
-511
-611
-711
-811
-911
242
-243
-244
-246
-248
-249
-152
-252
-262
-342
-352
-362
-222
-232
-272
-282
-292
-442
-542
-642
-742
-842
-942
382
-383
-384
-385
-386
-387
-388
-389
-182
-192
-372
-392
-312
-322
-332
-482
-582
-682
-782
-882
-982
418
-412
-413
-414
-415
-416
-417
-419
-428
-438
-518
-528
-538
-618
-628
-638
-448
-458
-468
-478
-488
-498
-118
-318
-718
-818
-918
434
-431
-432
-433
-435
-437
-439
-424
-514
-524
-534
-614
-624
-634
-444
-454
-464
-474
-484
-494
-234
-334
-734
-834
-934
489
-481
-483
-485
-486
-487
-479
-499
-579
-589
-599
-679
-689
-699
-429
-449
-459
-469
-189
-289
-789
-889
-989
529
-521
-522
-523
-525
-526
-527
-519
-539
-619
-629
-639
-549
-559
-569
-129
-229
-329
-729
-829
-929
564
-561
-562
-563
-566
-567
-568
-544
-554
-644
-654
-664
-574
-584
-594
-264
-364
-764
-864
-964
637
-631
-632
-633
-635
-427
-517
-537
-617
-627
-657
-667
-677
-687
-697
-237
-337
-737
-837
-937
645
-641
-643
-646
-648
-649
-445
-455
-545
-555
-655
-615
-625
-675
-685
-695
-745
-845
-945
658
-651
-652
-653
-656
-659
-548
-558
-668
669
-661
-662
-663
-666
-678
-688
-698
-158
-258
-358
-758
-858
-958
-269
-369
-769
-869
-969
683
-681
-684
-686
-473
-493
-573
-583
-593
-673
-693
-613
-623
-183
-283
-783
-883
-983
728
-721
-722
-723
-724
-725
-726
-727
-738
-828
-838
-928
-938
-748
-768
-778
-788
-798
-128
-228
-328
731
-732
-733
-735
-739
-821
-831
-921
-931
-741
-751
-761
-781
-791
-531
744
-743
-746
-749
-754
-844
-854
-944
-954
-714
-774
-784
-794
-344
857
-851
-852
-853
-855
-856
-859
-757
-767
-867
-957
-967
-817
-827
-877
-887
-897
-457
-557
467
-461
-462
-463
-466
-477
-497
922
-923
-924
-925
-926
-927
-712
-812
-822
-832
-912
-932
-952
-962
-972
-992
-122
112
-113
-114
-119
-512
-612
616
-426
-516
-626
-676
-696
-716
-816
-916
826
-823
-824
-825
-846
-866
-876
-886
-896
-422
-622
621
-421
532
-533
-535
-552
452
-451
-453
-456
-472
-492
-572
-592
-691
-752
959
-951
-953
-955
-956
755
-753
-756
-759
-849
-949
-715
-775
-785
-795
-919
-939
-979
-999
349
-341
-343
-346
-348
-159
-259
-359
199
-193
-194
-198
-279
-299
-379
-399
188
-184
-278
-288
-298
-378
-398
239
-233
-235
-238
338
-333
-335
-339
-319
268
-263
-266
-368
-839
-868
-968
-588
-888
-988
-799
-899
987
-981
-984
-985
-986
-777
-787
786
-776
-796
-976
-996
-797
-977
-997
-766
717
-713
-719
-917
819
-813
-814
-815
914
-913
-915
779
-772
-773
-879
-974
-994
-314
-317
-286
-586
-287
-587
991
-993
-995
-998
-881
-891
-941
-961
581
-585
-491
-591
441
-443
-446
-541
-551
423
-425
-513
515
-575
-595
313
-315
-123
124
-223
-323
-224
-324
153
-154
-253
-353
-363
-373
-393
-841
861
-862
-863
762
-763
-792
793
-873
-893
-973
351
-354
-356
-361
366
254
-256
-274
-284
285
-275
-295
-375
-395
-294
-225
227
325
-327
-277
-297
-376
-396
-553
556
543
-546
-576
-596
-843
848
-948
833
-835
-933
935
-878
-898
978
-975
-943
946
963
-966
273
-276
-293
296
476
-475
495
-496
875
-872
-874
892
-894
-895
884
-885
672
-674
-692
694
374
-377
-394
397
577
-578
-597
598
