122
-121
-123
-124
-125
-126
-127
-128
-129
-112
-132
-212
-222
-232
-312
-322
-332
-142
-152
-162
-172
-182
-192
-422
-522
-622
-722
-822
-922
164
-161
-163
-165
-166
-167
-168
-169
-144
-154
-244
-254
-264
-344
-354
-364
-114
-134
-174
-184
-194
-464
-564
-664
-764
-864
-964
248
-241
-242
-243
-245
-246
-247
-249
-148
-158
-258
-268
-348
-358
-368
-218
-228
-238
-278
-288
-298
-448
-548
-648
-748
-848
-948
297
-291
-292
-293
-294
-295
-296
-299
-177
-187
-197
-277
-287
-377
-387
-397
-217
-227
-237
-257
-267
-497
-597
-697
-797
-897
-997
321
-323
-324
-325
-326
-327
-328
-329
-111
-131
-211
-221
-231
-311
-331
-341
-351
-361
-371
-381
-391
-421
-521
-621
-721
-821
-921
435
-431
-432
-433
-434
-436
-437
-438
-439
-415
-425
-515
-525
-535
-615
-625
-635
-445
-455
-465
-475
-485
-495
-135
-235
-335
-735
-835
-935
472
-471
-473
-474
-476
-477
-478
-479
-482
-492
-572
-582
-592
-672
-682
-692
-412
-442
-452
-462
-272
-372
-772
-872
-972
547
-541
-542
-543
-544
-545
-546
-549
-447
-457
-467
-557
-567
-647
-657
-667
-517
-527
-537
-577
-587
-147
-347
-747
-847
-947
556
-551
-552
-553
-554
-555
-558
-559
-446
-456
-466
-566
-646
-656
-666
-516
-526
-536
-576
-586
-596
-156
-256
-356
-756
-856
-956
653
-651
-652
-654
-655
-658
-659
-443
-453
-463
-563
-643
-663
-613
-623
-633
-673
-683
-693
-153
-253
-353
-753
-853
-953
765
-761
-762
-763
-766
-767
-768
-769
-745
-755
-845
-855
-865
-945
-955
-965
-715
-725
-775
-785
-795
-265
-365
-565
-665
645
-641
-642
-644
-649
-675
-685
-695
-145
-345
771
-773
-774
-776
-777
-778
-779
-781
-791
-871
-881
-891
-971
-981
-991
-711
-731
-741
-751
-171
-271
-571
-671
782
-783
-784
-786
-787
-788
-789
-792
-882
-892
-982
-992
-712
-732
-742
-752
-282
-382
392
-393
-394
-395
-396
-398
-399
-342
-352
-362
818
-811
-812
-813
-814
-815
-816
-817
-819
-718
-728
-738
-828
-838
-918
-928
-938
-858
-868
-878
-888
-898
-118
-318
-418
-518
-618
874
-873
-875
-876
-877
-879
-794
-884
-894
-974
-984
-994
-824
-834
-844
-854
-274
-374
-574
-674
917
-911
-912
-913
-914
-915
-916
-919
-717
-727
-737
-827
-837
-927
-937
757
-754
-758
-759
-857
-867
-957
-967
798
-793
-796
-799
-978
-988
-998
887
-883
-885
-886
-889
-977
-987
-117
-317
-417
-617
-157
137
-133
-136
-138
-139
-337
338
-333
-334
-336
-339
-378
-388
-637
-538
-638
-357
367
-363
-366
-369
677
-676
-678
-679
-487
-687
427
-423
-424
-426
-428
-429
-627
-198
-498
-598
-698
946
-941
-942
-943
-944
-949
-746
-846
-866
-966
-926
-936
-976
-986
-996
896
-893
-895
-899
825
-823
-826
-829
-925
-836
-225
842
-841
-843
-849
-852
-862
-952
-962
-832
932
-931
-933
-934
-939
831
-833
-839
-851
859
-749
-869
-959
-969
-861
863
-743
744
-963
-954
-714
-724
-734
924
-923
-929
-224
-524
-624
-531
-631
-532
-632
-444
454
-451
-458
-459
-414
-484
-494
-146
-346
266
-261
-262
-263
-269
252
-251
-255
-259
281
-283
-284
-285
-286
-289
-181
-191
384
-383
-385
-386
-389
-216
-226
-236
-276
-314
958
-951
961
-968
151
-155
-159
-141
355
-359
-315
-375
441
-449
-461
-561
-661
-411
-481
-491
-581
-681
-584
-684
-196
-496
-696
-113
115
-116
-119
-215
316
-313
-319
-175
-185
-195
275
-273
-279
-376
-416
486
-483
-488
-489
-686
468
-469
-568
-668
-616
-716
-575
-975
176
-173
-178
-179
-186
188
-183
-189
578
-573
-579
-588
-688
689
-499
493
-583
-593
-589
585
-595
-599
-699
-413
419
-519
-529
-539
-619
-629
-639
-528
523
-513
-533
534
-514
-614
-634
636
-626
628
-594
591
-691
694
-511
512
611
-612
-562
569
662
-669
214
-213
-219
-234
713
-719
-723
-733
-223
229
233
-239
726
-729
-736
739
983
-985
-989
-973
979
-993
995
-999
373
-379
-193
199
143
-149
-343
349
