122
-121
-123
-124
-125
-126
-127
-128
-129
-112
-132
-212
-222
-232
-312
-322
-332
-142
-152
-162
-172
-182
-192
-422
-522
-622
-722
-822
-922
147
-141
-143
-144
-145
-146
-148
-149
-157
-167
-247
-257
-267
-347
-357
-367
-117
-137
-177
-187
-197
-447
-547
-647
-747
-847
-947
166
-161
-163
-164
-165
-168
-169
-156
-246
-256
-266
-346
-356
-366
-116
-136
-176
-186
-196
-466
-566
-666
-766
-866
-966
173
-171
-174
-175
-178
-179
-183
-193
-273
-283
-293
-373
-383
-393
-113
-133
-153
-473
-573
-673
-773
-873
-973
211
-213
-214
-215
-216
-217
-218
-219
-111
-131
-221
-231
-311
-321
-331
-241
-251
-261
-271
-281
-291
-411
-511
-611
-711
-811
-911
237
-233
-234
-235
-236
-238
-239
-227
-317
-327
-337
-277
-287
-297
-437
-537
-637
-737
-837
-937
265
-262
-263
-264
-268
-269
-155
-245
-255
-345
-355
-365
-225
-275
-285
-295
-465
-565
-665
-765
-865
-965
326
-323
-324
-325
-328
-329
-226
-316
-336
-376
-386
-396
-426
-526
-626
-726
-826
-926
353
-351
-352
-354
-358
-359
-243
-253
-343
-363
223
-224
-228
-229
-313
-333
-423
-523
-623
-723
-823
-923
-453
-553
-653
-753
-853
-953
395
-391
-392
-394
-397
-398
-399
-185
-195
-375
-385
-315
-335
-495
-595
-695
-795
-895
-995
444
-441
-442
-443
-445
-446
-448
-449
-454
-464
-544
-554
-564
-644
-654
-664
-414
-424
-434
-474
-484
-494
-244
-344
-744
-844
-944
479
-471
-472
-475
-476
-477
-478
-489
-499
-579
-589
-599
-679
-689
-699
-419
-429
-439
-459
-469
-279
-379
-779
-879
-979
517
-512
-513
-514
-515
-516
-518
-519
-417
-427
-527
-617
-627
-557
-567
-577
-587
-597
-717
-817
-917
534
-531
-532
-533
-535
-536
-538
-539
-524
-614
-624
-634
-574
-584
-594
-134
-334
-734
-834
-934
555
-551
-552
-556
-558
-559
-455
-545
-645
-655
-525
-575
-585
-755
-855
-955
576
-571
-572
-578
-486
-496
-586
-596
-676
-686
-696
-546
-276
-776
-876
-976
598
-591
-592
-593
-488
-498
-588
-678
-688
-698
-528
-548
-568
-198
-298
-798
-898
-998
632
-631
-633
-635
-636
-638
-639
-412
-432
-612
-642
-652
-662
-672
-682
-692
-732
-832
-932
669
-661
-663
-667
-668
-549
-569
-649
-659
529
-521
-619
-629
-729
-829
-929
-369
-769
-869
-969
718
-712
-713
-714
-715
-716
-719
-728
-738
-818
-828
-838
-918
-928
-938
-748
-758
-768
-778
-788
-118
-318
-418
-618
757
-751
-752
-754
-756
-759
-767
-857
-867
-957
-967
-727
-777
-787
-797
-457
-657
467
-461
-462
-463
-468
-487
-497
786
-781
-782
-783
-784
-785
-789
-796
-886
-896
-986
-996
-736
-746
-286
296
-292
-294
-299
843
-841
-842
-845
-846
-848
-849
-743
-763
-863
-943
-963
-813
-833
-883
-893
-543
-643
563
-561
-562
-583
878
-871
-872
-874
-875
-877
-888
-978
-988
-858
-868
-278
-378
897
-891
-892
-894
-899
-887
-977
-987
-997
-827
927
-921
-924
-925
-697
936
-931
-933
-935
-939
-816
-836
-916
856
-851
-852
-854
-859
-946
-956
-436
646
-641
-648
-456
-656
416
-413
-415
-616
945
-941
-942
-948
-949
-745
-915
-975
-985
968
-961
-962
-964
-958
-368
989
-981
-982
-983
-984
-799
-889
-999
-919
-959
749
-741
-742
-739
-249
-349
-189
-289
259
-252
-254
-258
-159
-389
199
-191
-194
-119
-139
-114
115
314
-319
-135
138
-338
339
-158
-188
-364
154
-151
181
-184
-371
-381
-374
-384
-814
-914
-615
613
-433
-683
-693
-913
912
-812
733
-731
-735
-793
993
-991
-992
-994
-952
-972
-815
819
-839
-438
452
-451
-458
-542
541
-651
658
-482
-492
582
-581
428
-421
-425
-628
-341
361
-362
951
-954
-761
-861
-971
974
-774
-794
-884
-274
272
-282
-372
377
-382
284
-288
-387
388
-242
248
342
-348
-772
-674
-677
687
-681
-684
-685
694
-691
-481
-881
-882
885
792
-791
771
-775
-721
-762
764
862
-864
-724
725
824
-821
-825
831
-835
621
-625
-431
435
491
-493
-671
675
483
-485
