121
-122
-123
-124
-125
-126
-127
-128
-129
-111
-131
-211
-221
-231
-311
-321
-331
-141
-151
-161
-171
-181
-191
-421
-521
-621
-721
-821
-921
139
-132
-133
-134
-135
-136
-137
-138
-119
-219
-229
-239
-319
-329
-339
-149
-159
-169
-179
-189
-199
-439
-539
-639
-739
-839
-939
145
-142
-143
-144
-146
-147
-148
-155
-165
-245
-255
-265
-345
-355
-365
-115
-175
-185
-195
-445
-545
-645
-745
-845
-945
158
-152
-153
-154
-156
-157
-168
-248
-258
-268
-348
-358
-368
-118
-178
-188
-198
-458
-558
-658
-758
-858
-958
174
-172
-173
-176
-177
-184
-194
-274
-284
-294
-374
-384
-394
-114
-164
-474
-574
-674
-774
-874
-974
228
-222
-223
-224
-225
-226
-227
-218
-238
-318
-328
-338
-278
-288
-298
-428
-528
-628
-728
-828
-928
351
-352
-353
-354
-356
-357
-359
-241
-251
-261
-341
-361
-371
-381
-391
-451
-551
-651
-751
-851
-951
369
-362
-363
-364
-366
-367
-249
-259
-269
-349
-379
-389
-399
-469
-569
-669
-769
-869
-969
388
-382
-383
-385
-386
-387
-378
-398
-488
-588
-688
-788
-888
-988
429
-422
-423
-424
-425
-426
-427
-419
-519
-529
-619
-629
-449
-459
-479
-489
-499
-729
-829
-929
442
-441
-443
-444
-446
-447
-448
-452
-462
-542
-552
-562
-642
-652
-662
-412
-432
-472
-482
-492
-242
-342
-742
-842
-942
453
-454
-455
-456
-457
-463
-543
-553
-563
-643
-653
-663
-413
-433
-473
-483
-493
-253
-753
-853
-953
514
-511
-512
-513
-515
-516
-517
-518
-414
-434
-524
-534
-614
-624
-634
-544
-554
-564
-584
-594
-214
-314
-714
-814
-914
522
-523
-525
-526
-527
-532
-612
-622
-632
-572
-582
-592
-322
-722
-822
-922
548
-541
-546
-547
-549
-468
-568
-648
-668
-538
-578
-598
-748
-848
-948
566
-561
-565
-567
-466
-556
-646
-656
-666
-536
-576
-586
-596
-166
-266
-766
-866
-966
583
-581
-585
-587
-589
-573
-593
-673
-683
-693
-533
-183
-283
-783
-883
-983
591
-595
-597
-599
-471
-481
-491
-571
-671
-681
-691
-531
-291
-791
-891
-991
618
-611
-613
-615
-616
-617
-418
-438
-638
-678
-698
-718
-818
-918
655
-654
-657
-659
-465
-555
-665
-625
-635
-675
-685
-695
-755
-855
-955
661
-664
-667
-461
-641
-631
-761
-861
-961
687
-682
-684
-686
-689
-477
-487
-497
-577
-677
-697
-627
-637
-647
-187
-287
-787
-887
-987
726
-723
-724
-725
-727
-716
-736
-816
-826
-836
-916
-926
-936
-746
-756
-776
-786
-796
-326
-626
623
-633
636
-416
-436
-676
-696
-323
-823
-923
-236
-336
743
-741
-744
-747
-749
-763
-843
-863
-943
-963
-713
-733
-773
-793
-243
-343
759
-752
-754
-757
-849
-859
-949
-959
-719
-779
-789
-799
649
-644
464
-467
557
-559
-484
-494
694
-692
-699
672
-679
579
-575
535
-537
-415
-435
-235
-335
-735
-835
-935
-257
-857
-957
-264
-764
-864
-964
-272
-372
-772
-872
-972
-279
-879
-979
-794
-894
-994
884
-881
-882
-885
-886
-889
-784
-984
734
-731
-732
-737
-738
-824
-834
-924
-934
-844
-854
324
-325
-327
-234
-334
-344
933
-931
-932
-937
-938
-813
-833
-913
838
-831
-832
-837
-868
-878
-898
-973
-993
431
-437
-411
417
-117
-217
-317
-717
-817
-917
-233
-333
952
-954
-956
-762
-852
856
-862
-962
944
-941
-946
-947
841
-846
-847
-811
-871
-876
-896
-912
-982
-992
-244
254
-252
-256
965
-967
-968
-765
-865
867
-767
768
-778
-798
-827
825
-715
-815
-915
-925
927
-875
-895
-877
873
-893
-897
-975
-985
-995
-977
-997
-167
197
-192
-193
-196
-277
-297
-377
-397
-267
-273
-373
777
-771
-775
-797
978
-971
-976
-998
271
-275
-276
-281
-478
498
-495
-496
986
-981
-989
781
-782
-785
795
-792
892
-899
-996
999
-711
712
911
-919
-812
819
-112
-212
-312
-186
182
-282
-292
-392
-162
163
262
-263
-113
116
-216
-316
-232
237
332
-337
-247
246
-346
347
-286
-296
-486
485
-475
476
375
-376
-285
289
-295
-395
396
-393
293
-299
-213
215
313
-315
