139
-131
-132
-133
-134
-135
-136
-137
-138
-119
-129
-219
-229
-239
-319
-329
-339
-149
-159
-169
-179
-189
-199
-439
-539
-639
-739
-839
-939
171
-172
-173
-174
-175
-176
-177
-178
-181
-191
-271
-281
-291
-371
-381
-391
-111
-121
-141
-151
-161
-471
-571
-671
-771
-871
-971
192
-193
-194
-195
-196
-197
-198
-182
-272
-282
-292
-372
-382
-392
-112
-122
-142
-152
-162
-492
-592
-692
-792
-892
-992
215
-211
-212
-213
-214
-216
-217
-218
-115
-125
-225
-235
-315
-325
-335
-245
-255
-265
-275
-285
-295
-415
-515
-615
-715
-815
-915
223
-221
-222
-224
-226
-227
-228
-113
-123
-233
-313
-323
-333
-243
-253
-263
-273
-283
-293
-423
-523
-623
-723
-823
-923
261
-262
-264
-266
-267
-268
-269
-241
-251
-341
-351
-361
-231
-461
-561
-661
-761
-861
-961
296
-294
-297
-298
-299
-186
-276
-286
-376
-386
-396
-236
-246
-256
-496
-596
-696
-796
-896
-996
314
-311
-312
-316
-317
-318
-114
-124
-234
-324
-334
-344
-354
-364
-374
-384
-394
-414
-514
-614
-714
-814
-914
358
-352
-353
-355
-356
-357
-359
-148
-158
-168
-248
-258
-348
-368
-328
-338
-378
-388
-398
-458
-558
-658
-758
-858
-958
365
-362
-363
-366
-367
-369
-145
-155
-165
-345
185
-183
-184
-187
-188
-375
-385
-395
-465
-565
-665
-765
-865
-965
-485
-585
-685
-785
-885
-985
457
-451
-452
-453
-454
-455
-456
-459
-447
-467
-547
-557
-567
-647
-657
-667
-417
-427
-437
-477
-487
-497
-157
-257
-757
-857
-957
466
-462
-463
-464
-468
-469
-446
-546
-556
-566
-646
-656
-666
-416
-426
-436
-476
-486
-166
-766
-866
-966
488
-481
-482
-483
-484
-489
-478
-498
-578
-588
-598
-678
-688
-698
-418
-428
-438
-448
-288
278
-274
-277
-279
284
-287
-289
-244
-254
-238
-778
-878
-978
-584
-684
-784
-884
-984
-788
-888
-988
517
-511
-512
-513
-516
-518
-519
-527
-537
-617
-627
-637
-577
-587
-597
-117
-717
-817
-917
595
-591
-593
-594
-599
-475
-495
-575
-675
-695
-525
-535
-545
-555
-795
-895
-995
624
-621
-622
-625
-626
-628
-629
-424
-434
-524
-534
-634
-644
-654
-664
-674
-694
-724
-824
-924
649
-641
-642
-643
-645
-648
-449
-549
-559
-569
-659
-669
-619
-679
-689
-699
-249
259
-252
-349
-749
-849
-949
-759
-859
-959
747
-741
-742
-743
-744
-745
-746
-748
-767
-847
-867
-947
-967
-727
-737
-777
-787
-797
-147
-247
242
-342
-232
237
-127
-327
-337
167
-163
-164
-347
-837
-937
-442
-542
-842
-942
756
-751
-752
-753
-754
-755
-846
-856
-946
-956
-716
-726
-736
-776
-786
-156
794
-791
-793
-798
-799
-774
-874
-894
-974
-994
-734
-764
-494
811
-812
-813
-816
-818
-819
-711
-721
-731
-821
-831
-911
-921
-931
781
-782
-783
-789
-881
-891
-981
-991
-841
-851
-411
-611
-581
-681
845
-843
-844
-848
-855
-945
-955
-825
-835
-875
-445
655
-651
-652
-653
-635
883
-882
-886
-887
-889
-773
-873
-893
-973
-983
-993
-833
-853
-863
-383
-583
-683
899
-897
-898
998
-997
-999
-779
-879
-979
-989
-829
-869
-918
-928
-938
-948
-968
548
-541
-543
-544
-568
-668
-528
-538
-399
-499
913
-912
-916
-919
-713
-733
-933
763
-762
-768
-769
-943
-953
-963
868
-862
-864
969
-962
-964
-828
-838
-929
-413
-613
-563
-663
662
-552
-562
564
-444
-554
474
-472
-473
-479
-574
-612
-632
-672
-682
934
-932
-935
-936
-834
854
-852
952
-951
-954
941
-944
-922
-972
-982
-441
443
551
-553
-433
-493
491
-691
-421
-431
-521
-531
631
-633
-636
-638
533
-532
-536
618
-616
526
-522
-529
-573
-576
-586
116
-118
-126
128
-326
-336
-146
346
-343
-718
321
-322
-331
332
-826
-926
836
-832
-876
-728
738
-732
-735
-432
435
-425
-143
144
153
-154
582
-589
-572
579
-379
389
-387
975
-976
-977
-775
772
-872
877
986
-987
-712
719
-729
-722
725
822
-827
-925
927
412
-419
-422
429
676
-673
-677
693
-697
-686
687
373
-377
-393
397
