123
-121
-122
-124
-125
-126
-127
-128
-129
-113
-133
-213
-223
-233
-313
-323
-333
-143
-153
-163
-173
-183
-193
-423
-523
-623
-723
-823
-923
184
-181
-182
-185
-186
-187
-188
-189
-174
-194
-274
-284
-294
-374
-384
-394
-114
-134
-144
-154
-164
-484
-584
-684
-784
-884
-984
258
-251
-252
-253
-254
-255
-256
-257
-259
-148
-158
-168
-248
-268
-348
-358
-368
-218
-228
-238
-278
-288
-298
-458
-558
-658
-758
-858
-958
272
-271
-273
-275
-276
-277
-279
-172
-192
-282
-292
-372
-382
-392
-212
-222
-232
-242
-262
-472
-572
-672
-772
-872
-972
316
-311
-312
-314
-315
-317
-318
-319
-116
-136
-216
-226
-236
-326
-336
-346
-356
-366
-376
-386
-396
-416
-516
-616
-716
-816
-916
347
-341
-342
-343
-344
-345
-349
-147
-157
-167
-247
-267
-357
-367
-327
-337
-377
-387
-397
-447
-547
-647
-747
-847
-947
411
-412
-413
-414
-415
-417
-418
-419
-421
-431
-511
-521
-531
-611
-621
-631
-441
-451
-461
-471
-481
-491
-111
-211
-711
-811
-911
437
-432
-433
-434
-435
-436
-438
-439
-427
-517
-527
-537
-617
-627
-637
-457
-467
-477
-487
-497
-137
-237
-737
-837
-937
496
-492
-493
-494
-495
-498
-499
-476
-486
-576
-586
-596
-676
-686
-696
-426
-446
-456
-466
-196
-296
-796
-896
-996
515
-512
-513
-514
-518
-519
-425
-525
-535
-615
-625
-635
-545
-555
-565
-575
-585
-595
-115
-215
-715
-815
-915
589
-581
-582
-583
-587
-588
-479
-489
-579
-599
-679
-689
-699
-529
-539
-549
-559
-569
-289
-389
-789
-889
-989
652
-651
-653
-654
-655
-656
-657
-659
-442
-452
-462
-542
-552
-562
-642
-662
-612
-622
-632
-682
-692
-152
-352
-752
-852
-952
722
-721
-724
-725
-726
-727
-728
-729
-712
-732
-812
-822
-832
-912
-922
-932
-742
-762
-782
-792
112
-117
-118
-119
-132
-322
-332
-142
-162
362
-361
-363
-364
-365
-369
-422
482
-483
-485
-488
-592
-522
532
-533
-534
-536
-538
-862
-962
-882
-982
734
-731
-733
-735
-736
-738
-739
-714
-814
-824
-834
-914
-924
-934
-744
-754
-764
-774
-794
-234
-334
-634
778
-771
-773
-775
-776
-777
-779
-788
-798
-878
-888
-898
-978
-988
-998
-718
-748
-768
-178
-378
-478
-578
-678
841
-842
-843
-844
-845
-846
-848
-849
-741
-751
-761
-851
-861
-941
-951
-961
942
-943
-944
-945
-946
-948
-949
-821
-831
-871
-881
-891
892
-893
-894
-895
-897
-899
-992
-141
-241
-541
-641
866
-863
-864
-865
-867
-868
-869
-746
-756
-766
-856
-956
-966
968
-963
-964
-965
-967
-969
786
-781
-783
-785
-787
-876
-886
-976
-986
791
-793
-795
-797
-799
-971
-981
-991
-826
-836
-918
-928
-938
-166
-266
-566
-666
-468
-568
-668
176
-171
-175
-177
-179
-286
-146
-156
246
-243
-244
-245
-249
197
-191
-195
-198
-199
-287
-297
138
-131
-135
-139
-328
-338
-638
-838
-546
-646
556
-551
-553
-554
-557
-526
-291
-391
-591
-691
-597
-697
-997
145
-149
-155
-165
-265
-355
-445
-645
-745
151
-159
-161
169
-261
-351
-269
-359
-469
-669
-769
-214
614
-613
-618
-619
633
-636
-639
-424
-524
528
-624
626
-628
-629
-428
429
448
-443
-444
-449
-548
-648
-459
649
-643
-644
-598
-663
-673
-683
-693
-664
-674
-694
818
-813
-817
-819
-828
-926
936
-931
-933
-935
-939
921
-925
-927
-929
-221
-321
-229
-329
-829
-833
544
-543
-454
-464
-564
474
-473
-475
-574
-594
593
-573
-563
743
-749
-753
-763
-853
-953
-713
913
-917
-919
-973
-983
-993
264
-263
353
-354
-224
324
-325
-373
-383
-393
-453
455
463
-465
-665
-755
765
-767
-855
-955
873
-874
-875
-877
-879
-883
854
-857
-859
-954
839
-835
825
-827
717
-719
-757
759
957
-959
-885
887
-977
-987
985
-975
-995
-217
219
227
-225
-239
-339
-299
-974
979
994
-999
-379
399
-395
-398
388
-381
-385
283
-281
-285
371
-375
-293
295
231
-235
-331
335
-571
577
-677
-687
561
-567
-661
667
-671
675
681
-685
-688
-695
698
