171
-172
-173
-174
-175
-176
-177
-178
-179
-181
-191
-271
-281
-291
-371
-381
-391
-111
-121
-131
-141
-151
-161
-471
-571
-671
-771
-871
-971
192
-193
-194
-195
-196
-197
-198
-199
-182
-272
-282
-292
-372
-382
-392
-112
-122
-132
-142
-152
-162
-492
-592
-692
-792
-892
-992
219
-211
-212
-213
-214
-215
-216
-217
-218
-119
-129
-139
-229
-239
-319
-329
-339
-249
-259
-269
-279
-289
-299
-419
-519
-619
-719
-819
-919
255
-251
-252
-253
-254
-256
-257
-258
-145
-155
-165
-245
-265
-345
-355
-365
-225
-235
-275
-285
-295
-455
-555
-655
-755
-855
-955
378
-373
-374
-375
-376
-377
-379
-188
-278
-288
-298
-388
-398
-318
-328
-338
-348
-358
-368
-478
-578
-678
-778
-878
-978
424
-421
-422
-423
-425
-426
-427
-428
-429
-414
-434
-514
-524
-534
-614
-624
-634
-444
-454
-464
-474
-484
-494
-124
-224
-324
-724
-824
-924
456
-451
-452
-453
-457
-458
-459
-446
-466
-546
-556
-566
-646
-656
-666
-416
-436
-476
-486
-496
-156
-356
-756
-856
-956
487
-481
-482
-483
-485
-488
-489
-477
-497
-577
-587
-597
-677
-687
-697
-417
-437
-447
-467
-187
-287
-387
-787
-887
-987
531
-532
-533
-535
-536
-537
-538
-539
-411
-431
-511
-521
-611
-621
-631
-541
-551
-561
-581
-591
-231
-331
-731
-831
-931
643
-641
-642
-644
-645
-647
-648
-649
-443
-463
-543
-553
-563
-653
-663
-613
-623
-633
-673
-683
-693
-143
-243
-343
-743
-843
-943
761
-762
-763
-764
-765
-766
-767
-768
-769
-741
-751
-841
-851
-861
-941
-951
-961
-711
-721
-781
-791
-261
-361
-461
-661
774
-772
-773
-775
-776
-777
-779
-784
-794
-874
-884
-894
-974
-984
-994
-714
-734
-744
-754
-274
-574
-674
786
-782
-783
-785
-788
-789
-796
-876
-886
-896
-976
-986
-996
-716
-726
-736
-746
-186
-286
-386
-586
-686
813
-811
-812
-814
-815
-816
-817
-818
-713
-723
-733
-823
-833
-913
-923
-933
-853
-863
-873
-883
-893
-113
-313
-413
-513
822
-821
-825
-826
-827
-828
-829
-712
-722
-732
-832
-912
-922
-932
-842
-852
-862
-872
-882
-222
-322
-522
-622
885
-881
-888
-889
-795
-875
-895
-975
-985
-995
891
-897
-898
-899
-981
-991
-835
-845
-865
681
-682
-684
-685
-688
-689
-491
-691
441
-442
-445
-448
-449
-651
-241
221
-223
-226
-227
-228
-311
-321
911
-914
-915
-916
-917
-918
-921
-341
351
-352
-353
-354
-357
-359
-185
-385
395
-393
-394
-396
-397
-399
-315
-325
-335
-585
-495
-595
-695
948
-942
-944
-945
-946
-947
-949
-748
-758
-848
-858
-868
-958
-968
838
-834
-836
-837
-839
934
-935
-936
-937
-938
-939
926
-925
-927
-928
-929
-718
-728
-738
798
-793
-797
-799
-988
-998
753
-752
-757
-759
-953
-963
742
-745
-747
-749
-952
-962
965
-964
-966
-967
-969
-954
-126
-326
-526
-626
-134
-234
-334
-138
-238
-438
-638
-242
-342
-542
545
-544
-547
-548
-549
-465
-565
-665
-515
-525
-575
-148
-248
268
-262
-263
-264
-266
-267
362
-363
-364
-366
-367
-369
-158
-168
232
-233
-236
-237
-312
-332
-432
-632
-153
163
-164
-166
-167
-169
-123
-133
-183
-462
-562
-662
866
-864
-867
-869
-846
-468
469
-559
-569
-659
-669
-439
-479
-499
-568
-668
588
-582
-583
-584
-589
-498
493
-473
-573
-593
-598
-698
-433
435
523
-527
-528
-529
-415
-615
-625
-635
-475
472
-572
-672
675
-676
-679
-412
418
-518
-618
-628
-558
658
-652
-654
-657
552
-554
-557
-512
612
-616
-617
-118
128
-125
-127
-323
327
333
-336
-337
-117
-137
-317
-383
-347
725
-727
-729
-715
717
-735
-737
739
115
-114
-116
314
-316
-135
136
-146
-344
-384
389
-189
184
-284
283
-273
-293
-294
-144
-154
244
-246
-247
346
-349
516
-517
-636
-576
579
-599
-699
-596
594
-694
696
-564
567
664
-667
-627
629
637
-639
-844
854
-857
-859
-972
982
-983
-989
973
-977
-979
-993
276
-277
-296
297
877
-879
-997
999
-847
849
957
-959
147
-149
-157
159
