137
-131
-132
-133
-134
-135
-136
-138
-139
-117
-127
-217
-227
-237
-317
-327
-337
-147
-157
-167
-177
-187
-197
-437
-537
-637
-737
-837
-937
173
-171
-172
-174
-175
-176
-178
-179
-183
-193
-273
-283
-293
-373
-383
-393
-113
-123
-143
-153
-163
-473
-573
-673
-773
-873
-973
194
-191
-192
-195
-196
-198
-199
-184
-274
-284
-294
-374
-384
-394
-114
-124
-144
-154
-164
-494
-594
-694
-794
-894
-994
279
-271
-272
-275
-276
-277
-278
-189
-289
-299
-379
-389
-399
-219
-229
-239
-249
-259
-269
-479
-579
-679
-779
-879
-979
313
-311
-312
-314
-315
-316
-318
-319
-213
-223
-233
-323
-333
-343
-353
-363
-413
-513
-613
-713
-813
-913
325
-321
-322
-324
-326
-328
-329
-115
-125
-215
-225
-235
-335
-345
-355
-365
-375
-385
-395
-425
-525
-625
-725
-825
-925
351
-352
-354
-356
-357
-358
-359
-141
-151
-161
-241
-251
-261
-341
-361
-331
-371
-381
-391
-451
-551
-651
-751
-851
-951
386
-382
-387
-388
-186
-286
-296
-376
-396
-336
-346
-366
-486
-586
-686
-786
-886
-986
418
-411
-412
-414
-415
-416
-417
-419
-428
-438
-518
-528
-538
-618
-628
-638
-448
-458
-468
-478
-488
-498
-118
-218
-718
-818
-918
442
-441
-443
-444
-445
-446
-447
-449
-452
-462
-542
-552
-562
-642
-652
-662
-422
-432
-472
-482
-492
-142
-242
-342
-742
-842
-942
467
-461
-463
-464
-465
-466
-469
-457
-547
-557
-567
-647
-657
-667
-427
-477
-487
-497
-267
-367
-767
-867
-967
493
-491
-495
-496
-499
-483
-583
-593
-683
-693
-423
-433
-453
-793
-893
-993
523
-521
-522
-524
-526
-527
-529
-533
-623
-633
-543
-553
-563
-723
-823
-923
549
-541
-544
-545
-546
-548
-459
-559
-569
-649
-659
-669
-519
-539
-589
-599
-149
-349
-749
-849
-949
561
-564
-565
-566
-568
-641
-661
-511
-531
-571
-581
-591
-761
-861
-961
588
-582
-584
-585
-587
-578
-598
-678
-688
-698
-558
-188
-288
-788
-888
-988
614
-611
-612
-615
-616
-617
-619
-424
-434
-514
-534
-624
-634
-644
-654
-664
-674
-684
-214
-714
-814
-914
643
-645
-646
-648
-653
-663
-243
-743
-843
-943
665
-666
-668
-455
-555
-655
658
-656
-635
-675
-685
-695
-158
-258
-758
-858
-958
-165
-265
-765
-865
-965
691
-692
-696
-697
-699
-471
-481
-671
-681
-621
-631
-291
-791
-891
-991
728
-721
-722
-724
-726
-727
-729
-738
-828
-838
-928
-938
-748
-768
-778
-798
-128
-228
752
-753
-754
-755
-756
-757
-759
-762
-852
-862
-952
-962
-712
-732
-772
-782
-792
-152
-252
783
-781
-784
-785
-787
-789
-883
-983
-733
-763
795
-796
-797
-799
-775
-875
-885
-895
-975
-985
-995
-715
-735
-745
-295
-595
833
-831
-832
-834
-835
-836
-839
-933
-853
-863
917
-911
-912
-915
-916
-919
-717
-817
-827
-927
-947
-957
-977
-987
-997
-517
627
-622
-626
-629
-677
-687
936
-931
-932
-934
-935
-939
815
-811
-812
-816
-819
-716
-736
-826
-926
-845
-855
-946
-956
-966
-976
-996
-515
-236
-436
-536
-636
676
-672
-476
-576
-596
-776
-876
896
-892
-897
-898
-899
-846
-856
-866
999
-992
-998
-889
-989
-929
-959
-969
974
-971
-972
-978
-774
-874
-884
-984
878
-871
-872
-877
-848
-868
-924
-944
-954
-964
771
-777
-881
-981
982
-882
887
-711
719
-739
-829
-731
734
-824
-741
-744
-764
747
-746
766
-769
-847
-857
822
-821
921
-922
841
-844
-941
-119
-121
-221
-421
431
-435
-439
535
-532
-575
-122
-222
224
-226
-234
-334
-244
-254
-264
-231
344
-347
-348
-364
-247
257
-253
-255
-256
263
-262
-266
-268
-287
-297
953
-955
-963
968
945
-948
-145
-245
155
-156
-159
-185
285
-281
-282
181
-182
-111
211
-212
-216
246
-248
-146
148
-166
-168
-368
859
-854
864
-869
-474
475
-485
-574
484
-489
689
-682
-454
456
554
-556
-426
429
516
-512
632
-639
112
-116
-232
238
-332
126
-129
-338
339
-162
169
362
-369
292
-298
-372
-392
572
-577
-592
597
377
-378
-397
398
