124
-121
-122
-123
-125
-126
-127
-128
-129
-114
-134
-214
-224
-234
-314
-324
-334
-144
-154
-164
-174
-184
-194
-424
-524
-624
-724
-824
-924
166
-161
-162
-163
-165
-167
-168
-169
-146
-156
-246
-256
-266
-346
-356
-366
-116
-136
-176
-186
-196
-466
-566
-666
-766
-866
-966
178
-171
-172
-173
-175
-177
-179
-188
-198
-278
-288
-298
-378
-388
-398
-118
-138
-148
-158
-478
-578
-678
-778
-878
-978
216
-211
-212
-213
-215
-217
-218
-219
-226
-236
-316
-326
-336
-276
-286
-296
-416
-516
-616
-716
-816
-916
241
-242
-243
-244
-245
-247
-248
-249
-141
-151
-251
-261
-341
-351
-361
-221
-231
-271
-281
-291
-441
-541
-641
-741
-841
-941
273
-272
-274
-275
-277
-279
-183
-193
-283
-293
-373
-383
-393
-223
-233
-253
-263
-473
-573
-673
-773
-873
-973
313
-311
-312
-315
-317
-318
-319
-113
-133
-323
-333
-343
-353
-363
-413
-513
-613
-713
-813
-913
338
-331
-332
-335
-337
-339
-228
-238
-328
-348
-358
-368
-438
-538
-638
-738
-838
-938
362
-364
-365
-367
-369
-142
-152
-252
-262
-342
-352
-322
-372
-382
-392
-462
-562
-662
-762
-862
-962
396
-391
-394
-395
-397
-399
-376
-386
-496
-596
-696
-796
-896
-996
433
-431
-432
-434
-435
-436
-437
-439
-423
-523
-533
-623
-633
-443
-453
-463
-483
-493
-733
-833
-933
459
-451
-452
-454
-455
-456
-457
-458
-449
-469
-549
-559
-569
-649
-659
-669
-419
-429
-479
-489
-499
-159
-259
-359
-759
-859
-959
512
-511
-514
-515
-517
-518
-519
-412
-422
-522
-532
-612
-622
-632
-542
-552
-572
-582
-592
-112
-712
-812
-912
525
-521
-526
-527
-528
-529
-415
-425
-535
-615
-625
-635
-545
-555
-565
-575
-585
-595
-225
-325
-725
-825
-925
583
-581
-584
-586
-587
-588
-589
-593
-683
-693
-543
-553
-563
-783
-883
-983
591
-594
-597
-598
-599
-471
-481
-491
-571
-671
-681
-691
-531
-551
-561
-191
-791
-891
-991
652
-651
-653
-654
-655
-656
-657
-658
-442
-642
-672
-682
-692
-752
-852
-952
676
-674
-675
-677
-679
-476
-486
-576
-686
-626
-636
-646
-776
-876
-976
718
-711
-714
-715
-717
-719
-728
-818
-828
-918
-928
-748
-758
-768
-788
-798
-418
-618
742
-743
-744
-745
-746
-747
-749
-842
-942
-722
-732
-772
-782
-792
777
-771
-774
-775
-779
-787
-797
-877
-887
-897
-977
-987
-997
-727
-737
-757
-767
-377
-477
-577
794
-793
-795
-799
-784
-874
-884
-894
-974
-984
-994
-734
-754
-764
-294
-494
-694
832
-831
-834
-835
-836
-837
-839
-822
-922
-932
-872
-882
-892
222
-227
-229
-132
-232
-282
-292
865
-861
-863
-864
-867
-868
-869
-755
-765
-845
-855
-945
-955
-965
-815
-875
-885
-895
-265
-465
-665
893
-898
-899
-993
-823
-843
-853
937
-931
-934
-935
-936
-939
-817
-827
-917
-927
-947
-957
-967
-137
-237
-537
-637
944
-943
-946
-948
-949
-844
-854
-954
-964
814
-811
-819
-914
-414
-614
-344
-444
-544
-644
988
-981
-982
-985
-986
-989
-888
-998
-958
-968
-488
-688
111
-115
-117
-119
-131
-321
327
-329
-181
-347
-357
-387
-411
417
-427
-617
-627
-447
-467
-487
-497
-611
619
-539
-629
-639
579
-574
-689
-699
-911
915
-919
-735
785
-781
-786
-789
-975
-995
886
-881
-889
-826
-846
-856
-379
-879
871
-971
-821
829
-729
-739
-929
769
-761
-763
-849
-969
-851
-269
-371
381
-384
-385
-389
349
-345
-149
-979
972
-992
999
-472
-185
-285
-485
-685
-199
-299
135
-139
-235
239
-145
-155
-195
189
-182
-187
192
-197
-289
482
-484
-492
-143
147
153
-157
-257
-267
643
-645
-647
-648
-663
445
-446
-448
-475
474
-684
687
-697
-464
-495
498
695
-698
426
-421
-428
-536
534
-634
631
-621
628
461
-468
-661
-554
-564
664
-667
-668
-726
-926
736
-731
-756
956
-951
-953
546
-547
-548
-556
-847
848
857
-858
751
-753
-961
963
-721
723
921
-923
-557
558
567
-568
-258
268
-264
-374
375
284
-287
-295
297
-254
255
354
-355
