149
-141
-142
-143
-144
-145
-146
-147
-148
-159
-169
-249
-259
-269
-349
-359
-369
-119
-129
-139
-179
-189
-199
-449
-549
-649
-749
-849
-949
174
-171
-172
-173
-175
-176
-177
-178
-184
-194
-274
-284
-294
-374
-384
-394
-114
-124
-134
-154
-164
-474
-574
-674
-774
-874
-974
192
-191
-193
-195
-196
-197
-198
-182
-272
-282
-292
-372
-382
-392
-112
-122
-132
-152
-162
-492
-592
-692
-792
-892
-992
216
-211
-212
-213
-214
-215
-217
-218
-219
-116
-126
-136
-226
-236
-316
-326
-336
-246
-256
-266
-276
-286
-296
-416
-516
-616
-716
-816
-916
257
-251
-252
-253
-254
-255
-258
-157
-167
-247
-267
-347
-357
-367
-227
-237
-277
-287
-297
-457
-557
-657
-757
-857
-957
261
-262
-263
-264
-265
-268
-151
-161
-241
-341
-351
-361
-221
-231
-271
-281
-291
-461
-561
-661
-761
-861
-961
288
-283
-285
-289
-188
-278
-298
-378
-388
-398
-228
-238
-248
-488
-588
-688
-788
-888
-988
329
-321
-322
-323
-324
-325
-327
-328
-229
-239
-319
-339
-379
-389
-399
-429
-529
-629
-729
-829
-929
385
-381
-383
-386
-387
-185
-275
-295
-375
-395
-315
-335
-345
-355
-365
-485
-585
-685
-785
-885
-985
422
-421
-423
-424
-425
-426
-427
-428
-412
-432
-512
-522
-532
-612
-622
-632
-442
-452
-462
-472
-482
-222
-722
-822
-922
455
-451
-453
-454
-456
-458
-459
-445
-465
-545
-555
-565
-645
-655
-665
-415
-435
-475
-495
-155
-755
-855
-955
478
-471
-473
-476
-477
-479
-498
-578
-598
-678
-698
-418
-438
-448
-468
-778
-878
-978
496
-491
-493
-494
-497
-499
-486
-576
-586
-596
-676
-686
-696
-436
-446
-466
-396
-796
-896
-996
535
-531
-533
-534
-536
-537
-538
-539
-515
-525
-615
-625
-635
-575
-595
-135
-235
-735
-835
-935
572
-571
-573
-577
-579
-582
-672
-682
-542
-552
-562
-772
-872
-972
619
-611
-613
-614
-617
-618
-419
-439
-519
-639
-659
-669
-679
-689
-699
-719
-819
-919
636
-631
-633
-634
-637
-638
-526
-626
-646
-656
-666
-736
-836
-936
652
-651
-653
-654
-658
-642
-662
-352
-752
-852
-952
687
-681
-683
-684
-487
-587
-597
-677
-697
-627
-647
-667
-187
-787
-887
-987
726
-721
-723
-724
-725
-727
-728
-826
-926
-746
-756
-766
-776
-786
782
-781
-783
-784
-789
-882
-982
-712
-732
-742
-762
825
-821
-823
-824
-827
-828
-715
-815
-915
-925
-845
-865
-875
-895
115
-111
-113
-117
-118
-125
-225
-165
245
-242
-243
-244
232
-233
-234
-312
-332
224
-223
-314
-334
-524
-624
-924
-832
-932
-745
-945
844
-841
-842
-843
-846
-847
-848
-744
-754
-764
-854
-864
-944
-954
-964
-814
-834
-884
-894
-344
-444
-544
-644
853
-851
-856
-858
-859
-743
-753
-763
-863
-943
-953
-963
-813
-833
-873
-883
-893
-153
-353
-553
897
-891
-898
-899
-777
-797
-877
-977
-997
-817
-837
-867
377
-371
-373
-376
186
-181
-183
391
-393
-397
-156
158
-168
-348
-358
-368
-166
163
-343
-363
-123
-133
-128
-138
-311
-331
-317
-337
-558
-758
-958
-463
-563
-663
-886
-986
-591
-691
-791
-991
917
-911
-912
-913
-914
-918
812
-811
-818
-717
-737
-927
-937
-862
-947
-967
-417
-517
939
-931
-933
-934
-938
-739
-839
-959
-969
-979
-989
-999
962
-965
-966
-968
-942
765
-767
-768
-769
747
-741
-748
-775
-795
342
-346
-362
-447
-547
-121
127
131
-137
-527
437
-431
-433
-434
-467
567
-564
-566
-568
-569
-731
-831
838
-718
-738
-928
798
-793
-794
-799
-998
-868
948
-941
-946
734
-733
-714
333
-338
-313
318
-518
546
-541
-543
-548
-556
528
-521
-523
-628
-648
668
-664
694
-693
-695
-484
-584
-594
675
-671
-673
-975
995
-993
-994
984
-981
-983
-273
279
293
-299
-779
759
-751
951
-956
866
-869
-876
976
-971
-973
773
-771
711
-713
-921
923
-411
-511
621
-623
-641
643
-443
441
-551
-481
581
-583
-589
356
-354
364
-366
554
-559
-464
469
414
-413
513
-514
483
-489
-593
599
871
-879
-881
889
