124
-121
-122
-123
-125
-126
-127
-128
-129
-114
-134
-214
-224
-234
-314
-324
-334
-144
-154
-164
-174
-184
-194
-424
-524
-624
-724
-824
-924
168
-161
-162
-163
-165
-166
-167
-169
-148
-158
-248
-258
-268
-348
-358
-368
-118
-138
-178
-188
-198
-468
-568
-668
-768
-868
-968
175
-171
-172
-173
-176
-177
-179
-185
-195
-275
-285
-295
-375
-385
-395
-115
-135
-145
-155
-475
-575
-675
-775
-875
-975
246
-241
-242
-243
-244
-245
-247
-249
-146
-156
-256
-266
-346
-356
-366
-216
-226
-236
-276
-286
-296
-446
-546
-646
-746
-846
-946
416
-411
-412
-413
-414
-415
-417
-418
-419
-426
-436
-516
-526
-536
-616
-626
-636
-456
-466
-476
-486
-496
-116
-316
-716
-816
-916
431
-432
-433
-434
-435
-437
-438
-439
-421
-511
-521
-531
-611
-621
-631
-441
-451
-461
-471
-481
-491
-131
-231
-331
-731
-831
-931
443
-442
-444
-445
-447
-448
-449
-453
-463
-543
-553
-563
-643
-653
-663
-423
-473
-483
-493
-143
-343
-743
-843
-943
513
-512
-514
-515
-517
-518
-519
-523
-533
-613
-623
-633
-573
-583
-593
-113
-213
-313
-713
-813
-913
555
-551
-552
-554
-556
-557
-558
-559
-455
-465
-545
-565
-645
-655
-665
-525
-535
-585
-595
-255
-355
-755
-855
-955
574
-571
-572
-576
-577
-578
-579
-474
-484
-494
-584
-594
-674
-684
-694
-534
-544
-564
-274
-374
-774
-874
-974
617
-612
-614
-615
-618
-619
634
-632
-635
-637
-638
-639
-427
-527
-537
-627
-644
-654
-664
-647
-657
-667
-677
-687
-697
-117
-217
-317
-717
-817
-917
-734
-834
-934
672
-671
-673
-676
-678
-679
-472
-482
-492
-582
-592
-682
-692
-622
-642
-652
-662
-272
-372
-772
-872
-972
722
-721
-723
-725
-726
-727
-728
-729
-712
-732
-812
-822
-832
-912
-922
-932
-742
-752
-762
-782
-792
-222
-322
-422
-522
532
-538
-539
-542
-562
-132
-232
-332
754
-751
-753
-756
-757
-758
-759
-744
-764
-844
-854
-864
-944
-954
-964
-714
-784
-794
344
-341
-342
-345
-347
-349
-254
-264
-354
-364
-384
-394
-454
464
-462
-467
-469
452
-457
-458
-459
-152
-252
-352
-852
-952
847
-841
-842
-845
-848
-849
-747
-767
-857
-867
-947
-957
-967
-827
-837
-877
-887
-897
-147
-547
567
-561
-566
-569
-587
-597
-267
-367
886
-881
-882
-883
-884
-885
-888
-889
-776
-786
-796
-876
-896
-976
-986
-996
-826
-836
-856
-866
376
-371
-373
-377
-378
-379
-186
-196
-386
-396
136
-133
-137
-139
-326
-336
926
-921
-923
-925
-927
-928
-929
-736
-936
766
-761
-763
-765
-769
-956
-966
656
-651
-658
-659
-666
-686
-696
-586
596
-591
-598
-599
981
-982
-983
-984
-985
-987
-988
-989
-771
-781
-791
-871
-891
-971
-991
-911
-941
-951
-961
271
-273
-277
-278
-279
-181
-191
-281
-291
-381
-391
-211
-221
-251
-261
-581
541
-548
-549
-641
-661
669
648
-649
-628
-688
-698
-629
625
-425
-685
-695
-689
-699
-225
-325
-825
-141
-741
711
-715
-718
-719
-811
-821
-111
151
-153
-157
-159
-351
-361
-311
321
-323
-327
-328
-329
227
-223
-228
-229
-237
-337
-257
357
-353
-359
-287
-297
-387
-397
823
-828
-829
-733
-833
-933
-853
-863
-873
-893
-748
-948
-851
861
-862
-865
-869
892
-894
-895
-898
-899
-992
994
-993
-995
-997
-998
-999
814
-815
-818
-819
-914
835
-838
-839
-735
-915
-935
-235
-335
-269
-369
-969
-681
683
691
-693
-183
193
-192
-197
-199
-283
-293
-383
-393
187
-182
-189
-783
284
-282
-288
-289
-294
382
-388
-389
-292
-392
-312
-362
-487
-787
-793
773
-777
-778
-779
-973
-112
119
212
-215
-218
-219
315
-318
-319
-239
-339
142
-149
-262
259
-253
265
-263
363
-365
233
-238
-333
338
298
-299
-398
399
918
-919
-738
-938
-958
858
-859
-878
879
-789
-799
-979
-978
977
-797
737
-739
-937
939
749
-745
-949
-959
953
-963
-942
945
962
-965
-477
497
-495
-498
-499
485
-488
-489
478
-479
-588
589
-428
429
528
-529
-785
788
795
-798
