128
-121
-122
-123
-124
-125
-126
-127
-129
-118
-138
-218
-228
-238
-318
-328
-338
-148
-158
-168
-178
-188
-198
-428
-528
-628
-728
-828
-928
139
-131
-132
-133
-134
-135
-136
-137
-119
-219
-229
-239
-319
-329
-339
-149
-159
-169
-179
-189
-199
-439
-539
-639
-739
-839
-939
192
-191
-193
-194
-195
-196
-197
-172
-182
-272
-282
-292
-372
-382
-392
-112
-142
-152
-162
-492
-592
-692
-792
-892
-992
251
-252
-253
-254
-255
-256
-257
-258
-259
-141
-151
-161
-241
-261
-341
-351
-361
-211
-221
-231
-271
-281
-291
-451
-551
-651
-751
-851
-951
286
-283
-284
-285
-287
-288
-289
-176
-186
-276
-296
-376
-386
-396
-216
-226
-236
-246
-266
-486
-586
-686
-786
-886
-986
448
-441
-442
-443
-444
-445
-446
-447
-449
-458
-468
-548
-558
-568
-648
-658
-668
-418
-438
-478
-488
-498
-248
-348
-748
-848
-948
469
-461
-462
-463
-464
-465
-466
-467
-459
-549
-559
-569
-649
-659
-669
-419
-429
-479
-489
-499
-269
-369
-769
-869
-969
511
-512
-513
-514
-515
-516
-517
-518
-519
-411
-421
-431
-521
-531
-611
-621
-631
-541
-561
-571
-581
-591
-111
-311
-711
-811
-911
585
-582
-583
-584
-587
-588
-589
-475
-485
-495
-575
-595
-675
-685
-695
-525
-535
-545
-555
-565
-185
-385
-785
-885
-985
642
-641
-643
-644
-645
-646
-647
661
-662
-663
-664
-665
-666
-667
-452
-542
-552
-562
-652
-671
-681
-691
-612
-622
-632
-672
-682
-242
-342
-742
-842
-942
-761
-861
-961
715
-712
-713
-714
-716
-717
-718
-719
-725
-735
-815
-825
-835
-915
-925
-935
-745
-755
-765
-775
-795
-115
-215
-315
-415
-615
743
-741
-744
-746
-747
-749
-753
-763
-843
-853
-863
-943
-953
-963
-723
-733
-773
-783
-793
-143
-243
-343
-543
771
-772
-774
-776
-777
-778
-779
-781
-791
-871
-881
-891
-971
-981
-991
-721
-731
-171
181
-183
-184
-187
-371
-381
-391
-471
-481
491
-493
-494
-496
-497
816
-812
-813
-814
-817
-818
-819
-726
-736
-826
-836
-916
-926
-936
-846
-856
-866
-876
-896
-116
-316
-416
-616
857
-852
-854
-855
-858
-859
-757
-767
-847
-867
-947
-957
-967
-827
-837
-877
-887
-897
-157
-357
-457
-557
-657
874
-872
-873
-875
-878
-879
-784
-794
-884
-894
-974
-984
-994
-824
-834
-844
-864
-174
-274
-374
-474
-574
-674
998
-993
-995
-996
-997
-999
-788
-798
-888
-898
-978
-988
-918
-938
-958
-968
618
-613
-614
-617
-619
-538
-638
-678
-688
-698
919
-912
-913
-914
-917
-729
-829
-929
-949
-959
-979
-989
388
-383
-384
-387
-389
-278
-298
-378
-398
268
-262
-263
-264
-265
-267
-358
-368
758
-752
-754
-756
-759
-768
-868
849
-841
-845
941
-944
-945
-946
-738
838
-831
-832
-833
821
-822
-823
-921
-931
-889
-899
-321
331
-332
-333
-334
-335
-336
-337
326
-322
-323
-324
-325
-327
-346
-356
-366
-426
-526
-626
-249
-349
359
-352
-353
-354
-355
362
-363
-364
-365
-367
-312
-379
-399
952
-954
-955
-956
-762
-862
865
-962
-965
882
-883
-782
-972
-982
893
-895
-973
-983
987
975
-976
-977
796
-797
-799
-787
789
-766
764
-964
966
-724
-734
-922
-932
-927
-937
-164
-564
-165
-166
-566
-175
-275
-375
578
-572
-573
-576
-577
-579
-598
472
-473
-476
-477
-482
-412
-422
-432
212
-213
-214
-217
-222
-232
676
-673
-677
-679
-596
-696
-636
-656
279
-273
-277
-299
-487
-687
-689
-293
-393
-593
-693
-113
114
-117
-224
-234
-314
-144
-154
-414
145
-146
-147
-155
-245
-345
156
-153
163
-167
-173
177
373
-377
-297
-397
-313
317
-227
-237
247
-244
344
-347
294
-295
-394
395
413
-417
-423
-433
-523
-533
-623
-633
-453
-483
484
683
-684
-594
-694
-424
-434
-454
-653
-544
546
-547
-456
455
-655
654
-554
-556
553
-563
567
-425
427
-437
-527
-537
-627
-637
-435
436
-536
-597
599
697
-699
-529
629
-624
-625
635
-634
225
-223
233
-235
923
-924
-933
934
524
-522
532
-534
722
-727
-732
737
