134
-131
-132
-133
-135
-136
-137
-138
-139
-114
-124
-214
-224
-234
-314
-324
-334
-144
-154
-164
-174
-184
-194
-434
-534
-634
-734
-834
-934
151
-152
-153
-155
-156
-157
-158
-159
-141
-161
-241
-251
-261
-341
-351
-361
-111
-121
-171
-181
-191
-451
-551
-651
-751
-851
-951
211
-212
-213
-215
-216
-217
-218
-219
-221
-231
-311
-321
-331
-271
-281
-291
-411
-511
-611
-711
-811
-911
229
-222
-223
-225
-226
-227
-228
-119
-129
-239
-319
-329
-339
-249
-259
-269
-279
-289
-299
-429
-529
-629
-729
-829
-929
246
-242
-243
-244
-245
-247
-248
-146
-166
-256
-266
-346
-356
-366
-236
-276
-286
-296
-446
-546
-646
-746
-846
-946
268
-262
-263
-264
-265
-267
-148
-168
-258
-348
-358
-368
-238
-278
-288
-298
-468
-568
-668
-768
-868
-968
287
-282
-283
-284
-285
-177
-187
-197
-277
-297
-377
-387
-397
-237
-257
-487
-587
-687
-787
-887
-987
294
-292
-293
-295
-274
-374
-384
-394
-254
-494
-594
-694
-794
-894
-994
343
-342
-344
-345
-347
-349
-143
-163
-253
-353
-363
-313
-323
-333
-373
-383
-393
-443
-543
-643
-743
-843
-943
364
-362
-365
-367
-369
-354
-464
-564
-664
-764
-864
-964
441
-442
-444
-445
-447
-448
-449
-461
-541
-561
-641
-661
-421
-431
-471
-481
-491
-741
-841
-941
472
-473
-474
-475
-476
-477
-478
-479
-482
-492
-572
-582
-592
-672
-682
-692
-412
-422
-432
-452
-462
-172
-272
-372
-772
-872
-972
519
-512
-513
-514
-515
-516
-517
-518
-419
-439
-539
-619
-639
-549
-559
-569
-579
-589
-599
-719
-819
-919
527
-521
-522
-523
-524
-525
-526
-528
-417
-427
-437
-537
-617
-627
-637
-547
-557
-567
-577
-597
-127
-327
-727
-827
-927
585
-581
-583
-584
-586
-588
-485
-495
-575
-595
-675
-685
-695
-535
-545
-555
-565
-185
-385
-785
-885
-985
591
-593
-596
-598
-571
-671
-681
-691
-531
-391
-791
-891
-991
632
-631
-633
-635
-636
-638
621
-622
-623
-624
-625
-626
-628
-532
-612
-642
-652
-662
-721
-821
-921
-232
252
-255
-142
-162
-352
-332
-732
-832
-932
-552
-752
-852
-952
667
-663
-665
-666
-669
-457
-467
-647
-657
497
-493
-496
-498
-499
-677
-697
-167
-767
-867
-967
-797
-897
-997
678
-673
-674
-676
-679
-488
-578
-688
-698
-618
-648
-658
-178
-378
-778
-878
-978
748
-742
-744
-745
-747
-749
-758
-848
-858
-948
-958
-718
-728
-738
-788
-798
-548
765
-761
-762
-763
-766
-769
-755
-845
-855
-865
-945
-955
-965
-715
-725
-735
-775
-795
-165
169
-149
-359
-179
-189
-199
-465
-469
-869
-969
815
-812
-813
-814
-816
-817
-818
-825
-835
-915
-925
-935
-875
-895
-115
-315
-415
-615
828
-822
-823
-824
-826
-838
-918
-928
-938
-888
-898
-128
-328
-428
847
-842
-844
-849
-757
-857
-947
-957
-837
-877
-147
145
-355
357
-125
-175
-195
117
-112
-113
-116
-118
-317
-337
-717
-917
-645
655
-653
-654
-656
-659
-455
861
-862
-863
-866
-961
-831
-871
-881
882
-883
-884
-886
-889
-782
-792
-892
-982
-992
-182
-382
896
-893
-899
-776
-786
-796
-876
-976
-986
-996
-836
-856
-196
-396
-696
959
-953
-954
-956
-759
-859
-949
-939
-979
-989
-999
649
-644
-459
489
-483
-484
-486
-689
-699
693
-573
-683
-613
-389
-789
-193
-793
799
-779
-879
-739
839
-833
379
-371
-375
-376
381
-386
-388
-399
-781
-981
-993
971
-973
-974
-975
-977
-771
995
-998
777
-773
-774
988
-983
-984
731
-733
-736
-737
-931
937
-933
-936
275
-273
-395
233
-235
-123
-433
-533
-188
198
-192
392
-398
122
-126
-312
-322
-722
712
-713
-714
-716
-912
-922
173
-176
-183
186
-873
874
783
-784
-723
-753
853
-854
-963
-453
-553
563
-562
-566
542
-544
-463
466
-456
-556
-416
-426
-436
-942
944
962
-966
-754
756
724
-726
-914
-924
-424
-574
576
684
-686
554
-558
-454
458
414
-413
-418
423
-425
-614
616
435
-438
-536
538
913
-916
-923
926
-316
318
-338
325
-326
-335
336
