122
-121
-123
-124
-125
-126
-127
-128
-129
-112
-132
-212
-222
-232
-312
-322
-332
-142
-152
-162
-172
-182
-192
-422
-522
-622
-722
-822
-922
183
-181
-184
-185
-186
-187
-188
-189
-173
-193
-273
-283
-293
-373
-383
-393
-113
-133
-143
-153
-163
-483
-583
-683
-783
-883
-983
213
-211
-214
-215
-216
-217
-218
-219
-223
-233
-313
-323
-333
-243
-253
-263
-413
-513
-613
-713
-813
-913
224
-221
-225
-226
-227
-228
-229
-114
-134
-234
-314
-324
-334
-244
-254
-264
-274
-284
-294
-424
-524
-624
-724
-824
-924
236
-231
-235
-237
-238
-239
-116
-136
-316
-326
-336
-246
-256
-266
-276
-286
-296
-436
-536
-636
-736
-836
-936
311
-315
-317
-318
-319
-111
-131
-321
-331
-341
-351
-361
-371
-381
-391
-411
-511
-611
-711
-811
-911
327
-325
-328
-329
-117
-137
-337
-347
-357
-367
-377
-387
-397
-427
-527
-627
-727
-827
-927
356
-352
-353
-354
-355
-358
-359
-146
-156
-166
-346
-366
-376
-386
-396
-456
-556
-656
-756
-856
-956
374
-372
-375
-378
-379
-174
-194
-384
-394
-344
-364
-474
-574
-674
-774
-874
-974
421
-423
-425
-426
-428
-429
-431
-521
-531
-621
-631
-441
-451
-461
-471
-481
-491
-721
-821
-921
434
-432
-433
-435
-437
-438
-439
-414
-514
-534
-614
-634
-444
-454
-464
-484
-494
-734
-834
-934
449
-442
-443
-445
-446
-447
-448
-459
-469
-549
-559
-569
-649
-659
-669
-419
-479
-489
-499
-149
-249
-349
-749
-849
-949
472
-473
-475
-476
-477
-478
-482
-492
-572
-582
-592
-672
-682
-692
-412
-452
-462
-272
-772
-872
-972
487
-485
-486
-488
-497
-577
-587
-597
-677
-687
-697
-417
-457
-467
-287
-787
-887
-987
542
-541
-543
-544
-545
-546
-547
-548
-552
-562
-642
-652
-662
-512
-532
-242
-342
-742
-842
-942
565
-561
-563
-564
-566
-567
-568
-455
-465
-555
-645
-655
-665
-515
-525
-535
-575
-585
-595
-165
-265
-365
-765
-865
-965
629
-623
-625
-626
-628
-519
-529
-539
-619
-639
-679
-689
-699
-729
-829
-929
633
-632
-635
-637
-638
612
-615
-616
-617
-618
-523
-533
415
-416
-418
-495
-643
-653
-663
-673
-693
-712
-812
-912
-115
-715
-815
-915
-733
-833
-933
666
-661
-664
-667
-668
-466
-646
496
-493
-498
-576
-586
-596
-676
-686
-696
-766
-866
-966
-196
176
-171
-175
-177
-178
-179
-776
-876
-976
-796
-896
-996
678
-671
-675
-578
-588
-598
-688
-698
-648
-658
-278
-778
-878
-978
684
-681
-685
-584
-594
-694
695
-691
554
-551
-553
-557
-558
-644
-654
-154
-754
-854
-954
-784
-884
-984
-195
-295
-395
-795
-895
-995
732
-731
-735
-737
-738
-739
-832
-932
-752
-762
-782
-792
757
-751
-753
-755
-758
-759
-747
-767
-847
-857
-867
-947
-957
-967
-717
-777
-797
-157
-257
-657
651
-641
647
-147
-247
-151
-251
-851
-951
786
-781
-785
-788
-789
-886
-986
-716
-726
-746
794
-791
-793
-798
-799
-894
-994
-714
-744
-764
879
-871
-873
-875
-877
-779
-889
-899
-979
-989
-999
-819
-839
-859
-869
-279
-579
885
-881
-882
-888
-775
-975
-985
-825
-835
-845
-855
275
-271
-277
-285
-385
-245
-255
977
-971
-973
-897
-997
-917
-937
891
-892
-893
-898
-771
773
-981
-991
-993
-723
-743
-763
-831
931
-935
-938
-939
-841
-861
-941
-961
571
-573
-581
589
-591
593
-599
281
-282
-288
-289
-191
-291
-241
248
-148
-158
-168
-258
-268
-348
-368
-261
-298
-748
-848
-948
-389
923
-925
-926
-928
-823
725
-728
-745
741
-761
-943
-953
-963
-141
161
-164
-167
-169
144
-145
267
-262
-269
197
-198
-199
-297
-844
-944
988
-982
992
-998
-952
-962
-918
-958
-968
382
-388
-292
299
-392
398
-399
252
-259
-362
-338
-852
862
-863
-864
-868
964
-969
814
-816
-817
-818
-914
837
-838
517
-516
-518
526
-528
-537
538
916
-919
-826
828
-718
719
768
-769
-858
853
-843
846
-946
945
-955
959
118
-119
-138
343
-345
-363
369
155
-159
-135
139
335
-339
-453
458
463
-468
