123
-121
-122
-124
-125
-126
-127
-128
-129
-113
-133
-213
-223
-233
-313
-323
-333
-143
-153
-163
-173
-183
-193
-423
-523
-623
-723
-823
-923
144
-141
-142
-145
-146
-147
-148
-149
-154
-164
-244
-254
-264
-344
-354
-364
-114
-134
-174
-184
-194
-444
-544
-644
-744
-844
-944
158
-151
-152
-155
-156
-157
-159
-168
-248
-258
-268
-348
-358
-368
-118
-138
-178
-188
-198
-458
-558
-658
-758
-858
-958
281
-282
-283
-284
-285
-286
-287
-288
-289
-171
-181
-191
-271
-291
-371
-381
-391
-211
-221
-231
-241
-251
-261
-481
-581
-681
-781
-881
-981
299
-292
-293
-294
-295
-296
-297
-298
-179
-189
-199
-279
-379
-389
-399
-219
-229
-239
-249
-259
-269
-499
-599
-699
-799
-899
-999
387
-382
-383
-384
-385
-386
-388
-177
-187
-197
-277
-377
-397
-317
-327
-337
-347
-357
-367
-487
-587
-687
-787
-887
-987
414
-411
-412
-413
-415
-416
-417
-418
-419
-424
-434
-514
-524
-534
-614
-624
-634
-454
-464
-474
-484
-494
-214
-314
-714
-814
-914
428
-421
-422
-425
-426
-427
-429
-438
-518
-528
-538
-618
-628
-638
-448
-468
-478
-488
-498
-228
-328
-728
-828
-928
472
-471
-473
-475
-476
-477
-479
-482
-492
-572
-582
-592
-672
-682
-692
-432
-442
-452
-462
-172
-272
-372
-772
-872
-972
546
-541
-542
-543
-545
-547
-548
-549
-446
-456
-466
-556
-566
-646
-656
-666
-516
-526
-536
-576
-586
-596
-246
-346
-746
-846
-946
561
-562
-563
-564
-565
-567
-568
-569
-441
-451
-461
-551
-641
-651
-661
-511
-521
-531
-571
-591
-161
-361
-761
-861
-961
711
-712
-713
-715
-716
-717
-718
-719
-721
-731
-811
-821
-831
-911
-921
-931
-741
-751
-771
-791
-111
131
-132
-135
-136
-137
-139
-311
-321
-331
-611
621
-622
-625
-626
-627
-629
-431
-631
491
-493
-495
-496
-497
-671
-691
-891
-991
736
-732
-733
-734
-735
-737
-738
-739
-726
-816
-826
-836
-916
-926
-936
-756
-766
-776
-786
-796
-236
-336
-436
486
-483
-485
-489
-676
-686
-696
-636
616
-612
-613
-615
-617
-619
-116
-216
-316
-186
-886
-986
755
-752
-753
-754
-757
-759
-745
-765
-845
-855
-865
-945
-955
-965
-725
-775
-785
-795
-255
-355
-455
-555
-655
842
-841
-843
-847
-848
-849
-742
-762
-852
-862
-942
-952
-962
-812
-822
-832
-882
-892
-242
-342
-642
873
-871
-874
-875
-876
-877
-878
-879
971
-973
-974
-975
-976
-977
-978
-979
-773
-783
-793
-883
-893
-983
-993
851
-853
-854
-856
-857
-859
-941
-951
-813
-833
-863
341
-343
-345
-349
-351
-273
-373
393
-392
-394
-395
-396
-398
-353
-363
-573
-673
-593
-693
917
-912
-913
-915
-918
-919
933
-932
-934
-935
-937
-938
-939
-727
-817
-827
-837
-927
-943
-953
-963
-947
-957
-967
-997
513
-512
-515
-517
-519
-433
-533
-633
-553
-583
683
-684
-685
-688
-689
-643
-653
-663
-117
167
-162
-165
-166
-169
-247
-257
-267
119
-112
-115
-319
-329
-339
-217
-819
-467
-667
-767
-867
747
-743
-748
-749
763
-764
-768
-769
-777
-797
897
-894
-895
-896
-898
996
-992
-994
-995
-998
866
-864
-868
-869
-956
-966
-447
-647
-263
-463
-266
-366
-196
176
-175
-276
-376
-597
-697
182
-185
-192
195
-275
-375
-782
-982
792
-794
-798
-722
922
-924
-925
-929
985
-984
-988
-989
-885
-222
-322
-522
-585
-595
-695
-212
312
-315
-318
-232
-332
-352
-362
-215
218
-238
-338
-278
274
-374
378
-224
-234
815
-818
-825
-835
838
-834
-839
-888
334
-335
-324
-574
-674
-774
-578
-678
-778
779
788
-784
-789
884
-889
724
-729
-824
829
-529
-579
-679
589
-584
-588
598
-594
694
-698
554
-552
-557
-559
-654
-664
532
-535
-537
-539
-632
-954
959
964
-968
-969
948
-949
-648
668
-662
-665
-669
652
-657
-659
457
-453
-459
443
-445
-449
-437
-243
245
253
-252
-256
262
-265
-365
369
356
-359
-225
-235
237
325
-326
226
-227
-525
527
-637
575
-577
-675
677
-645
649
465
-469
-435
439
635
-639
