146
-141
-142
-143
-144
-145
-147
-148
-149
-156
-166
-246
-256
-266
-346
-356
-366
-116
-126
-136
-176
-186
-196
-446
-546
-646
-746
-846
-946
177
-171
-172
-173
-174
-175
-178
-179
-187
-197
-277
-287
-297
-377
-387
-397
-117
-127
-137
-157
-167
-477
-577
-677
-777
-877
-977
215
-211
-212
-213
-214
-216
-217
-218
-219
-115
-125
-135
-225
-235
-315
-325
-335
-245
-255
-265
-275
-285
-295
-415
-515
-615
-715
-815
-915
259
-251
-252
-253
-254
-257
-258
-159
-169
-249
-269
-349
-359
-369
-229
-239
-279
-289
-299
-459
-559
-659
-759
-859
-959
298
-291
-292
-293
-294
-296
-188
-198
-278
-288
-378
-388
-398
-228
-238
-248
-268
-498
-598
-698
-798
-898
-998
316
-311
-312
-313
-314
-317
-318
-319
-226
-236
-326
-336
-376
-386
-396
-416
-516
-616
-716
-816
-916
343
-341
-342
-344
-345
-347
-348
-153
-163
-243
-263
-353
-363
-323
-333
-373
-383
-393
-443
-543
-643
-743
-843
-943
355
-351
-352
-354
-357
-358
-155
-165
-365
-375
-385
-395
-455
-555
-655
-755
-855
-955
425
-421
-422
-423
-424
-426
-427
-428
-429
-435
-525
-535
-625
-635
-445
-465
-475
-485
-495
-725
-825
-925
469
-461
-462
-463
-464
-466
-467
-468
-449
-549
-569
-649
-669
-419
-439
-479
-489
-499
-769
-869
-969
472
-471
-473
-474
-476
-478
-482
-492
-572
-582
-592
-672
-682
-692
-412
-432
-442
-452
-272
-372
-772
-872
-972
531
-532
-533
-534
-536
-537
-538
-539
-411
-431
-511
-521
-611
-621
-631
-541
-551
-561
-571
-581
-591
-131
-231
-331
-731
-831
-931
593
-594
-595
-596
-597
-599
-483
-493
-573
-583
-673
-683
-693
-513
-523
-553
-563
-193
-793
-893
-993
612
-613
-614
-617
-618
-619
-512
-522
-622
-632
-642
-652
-662
-112
-712
-812
-912
647
-641
-644
-645
-648
-447
-457
-547
-557
-567
-657
-667
-627
-637
-687
-697
-247
-747
-847
-947
663
-661
-664
-665
-666
-668
-453
-653
-623
-633
-763
-863
-963
689
-681
-684
-685
-686
-688
-579
-589
-679
-699
-629
-639
-189
-389
-789
-889
-989
711
-713
-714
-717
-718
-719
-721
-811
-821
-911
-921
-741
-751
-761
-771
-781
-791
-111
729
-722
-723
-724
-726
-727
-728
-739
-819
-829
-839
-919
-929
-939
-749
-779
-799
-129
-329
-529
519
-514
-517
-518
-119
778
-773
-774
-775
-776
-788
-878
-888
-978
-988
-738
-748
-758
-768
-578
-678
844
-841
-842
-845
-848
-849
-744
-754
-764
-854
-864
-944
-954
-964
949
-941
-942
-945
-948
-814
-824
-834
-874
-884
-894
-979
-999
-244
-444
-544
857
-851
-852
-853
-856
-858
-757
-767
-867
-957
-967
-817
-827
-837
-887
-897
868
-861
-862
-865
-866
-958
-968
-818
813
-733
-823
-833
-913
-923
-933
-873
-883
-828
-838
-113
-413
433
-434
-436
-437
-438
-133
-233
-168
-368
158
-151
-152
-154
-118
114
-124
-134
-224
-234
-324
-334
-164
-184
-194
-128
-138
-414
-914
-458
-558
-658
-568
892
-891
-895
-896
-899
-782
-792
-882
-982
-992
879
-871
-875
-876
881
-885
-886
-971
-981
-991
-822
826
-736
-836
-926
-936
-832
835
-735
-935
-526
-626
636
-634
-638
-656
-676
-696
628
-624
524
-527
-528
417
-418
-487
-497
587
-584
-585
-586
-588
488
-481
-484
-486
-448
441
-451
-651
654
-454
456
-554
-564
-556
552
-542
-562
-566
565
-545
548
-491
494
-496
-574
-674
-694
576
-575
-917
918
-928
-938
-924
-328
338
-332
-337
-339
139
-132
-199
-241
242
-162
161
-261
-361
-262
-362
-121
-181
-191
-222
-232
237
-227
-327
-282
-267
264
-364
367
-274
-284
927
-922
-737
-937
-987
-997
-742
745
-765
-965
-785
-795
951
-952
-953
-956
-961
753
-752
-756
-783
-276
286
-281
-283
-976
-379
399
-391
-392
-394
-381
-786
-986
-787
784
-794
-974
-984
-994
797
-796
996
-995
-734
732
-932
934
-762
766
962
-966
374
-371
271
-273
183
-182
-185
-384
382
-192
195
122
-123
-322
321
-221
223
-671
675
691
-695
973
-975
-983
985
