132
-131
-133
-134
-135
-136
-137
-138
-139
-112
-122
-212
-222
-232
-312
-322
-332
-142
-152
-162
-172
-182
-192
-432
-532
-632
-732
-832
-932
145
-141
-143
-144
-146
-147
-148
-149
-155
-165
-245
-255
-265
-345
-355
-365
-115
-125
-175
-185
-195
-445
-545
-645
-745
-845
-945
271
-272
-273
-274
-275
-276
-277
-278
-279
-171
-181
-191
-281
-291
-371
-381
-391
-211
-221
-231
-241
-251
-261
-471
-571
-671
-771
-871
-971
313
-311
-314
-315
-316
-317
-318
-319
-113
-123
-213
-223
-233
-323
-333
-343
-353
-363
-373
-383
-393
-413
-513
-613
-713
-813
-913
446
-441
-442
-443
-444
-447
-448
-449
-456
-466
-546
-556
-566
-646
-656
-666
-416
-426
-436
-476
-486
-496
-246
-346
-746
-846
-946
482
-481
-483
-484
-485
-487
-488
-489
-472
-492
-572
-582
-592
-672
-682
-692
-412
-422
-452
-462
-282
-382
-782
-882
-982
495
-491
-493
-494
-497
-498
-499
-475
-575
-585
-595
-675
-685
-695
-415
-425
-435
-455
-465
-295
-395
-795
-895
-995
517
-511
-512
-514
-515
-516
-518
-519
-417
-427
-437
-527
-537
-617
-627
-637
-547
-557
-567
-577
-587
-597
-117
-217
-717
-817
-917
553
-551
-552
-554
-555
-558
-559
-453
-463
-543
-563
-643
-653
-663
-523
-533
-573
-583
-593
-153
-253
-753
-853
-953
624
-621
-622
-623
-625
-626
-628
-629
-414
-424
-434
-524
-534
-614
-634
-644
-654
-664
-674
-684
-694
-124
-224
-324
-724
-824
-924
691
-693
-696
-697
-698
-699
-581
-591
-681
-611
-631
-641
-651
-661
-791
-891
-991
754
-751
-752
-755
-756
-757
-758
-759
-744
-764
-844
-854
-864
-944
-954
-964
-714
-734
-774
-784
-794
-154
-254
-354
-454
777
-772
-773
-775
-776
-778
-779
-787
-797
-877
-887
-897
-977
-987
-997
-727
-737
-747
-767
-177
-377
-477
-677
687
-683
-686
-688
-689
-647
-657
-667
-187
-287
-387
783
-781
-785
-786
-788
-789
-793
-873
-883
-893
-973
-983
-993
-723
-733
-743
-763
-183
-283
828
-821
-822
-823
-825
-826
-827
-829
-718
-728
-738
-818
-838
-918
-928
-938
-848
-858
-868
-878
-888
-898
-128
-228
-328
-428
-528
835
-831
-833
-834
-836
-837
-839
-715
-725
-735
-815
-915
-925
-935
765
-761
-762
-766
-768
-769
-855
-865
-955
-965
-875
-885
-235
-335
-535
-635
655
-652
-658
-659
-565
-665
525
-521
-522
-526
-529
612
-615
-616
-618
-619
-642
-662
-712
-812
-912
215
-214
-216
-218
-219
-225
-325
-285
841
-842
-843
-847
-849
-741
-851
-861
-941
-951
-961
-811
-881
981
-984
-985
-986
-988
-989
975
-972
-974
-976
-978
-979
863
-862
-866
-867
-869
-943
-963
857
-852
-856
-859
-947
-957
-967
-911
-921
-931
-341
-541
243
-242
-244
-247
-248
-249
-163
-263
-293
347
-342
-344
-348
-349
-157
-167
-257
-267
-357
-367
-327
-337
-397
544
-542
-548
-549
562
-561
-564
-568
-569
-464
474
-473
-478
-479
673
-676
-678
-679
-574
-584
-594
531
-536
-538
-539
-411
-421
-431
636
-633
-638
-639
-331
-731
-236
-336
-736
739
-719
-729
-819
-919
-929
-939
-749
-799
-936
-239
-339
-439
-457
467
-461
-468
-469
451
-458
-459
-151
-351
-262
-362
-962
-173
193
-194
-196
-197
-198
-199
297
-292
-294
-296
-298
-299
127
-121
-126
-129
-227
-237
252
-256
-258
-259
-352
-927
937
-933
-934
923
-922
-926
722
-721
-726
711
-716
-742
748
-948
-958
-968
-792
796
-798
-876
-886
-896
-996
998
-992
-994
-999
816
-814
914
-916
-111
321
-326
-329
161
-164
-166
-168
-169
-361
-114
-116
226
-229
119
-118
-159
-179
-189
-266
-286
418
-419
-438
433
-423
429
942
-949
-952
-648
649
668
-669
-268
-368
-174
184
-186
-188
-284
-374
-384
-394
-874
-375
385
-386
-388
-389
-884
889
894
-892
-899
872
-879
-372
392
-396
-398
-399
586
-588
-589
-576
-596
288
-289
-178
176
-376
-378
379
-156
158
-358
-238
234
-334
338
-264
269
364
-366
-369
356
-359
-956
959
966
-969
578
-579
-598
599
