148
-141
-142
-143
-144
-145
-146
-147
-149
-158
-168
-248
-258
-268
-348
-358
-368
-118
-128
-138
-178
-188
-198
-448
-548
-648
-748
-848
-948
194
-191
-192
-193
-195
-196
-197
-199
-174
-184
-274
-284
-294
-374
-384
-394
-114
-124
-134
-154
-164
-494
-594
-694
-794
-894
-994
243
-241
-242
-244
-245
-246
-247
-249
-153
-163
-253
-263
-343
-353
-363
-213
-223
-233
-273
-283
-293
-443
-543
-643
-743
-843
-943
289
-281
-282
-285
-286
-287
-288
-179
-189
-279
-299
-379
-389
-399
-219
-229
-239
-259
-269
-489
-589
-689
-789
-889
-989
313
-311
-312
-314
-315
-316
-317
-318
-319
-113
-123
-133
-323
-333
-373
-383
-393
-413
-513
-613
-713
-813
-913
324
-321
-322
-325
-326
-327
-328
-329
-214
-224
-234
-334
-344
-354
-364
-424
-524
-624
-724
-824
-924
361
-362
-365
-366
-367
-369
-151
-161
-251
-261
-341
-351
-331
-371
-381
-391
-461
-561
-661
-761
-861
-961
387
-382
-385
-386
-388
-177
-187
-277
-297
-377
-397
-337
-347
-357
-487
-587
-687
-787
-887
-987
395
-392
-396
-398
-175
-185
-275
-295
-375
-335
-345
-355
-495
-595
-695
-795
-895
-995
416
-411
-412
-414
-415
-417
-418
-419
-426
-436
-516
-526
-536
-616
-626
-636
-446
-456
-466
-476
-486
-496
-116
-216
-716
-816
-916
433
-431
-432
-434
-435
-437
-438
-439
-423
-523
-533
-623
-633
-453
-463
-473
-483
-493
-733
-833
-933
455
-451
-452
-454
-457
-458
-459
-445
-465
-545
-555
-565
-645
-655
-665
-425
-475
-485
-155
-255
-755
-855
-955
481
-482
-484
-488
-471
-491
-571
-581
-591
-671
-681
-691
-421
-441
-181
-781
-881
-981
539
-531
-532
-534
-535
-537
-538
-429
-519
-529
-619
-629
-639
-549
-559
-569
-579
-599
-139
-339
-739
-839
-939
577
-572
-573
-574
-575
-576
-578
-477
-497
-597
-677
-697
-517
-527
-547
-557
-567
-777
-877
-977
627
-621
-622
-625
-628
-427
-617
-637
-647
-657
-667
-127
-227
-727
-827
-927
654
-651
-652
-653
-656
-658
-659
-444
-464
-544
-554
-564
-644
-664
474
-472
-478
-479
-584
-674
-684
514
-511
-512
-515
-518
-614
-634
-714
-814
-914
-254
264
-262
-265
-266
-267
165
-162
-166
-167
-169
-115
-125
-135
-754
-854
-954
-764
-864
-964
-765
-865
-965
-774
-874
-974
679
-672
-673
-675
-676
-678
-499
-699
-649
-669
-779
-879
-979
693
-692
-696
-698
-583
-593
-683
-663
-793
-893
-993
717
-711
-712
-715
-718
-719
-737
-817
-837
-917
-937
-747
-757
-767
-797
-117
-217
745
-741
-742
-744
-746
-749
-845
-945
-725
-735
-775
-785
784
-782
-783
-786
-788
-884
-984
-734
798
-791
-792
-796
-799
-778
-878
-888
-898
-978
-988
-998
-728
-738
-758
-768
-298
-498
492
-582
-592
-682
-422
428
-528
-618
-638
-442
-462
-468
-228
-828
-928
-292
-892
-992
-598
596
-586
-686
-546
-556
-566
-296
291
-171
-271
-211
-221
-231
-891
-991
-896
-996
821
-822
-823
-825
-826
-829
-721
-731
-811
-831
-911
-921
-931
-841
-851
-871
-121
-521
863
-862
-866
-867
-868
-869
-753
-763
-853
-953
-963
-873
-883
553
-551
-552
-558
-563
541
-542
-641
-941
915
-912
-918
-919
-815
-835
-925
-935
-975
-985
-215
-615
875
-872
-876
-885
962
-966
-967
-968
-969
-752
-762
-842
-852
-942
-952
-922
-932
-972
-982
-562
568
-668
522
-525
-612
611
-631
-632
635
585
-588
-685
688
-111
131
-132
-136
-137
237
-232
-235
-236
-238
225
-222
-226
157
-152
-156
-159
-257
-122
-722
-857
-957
-662
666
642
-646
-342
-766
769
-759
-849
-859
-949
-959
-729
359
-352
-356
252
-256
346
-349
-212
218
-338
-272
276
-278
-176
-186
-376
378
-372
126
-129
-336
332
-112
119
812
-818
-819
-732
736
-832
-726
723
-923
-836
-926
929
-936
772
-771
-773
-776
971
-973
-976
-882
886
983
-986
751
-756
-951
-846
-856
858
-958
956
-946
-838
834
-934
938
-844
847
944
-947
-897
899
997
-999
-447
449
467
-469
-172
173
182
-183
