136
-131
-132
-133
-134
-135
-137
-138
-139
-116
-126
-216
-226
-236
-316
-326
-336
-146
-156
-166
-176
-186
-196
-436
-536
-636
-736
-836
-936
155
-151
-152
-153
-154
-157
-158
-159
-145
-165
-245
-255
-265
-345
-355
-365
-115
-125
-175
-185
-195
-455
-555
-655
-755
-855
-955
167
-161
-162
-163
-164
-168
-169
-147
-247
-257
-267
-347
-357
-367
-117
-127
-177
-187
-197
-467
-567
-667
-767
-867
-967
171
-172
-173
-174
-178
-179
-181
-191
-271
-281
-291
-371
-381
-391
-111
-121
-141
-471
-571
-671
-771
-871
-971
228
-221
-222
-223
-224
-225
-227
-229
-118
-128
-218
-238
-318
-328
-338
-248
-258
-268
-278
-288
-298
-428
-528
-628
-728
-828
-928
244
-241
-242
-243
-246
-249
-144
-254
-264
-344
-354
-364
-214
-234
-274
-284
-294
-444
-544
-644
-744
-844
-944
261
-262
-263
-266
-269
-251
-341
-351
-361
-211
-231
-461
-561
-661
-761
-861
-961
389
-382
-383
-384
-385
-386
-387
-388
-189
-199
-279
-289
-299
-379
-399
-319
-329
-339
-349
-359
-369
-489
-589
-689
-789
-889
-989
426
-421
-422
-423
-424
-425
-427
-429
-416
-516
-526
-616
-626
-446
-456
-466
-476
-486
-496
-726
-826
-926
448
-441
-442
-443
-445
-447
-449
-458
-468
-548
-558
-568
-648
-658
-668
-418
-438
-478
-488
-498
-148
-348
-748
-848
-948
482
-481
-483
-484
-485
-487
-472
-492
-572
-582
-592
-672
-682
-692
-412
-432
-452
-462
-182
-282
-782
-882
-982
493
-491
-494
-495
-497
-499
-473
-573
-583
-593
-673
-683
-693
-413
-433
-453
-463
-193
-293
-393
-793
-893
-993
521
-522
-523
-524
-525
-527
-529
-411
-431
-511
-531
-611
-621
-631
451
-454
-457
-459
-541
-551
-641
-651
-581
-591
-321
-721
-821
-921
-751
-851
-951
585
-584
-586
-587
-588
-475
-575
-595
-675
-685
-695
-515
-535
-545
-565
-285
-785
-885
-985
612
-613
-614
-615
-617
-618
-619
-512
-532
-622
-632
-642
-652
-662
-112
-212
-312
-712
-812
-912
623
-624
-625
-627
-629
-513
-533
-633
-643
-653
-663
-123
-323
-723
-823
-923
666
-664
-665
-669
-546
-556
-566
-646
-656
-676
-686
-696
-366
-766
-866
-966
681
-684
-687
-688
-691
-781
-881
-981
725
-722
-724
-727
-729
-715
-735
-815
-825
-835
-915
-925
-935
-745
-765
-775
-795
-325
841
-842
-843
-845
-846
-847
-849
-741
-941
-811
-831
-891
869
-862
-863
-864
-865
-868
-749
-759
-769
-859
-949
-959
-969
-819
-829
-839
-879
-899
-469
-569
886
-883
-884
-887
-888
-776
-786
-796
-876
-896
-976
-986
-996
-816
-856
-286
932
-931
-933
-934
-937
-938
-939
-732
-822
-832
-922
-942
-952
-962
-972
-992
-232
-332
945
-943
-946
-947
-965
-975
-995
-645
465
-464
-415
-435
635
-634
-637
-638
-639
-235
-335
956
-953
-954
-957
-958
-746
-756
716
-711
-713
-714
-717
-718
-719
-916
346
-342
-343
-256
-356
-376
-396
979
-973
-974
-977
-978
-779
-799
-999
739
-731
-733
-734
-737
-738
911
-913
-914
-917
-918
-919
-929
791
-792
-794
-797
-798
-991
-311
331
-333
-334
-337
129
-122
-124
322
-324
-327
-119
-219
-239
-149
259
-252
-253
-352
-362
142
-143
-192
-372
-392
-439
-539
-542
-742
-559
-659
-479
419
-414
-417
-519
-579
-679
-113
114
-314
183
-184
-188
-273
-283
287
-373
-277
-297
-377
-397
-194
198
-378
-398
-217
-237
233
-213
215
-313
-315
317
-275
-295
813
-814
-817
-818
-833
838
-834
-837
-853
-873
-858
-878
-898
-514
-517
518
-538
-578
-598
773
-772
-774
-777
-778
-783
-983
-743
747
-757
-857
-753
-763
963
-964
-968
-787
543
-547
-549
-553
-563
649
-647
599
-594
-596
-597
576
-574
-577
-699
353
-358
-363
368
758
-752
-754
-768
762
-764
-852
854
784
-788
-874
-894
-984
-994
-824
827
924
-927
-877
-897
552
-554
-557
-562
564
-654
657
-534
537
434
-437
-474
477
-677
-697
-276
272
-292
296
-872
875
892
-895
-375
374
-394
395
-674
678
694
-698
-987
988
997
-998
