184
-181
-182
-183
-185
-186
-187
-188
-189
-174
-194
-274
-284
-294
-374
-384
-394
-114
-124
-134
-144
-154
-164
-484
-584
-684
-784
-884
-984
196
-191
-192
-193
-195
-197
-198
-199
-176
-276
-286
-296
-376
-386
-396
-116
-126
-136
-146
-156
-166
-496
-596
-696
-796
-896
-996
211
-212
-213
-214
-215
-216
-217
-218
-219
-111
-121
-131
-221
-231
-311
-321
-331
-241
-251
-261
-271
-281
-291
-411
-511
-611
-711
-811
-911
388
-381
-382
-383
-385
-387
-389
-178
-278
-288
-298
-378
-398
-318
-328
-338
-348
-358
-368
-488
-588
-688
-788
-888
-988
441
-442
-443
-444
-445
-446
-447
-448
-449
-451
-461
-541
-551
-561
-641
-651
-661
-421
-431
-471
-481
-491
-141
-341
-741
-841
-941
453
-452
-454
-455
-456
-457
-458
-459
-463
-543
-553
-563
-643
-653
-663
-413
-423
-433
-473
-483
-493
-153
-253
-353
-753
-853
-953
472
-474
-475
-476
-477
-478
-479
-482
-492
-572
-582
-592
-672
-682
-692
-412
-422
-432
-462
-172
-272
-372
-772
-872
-972
528
-521
-522
-523
-524
-525
-526
-527
-529
-418
-428
-438
-518
-538
-618
-628
-638
-548
-558
-568
-578
-598
-128
-228
-728
-828
-928
534
-531
-532
-533
-535
-536
-537
-539
-414
-424
-434
-514
-614
-624
-634
-544
-554
-564
-574
-594
-234
-334
-734
-834
-934
565
-562
-566
-567
-569
-465
-545
-555
-645
-655
-665
-515
-575
-585
-595
-165
-265
-365
-765
-865
-965
647
-642
-644
-646
-648
-649
-467
-547
-557
-657
-667
-617
-627
-637
-677
-687
-697
-147
-247
-347
-747
-847
-947
726
-721
-722
-723
-724
-725
-727
-729
-716
-736
-816
-826
-836
-916
-926
-936
-746
-756
-766
-776
-786
-226
-326
-426
-626
758
-751
-752
-754
-755
-757
-759
-748
-768
-848
-858
-868
-948
-958
-968
-718
-738
-778
-798
-158
-258
-658
764
-761
-762
-763
-767
-769
-744
-844
-854
-864
-944
-954
-964
-714
-774
-794
-264
-364
-464
494
-495
-497
-498
-499
-674
-694
468
-466
-469
-668
-664
654
-652
-656
-659
-254
-354
-168
-268
-894
-994
813
-812
-814
-815
-817
-818
-819
-713
-733
-823
-833
-913
-923
-933
-843
-863
-873
-883
-893
-113
-313
-513
-613
871
-874
-875
-876
-877
-878
-879
-771
-781
-791
-881
-891
-971
-981
-991
974
-973
-975
-976
-977
-978
-979
731
-732
-735
-737
-739
-821
-831
-921
-931
-851
-861
824
-822
-825
-827
-829
-914
-924
314
-312
-315
-316
-317
-319
-224
-324
244
-242
-243
-245
-246
-248
-249
-344
148
-142
-143
-145
-149
-118
-138
238
-232
-233
-235
-236
-237
-239
336
-332
-333
-335
-337
-339
-346
-356
-366
918
-912
-915
-917
-919
-838
-938
898
-892
-895
-897
-899
-998
621
-622
-623
-625
-629
-631
633
-632
-635
-636
-639
-671
-681
-691
-673
-683
-693
-133
-436
-171
-371
391
-392
-393
-395
-397
-399
-351
-361
-571
678
-675
-676
-679
-698
576
-573
-577
-579
-486
-586
-686
416
-415
-417
-419
-516
-616
-546
-556
666
-662
-669
612
-615
-619
-512
-112
-712
-266
256
-252
-255
-257
-259
-856
-956
-866
-966
581
-583
-587
-589
-591
593
-597
-599
487
-485
-489
-427
-437
517
-519
-117
-717
-287
-787
-887
-987
-293
-793
-993
942
-943
-945
-946
-949
-742
-842
-852
-862
-952
-962
846
-845
-849
-886
986
-982
-983
-985
-989
-922
-932
832
-835
-837
-839
-882
-992
963
-961
-967
-969
951
-955
-957
-959
-743
-132
-342
-542
549
552
-559
343
-345
-349
-163
-263
-363
-323
-373
745
-749
-855
-715
719
-929
-939
-775
-785
-795
-779
-789
-799
885
-889
-995
999
-997
115
-119
-125
-135
-225
-325
-155
355
-352
-357
-359
-175
-375
-151
161
-162
-167
-169
-152
122
-123
-127
-129
-222
-322
223
-227
-229
173
-177
-179
-273
-283
362
-367
-369
-262
-773
777
783
-782
792
-797
275
-277
-279
-285
-295
-377
379
297
-292
-299
282
-289
-267
269
157
-159
-137
139
327
-329
-927
925
-935
937
-425
429
435
-439
-857
859
867
-869
-685
689
695
-699
