144
-141
-142
-143
-145
-146
-147
-148
-149
-154
-164
-244
-254
-264
-344
-354
-364
-114
-124
-134
-174
-184
-194
-444
-544
-644
-744
-844
-944
166
-161
-162
-163
-165
-167
-168
-169
-156
-246
-256
-266
-346
-356
-366
-116
-126
-136
-176
-186
-196
-466
-566
-666
-766
-866
-966
177
-171
-172
-173
-175
-178
-179
-187
-197
-277
-287
-297
-377
-387
-397
-117
-127
-137
-157
-477
-577
-677
-777
-877
-977
219
-211
-212
-213
-214
-215
-216
-217
-218
-119
-129
-139
-229
-239
-319
-329
-339
-249
-259
-269
-279
-289
-299
-419
-519
-619
-719
-819
-919
223
-221
-222
-224
-225
-226
-227
-228
-113
-123
-133
-233
-313
-323
-333
-243
-253
-263
-273
-283
-293
-423
-523
-623
-723
-823
-923
285
-281
-282
-284
-286
-288
-185
-195
-275
-295
-375
-385
-395
-235
-245
-255
-265
-485
-585
-685
-785
-885
-985
338
-331
-332
-334
-335
-336
-337
-118
-128
-138
-238
-318
-328
-348
-358
-368
-378
-388
-398
-438
-538
-638
-738
-838
-938
345
-341
-342
-343
-347
-349
-155
-355
-365
-315
-325
-445
-545
-645
-745
-845
-945
476
-471
-472
-473
-474
-475
-478
-479
-486
-496
-576
-586
-596
-676
-686
-696
-416
-426
-436
-446
-456
-276
-376
-776
-876
-976
531
-532
-533
-534
-535
-536
-537
-539
-411
-421
-431
-511
-521
-611
-621
-631
-541
-551
-561
-571
-581
-591
-131
-231
-731
-831
-931
542
-543
-546
-547
-548
-549
-442
-452
-462
-552
-562
-642
-652
-662
-512
-522
-572
-582
-592
-242
-742
-842
-942
598
-593
-594
-595
-597
-599
-488
-498
-578
-588
-678
-688
-698
-518
-528
-558
-568
-198
-298
-798
-898
-998
615
-612
-613
-614
-616
-617
-618
-415
-425
-435
-515
-525
-625
-635
-655
-665
-675
-695
-115
-715
-815
-915
628
-622
-624
-626
-627
-629
-418
-428
-648
-658
-668
-728
-828
-928
694
-691
-692
-693
-697
-699
-484
-494
-574
-584
-674
-684
-634
-654
-664
-294
-394
-794
-894
-994
717
-711
-712
-713
-714
-716
-718
-727
-737
-817
-827
-837
-917
-927
-937
-747
-757
-767
-787
-797
-317
-417
-517
733
-732
-734
-735
-736
-739
-813
-833
-913
-933
-743
-753
-763
-773
-783
-793
-433
-633
748
-741
-746
-749
-758
-768
-848
-858
-868
-948
-958
-968
-778
-788
-248
-448
855
-851
-852
-853
-854
-856
-857
-859
-755
-765
-865
-955
-965
-825
-835
-875
-895
-455
-555
878
-871
-872
-873
-874
-879
-888
-978
-988
-818
918
-911
-912
-914
-916
-278
188
-181
-182
-183
-189
-158
892
-891
-893
-896
-897
-899
-772
-782
-792
-882
-972
-982
-992
-812
-822
-832
-862
-192
-292
-392
-492
924
-921
-922
-925
-926
-929
-724
-814
-824
-834
-934
-954
-964
-974
-984
-324
-424
-524
947
-941
-943
-946
-949
-847
-867
-957
-967
887
-881
-883
-884
-886
-889
-987
-997
864
-861
-863
-869
-754
-764
843
-841
-846
-849
-953
-963
-443
-643
646
-641
-647
-649
-556
-656
-636
-247
241
-151
-251
-261
-351
-361
-271
-291
296
-386
-396
-236
-441
-447
449
-459
-469
-559
-569
-659
-669
-429
-439
-489
-499
-464
-564
-487
-587
-687
497
-491
-493
-495
575
-573
-579
465
-461
-463
-467
-468
-565
458
-451
-453
-454
-457
554
-553
-557
481
-482
-483
-671
-681
413
-412
-414
-513
434
-432
-437
-514
516
-526
422
-427
-632
314
-311
-312
-316
-234
326
-321
-322
-327
237
-232
274
-272
-374
-384
-257
-267
112
-111
121
-122
-125
-132
135
-191
-152
811
-816
-721
-821
-722
932
-935
-936
-939
725
-726
-729
-775
-795
-952
-962
-826
829
836
-839
527
-529
-637
639
-567
563
-653
-663
-583
589
-679
-689
-258
252
-262
268
-352
-362
-752
762
-761
-769
-363
-774
784
-781
-786
-789
-975
995
-991
-993
-996
-999
-381
-981
986
-983
-989
973
-971
-979
-796
756
-751
-759
-956
-373
-673
672
-682
683
-372
382
-383
-389
961
-969
-951
959
651
-657
-661
667
357
-353
-359
153
-159
-367
369
-193
199
393
-391
-399
371
-379
-771
779
791
-799
