133
-131
-132
-134
-135
-136
-137
-138
-139
-113
-123
-213
-223
-233
-313
-323
-333
-143
-153
-163
-173
-183
-193
-433
-533
-633
-733
-833
-933
148
-141
-142
-144
-145
-146
-147
-149
-158
-168
-248
-258
-268
-348
-358
-368
-118
-128
-178
-188
-198
-448
-548
-648
-748
-848
-948
187
-181
-182
-184
-185
-186
-189
-177
-197
-277
-287
-297
-377
-387
-397
-117
-127
-157
-167
-487
-587
-687
-787
-887
-987
212
-211
-214
-215
-216
-217
-218
-219
-112
-122
-222
-232
-312
-322
-332
-242
-252
-262
-272
-282
-292
-412
-512
-612
-712
-812
-912
226
-221
-224
-225
-227
-228
-229
-116
-126
-236
-316
-326
-336
-246
-256
-266
-276
-286
-296
-426
-526
-626
-726
-826
-926
285
-281
-283
-284
-288
-289
-175
-195
-275
-295
-375
-385
-395
-235
-245
-255
-265
-485
-585
-685
-785
-885
-985
299
-291
-293
-294
-298
-179
-199
-279
-379
-389
-399
-239
-249
-259
-269
-499
-599
-699
-799
-899
-999
331
-334
-335
-337
-338
-339
-111
-121
-231
-311
-321
-341
-351
-361
-371
-381
-391
-431
-531
-631
-731
-831
-931
374
-372
-373
-376
-378
-174
-194
-274
-384
-394
-314
-324
-344
-354
-364
-474
-574
-674
-774
-874
-974
393
-392
-396
-398
-273
-383
-343
-353
-363
-493
-593
-693
-793
-893
-993
416
-411
-413
-414
-415
-417
-418
-419
-436
-516
-536
-616
-636
-446
-456
-466
-476
-486
-496
-716
-816
-916
441
-442
-443
-444
-445
-447
-449
-451
-461
-541
-551
-561
-641
-651
-661
-421
-471
-481
-491
-241
-741
-841
-941
467
-462
-463
-464
-465
-468
-469
-457
-547
-557
-567
-647
-657
-667
-427
-437
-477
-497
-267
-367
-767
-867
-967
559
-552
-553
-554
-555
-556
-558
-459
-549
-569
-649
-659
-669
-519
-529
-539
-579
-589
-159
-359
-759
-859
-959
583
-581
-582
-584
-586
-588
-473
-483
-573
-673
-683
-513
-523
-543
-563
-783
-883
-983
643
-642
-644
-645
-646
-453
-653
-663
423
-422
-424
-425
-428
-429
-613
-623
-723
-823
-923
-243
-743
-843
-943
668
-662
-664
-665
-666
-458
-568
-658
-618
-628
-638
-678
-688
-698
-768
-868
-968
691
-692
-694
-695
-696
-697
-571
-591
-671
-681
-611
-621
-191
-791
-891
-991
718
-711
-713
-714
-715
-717
-719
-728
-738
-818
-828
-838
-918
-928
-938
-758
-778
-788
-798
-318
-518
732
-734
-735
-736
-737
-739
-722
-822
-832
-922
-932
-742
-752
-762
-772
-782
-792
-432
-532
-632
773
-771
-775
-776
-777
-779
-873
-973
-753
-763
813
-811
-814
-815
-817
-819
-913
-853
-863
827
-821
-824
-825
-829
-727
-837
-917
-927
-937
-847
-857
-877
-897
-327
-527
-627
884
-881
-882
-886
-888
-889
-784
-794
-894
-984
-994
-834
-844
-854
-864
-484
-684
896
-892
-895
-898
-786
-796
-876
-976
-986
-996
-836
936
-934
-935
-939
-846
-856
-866
-946
-956
-966
-196
192
-172
-382
-152
-162
-492
-592
-992
-596
924
-921
-925
-929
-724
-914
-944
-954
-964
-124
-524
-624
965
-961
-962
-963
-969
953
-951
-952
-955
-957
-958
-745
-755
-765
-845
-855
-865
-945
858
-851
-852
-878
-915
-975
-995
-253
263
-261
-264
-165
-365
-565
979
-971
-972
-977
-978
-789
781
-871
-981
-879
-989
-721
911
-919
-751
-761
861
-862
-869
-949
-511
521
-522
-525
-528
622
-625
-629
-652
-672
-682
328
-325
-329
-238
278
-271
171
-176
386
-388
-151
-161
251
-254
-257
-346
-356
-366
-478
-578
-479
-679
-686
689
-489
439
-434
-435
-438
538
-534
-535
-537
-619
-639
-598
-839
835
-725
729
795
-797
-875
872
-982
988
997
-998
-749
-769
849
-842
942
-947
125
-129
-115
-315
-155
-635
-342
-542
-349
-472
475
-495
-575
-595
-675
-455
-572
482
-488
498
-494
594
-597
-452
454
562
-564
-566
-544
-654
-514
352
-355
-357
-362
369
345
-347
247
-244
-169
119
-114
234
-237
317
-319
614
-615
-617
-634
637
515
-517
-545
546
655
-656
-576
577
676
-677
744
-746
-747
-754
-764
766
-756
757
-154
156
164
-166
