132
-131
-133
-134
-135
-136
-137
-138
-139
-112
-122
-212
-222
-232
-312
-322
-332
-142
-152
-162
-172
-182
-192
-432
-532
-632
-732
-832
-932
223
-221
-224
-225
-226
-227
-228
-229
-113
-123
-213
-233
-313
-323
-333
-243
-253
-263
-273
-283
-293
-423
-523
-623
-723
-823
-923
268
-261
-262
-264
-265
-266
-267
-269
-148
-158
-168
-248
-258
-348
-358
-368
-218
-238
-278
-288
-298
-468
-568
-668
-768
-868
-968
279
-271
-272
-274
-275
-276
-277
-179
-189
-199
-289
-299
-379
-389
-399
-219
-239
-249
-259
-479
-579
-679
-779
-879
-979
314
-311
-315
-316
-317
-318
-319
-114
-124
-214
-234
-324
-334
-344
-354
-364
-374
-384
-394
-414
-514
-614
-714
-814
-914
353
-351
-352
-355
-356
-357
-359
-143
-153
-163
-343
-363
-373
-383
-393
-453
-553
-653
-753
-853
-953
375
-371
-372
-376
-377
-378
-175
-185
-195
-285
-295
-385
-395
-325
-335
-345
-365
-475
-575
-675
-775
-875
-975
398
-391
-392
-396
-397
-178
-188
-198
-388
-328
-338
-498
-598
-698
-798
-898
-998
428
-421
-422
-424
-425
-426
-427
-429
-418
-438
-518
-528
-538
-618
-628
-638
-448
-458
-478
-488
-128
118
-111
-115
-116
-117
-119
-718
-818
-918
-728
-828
-928
445
-441
-442
-443
-444
-446
-447
-449
-455
-465
-545
-555
-565
-645
-655
-665
-415
-435
-485
-495
-145
-245
-745
-845
-945
454
-451
-452
-456
-457
-459
-464
-544
-554
-564
-644
-654
-664
-434
-474
-484
-494
-154
-254
-754
-854
-954
536
-531
-533
-534
-535
-537
-539
-416
-436
-516
-526
-616
-626
-636
-546
-556
-566
-576
-586
-596
-236
-336
-736
-836
-936
541
-542
-543
-547
-548
-549
-461
-551
-561
-641
-651
-661
-511
-521
-571
-581
-591
-141
-241
-341
-741
-841
-941
573
-572
-574
-577
-578
-473
-483
-493
-583
-593
-673
-683
-693
-513
-563
-173
-773
-873
-973
659
-652
-656
-657
-658
-469
-559
-569
-649
-669
-619
-629
-639
-689
-699
-159
-759
-859
-959
667
-662
-663
-666
-467
-557
-567
562
-462
-552
558
-642
-647
-648
-512
-522
-582
-592
-588
-617
-627
-637
-677
-687
-697
-758
-858
-958
-362
-762
-862
-962
-167
-367
-767
-867
-967
685
-681
-682
-684
-686
-688
-585
-595
-695
678
-671
-672
-674
-676
-615
-625
-635
-778
-878
-978
-785
-885
-985
713
-711
-712
-715
-716
-717
-719
-733
-813
-833
-913
-933
-743
-763
-783
-793
-413
-613
735
-731
-734
-737
-738
-739
-725
-815
-825
-835
-915
-925
-935
-755
-765
-795
-235
757
-751
-752
-756
-747
-847
-857
-947
-957
-727
-777
-787
-797
-157
-257
791
-792
-794
-796
-799
-771
-781
-871
-881
-891
-971
-981
-991
-721
-761
-191
-291
-491
-691
838
-831
-834
-837
-839
-938
-848
-888
842
-843
-844
-846
-849
-742
-852
-942
-952
-812
-822
-872
-882
-892
-242
-342
252
-251
-255
-256
-282
-292
382
-381
-386
-387
215
-211
-216
-217
-125
-515
525
-524
-527
-529
-482
-782
-982
886
-883
-884
-887
-889
-776
-786
-876
-896
-976
-986
-996
-816
-826
-856
-866
916
-911
-912
-917
-919
-726
-926
-946
-956
-966
156
-151
-155
165
-161
-164
-166
-169
361
-366
-369
-146
-246
-346
-126
326
-321
-327
-329
-176
-186
-196
-331
-861
-961
-865
-965
476
-471
-472
-477
481
-486
-487
-489
-496
-696
-411
-431
-466
463
-643
646
-433
633
-631
-634
624
-621
-622
611
-612
412
-417
-419
-492
692
-694
-811
-724
-824
-924
934
-931
-937
-939
-944
-964
-974
-984
-994
231
-237
-121
-281
943
-948
-949
-863
-963
969
748
-744
-746
-749
766
-764
-769
864
-869
-788
988
-983
-987
-989
893
-894
-895
-897
-899
-993
995
-992
-997
-999
789
-784
774
-772
972
-977
-874
877
722
-729
-922
855
-851
951
-955
821
-827
-829
-921
-817
819
927
-929
517
-519
-437
439
497
-499
-587
-597
-127
129
337
-339
-149
349
-347
171
-174
-177
-181
183
-184
-187
-193
-286
296
-294
-297
287
-284
194
-197
-144
147
244
-247
584
-589
-594
599
