173
-171
-172
-174
-175
-176
-177
-178
-179
-183
-193
-273
-283
-293
-373
-383
-393
-113
-123
-133
-143
-153
-163
-473
-573
-673
-773
-873
-973
191
-192
-194
-195
-196
-197
-198
-199
-181
-271
-281
-291
-371
-381
-391
-111
-121
-131
-141
-151
-161
-491
-591
-691
-791
-891
-991
214
-211
-212
-213
-215
-216
-217
-218
-219
-114
-124
-134
-224
-234
-314
-324
-334
-244
-254
-264
-274
-284
-294
-414
-514
-614
-714
-814
-914
247
-241
-242
-243
-245
-246
-248
-249
-147
-157
-167
-257
-267
-347
-357
-367
-227
-237
-277
-287
-297
-447
-547
-647
-747
-847
-947
372
-374
-375
-376
-377
-378
-379
-182
-272
-282
-292
-382
-392
-312
-322
-332
-342
-352
-362
-472
-572
-672
-772
-872
-972
422
-421
-423
-424
-425
-426
-427
-428
-429
-412
-432
-512
-522
-532
-612
-622
-632
-442
-452
-462
-482
-492
-122
-222
-722
-822
-922
458
-451
-453
-454
-455
-456
-457
-459
-448
-468
-548
-558
-568
-648
-658
-668
-418
-438
-478
-488
-498
-158
-258
-358
-758
-858
-958
553
-551
-552
-554
-555
-556
-557
-559
-443
-463
-543
-563
-643
-653
-663
-513
-523
-533
-583
-593
-253
-353
-753
-853
-953
586
-581
-582
-584
-585
-587
-588
-589
-476
-486
-496
-576
-596
-676
-686
-696
-516
-526
-536
-546
-566
-186
-286
-386
-786
-886
-986
615
-611
-613
-616
-617
-618
-619
-415
-435
-515
-525
-535
-625
-635
-645
-655
-665
-675
-685
-695
-115
-315
-715
-815
-915
684
-681
-682
-683
-687
-688
-689
-474
-484
-494
-574
-594
-674
-694
-624
-634
-644
-654
-664
-184
-384
394
-395
-396
-397
-398
-399
-344
-354
-364
-784
-884
-984
-794
-894
-994
731
-732
-733
-734
-735
-736
-737
-738
-739
-711
-721
-811
-821
-831
-911
-921
-931
-741
-751
-761
-771
-781
-231
-331
-431
-531
-631
744
-742
-743
-745
-746
-748
-749
-754
-764
-844
-854
-864
-944
-954
-964
-724
-774
-144
-444
-544
154
-152
-155
-156
-159
-164
766
-762
-763
-765
-767
-768
-769
-756
-846
-856
-866
-946
-956
-966
-716
-726
-776
-796
-166
-266
-366
-466
-666
823
-824
-825
-826
-827
-828
-829
-713
-723
-813
-833
-913
-923
-933
-843
-863
-883
-893
-223
-323
-623
871
-874
-875
-876
-877
-878
-879
-881
-971
-981
974
-975
-976
-977
-978
-979
-841
-851
-861
834
-832
-835
-836
-837
-838
-839
-924
-934
524
-521
-527
-528
-529
-434
-534
464
-461
-465
-467
-469
-564
-471
-571
-671
481
-483
-485
-487
-489
-411
-441
276
-275
-278
-279
-296
-226
-236
-256
945
-941
-942
-943
-948
-949
963
-961
-962
-965
-967
-968
-969
951
-952
-955
-957
-959
-755
-845
-855
-865
-983
-993
-925
-935
725
-727
-728
-729
-775
-785
-795
-985
-995
-125
-225
-325
343
-341
-345
-346
-348
-349
-263
-363
233
-232
-235
-238
-239
-313
-333
413
-416
-417
-419
-433
-633
-493
693
-692
-697
-698
-699
592
-595
-597
-598
-599
-542
-562
-145
-445
-545
565
-561
-567
-569
-575
-251
-351
-651
-165
-265
-365
475
-477
-479
-495
783
-782
-787
-788
-789
-793
-792
-892
-992
-112
132
-135
-136
-137
-138
-139
335
-336
-337
-338
-339
-142
-162
185
-187
-188
-189
-285
-295
-385
387
-388
-389
255
-252
-259
262
-261
-268
-269
361
-368
-369
-355
221
-228
-229
-311
-321
-317
-327
511
-517
-518
-519
-621
-541
549
-449
446
-646
-656
-649
-659
-669
-436
-539
-579
-932
641
-642
-661
842
-848
-849
-752
-852
-862
868
-867
-869
712
-717
-718
-719
-812
-912
-882
982
-987
-988
-989
-818
-888
-898
-146
356
-359
-316
-326
148
-149
-168
169
-118
-128
-119
-129
652
-657
-662
667
-627
-637
-677
-885
895
-896
-897
-899
996
-997
-998
-999
816
-817
-819
-916
-926
-936
-116
117
126
-127
-917
-626
636
-638
-639
927
-928
-929
-937
-887
889
-779
-799
759
-757
857
-859
679
-678
578
-577
497
-499
-437
439
537
-538
628
-629
-328
329
318
-319
-918
919
938
-939
777
-778
-797
798
288
-289
-298
299
