123
-121
-122
-124
-125
-126
-127
-128
-129
-113
-133
-213
-223
-233
-313
-323
-333
-143
-153
-163
-173
-183
-193
-423
-523
-623
-723
-823
-923
161
-162
-164
-165
-166
-167
-168
-169
-141
-151
-241
-251
-261
-341
-351
-361
-111
-131
-171
-181
-191
-461
-561
-661
-761
-861
-961
179
-172
-174
-175
-176
-177
-178
-189
-199
-279
-289
-299
-379
-389
-399
-119
-139
-149
-159
-479
-579
-679
-779
-879
-979
217
-211
-212
-214
-215
-216
-218
-219
-117
-137
-227
-237
-317
-327
-337
-247
-257
-267
-277
-287
-297
-417
-517
-617
-717
-817
-917
256
-252
-253
-254
-255
-258
-259
-146
-156
-246
-266
-346
-356
-366
-226
-236
-276
-286
-296
-456
-556
-656
-756
-856
-956
274
-271
-272
-273
-275
-278
-184
-194
-284
-294
-374
-384
-394
-224
-234
-244
-264
-474
-574
-674
-774
-874
-974
338
-331
-332
-334
-335
-336
-339
-118
-138
-228
-238
-318
-328
-348
-358
-368
-378
-388
-398
-438
-538
-638
-738
-838
-938
422
-421
-424
-425
-426
-427
-428
-429
-412
-432
-512
-522
-532
-612
-622
-632
-442
-452
-462
-472
-482
-492
-222
-322
-722
-822
-922
435
-431
-433
-434
-436
-437
-439
-415
-515
-525
-535
-615
-625
-635
-445
-455
-465
-475
-485
-495
-135
-235
-735
-835
-935
449
-441
-443
-444
-446
-447
-448
-459
-469
-549
-559
-569
-649
-659
-669
-419
-489
-499
-249
-349
-749
-849
-949
463
-464
-466
-467
-468
-453
-543
-553
-563
-643
-653
-663
-413
-473
-483
-493
-263
-363
-763
-863
-963
471
-476
-477
-478
-481
-491
-571
-581
-591
-671
-681
-691
-411
-451
-371
-771
-871
-971
486
-484
-487
-488
-496
-576
-586
-596
-676
-686
-696
-416
-186
-386
-786
-886
-986
575
-572
-573
-577
-578
-585
-595
-675
-685
-695
-545
-555
-565
-375
-775
-875
-975
611
-613
-614
-616
-618
-619
-511
-521
-531
-621
-631
-641
-651
-311
-711
-811
-911
657
-652
-654
-655
-658
-457
-547
-557
-567
-647
-667
497
-494
-498
-587
-597
-677
-687
-697
-627
-637
-157
-357
-757
-857
-957
-197
-397
-797
-897
-997
693
-692
-694
-698
-699
-583
-593
-673
-683
-633
-293
-393
-793
-893
-993
718
-712
-713
-714
-715
-716
-719
-728
-818
-828
-918
-928
-748
-758
-768
-778
-788
-798
-418
414
-514
-524
-534
-624
-634
-454
458
-548
-558
-568
-648
-668
-114
-314
-814
-914
-518
-158
-858
-958
821
-824
-825
-826
-827
-829
-721
-731
-831
-921
-931
-841
-851
-881
-891
-221
-321
231
-232
-239
-281
-291
852
-853
-854
-855
-859
-742
-752
-762
-842
-862
-942
-952
-962
-812
-832
-872
-882
-892
-152
-352
-552
955
-951
-953
-954
-959
-745
-755
-765
-845
-865
-945
-965
-915
-925
-985
-995
-155
154
-144
-344
-354
-364
-134
324
-325
-326
-329
-724
-924
-554
551
-541
-751
-754
-355
969
-964
-966
-967
-968
-759
753
-743
-843
-943
-769
-869
-733
-773
-783
-919
-929
-939
-989
-999
-353
359
-269
-369
229
-225
-319
725
-726
-727
-729
-815
-785
-795
-529
-629
987
-981
-982
-983
-984
-988
-777
-787
-877
-887
-977
-927
926
-736
-816
-836
-916
-936
-946
-976
-996
-937
-947
-526
-626
628
-528
527
-537
-678
672
-582
-592
-682
-642
-662
-688
-372
-772
776
-796
-876
-896
-746
-766
-972
-376
377
-373
-187
-387
147
-142
-145
-148
-347
-367
-747
-847
992
-991
-994
-998
-782
-792
732
-734
-737
-739
-912
913
-932
-813
819
-833
-933
934
-834
837
-839
767
-764
-867
-889
-899
941
-944
-948
-741
744
-844
-864
-784
-794
-973
978
-878
873
-883
-888
-898
-513
533
-536
-539
-519
516
-636
639
-546
-566
-689
684
-584
-594
-644
-664
-116
-316
136
-132
-196
396
-391
-392
-395
381
-382
-383
-385
283
-282
-285
-288
-243
343
-342
-345
-544
542
-562
564
-242
-781
789
791
-799
182
-185
-188
-192
-292
-112
115
312
-315
-195
198
295
-298
262
-265
-268
-362
365
-245
248
645
-646
-665
666
846
-848
-866
868
-884
885
894
-895
588
-589
-598
599
