121
-122
-123
-124
-125
-126
-127
-128
-129
-111
-131
-211
-221
-231
-311
-321
-331
-141
-151
-161
-171
-181
-191
-421
-521
-621
-721
-821
-921
256
-251
-252
-253
-254
-255
-257
-258
-259
-146
-156
-166
-246
-266
-346
-356
-366
-216
-226
-236
-276
-286
-296
-456
-556
-656
-756
-856
-956
295
-291
-292
-293
-294
-297
-298
-299
-175
-185
-195
-275
-285
-375
-385
-395
-215
-225
-235
-245
-265
-495
-595
-695
-795
-895
-995
329
-322
-323
-324
-325
-326
-327
-328
-119
-139
-219
-229
-239
-319
-339
-349
-359
-369
-379
-389
-399
-429
-529
-629
-729
-829
-929
332
-333
-334
-335
-336
-337
-338
-112
-132
-212
-222
-232
-312
-342
-352
-362
-372
-382
-392
-432
-532
-632
-732
-832
-932
364
-361
-363
-365
-367
-368
-144
-154
-164
-244
-264
-344
-354
-314
-374
-384
-394
-464
-564
-664
-764
-864
-964
373
-371
-376
-377
-378
-173
-183
-193
-273
-283
-383
-393
-313
-343
-353
-473
-573
-673
-773
-873
-973
387
-381
-386
-388
-177
-187
-197
-277
-287
-397
-317
-347
-357
-487
-587
-687
-787
-887
-987
469
-461
-462
-463
-465
-466
-467
-468
-449
-459
-549
-559
-569
-649
-659
-669
-419
-439
-479
-489
-499
-169
-269
-769
-869
-969
514
-511
-512
-513
-515
-516
-517
-518
-519
-414
-424
-434
-524
-534
-614
-624
-634
-544
-554
-574
-584
-594
-114
-214
-714
-814
-914
593
-591
-592
-596
-597
-598
-599
-483
-493
-583
-683
-693
-523
-533
-543
-553
-563
-793
-893
-993
612
-611
-613
-615
-616
-617
-618
-619
-412
-422
-522
-622
-642
-652
-662
-672
-682
-692
-712
-812
-912
657
-651
-653
-654
-655
-658
-447
-457
-547
-557
-567
-647
-667
-627
-637
-677
-697
-157
-757
-857
-957
685
-681
-684
-686
-688
-689
-475
-485
-575
-585
-675
-625
-635
-645
-665
-785
-885
-985
761
-762
-763
-765
-766
-767
-768
-741
-751
-841
-851
-861
-941
-951
-961
-711
-731
-771
-781
-791
-261
-561
-661
798
-792
-794
-796
-797
-799
-778
-788
-878
-888
-898
-978
-988
-998
-718
-728
-738
-748
-758
-198
-398
-498
-698
818
-811
-813
-815
-816
-817
-819
-828
-838
-918
-928
-938
-848
-858
-868
-118
-218
-318
-418
846
-842
-843
-844
-845
-847
-849
-746
-866
-946
-966
-826
-836
-876
-886
-896
-446
-546
-646
883
-881
-882
-884
-889
-783
-983
-823
-833
-853
-863
897
-891
-892
-894
-899
-777
-877
-977
-997
-827
-837
-867
-497
949
-942
-943
-944
-945
-947
-948
-749
-759
-859
-959
-919
-939
-979
-989
-999
719
-713
-715
-716
-717
-739
-839
-779
-789
879
-871
-872
-874
-875
831
-834
-835
-911
-931
411
-413
-415
-416
-417
-431
-531
-631
-441
-451
-471
-481
-491
-149
-249
159
-152
-153
-155
-158
-179
-189
-199
-279
289
-281
-282
-284
-288
-579
-679
-589
699
-691
-694
-696
539
-535
-536
-537
-538
-639
952
-953
-954
-955
-958
-742
-752
-852
-862
865
-962
-745
-755
-855
854
-744
-754
753
-743
747
-963
-965
-967
968
-723
-733
-727
-737
822
-824
-825
-722
-922
-972
-982
-992
-147
-247
-452
-552
-453
-454
-165
-565
-168
-268
-568
-668
986
-981
-984
-776
-786
-976
-996
-916
-926
-936
581
-582
-586
-588
-571
-671
-541
-551
641
-643
-644
-648
444
-442
-443
-445
-448
663
-666
566
-562
542
-545
-548
-474
-484
-494
674
-676
-678
-572
-526
-576
-623
-633
-241
271
-272
-274
-278
-391
396
-176
-186
-196
-316
315
-115
-135
145
-142
-143
-148
-345
-355
-915
116
-113
-117
-136
-341
348
351
-358
-248
-242
243
-163
-263
133
-134
-137
-138
-213
217
-223
-233
-227
-237
167
-162
262
-267
913
-917
-923
-933
423
-425
-426
-427
-428
-433
-971
991
-994
-174
-774
-974
975
784
-782
772
-775
-724
-734
-925
-935
-172
178
-188
-472
476
-477
-478
-486
-496
492
-482
488
577
-578
-436
437
-435
-438
525
-527
-528
455
-458
-555
558
-725
726
735
-736
-626
628
636
-638
927
-924
934
-937
224
-228
-234
238
182
-184
-192
194
