148
-141
-142
-143
-144
-145
-146
-147
-149
-158
-168
-248
-258
-268
-348
-358
-368
-118
-128
-138
-178
-188
-198
-448
-548
-648
-748
-848
-948
183
-181
-182
-184
-185
-186
-187
-189
-173
-193
-273
-283
-293
-373
-383
-393
-113
-123
-133
-153
-163
-483
-583
-683
-783
-883
-983
199
-191
-192
-194
-195
-196
-197
-179
-279
-289
-299
-379
-389
-399
-119
-129
-139
-159
-169
-499
-599
-699
-799
-899
-999
229
-221
-222
-223
-224
-225
-226
-227
-228
-219
-239
-319
-329
-339
-249
-259
-269
-429
-529
-629
-729
-829
-929
253
-251
-252
-254
-255
-256
-257
-243
-263
-343
-353
-363
-213
-233
-453
-553
-653
-753
-853
-953
267
-261
-262
-264
-265
-266
-157
-167
-247
-347
-357
-367
-217
-237
-277
-287
-297
-467
-567
-667
-767
-867
-967
313
-311
-312
-314
-315
-316
-317
-318
-323
-333
-413
-513
-613
-713
-813
-913
365
-361
-362
-364
-366
-369
-155
-165
-245
-345
-355
-325
-335
-375
-385
-395
-465
-565
-665
-765
-865
-965
371
-372
-374
-376
-377
-378
-171
-271
-281
-291
-381
-391
-321
-331
-341
-351
-471
-571
-671
-771
-871
-971
417
-411
-412
-414
-415
-416
-418
-419
-427
-437
-517
-527
-537
-617
-627
-637
-447
-457
-477
-487
-497
-117
-717
-817
-917
441
-442
-443
-444
-445
-446
-449
-451
-461
-541
-551
-561
-641
-651
-661
-421
-431
-481
-491
-241
-741
-841
-941
489
-482
-484
-485
-486
-488
-479
-579
-589
-679
-689
-439
-459
-469
-789
-889
-989
519
-511
-512
-514
-515
-516
-518
-539
-619
-639
-549
-559
-569
-719
-819
-919
533
-531
-532
-534
-535
-536
-538
-423
-433
-523
-623
-633
-543
-563
-573
-593
-733
-833
-933
578
-572
-574
-575
-576
-577
-478
-498
-588
-598
-678
-688
-698
-528
-558
-568
-278
-778
-878
-978
596
-591
-592
-594
-595
-597
-476
-496
-586
-676
-686
-696
-526
-546
-556
-566
-296
-396
-796
-896
-996
622
-621
-624
-625
-626
-628
-422
-432
-522
-612
-632
-642
-652
-662
-672
-682
-692
-122
-322
-722
-822
-922
669
-663
-664
-666
-668
-649
-659
-769
-869
-969
693
-691
-694
-695
-697
-473
-493
-673
463
-462
-464
-466
-468
-643
-763
-863
-963
-793
-893
-993
739
-731
-732
-734
-735
-736
-737
-738
-839
-939
-749
-759
-779
746
-742
-743
-744
-745
-747
-756
-766
-846
-856
-866
-946
-956
-966
-716
-726
-776
-786
-246
-346
-646
166
-161
-162
-164
151
-152
-154
-156
-356
-111
-121
-131
-116
-126
-136
-176
-751
-851
-951
795
-791
-792
-794
-797
-798
-775
-785
-875
-885
-895
-975
-985
-995
-715
-725
-755
-295
-495
845
-842
-843
-844
-847
-849
943
-942
-944
-945
-947
-949
-855
-955
-815
-825
-835
-923
-973
-545
-645
349
-342
-344
-359
859
-852
-854
-857
-858
-959
-879
979
-972
-974
-976
-977
887
-881
-882
-884
-886
-888
-777
-787
-877
-897
-987
-997
-827
-837
-387
-587
-687
677
-674
-675
-647
644
-454
-544
-554
-564
562
-452
-542
547
-552
-654
-557
555
-455
-655
-657
-582
-525
-585
-614
-634
-684
242
-244
-352
354
-212
-232
-272
-282
-292
-324
-334
-384
-394
-754
-954
-762
-862
-962
-177
397
-392
-398
-327
-337
916
-911
-912
-914
-915
-918
-816
-826
-836
-926
-936
876
-872
-873
-874
773
-772
-774
-986
-723
823
-821
-824
-828
-216
-616
-276
927
-921
-924
-925
-928
935
-931
-932
-934
-937
-938
-727
757
-752
-758
952
-957
-958
-982
-992
-127
137
-132
-134
-135
-235
-435
-635
964
-961
-968
-764
-864
-984
-994
-112
332
-336
-338
172
-174
-175
-382
-832
-472
492
-494
782
-781
-784
-788
-892
894
-891
-898
-712
812
-811
-814
-818
-834
991
-998
-981
988
-288
-388
386
-286
298
-294
236
-231
-234
-238
211
-214
-215
-218
-326
328
-611
-711
426
-424
-425
-428
615
-618
-436
-636
475
-474
584
-581
681
-685
434
-438
-524
521
-631
638
-456
458
656
-658
-115
114
-124
125
-714
718
724
-721
-728
831
-838
761
-768
-861
868
274
-275
-284
285
