139
-131
-132
-133
-134
-135
-136
-137
-138
-119
-129
-219
-229
-239
-319
-329
-339
-149
-159
-169
-179
-189
-199
-439
-539
-639
-739
-839
-939
142
-141
-143
-144
-145
-146
-147
-148
-152
-162
-242
-252
-262
-342
-352
-362
-112
-122
-172
-182
-192
-442
-542
-642
-742
-842
-942
181
-183
-184
-185
-186
-187
-188
-171
-191
-271
-281
-291
-371
-381
-391
-111
-121
-151
-161
-481
-581
-681
-781
-881
-981
196
-193
-194
-195
-197
-198
-176
-276
-286
-296
-376
-386
-396
-116
-126
-156
-166
-496
-596
-696
-796
-896
-996
235
-231
-232
-233
-234
-236
-237
-238
-115
-125
-215
-225
-315
-325
-335
-245
-255
-265
-275
-285
-295
-435
-535
-635
-735
-835
-935
253
-251
-254
-256
-257
-258
-259
-153
-163
-243
-263
-343
-353
-363
-213
-223
-273
-283
-293
-453
-553
-653
-753
-853
-953
277
-272
-274
-278
-279
-177
-287
-297
-377
-387
-397
-217
-227
-247
-267
-477
-577
-677
-777
-877
-977
318
-311
-312
-313
-314
-316
-317
-118
-128
-218
-228
-328
-338
-348
-358
-368
-378
-388
-398
-418
-518
-618
-718
-818
-918
382
-383
-384
-385
-389
-282
-292
-372
-392
-322
-332
-482
-582
-682
-782
-882
-982
425
-421
-422
-423
-424
-426
-427
-428
-429
-415
-515
-525
-615
-625
-445
-455
-465
-475
-485
-495
-725
-825
-925
431
-432
-433
-434
-436
-437
-438
-411
-511
-521
-531
-611
-621
-631
-441
-451
-461
-471
-491
-331
-731
-831
-931
452
-454
-456
-457
-458
-459
-462
-552
-562
-652
-662
-412
-472
-492
-752
-852
-952
497
-493
-494
-498
-499
-487
-587
-597
-687
-697
-417
-447
-467
-797
-897
-997
551
-554
-555
-556
-557
-558
-559
-541
-561
-641
-651
-661
-571
-591
-351
-751
-851
-951
614
-612
-613
-616
-617
-619
-414
-514
-524
-534
-624
-634
-644
-654
-664
-674
-684
-694
-114
-214
-714
-814
-914
656
-655
-657
-658
-659
-446
-466
-546
-566
-646
-666
-626
-636
-676
-686
-356
-756
-856
-956
675
-671
-672
-673
-678
-679
691
-692
-693
-695
-698
-699
-575
-585
-595
-685
-645
-665
-175
-375
395
-393
-394
-399
-345
-355
-365
-775
-875
-975
-791
-891
-991
-795
-895
-995
688
-683
-689
-478
-488
-578
-588
-598
-628
-638
-648
-668
-288
-788
-888
-988
727
-721
-722
-723
-724
-726
-728
-729
-717
-737
-817
-827
-837
-917
-927
-937
-747
-757
-767
-787
-127
-327
-527
-627
793
-792
-794
-798
-799
-773
-783
-873
-883
-893
-973
-983
-993
-713
-733
-743
-763
-593
833
-832
-834
-836
-838
-813
-823
-913
-923
-933
-843
-863
-333
-533
-633
855
-854
-857
-858
-859
-745
-755
-765
-845
-865
-945
-955
-965
-815
-885
545
-543
-544
-547
-548
-549
-565
-155
165
-164
-167
-168
876
-871
-872
-874
-878
-879
-776
-786
-886
-976
-986
-816
-826
-846
-866
-476
-576
916
-911
-912
-915
-919
715
-711
-712
-716
-719
-736
-926
-936
-785
985
-984
-987
-989
887
-884
-889
-847
-867
-946
-966
-216
-416
486
-483
-484
-489
-586
-516
583
-584
-589
-473
-573
-513
-523
-563
921
-922
-924
-928
-929
-811
-821
-941
-961
-971
771
-772
-774
-778
-779
-741
-761
211
-212
-221
-321
222
-224
-226
-241
-261
-522
-622
632
-637
-512
-532
812
-819
-732
-822
-932
829
-824
-828
762
-764
-766
-768
-769
-862
-962
746
-744
-748
-749
-892
-849
-869
-899
528
-526
-529
536
-537
-538
517
-519
-567
-568
-117
113
-123
124
-323
-324
326
-334
-336
337
-173
373
-374
-379
-154
-174
178
-298
157
-158
-347
-357
-367
-346
-366
-413
419
623
-629
-449
-469
-479
474
-574
-594
-444
-464
564
-569
-643
-663
-246
266
-264
-268
-269
248
-244
-249
-448
443
-463
468
-943
963
-964
-967
-968
-969
-848
-948
-957
947
-944
-949
-647
649
667
-669
-349
-364
-864
-868
861
-841
844
-754
-954
-894
898
-978
-998
341
-344
-361
369
354
-359
-974
979
-972
992
-994
-999
784
-789
-734
738
934
-938
-758
759
958
-959
572
-579
-592
599
-284
289
294
-299
