131
-132
-133
-134
-135
-136
-137
-138
-139
-111
-121
-211
-221
-231
-311
-321
-331
-141
-151
-161
-171
-181
-191
-431
-531
-631
-731
-831
-931
144
-142
-143
-145
-146
-147
-148
-149
-154
-164
-244
-254
-264
-344
-354
-364
-114
-124
-174
-184
-194
-444
-544
-644
-744
-844
-944
189
-182
-183
-185
-186
-187
-188
-179
-199
-279
-289
-299
-379
-389
-399
-119
-129
-159
-169
-489
-589
-689
-789
-889
-989
197
-192
-193
-195
-196
-198
-177
-277
-287
-297
-377
-387
-397
-117
-127
-157
-167
-497
-597
-697
-797
-897
-997
249
-241
-242
-243
-245
-246
-247
-248
-259
-269
-349
-359
-369
-219
-229
-239
-449
-549
-649
-749
-849
-949
265
-261
-262
-263
-266
-267
-268
-155
-165
-255
-345
-355
-365
-215
-225
-235
-275
-285
-295
-465
-565
-665
-765
-865
-965
273
-271
-272
-274
-276
-278
-173
-283
-293
-373
-383
-393
-213
-223
-233
-253
-473
-573
-673
-773
-873
-973
378
-371
-372
-374
-375
-376
-178
-288
-298
-388
-398
-318
-328
-338
-348
-358
-368
-478
-578
-678
-778
-878
-978
396
-391
-392
-394
-395
-176
-286
-296
-386
-316
-326
-336
-346
-356
-366
-496
-596
-696
-796
-896
-996
461
-462
-463
-464
-466
-467
-468
-469
-441
-451
-541
-551
-561
-641
-651
-661
-411
-421
-471
-481
-491
-361
-761
-861
-961
487
-482
-483
-484
-485
-486
-488
-477
-577
-587
-677
-687
-417
-427
-437
-447
-457
-787
-887
-987
539
-532
-533
-534
-535
-536
-537
-538
-419
-429
-439
-519
-529
-619
-629
-639
-559
-569
-579
-599
-339
-739
-839
-939
572
-571
-574
-575
-576
-472
-492
-582
-592
-672
-682
-692
-512
-522
-542
-552
-562
-172
175
-385
-115
-125
-772
-872
-972
-475
-675
-775
-875
-975
616
-611
-612
-613
-614
-615
-617
-618
-416
-426
-436
-516
-526
-626
-636
-646
-656
-666
-676
-686
-116
-216
-716
-816
-916
628
-621
-622
-623
-624
-625
-627
-418
-428
-438
-518
-528
-638
-648
-658
-668
-688
-698
-128
-228
-728
-828
-928
645
-642
-643
-647
-445
-455
-545
-555
-655
-635
-685
-695
-745
-845
-945
712
-711
-713
-714
-715
-717
-718
-719
-722
-732
-812
-822
-832
-912
-922
-932
-742
-752
-762
-782
-792
-112
-212
-312
-412
736
-733
-734
-735
-737
-738
-726
-826
-836
-926
-936
-746
-756
-766
-776
-786
-236
834
-833
-835
-837
-838
-724
-814
-824
-914
-924
-934
-854
-864
-874
-884
-894
-234
-334
-434
-634
841
-842
-843
-846
-847
-848
-741
-751
-851
-941
-951
-811
-821
-871
-881
-891
-341
863
-862
-866
-867
-868
-869
-743
-753
-763
-853
-943
-953
-963
-813
-823
-883
-893
-163
-363
-563
-663
917
-911
-913
-915
-918
-919
-727
-817
-827
-927
-937
-947
-957
-967
-977
511
-513
-514
-515
-517
-521
-581
-591
-217
-317
923
-921
-925
-929
721
-723
-725
-729
-933
-771
-781
-791
-983
-993
-123
-323
-423
-523
968
-962
-964
-966
-969
-748
747
-757
-767
-857
-758
-768
-858
-948
-958
-777
877
-876
-879
-938
935
-815
-825
829
818
-819
-888
-898
-859
-899
-955
-985
-995
-988
-998
-118
113
-313
-333
-153
-413
-218
214
-224
-314
-324
238
-232
-237
-284
-294
384
-381
-382
-258
351
-352
-353
-357
-251
343
-342
-347
-414
415
-425
-435
-525
-495
-315
319
-329
325
-322
-327
-335
-443
-543
-547
-168
158
-152
-156
-458
-558
-568
-584
-684
-784
-984
979
-971
-974
-976
-779
774
-794
-994
-799
-999
-754
-764
769
954
-952
-956
-959
-759
755
-855
-785
-795
-454
-554
-654
-669
671
-674
-679
-681
683
-691
-493
-583
-593
-693
553
-556
-557
-453
-653
433
-432
-633
-474
476
-479
-586
-446
-456
-783
788
793
-798
-588
585
-595
-885
895
-892
122
-126
-222
-332
337
226
-227
-162
166
-256
257
-252
362
-367
-422
424
632
-637
-524
527
-494
-567
-652
-662
856
-852
942
-946
882
-886
-982
-992
991
-981
986
-442
448
452
-459
-548
546
-566
564
-664
667
-657
659
-498
499
598
-594
694
-699
281
-282
-291
292
