122
-121
-123
-124
-125
-126
-127
-128
-129
-112
-132
-212
-222
-232
-312
-322
-332
-142
-152
-162
-172
-182
-192
-422
-522
-622
-722
-822
-922
175
-171
-173
-174
-176
-177
-178
-179
-185
-195
-275
-285
-295
-375
-385
-395
-115
-135
-145
-155
-165
-475
-575
-675
-775
-875
-975
188
-181
-183
-184
-186
-187
-189
-198
-278
-288
-298
-378
-388
-398
-118
-138
-148
-158
-168
-488
-588
-688
-788
-888
-988
193
-191
-194
-196
-197
-199
-273
-283
-293
-373
-383
-393
-113
-133
-143
-153
-163
-493
-593
-693
-793
-893
-993
219
-211
-213
-214
-215
-216
-217
-218
-119
-139
-229
-239
-319
-329
-339
-249
-259
-269
-279
-289
-299
-419
-519
-619
-719
-819
-919
242
-241
-243
-244
-245
-246
-247
-248
-252
-262
-342
-352
-362
-272
-282
-292
-442
-542
-642
-742
-842
-942
355
-351
-353
-354
-356
-357
-358
-359
-255
-265
-345
-365
-315
-325
-335
-455
-555
-655
-755
-855
-955
368
-361
-363
-364
-366
-367
-369
-258
-268
-348
-318
-328
-338
-468
-568
-668
-768
-868
-968
397
-391
-392
-394
-396
-399
-277
-287
-297
-377
-387
-317
-327
-337
-347
-497
-597
-697
-797
-897
-997
433
-431
-432
-434
-435
-436
-437
-438
-439
-413
-423
-513
-523
-533
-613
-623
-633
-443
-453
-463
-473
-483
-233
-333
-733
-833
-933
451
-452
-454
-456
-457
-458
-459
-441
-461
-541
-551
-561
-641
-651
-661
-411
-421
-471
-481
-491
-151
-251
-751
-851
-951
462
-464
-465
-466
-467
-469
-552
-562
-652
-662
-412
-472
-482
-492
-762
-862
-962
474
-476
-477
-478
-479
-484
-494
-574
-584
-594
-674
-684
-694
-414
-424
-444
-274
-374
-774
-874
-974
495
-496
-498
-499
-485
-585
-595
-685
-695
-415
-425
-445
-795
-895
-995
617
-611
-612
-614
-615
-616
-618
-417
-427
-517
-527
-537
-627
-637
-647
-657
-667
-677
-687
-117
-717
-817
-917
632
-631
-634
-635
-636
-638
-639
-512
-532
-672
-682
-692
-732
-832
-932
644
-643
-645
-646
-648
-649
-544
-554
-564
-654
-664
-624
-144
-344
-744
-844
-944
658
-653
-656
-659
-448
-548
-558
-628
-678
-698
-758
-858
-958
671
-673
-676
-679
-571
-581
-591
-681
-691
-621
-271
276
-286
-296
-376
-386
-226
-236
-256
-266
-371
-771
-871
-971
-576
-776
-876
-976
715
-711
-712
-713
-714
-716
-718
-725
-735
-815
-825
-835
-915
-925
-935
-745
-765
-785
-515
757
-752
-753
-754
-756
-759
-747
-767
-847
-857
-867
-947
-957
-967
-727
-737
-777
-787
-157
-257
-557
869
-861
-863
-864
-865
-866
-749
-769
-849
-859
-949
-959
-969
-829
-839
-879
-889
-899
-169
-569
-669
891
-892
-894
-896
-898
-781
-791
-881
-981
-991
-811
-821
-831
-841
-291
294
-284
281
-381
-384
-221
-231
-261
-224
-234
-254
253
-263
-343
-223
-264
267
-147
-167
137
-131
-134
-136
-227
-237
-837
-937
-553
-853
-953
-567
-794
-994
914
-911
-912
-913
-916
-918
812
-813
-814
-816
-818
-724
-734
-824
-834
-924
-934
-852
952
-954
-956
-872
-882
-972
-982
-992
-964
-984
313
-311
-314
-316
-323
-114
-514
929
-921
-923
-926
-927
-928
827
-823
-826
-828
723
-721
-726
-728
-729
-739
-939
-743
-763
-773
-783
-877
-887
-979
-989
-999
-429
-529
-629
539
-531
-534
-535
-536
-538
524
-521
-525
-526
-528
511
-516
-518
625
-626
-549
-559
556
-446
-546
-566
-666
449
-447
547
-543
-545
487
-486
-489
-577
-587
565
-563
663
-665
-586
-596
-579
-589
-599
-683
-111
116
-326
-336
-146
-156
-166
346
-341
-349
-416
418
426
-428
321
-324
-331
334
-225
228
235
-238
-746
-846
-946
-149
141
-161
164
-154
159
-741
748
-848
-948
-738
-778
-798
-941
854
-856
-764
784
-782
-786
-789
-884
-963
-965
977
-973
-978
-987
938
-931
-936
731
-736
836
-838
-761
766
961
-966
-796
-886
878
-873
-998
996
-986
573
-572
-578
-583
582
-592
598
-382
389
372
-379
-772
779
792
-799
686
-689
-696
699
985
-983
883
-885
-843
845
943
-945
