147
-141
-142
-143
-144
-145
-146
-148
-149
-157
-167
-247
-257
-267
-347
-357
-367
-117
-127
-137
-177
-187
-197
-447
-547
-647
-747
-847
-947
165
-161
-162
-163
-164
-166
-168
-169
-155
-245
-255
-265
-345
-355
-365
-115
-125
-135
-175
-185
-195
-465
-565
-665
-765
-865
-965
182
-181
-183
-184
-186
-188
-189
-172
-192
-272
-282
-292
-372
-382
-392
-112
-122
-132
-152
-482
-582
-682
-782
-882
-982
223
-221
-222
-224
-225
-226
-227
-228
-229
-113
-123
-133
-213
-233
-313
-323
-333
-243
-253
-263
-273
-283
-293
-423
-523
-623
-723
-823
-923
231
-232
-234
-235
-236
-237
-238
-239
-111
-121
-131
-211
-311
-321
-331
-241
-251
-261
-271
-281
-291
-431
-531
-631
-731
-831
-931
415
-411
-412
-413
-414
-416
-417
-418
-419
-425
-435
-515
-525
-535
-615
-625
-635
-445
-455
-475
-485
-495
-215
-315
-715
-815
-915
428
-421
-422
-424
-426
-427
-429
-438
-518
-528
-538
-618
-628
-638
-448
-458
-468
-478
-488
-498
-128
-328
-728
-828
-928
487
-481
-483
-484
-486
-489
-477
-497
-577
-587
-597
-677
-687
-697
-437
-457
-467
-287
-387
-787
-887
-987
553
-551
-552
-554
-555
-556
-557
-558
-559
-443
-453
-463
-543
-563
-643
-653
-663
-513
-533
-573
-583
-593
-153
-353
-753
-853
-953
561
-562
-564
-566
-567
-568
-569
-441
-451
-461
-541
-641
-651
-661
-511
-521
-571
-581
-591
-361
-761
-861
-961
659
-652
-654
-655
-656
-657
-658
667
-662
-664
-666
-668
-669
-449
-459
-469
-549
-649
-617
-627
-637
-619
-629
-639
-679
-689
-699
-159
-259
-359
-759
-859
-959
-767
-867
-967
716
-711
-712
-713
-714
-717
-718
-719
-726
-736
-816
-826
-836
-916
-926
-936
-746
-756
-766
-776
-786
-796
-116
-216
-316
-516
-616
779
-771
-772
-773
-774
-775
-777
-778
-789
-799
-879
-889
-899
-979
-989
-999
-729
-739
-749
-769
-179
-279
-379
-479
-579
794
-791
-792
-793
-795
-797
-798
-784
-874
-884
-894
-974
-984
-994
-724
-734
-744
-754
-764
-194
-294
-394
-494
-594
-694
812
-811
-813
-814
-817
-818
-819
-722
-732
-822
-832
-912
-922
-932
-842
-852
-862
-872
-892
-212
-312
-512
-612
846
-841
-843
-844
-845
-848
-849
-856
-866
-946
-956
-966
-876
-886
-896
-246
-346
-446
-546
-646
971
-972
-973
-975
-976
-977
-978
-781
-871
-881
-891
-981
-991
992
-993
-995
-996
-997
-998
986
-983
-985
-988
-911
-921
-941
-951
-942
-952
-962
611
-613
-614
-621
-671
-681
-691
913
-914
-917
-918
-919
-733
-833
-933
-943
-963
-171
-371
-471
491
-492
-493
-496
-499
439
-432
-433
-434
-436
633
-632
-634
-636
-519
-529
-539
473
-472
-474
-476
-673
-683
-693
-139
-339
-839
-939
-173
193
-191
-196
-198
-199
-373
-383
-393
151
-154
-156
-158
-341
-351
741
-742
-743
-745
-748
-751
-851
-721
821
-824
-825
-827
-829
929
-924
-925
-927
869
-863
-864
-868
763
-762
-768
752
-755
-757
-758
-949
-969
-783
-129
119
-114
-118
-219
-319
-329
343
-342
-344
-348
-349
-363
249
-242
-244
-248
-269
-369
-289
-299
-252
262
-264
-266
-268
-352
-362
-452
-462
442
-444
-542
-642
-873
381
-384
-385
-386
-388
-389
-391
399
-395
-396
-397
-398
883
-885
-888
-893
-286
-586
-686
589
-584
-585
-588
-599
-592
-692
124
-126
-134
-214
-314
-324
-334
-174
514
-517
-524
-534
-624
-544
-574
136
-138
-326
-336
-176
178
-278
-288
-298
-378
-536
-578
-678
-878
-217
218
-318
317
-327
-337
-338
-258
-377
-254
256
-356
-366
-276
-296
376
-374
-375
-456
454
-464
466
-644
944
-945
-948
-854
-954
-964
968
-858
-958
834
-835
-837
-838
-934
898
-895
-897
877
-875
785
-788
-725
727
-737
-937
-735
738
935
-938
855
-857
-955
957
325
-322
332
-335
-527
537
-532
-354
358
364
-368
-576
-676
-277
297
-295
-285
284
-274
275
674
-672
-675
572
-575
-684
-522
526
622
-626
-596
696
-695
-698
-685
688
595
-598
-545
548
645
-648
