134
-131
-132
-133
-135
-136
-137
-138
-139
-114
-124
-214
-224
-234
-314
-324
-334
-144
-154
-164
-174
-184
-194
-434
-534
-634
-734
-834
-934
153
-151
-152
-155
-156
-157
-158
-159
-143
-163
-243
-253
-263
-343
-353
-363
-113
-123
-173
-183
-193
-453
-553
-653
-753
-853
-953
175
-171
-172
-176
-177
-178
-179
-185
-195
-275
-285
-295
-375
-385
-395
-115
-125
-145
-165
-475
-575
-675
-775
-875
-975
189
-181
-182
-186
-187
-188
-199
-279
-289
-299
-379
-389
-399
-119
-129
-149
-169
-489
-589
-689
-789
-889
-989
198
-191
-192
-196
-197
-278
-288
-298
-378
-388
-398
-118
-128
-148
-168
-498
-598
-698
-798
-898
-998
218
-211
-212
-213
-215
-216
-217
-219
-228
-238
-318
-328
-338
-248
-258
-268
-418
-518
-618
-718
-818
-918
241
-242
-244
-245
-246
-247
-249
-141
-161
-251
-261
-341
-351
-361
-221
-231
-271
-281
-291
-441
-541
-641
-741
-841
-941
254
-252
-255
-256
-257
-259
-264
-344
-354
-364
-274
-284
-294
-454
-554
-654
-754
-854
-954
327
-321
-322
-323
-325
-326
-329
-117
-127
-227
-237
-317
-337
-347
-357
-367
-377
-387
-397
-427
-527
-627
-727
-827
-927
447
-442
-443
-444
-445
-446
-448
-449
-457
-467
-547
-557
-567
-647
-657
-667
-417
-437
-477
-487
-497
-147
167
-162
-166
-267
-747
-847
-947
-767
-867
-967
452
-451
-455
-456
-458
-459
-462
-542
-552
-562
-642
-652
-662
-412
-422
-432
-472
-482
-492
-352
-752
-852
-952
478
-471
-473
-474
-476
-479
-488
-578
-588
-678
-688
-428
-438
-468
-778
-878
-978
484
-481
-483
-485
-486
-494
-574
-584
-594
-674
-684
-694
-414
-424
-464
-384
-784
-884
-984
496
-491
-493
-495
-499
-576
-586
-596
-676
-686
-696
-416
-426
-436
-466
-296
-396
-796
-896
-996
524
-521
-522
-523
-525
-526
-528
-529
-514
-614
-624
-544
-564
-724
-824
-924
543
-545
-546
-548
-549
-463
-563
-643
-663
-513
-533
-573
-583
-593
-743
-843
-943
558
-551
-555
-556
-559
-568
-648
-658
-668
-538
-358
-758
-858
-958
571
-572
-577
-579
-581
-591
-671
-681
-691
-511
-531
-561
-371
-771
-871
-971
719
-711
-712
-713
-714
-715
-716
-717
-729
-739
-819
-829
-839
-919
-929
-939
-749
-759
-769
-779
-799
-319
-419
-519
-619
725
-721
-722
-723
-726
-728
-735
-815
-825
-835
-915
-925
-935
-745
-755
-765
-785
-795
-225
-425
-625
744
-742
-746
-748
-764
-844
-864
-944
-964
-774
-794
-644
664
-661
-665
-666
-669
757
-751
-756
-857
-957
-737
-777
-787
-797
793
-791
-792
-773
-783
-873
-883
-893
-973
-983
-993
-733
-763
-293
-393
-693
811
-812
-813
-814
-816
-817
-731
-821
-831
-911
-921
-931
914
-912
-913
-916
-917
-851
-861
-881
-891
-974
-994
-111
121
-122
-126
-311
-331
-411
-611
-421
-621
845
-842
-846
-848
-849
-855
-865
-945
-955
-965
-885
-895
-345
-645
882
-886
-887
-888
-772
776
-782
-872
-892
-972
-982
-992
-786
-876
-976
-986
-736
-766
-822
-832
-862
-276
-376
-282
-382
-582
-682
-112
116
-226
-236
-316
-336
142
-146
-262
-342
-362
-516
-616
-942
-222
-223
229
-239
-339
-269
-429
423
-413
415
-433
-613
-623
-633
-435
-515
-535
-615
-635
-465
313
-312
-315
-233
-333
-373
-383
-823
-923
-629
-232
235
332
-335
-265
266
-346
-356
-366
-286
386
-381
391
-392
-394
374
-372
-532
-632
-732
738
-828
826
-836
-926
-936
-838
-928
922
-932
-938
762
-761
-768
-962
781
-788
-981
-991
988
-985
-987
995
-997
-999
-856
859
-869
-949
-959
-969
-866
868
-863
963
-961
-966
-968
951
-956
946
-948
833
-837
-933
937
-879
-899
979
-977
-622
-626
628
-638
-537
-637
-646
649
-469
461
-651
-569
-659
-431
439
631
-636
-639
536
-539
-566
565
-655
656
-585
587
-597
-677
-687
-697
-595
-517
512
-612
617
-592
599
-679
-699
348
-349
-368
355
-359
-365
369
-874
877
894
-897
-277
685
-683
673
-672
692
-695
272
-273
-292
297
283
-287
