134
-131
-132
-133
-135
-136
-137
-138
-139
-114
-124
-214
-224
-234
-314
-324
-334
-144
-154
-164
-174
-184
-194
-434
-534
-634
-734
-834
-934
217
-211
-212
-213
-215
-216
-218
-219
-117
-127
-227
-237
-317
-327
-337
-247
-257
-267
-277
-287
-297
-417
-517
-617
-717
-817
-917
228
-221
-222
-223
-225
-226
-229
-118
-128
-238
-318
-328
-338
-248
-258
-268
-278
-288
-298
-428
-528
-628
-728
-828
-928
239
-231
-232
-233
-235
-236
-119
-129
-319
-329
-339
-249
-259
-269
-279
-289
-299
-439
-539
-639
-739
-839
-939
241
-242
-243
-244
-245
-246
-141
-151
-161
-251
-261
-341
-351
-361
-271
-281
-291
-441
-541
-641
-741
-841
-941
368
-362
-363
-364
-365
-366
-367
-369
-148
-158
-168
-348
-358
-378
-388
-398
-468
-568
-668
-768
-868
-968
371
-372
-373
-374
-375
-376
-377
-379
-171
-181
-191
-381
-391
-311
-321
-331
-471
-571
-671
-771
-871
-971
443
-442
-444
-445
-446
-447
-448
-449
-453
-463
-543
-553
-563
-643
-653
-663
-413
-423
-433
-473
-483
-493
-143
-343
-743
-843
-943
456
-451
-452
-454
-455
-457
-458
-459
-466
-546
-556
-566
-646
-656
-666
-416
-426
-436
-476
-486
-496
-156
-256
-356
-756
-856
-956
521
-522
-523
-524
-525
-526
-527
-529
-411
-421
-431
-511
-531
-611
-621
-631
-551
-561
-581
-591
-121
111
-112
-113
-115
-116
-711
-811
-911
-721
-821
-921
544
-542
-545
-547
-548
-549
-464
-554
-564
-644
-654
-664
-514
-574
-584
-594
-344
-744
-844
-944
595
-592
-593
-596
-597
-598
-599
-475
-485
-495
-575
-585
-675
-685
-695
-515
-535
-555
-565
-195
-295
-395
-795
-895
-995
615
-612
-613
-614
-616
-618
-619
-415
-425
-435
-625
-635
465
-461
-462
-467
-469
-645
-655
-665
-315
-715
-815
-915
-165
-265
-765
-865
-965
637
-632
-633
-636
-638
-427
-437
-537
-627
-647
-657
-667
-677
-687
-697
-737
-837
-937
669
-661
-662
651
-652
-658
-659
-559
-569
-649
-681
-691
-629
-679
-689
-699
-751
-851
-951
-169
-769
-869
-969
719
-712
-713
-714
-716
-718
-729
-819
-829
-919
-929
-749
-759
-779
-789
-799
-419
-519
429
-422
-424
-479
-489
-499
735
-731
-732
-733
-736
-738
-725
-825
-835
-925
-935
-745
-755
-775
-785
-335
762
-761
-763
-764
-766
-767
-742
-752
-842
-852
-862
-942
-952
-962
-722
-772
-782
-792
-162
-262
-562
567
-557
-577
-587
-167
-867
-967
787
-781
-783
-784
-786
-788
-777
-797
-877
-887
-897
-977
-987
-997
791
-793
-794
-796
-798
-881
-891
-981
-991
-727
-747
-757
481
-482
-484
-487
-488
-491
-187
-387
848
-845
-846
-847
-849
-748
746
-866
-946
-966
-758
-858
-948
-958
-726
-776
778
-773
-774
-878
-888
-898
-978
-988
-998
-818
-838
-146
-346
-648
642
-552
558
-518
-538
-578
-588
-622
-672
-682
-692
-142
-342
-178
-478
-678
884
-882
-883
-885
-886
-889
-874
-894
-974
-984
-994
-814
-824
-854
-864
-284
-384
-684
932
-931
-933
-936
-938
831
-832
-833
-836
-812
-822
-912
-922
918
-913
-914
-916
-861
863
961
-963
-964
-753
754
-853
-953
-954
723
-724
-813
816
-823
-923
924
-926
-927
-826
827
-873
-893
-876
-896
-857
-972
-982
-992
414
-412
-418
-624
438
-432
-474
-494
-498
-316
-516
-123
-323
-623
626
-536
-676
-686
-696
-126
-326
336
-332
-333
313
-312
-353
-383
-393
-386
-396
512
-513
-532
533
-572
-582
-573
-583
-254
-354
264
-263
-266
166
-163
-176
-186
-196
-274
-294
394
-392
-397
-399
674
-673
-694
979
-973
-975
-976
-879
-899
892
-872
875
-985
-989
-999
-855
859
-949
-959
-159
-359
-175
-275
-179
-579
576
-586
589
-276
-189
-389
199
-192
-193
-197
-198
177
-172
-173
188
-182
-183
-185
153
-152
-155
-157
-253
122
-125
-322
325
145
-147
-149
-255
252
-352
-345
-355
357
-347
349
-272
273
-283
-293
-282
-292
296
382
-385
285
-286
-945
947
955
-957
472
-477
-492
497
986
-983
993
-996
683
-688
-693
698
