139
-131
-132
-133
-134
-135
-136
-137
-138
-119
-129
-219
-229
-239
-319
-329
-339
-149
-159
-169
-179
-189
-199
-439
-539
-639
-739
-839
-939
143
-141
-142
-144
-145
-146
-147
-148
-153
-163
-243
-253
-263
-343
-353
-363
-113
-123
-173
-183
-193
-443
-543
-643
-743
-843
-943
162
-161
-164
-165
-166
-167
-168
-152
-242
-252
-262
-342
-352
-362
-112
-122
-172
-182
-192
-462
-562
-662
-762
-862
-962
213
-211
-212
-214
-215
-216
-217
-218
-223
-233
-313
-323
-333
-273
-283
-293
-413
-513
-613
-713
-813
-913
244
-241
-245
-246
-247
-248
-249
-154
-254
-264
-344
-354
-364
-224
-234
-274
-284
-294
-444
-544
-644
-744
-844
-944
259
-251
-255
-256
-257
-258
-269
-349
-359
-369
-279
-289
-299
-459
-559
-659
-759
-859
-959
267
-261
-265
-266
-268
-157
-347
-357
-367
-227
-237
-277
-287
-297
-467
-567
-667
-767
-867
-967
312
-311
-314
-315
-316
-317
-318
-222
-232
-322
-332
-372
-382
-392
-412
-512
-612
-712
-812
-912
358
-351
-355
-356
-158
-348
-368
-328
-338
-378
-388
-398
-458
-558
-658
-758
-858
-958
428
-421
-422
-423
-424
-425
-426
-427
-429
-418
-438
-518
-528
-538
-618
-628
-638
-448
-468
-478
-488
-498
-128
-228
-728
-828
-928
434
-431
-432
-433
-435
-436
-437
-414
-514
-524
-534
-614
-624
-634
-454
-464
-474
-484
-494
-334
-734
-834
-934
496
-491
-492
-493
-495
-497
-499
-476
-486
-576
-586
-596
-676
-686
-696
-416
-446
-456
-466
-196
-296
-396
-796
-896
-996
531
-532
-533
-535
-536
-537
-411
-511
-521
-611
-621
-631
-541
-551
-561
-571
-581
-591
-231
-331
-731
-831
-931
548
-542
-545
-546
-547
-549
-568
-648
-668
-578
-588
-598
-748
-848
-948
566
-563
-564
-565
-569
-556
-646
-656
-666
-516
-526
-366
-766
-866
-966
572
-573
-574
-575
-577
-579
-472
-482
-582
-592
-672
-682
-692
-522
-552
-272
-772
-872
-972
617
-615
-616
-619
-417
-517
-527
-627
-637
-647
-657
-677
-687
-697
-117
-717
-817
-917
673
-671
-674
-675
-678
-679
-473
-483
-583
-593
-683
-693
-623
-633
523
-525
-529
-553
-653
-663
-723
-823
-923
-373
-773
-873
-973
684
-681
-685
-688
-689
-584
-594
-694
698
-691
-695
-699
554
-555
-557
-654
-664
-754
-854
-954
-184
-384
-784
-884
-984
-198
-298
-798
-898
-998
757
-751
-752
-753
-755
-756
-747
-847
-857
-947
-957
-727
-737
-777
-787
-797
447
-441
-442
-445
-449
-457
452
-451
-453
-455
-642
-652
463
-461
-465
-469
-477
-487
-852
-952
-763
-863
-963
799
-791
-792
-793
-794
-795
-779
-789
-879
-889
-899
-979
-989
-999
-719
-729
-749
-769
-399
-599
841
-842
-845
-846
-849
-741
-761
-851
-861
-941
-951
-961
-811
-821
-871
-881
-891
-341
-641
856
-853
-855
953
-955
-956
-746
-946
-816
-826
-836
-876
-886
-933
-983
-993
346
-345
-156
-326
-336
-376
-386
864
-865
-868
-869
-764
-964
-814
-824
-874
-894
895
-892
-893
-897
-775
-785
-875
-885
-975
-985
-995
-815
-825
-835
393
-391
-394
-395
-397
-383
-195
-295
-595
597
-587
-197
-997
945
-942
-949
742
-745
-765
768
-965
-968
969
-722
-732
-782
-718
-738
-778
-788
-915
-925
-935
-919
-929
-645
649
-669
-629
829
-822
-827
-819
818
-838
-918
-938
-878
877
-887
-977
-987
-837
-888
-118
238
-235
-236
-278
-288
-177
-377
971
-974
-976
-978
-771
-781
-981
-991
988
-982
-986
-911
-921
-171
-271
-371
-471
481
-485
-489
178
-174
-175
-176
-188
-181
-281
-381
-111
711
-714
-715
-716
-721
114
-115
-116
-124
-324
-194
191
-291
292
-282
374
-375
-379
389
-385
-387
187
-185
-186
-121
-151
155
361
-365
-125
126
-127
-226
221
-225
-321
-914
916
-726
-736
-926
-936
-626
636
-632
-635
622
-625
-922
651
-655
-661
665
-774
776
994
-992
882
-883
783
-786
-733
735
833
-832
932
-937
-725
724
-924
927
325
-327
-335
337
-276
275
-285
286
-475
479
585
-589
415
-419
-515
519
