122
-121
-123
-124
-125
-126
-127
-128
-129
-112
-132
-212
-222
-232
-312
-322
-332
-142
-152
-162
-172
-182
-192
-422
-522
-622
-722
-822
-922
178
-171
-173
-174
-175
-176
-177
-179
-188
-198
-278
-288
-298
-378
-388
-398
-118
-138
-148
-158
-168
-478
-578
-678
-778
-878
-978
234
-231
-233
-235
-236
-237
-238
-239
-114
-134
-214
-224
-314
-324
-334
-244
-254
-264
-274
-284
-294
-434
-534
-634
-734
-834
-934
257
-251
-252
-253
-255
-256
-258
-259
-147
-157
-167
-247
-267
-347
-357
-367
-217
-227
-277
-287
-297
-457
-557
-657
-757
-857
-957
263
-261
-262
-265
-266
-268
-269
-143
-153
-163
-243
-343
-353
-363
-213
-223
-273
-283
-293
-463
-563
-663
-763
-863
-963
276
-271
-272
-275
-279
-186
-196
-286
-296
-376
-386
-396
-216
-226
-246
-476
-576
-676
-776
-876
-976
317
-311
-313
-315
-316
-318
-319
-117
-137
-327
-337
-377
-387
-397
-417
-517
-617
-717
-817
-917
331
-333
-335
-336
-338
-339
-111
-131
-211
-221
-321
-341
-351
-361
-371
-381
-391
-431
-531
-631
-731
-831
-931
358
-352
-354
-355
-356
-359
-248
-348
-368
-328
-458
-558
-658
-758
-858
-958
369
-362
-364
-365
-366
-149
-159
-169
-249
-349
-329
-379
-389
-399
-469
-569
-669
-769
-869
-969
373
-372
-374
-375
-183
-193
-383
-393
-323
-473
-573
-673
-773
-873
-973
382
-384
-385
-282
-292
-392
242
-241
-245
-342
-442
-542
-642
-742
-842
-942
-482
-582
-682
-782
-882
-982
462
-461
-464
-465
-466
-467
-468
-452
-552
-562
-652
-662
-412
-432
-472
-492
-762
-862
-962
487
-481
-483
-484
-485
-486
-488
-489
-477
-497
-577
-587
-597
-677
-687
-697
-427
-437
-447
-187
197
-191
-194
-195
-199
-787
-887
-987
-797
-897
-997
551
-553
-554
-555
-556
-559
-441
-451
-541
-561
-641
-651
-661
-511
-521
-571
-581
-591
-151
-751
-851
-951
583
-584
-585
-586
-588
-589
-493
-593
-683
-693
-513
-523
-533
-543
-783
-883
-983
623
-621
-624
-625
-626
-627
-628
-629
-413
-423
-433
-613
-633
-643
-653
-723
-823
-923
647
-644
-645
-646
-648
-649
-547
-567
-667
-637
-747
-847
-947
726
-721
-724
-725
-727
-728
-729
-716
-736
-816
-826
-836
-916
-926
-936
-746
-756
-766
-786
-796
-326
325
-115
-135
-215
-225
-345
-395
394
-184
-344
346
-146
-156
-166
-425
-525
-825
-925
-426
-526
-446
-546
-846
-946
-494
-594
-694
-794
-894
-994
735
-732
-733
-737
-738
-739
-715
-815
-835
-915
-935
-745
-755
-765
-775
-785
-795
-435
-535
-635
743
-741
-744
-748
-749
-753
-843
-853
-943
-953
-713
-793
-443
453
-454
-455
-456
-459
752
-754
-759
-852
-952
-712
-772
-792
777
-771
-774
-779
-877
-977
-767
798
-791
-799
-788
-888
-898
-988
-998
-718
-768
688
-681
-684
-685
-686
-689
-498
-598
-698
-618
-638
-668
838
-832
-833
-837
-839
-818
-828
-918
-928
-938
-848
-868
-438
-538
844
-841
-845
-849
-764
761
-861
-941
-961
-854
-864
-944
-954
-964
-711
-781
-814
-824
-874
-884
141
-144
-145
-161
-181
-444
-544
859
-855
-856
-949
-959
-819
-829
-879
-889
-899
-659
872
-871
-875
-892
-972
-992
-812
-572
-672
932
-933
-937
-939
-912
-532
-632
133
-136
-139
-113
116
-119
189
-185
-289
-299
-416
-516
-616
537
-536
-539
-527
-789
784
-974
-984
-714
719
-919
-929
-219
218
-228
229
-418
-518
-419
-519
-619
-429
-529
-989
985
-981
-986
-885
-895
-975
-995
865
-866
-867
-945
948
-955
956
-965
-966
967
-968
827
-821
-927
-996
-448
428
-421
-424
-528
524
-414
-514
-614
474
-471
-475
-479
-574
-674
-564
914
-911
-913
813
-811
921
-924
-893
993
-991
-999
979
-971
-548
568
-565
-566
596
-592
-595
-599
692
-691
-695
-696
-699
-496
436
-439
-636
639
512
-515
-612
-679
-656
666
-664
-665
654
-655
-154
155
164
-165
671
-675
-491
411
-415
-611
615
575
-579
-495
499
445
-449
-545
549
-285
281
-291
295
-881
886
891
-896
