131
-132
-133
-134
-135
-136
-137
-138
-139
-111
-121
-211
-221
-231
-311
-321
-331
-141
-151
-161
-171
-181
-191
-431
-531
-631
-731
-831
-931
184
-182
-183
-185
-186
-187
-188
-189
-174
-194
-274
-284
-294
-374
-384
-394
-114
-124
-144
-154
-164
-484
-584
-684
-784
-884
-984
196
-192
-193
-195
-197
-198
-199
-176
-276
-286
-296
-376
-386
-396
-116
-126
-146
-156
-166
-496
-596
-696
-796
-896
-996
233
-232
-234
-235
-236
-237
-238
-239
-113
-123
-213
-223
-313
-323
-333
-243
-253
-263
-273
-283
-293
-433
-533
-633
-733
-833
-933
244
-241
-242
-245
-246
-247
-248
-249
-254
-264
-344
-354
-364
-214
-224
-444
-544
-644
-744
-844
-944
272
-271
-275
-277
-278
-279
-172
-282
-292
-372
-382
-392
-212
-222
-252
-262
-472
-572
-672
-772
-872
-972
297
-291
-295
-298
-299
-177
-287
-377
-387
-397
-217
-227
-257
-267
-497
-597
-697
-797
-897
-997
417
-411
-412
-413
-414
-415
-416
-418
-419
-427
-437
-517
-527
-537
-617
-627
-637
-447
-457
-467
-477
-487
-117
-317
-717
-817
-917
429
-421
-422
-423
-424
-425
-426
-428
-439
-519
-529
-539
-619
-629
-639
-449
-459
-469
-479
-489
-499
-129
-229
-329
-729
-829
-929
461
-462
-463
-464
-465
-466
-468
-441
-451
-541
-551
-561
-641
-651
-661
-471
-481
-491
-261
-361
-761
-861
-961
474
-473
-475
-476
-478
-494
-574
-594
-674
-694
-434
-454
-774
-874
-974
532
-534
-535
-536
-538
-432
-512
-522
-612
-622
-632
-542
-552
-562
-582
-592
-332
-732
-832
-932
566
-563
-564
-565
-567
-568
-569
-446
-456
-546
-556
-646
-656
-666
-516
-526
-576
-586
-266
-366
-766
-866
-966
626
-621
-623
-624
-625
-628
-436
-616
-636
486
-482
-483
-485
-488
-676
-686
-226
-326
-726
-826
-926
-786
-886
-986
655
-652
-653
-654
-657
-658
-659
-445
-455
-545
-555
-645
-665
-615
-635
-675
-685
-695
-155
-255
-355
-755
-855
-955
677
-671
-673
-678
-679
-577
-587
-687
-647
-667
-777
-877
-977
748
-741
-742
-743
-745
-746
-747
-749
-758
-768
-848
-858
-868
-948
-958
-968
-718
-728
-738
-778
-788
-798
-148
-348
-448
-548
-648
791
-792
-793
-794
-795
-799
-771
-781
-871
-881
-891
-971
-981
-991
-711
-721
-751
-391
-591
-691
822
-821
-823
-824
-825
-827
-828
-712
-722
-812
-912
-922
-842
-852
-862
-882
-892
-122
-322
841
-843
-845
-846
-847
-849
-851
-941
-951
-811
-341
925
-921
-923
-924
-927
-928
911
-913
-914
-915
-916
-918
-919
-715
-725
-735
-815
-835
-935
-945
-965
-975
-985
-995
-511
-611
521
-523
-524
-525
-528
-571
-581
681
-682
-683
-688
-689
723
-724
-727
-713
-813
-753
-763
-773
-783
324
-325
-327
-328
-314
-334
-125
-225
228
-118
-128
127
-337
-218
-318
-338
-147
-157
-167
-258
-268
-288
371
-373
-375
-378
-379
-281
-381
251
-256
-259
-351
216
-215
-219
-316
-336
-716
-816
939
-934
-936
-937
-938
-719
714
-734
-814
-834
-739
-819
818
-838
-839
-754
-764
-878
-888
-898
-949
-959
-969
-979
-989
-999
-514
554
-553
-557
-558
-559
-664
547
-543
-549
-614
634
-638
-518
-618
613
-513
515
-435
438
495
-492
-493
-498
692
-693
-698
-699
-575
-585
-595
-458
668
-662
-663
-669
649
-642
-643
-115
-315
335
-339
-345
-365
-385
-395
145
-142
-143
-149
-165
-265
269
-159
-169
-349
-359
-369
-175
285
-289
-347
-947
-854
-954
-168
-368
-769
-869
-785
-885
-992
-895
952
-953
-956
-957
-752
-762
-942
-962
782
-787
-789
-982
-152
-352
-452
453
442
-443
-342
-153
158
-358
-178
-353
-853
993
-994
-998
-873
-883
-893
-973
-983
894
-899
863
-864
-865
-867
-943
946
-963
964
-967
765
-767
-756
-856
-775
875
-876
-879
836
-837
-736
737
776
-779
-976
978
-988
987
-887
889
-757
759
857
-859
343
-346
-163
162
-362
-363
367
356
-357
-112
119
312
-319
173
-179
-383
-393
-573
-578
579
-589
-599
583
-588
-593
598
388
-389
-398
399
