136
-131
-132
-133
-134
-135
-137
-138
-139
-116
-126
-216
-226
-236
-316
-326
-336
-146
-156
-166
-176
-186
-196
-436
-536
-636
-736
-836
-936
159
-151
-152
-153
-154
-155
-157
-158
-149
-169
-249
-259
-269
-349
-359
-369
-119
-129
-179
-189
-199
-459
-559
-659
-759
-859
-959
167
-161
-162
-163
-164
-165
-168
-147
-247
-257
-267
-347
-357
-367
-117
-127
-177
-187
-197
-467
-567
-667
-767
-867
-967
237
-231
-232
-233
-234
-235
-238
-239
-217
-227
-317
-327
-337
-277
-287
-297
-437
-537
-637
-737
-837
-937
261
-262
-263
-264
-265
-266
-268
-141
-241
-251
-341
-351
-361
-211
-221
-271
-281
-291
-461
-561
-661
-761
-861
-961
298
-292
-293
-294
-295
-296
-299
-178
-188
-198
-278
-288
-378
-388
-398
-218
-228
-248
-258
-498
-598
-698
-798
-898
-998
314
-311
-312
-313
-315
-318
-319
-114
-124
-214
-224
-324
-334
-344
-354
-364
-374
-384
-394
-414
-514
-614
-714
-814
-914
322
-321
-323
-325
-328
-329
-112
-122
-212
-222
-332
-342
-352
-362
-372
-382
-392
-422
-522
-622
-722
-822
-922
397
-391
-393
-395
-396
-399
-377
-387
-497
-597
-697
-797
-897
-997
421
-423
-424
-425
-426
-427
-428
-429
-411
-431
-511
-521
-531
-611
-621
-631
-441
-451
-471
-481
-491
-121
-721
-821
-921
468
-462
-463
-464
-465
-466
-469
-448
-458
-548
-558
-568
-648
-658
-668
-418
-438
-478
-488
-368
-768
-868
-968
493
-492
-494
-495
-496
-499
-473
-483
-573
-583
-593
-673
-683
-693
-413
-433
-443
-453
-193
-793
-893
-993
513
-512
-515
-516
-517
-518
-519
-523
-533
-613
-623
-633
-543
-553
-563
-113
-213
-713
-813
-913
599
-591
-592
-594
-595
-596
-479
-489
-579
-589
-679
-689
-699
-529
-539
-549
-569
-799
-899
-999
612
-615
-616
-617
-618
-619
-412
-432
-532
-632
-642
-652
-662
-672
-682
-692
-712
-812
-912
643
-641
-644
-645
-646
-647
-649
-653
-663
-143
-243
-343
-743
-843
-943
651
-654
-655
-656
-657
-541
-551
-671
-681
-691
-751
-851
-951
686
-684
-685
-687
-688
-476
-486
-576
-586
-676
-696
-626
-666
-286
-386
-786
-886
-986
718
-711
-715
-716
-717
-719
-728
-738
-818
-828
-838
-918
-928
-938
-748
-758
-778
-788
-118
782
-781
-783
-784
-785
-787
-789
-772
-792
-872
-882
-892
-972
-982
-992
-732
-742
-752
-762
-182
-282
-482
-582
192
-191
-194
-195
-172
-272
-142
795
-791
-794
-796
-775
-875
-885
-895
-975
-985
-995
-725
-735
-745
-755
-765
-695
694
-474
-484
-574
-584
-674
-624
-634
-664
-894
-994
811
-815
-816
-817
-819
-731
-831
-911
-931
-841
-871
-881
-891
896
-776
-876
-976
-996
991
-771
-971
-981
741
-744
-746
-747
-749
-941
-826
-846
-856
-866
-111
115
331
-333
-335
-338
-339
-125
-215
219
-225
128
-123
223
-229
-145
-175
-185
-148
144
-244
-254
-174
-184
-253
-273
-283
-279
-289
-371
-381
-415
-915
-419
-919
-723
-823
-923
-528
-628
-444
-544
-844
-944
845
-842
-847
-848
-849
-855
-865
-945
-955
-965
-825
-835
-245
-345
-445
-545
874
-873
-877
-878
-879
-774
-884
-974
-984
-824
-834
-854
-864
-274
284
-285
942
-946
-947
-948
-949
-852
-862
-952
-962
832
-833
-839
-932
-242
246
252
-255
-256
-346
348
-356
-366
-358
275
-276
-375
-385
376
-373
-379
389
-383
-442
-542
-446
-546
547
-447
449
-457
-557
-669
665
-455
-555
-565
-439
-527
-577
-587
-625
-635
-675
-452
472
-475
-477
-572
-552
562
-564
-566
355
-353
363
-365
-763
-863
869
-769
-969
-829
827
-727
-917
916
-726
-926
-927
-857
-887
-889
-956
-966
-416
417
526
-524
-525
-627
629
-639
638
-538
456
-454
554
-556
434
-435
-534
535
485
-487
-575
-585
677
-678
925
-924
-929
-935
724
-729
-734
-934
-754
-764
766
-756
-954
964
-963
-777
757
-753
-957
-977
987
-983
-988
-989
958
-953
853
-858
-883
888
-978
578
-571
581
-588
171
-173
-181
183
973
-979
-773
779
733
-739
-933
939
