122
-121
-123
-124
-125
-126
-127
-128
-129
-112
-132
-212
-222
-232
-312
-322
-332
-142
-152
-162
-172
-182
-192
-422
-522
-622
-722
-822
-922
141
-143
-144
-145
-146
-147
-148
-149
-151
-161
-241
-251
-261
-341
-351
-361
-111
-131
-171
-181
-191
-441
-541
-641
-741
-841
-941
179
-173
-174
-175
-176
-177
-178
-189
-199
-279
-289
-299
-379
-389
-399
-119
-139
-159
-169
-479
-579
-679
-779
-879
-979
215
-211
-213
-214
-216
-217
-218
-219
-115
-135
-225
-235
-315
-325
-335
-245
-255
-265
-275
-285
-295
-415
-515
-615
-715
-815
-915
242
-243
-244
-246
-247
-248
-249
-252
-262
-342
-352
-362
-272
-282
-292
-442
-542
-642
-742
-842
-942
259
-253
-254
-256
-257
-258
-269
-349
-359
-369
-229
-239
-459
-559
-659
-759
-859
-959
287
-281
-283
-284
-286
-288
-187
-197
-277
-297
-377
-387
-397
-227
-237
-267
-487
-587
-687
-787
-887
-987
298
-291
-293
-294
-296
-188
-198
-278
-378
-388
-398
-228
-238
-268
-498
-598
-698
-798
-898
-998
317
-311
-313
-314
-316
-318
-319
-117
-137
-327
-337
-347
-357
-367
-417
-517
-617
-717
-817
-917
373
-371
-372
-374
-375
-376
-183
-193
-273
-383
-393
-323
-333
-343
-353
-363
-473
-573
-673
-773
-873
-973
414
-411
-412
-413
-416
-418
-419
-424
-434
-514
-524
-534
-614
-624
-634
-444
-454
-464
-474
-484
-494
-114
-714
-814
-914
427
-421
-423
-425
-426
-428
-429
-437
-527
-537
-627
-637
-447
-457
-467
-477
-497
-727
-827
-927
471
-472
-475
-476
-478
-481
-491
-571
-581
-591
-671
-681
-691
-431
-451
-461
-271
-771
-871
-971
488
-482
-483
-485
-486
-489
-578
-588
-678
-688
-438
-448
-458
-468
-788
-888
-988
521
-523
-525
-526
-528
-529
-511
-531
-611
-621
-631
-551
-561
-221
231
-233
-234
-236
-321
-331
-721
-821
-921
-731
-831
-931
555
-552
-553
-554
-556
-557
-558
-445
-455
-465
-545
-565
-645
-655
-665
-535
-575
-585
-595
-155
-355
-755
-855
-955
577
-572
-574
-576
-597
-677
-697
-547
-567
-777
-877
-977
599
-592
-593
-594
-596
-499
-589
-689
-699
-519
-539
-549
-569
-799
-899
-999
654
-651
-652
-653
-656
-657
-658
661
-662
-663
-664
-666
-667
-668
-669
-544
-564
-644
647
-643
-646
-648
-649
584
-582
-583
-586
-674
-684
-694
-747
-847
-947
-154
-354
-754
-854
-954
-761
-861
-961
-184
-384
-784
-884
-984
719
-711
-712
-713
-716
-718
-729
-739
-819
-829
-839
-919
-929
-939
-749
-769
-789
-619
728
-723
-724
-725
-726
-738
-818
-828
-838
-918
-928
-938
-748
-758
-768
-778
-328
-628
753
-751
-752
-756
-757
-743
-763
-843
-853
-863
-943
-953
-963
-733
-783
-793
-153
-453
792
-791
-794
-795
-796
-797
-772
-782
-872
-882
-892
-972
-982
-992
781
-785
-786
-881
-891
-981
-991
-732
-762
672
-675
-676
-492
-682
-692
-612
-632
-381
391
-392
-394
-395
-396
382
-385
-386
813
-811
-812
-816
911
-912
-913
-916
-823
-833
-923
-933
851
-852
-856
-857
-858
-951
-883
-893
512
-513
-516
-518
-432
-532
-562
-113
-613
894
-895
-896
-897
-774
-874
-974
-994
997
-993
-995
-996
983
-985
-986
-989
889
-885
-886
-824
-834
-844
-864
-849
-869
-937
-957
-967
157
-156
-158
-167
274
-276
-194
-224
-264
-683
-116
118
-138
-338
-168
616
-618
-436
-536
-626
-636
-686
685
-495
-695
435
-433
-439
-625
-635
-696
693
-493
496
-446
-456
452
-462
-466
-623
629
-639
-633
638
533
-538
-543
-563
223
-226
-133
163
-164
-165
-166
-263
266
-346
-356
358
-366
-348
-368
134
-136
-324
-334
924
-925
-926
-734
-934
-944
-964
825
-826
-735
-835
-935
-845
-865
-875
326
-329
-336
339
443
-449
-463
469
949
-945
-946
-948
-969
-952
956
-958
-746
-766
-846
848
-866
-966
-868
-968
-878
876
-776
775
-975
-976
978
-745
744
-764
-765
767
965
-962
862
-867
736
-737
-836
-936
932
-832
837
-344
345
364
-365
546
-548
-566
568
-185
186
195
-196
