122
-121
-123
-124
-125
-126
-127
-128
-129
-112
-132
-212
-222
-232
-312
-322
-332
-142
-152
-162
-172
-182
-192
-422
-522
-622
-722
-822
-922
169
-161
-163
-164
-165
-166
-167
-168
-149
-159
-249
-259
-269
-349
-359
-369
-119
-139
-179
-189
-199
-469
-569
-669
-769
-869
-969
197
-191
-193
-194
-195
-196
-198
-177
-187
-277
-287
-297
-377
-387
-397
-117
-137
-147
-157
-497
-597
-697
-797
-897
-997
278
-271
-272
-273
-274
-275
-276
-279
-178
-188
-288
-298
-378
-388
-398
-218
-228
-238
-248
-258
-268
-478
-578
-678
-778
-878
-978
311
-313
-314
-315
-316
-317
-318
-319
-111
-131
-211
-221
-231
-321
-331
-341
-351
-361
-371
-381
-391
-411
-511
-611
-711
-811
-911
323
-324
-325
-326
-327
-328
-329
-113
-133
-213
-223
-233
-333
-343
-353
-363
-373
-383
-393
-423
-523
-623
-723
-823
-923
338
-334
-335
-336
-337
-339
-118
-138
-348
-358
-368
-438
-538
-638
-738
-838
-938
347
-342
-344
-345
-346
-247
-257
-267
-357
-367
-447
-547
-647
-747
-847
-947
437
-431
-432
-433
-434
-435
-436
-439
-417
-427
-517
-527
-537
-617
-627
-637
-457
-467
-477
-487
-237
-737
-837
-937
444
-441
-442
-443
-445
-446
-448
-449
-454
-464
-544
-554
-564
-644
-654
-664
-414
-424
-474
-484
-494
-144
-244
-744
-844
-944
463
-461
-462
-465
-466
-468
-453
-543
-553
-563
-643
-653
-663
-413
-473
-483
-493
-263
-763
-863
-963
479
-471
-472
-475
-476
-489
-499
-579
-589
-599
-679
-689
-699
-419
-429
-459
-379
-779
-879
-979
519
-512
-513
-514
-515
-516
-518
-529
-539
-619
-629
-639
-549
-559
-219
-719
-819
-919
594
-591
-592
-593
-595
-596
-598
-574
-584
-674
-684
-694
-524
-534
-294
-394
-794
-894
-994
634
-631
-632
-633
-635
-636
-614
-624
-134
-234
-734
-834
-934
648
-641
-642
-645
-646
-649
-458
-548
-558
-568
-658
-668
659
-651
-652
-655
-656
-657
-618
-628
-688
-698
-148
158
-151
-153
-154
-155
-156
-748
-848
-948
-758
-858
-958
-759
-859
-959
662
-661
-665
-666
-667
-452
-542
-552
-562
-612
-672
-682
-692
-262
-362
-762
-862
-962
676
-671
-673
-675
-677
-486
-496
-576
-586
-686
-696
-616
-626
687
-681
-683
-685
-577
-587
-176
-376
-776
-876
-976
-787
-887
-987
761
-764
-765
-766
-767
-768
-741
-751
-841
-851
-861
-941
-951
-961
-721
-731
-771
-781
-791
-261
-561
774
-772
-773
-775
-777
-784
-874
-884
-974
-984
-714
-724
-754
-174
-374
783
-782
-785
-786
-788
-789
-793
-873
-883
-893
-973
-983
-993
-713
-733
-743
-753
-183
-283
-583
799
-792
-795
-796
-798
-889
-899
-989
-999
-729
-739
-749
-299
-399
389
-382
-384
-385
-386
-289
831
-832
-833
-835
-836
-839
-821
-921
-931
-871
-881
-891
-531
915
-912
-913
-914
-916
-917
-918
-715
-725
-735
-815
-825
-925
-935
-945
-955
-965
-975
-985
-995
-115
-215
-415
-615
613
-533
573
-571
-572
-575
-693
-813
933
-932
-936
-939
-943
-953
239
-235
-236
-229
-173
293
-291
-292
-295
-296
143
-141
-145
-146
-243
-253
-843
853
-852
-854
-855
-856
-857
949
-942
-946
-849
829
-824
-826
-827
-828
-929
988
-981
-982
-986
-888
-898
-998
-928
-968
868
-864
-865
-866
-867
814
-812
-816
-817
-818
-924
877
-872
-875
-977
-114
116
-136
135
-225
-216
-226
184
-181
-185
-186
-284
171
-175
-281
-214
217
224
-227
-254
-264
-416
-716
-717
-535
-971
972
991
-992
-996
-882
-892
842
-845
-846
-742
-752
-952
-242
-372
375
-285
-395
-355
-365
-488
-588
498
-491
-492
-495
-418
412
-532
536
-426
-526
-482
582
-581
-585
456
-451
-455
-546
-556
-566
-428
528
-521
-525
-712
718
732
-736
-728
-256
-356
-756
-956
481
-485
-691
695
-421
425
621
-625
-282
286
392
-396
252
-251
-255
241
-245
-246
-352
354
-364
366
265
-266
-541
545
551
-555
-557
-565
567
-745
746
755
-757
-966
-726
727
926
-927
-954
957
964
-967
885
-886
-895
896
