148
-141
-142
-143
-144
-145
-146
-147
-149
-158
-168
-248
-258
-268
-348
-358
-368
-118
-128
-138
-178
-188
-198
-448
-548
-648
-748
-848
-948
152
-151
-153
-154
-155
-156
-157
-159
-162
-242
-252
-262
-342
-352
-362
-112
-122
-132
-172
-182
-192
-452
-552
-652
-752
-852
-952
174
-171
-173
-175
-176
-177
-179
-184
-194
-274
-284
-294
-374
-384
-394
-114
-124
-134
-164
-474
-574
-674
-774
-874
-974
214
-211
-212
-213
-215
-216
-217
-218
-219
-224
-234
-314
-324
-334
-244
-254
-264
-414
-514
-614
-714
-814
-914
222
-221
-223
-225
-226
-227
-228
-229
-232
-312
-322
-332
-272
-282
-292
-422
-522
-622
-722
-822
-922
257
-251
-253
-255
-256
-259
-167
-247
-267
-347
-357
-367
-237
-277
-287
-297
-457
-557
-657
-757
-857
-957
289
-281
-283
-285
-286
-288
-189
-199
-279
-299
-379
-389
-399
-239
-249
-269
-489
-589
-689
-789
-889
-989
364
-361
-363
-365
-366
-369
-344
-354
-464
-564
-664
-764
-864
-964
381
-382
-383
-385
-386
-387
-388
-181
-191
-271
-291
-371
-391
-311
-321
-331
-341
-351
-481
-581
-681
-781
-881
-981
456
-451
-453
-454
-455
-458
-459
-446
-466
-546
-556
-566
-646
-656
-666
-416
-426
-436
-476
-486
-496
-356
-756
-856
-956
483
-482
-484
-485
-487
-488
-473
-493
-573
-583
-593
-673
-683
-693
-413
-423
-433
-443
-463
-183
-783
-883
-983
494
-491
-492
-495
-497
-498
-499
-584
-594
-684
-694
-424
-434
-444
-794
-894
-994
518
-511
-512
-513
-515
-516
-517
-519
-418
-428
-438
-528
-538
-618
-628
-638
-558
-568
-578
-588
-598
-318
-718
-818
-918
549
-541
-542
-543
-544
-545
-547
-449
-469
-559
-569
-649
-659
-669
-529
-539
-579
-599
-349
-749
-849
-949
563
-561
-562
-565
-567
-553
-643
-653
-663
-523
-533
-163
-263
-763
-863
-963
576
-571
-572
-575
-577
-586
-596
-676
-686
-696
-526
-536
-276
-376
-776
-876
-976
597
-591
-592
-595
-477
-587
-677
-687
-697
-527
-537
-197
-397
-797
-897
-997
616
-611
-612
-613
-615
-617
-619
-626
-636
-116
-316
-716
-816
-916
629
-621
-623
-624
-625
-627
633
-631
-632
-634
-635
-637
-639
-419
-429
-439
479
-471
-472
-475
-478
-679
-699
468
-461
-462
-465
-467
-658
-668
-129
-329
-729
-829
-929
-133
-233
-333
-733
-833
-933
-768
-868
-968
-779
-879
-979
654
-651
-655
-554
-644
-754
-854
-954
727
-721
-723
-724
-725
-726
-728
-717
-737
-817
-827
-837
-917
-927
-937
-747
-767
-777
-787
-127
-327
-427
742
-741
-743
-744
-745
-746
-762
-842
-862
-942
-962
-712
-732
-772
-782
-792
-442
-642
662
-661
-665
-667
-672
-682
-692
582
-585
-532
647
-641
-645
-447
-847
-947
-882
-982
826
-821
-823
-824
-825
-828
-736
-836
-926
-936
-846
-866
-886
-896
-126
-326
859
-851
-853
-855
-858
-759
-769
-869
-959
-969
-819
-839
-899
-359
169
-161
-165
-166
-119
-139
888
-884
-885
-887
-778
-788
-798
-878
-898
-978
-988
-998
-838
-688
685
-675
-695
-185
-785
-985
891
-892
-893
-895
-771
-791
-871
-971
-991
-811
-831
-841
-861
671
-678
-691
698
-298
-398
938
-931
-932
-934
-935
-939
-738
-928
758
-751
-753
-755
-958
328
-323
-325
-238
-338
278
-273
-275
-378
953
-951
-955
-843
-943
-913
-923
-973
-993
123
-121
-125
-113
-313
-193
551
-555
-441
445
-415
-425
421
-411
-431
-521
-531
-435
-921
-245
-345
-845
844
-944
-834
-945
-353
355
-265
-315
-335
-375
-395
961
-965
-966
-967
-761
-941
946
-766
765
-865
867
-715
-735
-775
773
-793
-873
-713
813
-812
-815
-795
-877
-911
-986
-996
241
-243
-246
-261
266
343
-346
-231
293
-295
-296
-373
-393
195
-196
-115
-135
235
-236
915
-912
-919
832
-835
-925
924
-734
784
-786
-984
987
796
-799
-977
999
-992
-995
-872
875
972
-975
412
-417
-432
437
-524
525
534
-535
-137
-337
-372
377
392
-396
186
-187
-136
131
-111
117
336
-339
-317
319
711
-719
-731
739
