137
-131
-132
-133
-134
-135
-136
-138
-139
-117
-127
-217
-227
-237
-317
-327
-337
-147
-157
-167
-177
-187
-197
-437
-537
-637
-737
-837
-937
143
-141
-142
-144
-145
-146
-148
-149
-153
-163
-243
-253
-263
-343
-353
-363
-113
-123
-173
-183
-193
-443
-543
-643
-743
-843
-943
186
-181
-182
-184
-185
-188
-189
-176
-196
-276
-286
-296
-376
-386
-396
-116
-126
-156
-166
-486
-586
-686
-786
-886
-986
219
-211
-212
-213
-214
-215
-216
-218
-119
-129
-229
-239
-319
-329
-339
-249
-259
-269
-279
-289
-299
-419
-519
-619
-719
-819
-919
231
-232
-233
-234
-235
-236
-238
-111
-121
-221
-311
-321
-331
-241
-251
-261
-271
-281
-291
-431
-531
-631
-731
-831
-931
242
-244
-245
-246
-247
-248
-152
-162
-252
-262
-342
-352
-362
-222
-272
-282
-292
-442
-542
-642
-742
-842
-942
268
-264
-265
-266
-267
-158
-168
-258
-348
-358
-368
-228
-278
-288
-298
-468
-568
-668
-768
-868
-968
356
-351
-354
-355
-357
-359
-256
-346
-366
226
-223
-224
-225
-316
-326
-336
-426
-526
-626
-726
-826
-926
-456
-556
-656
-756
-856
-956
361
-364
-365
-367
-369
-151
-161
-341
-371
-381
-391
-461
-561
-661
-761
-861
-961
379
-372
-373
-374
-375
-377
-378
-179
-199
-389
-399
-349
-479
-579
-679
-779
-879
-979
422
-421
-423
-424
-425
-427
-428
-429
-412
-432
-512
-522
-532
-612
-622
-632
-452
-462
-472
-482
-492
-122
-322
-722
-822
-922
471
-473
-474
-475
-476
-477
-478
-481
-491
-571
-581
-591
-671
-681
-691
-411
-441
-451
-171
191
-192
-194
-195
-198
-771
-871
-971
-791
-891
-991
496
-493
-494
-495
-497
-498
-499
-576
-596
-676
-696
-416
-436
-446
-466
-796
-896
-996
552
-551
-553
-554
-555
-557
-558
-559
-562
-652
-662
-572
-582
-592
-752
-852
-952
616
-611
-613
-614
-615
-617
-618
-516
-536
-636
-646
-666
-716
-816
-916
634
-633
-635
-638
-639
-414
-434
-514
-524
-534
-624
-644
-654
-664
-674
-684
-694
-334
-734
-834
-934
685
-682
-683
-687
-688
-689
-485
-575
-585
-595
-675
-695
-625
-645
-655
-665
-285
-385
-785
-885
-985
732
-733
-735
-736
-738
-739
-712
-812
-832
-912
-932
-762
-772
-782
-792
-332
748
-741
-744
-745
-746
-747
-749
-758
-848
-858
-948
-958
-718
-728
-778
-788
-798
-448
-548
-648
755
-751
-753
-754
-757
-759
-765
-845
-855
-865
-945
-955
-965
-715
-725
-775
-795
-155
-255
-455
846
-841
-844
-847
-849
-766
-866
-946
-966
776
-773
-774
-777
-876
-976
-836
936
-933
-935
-938
-939
-546
566
-563
-564
-565
-567
-569
869
-862
-863
-864
-867
962
-963
-964
-967
-969
-769
-859
-949
-959
-829
-839
-889
-899
-972
-982
-992
-169
159
-154
-459
-659
-469
-669
873
-872
-874
-875
-877
-878
-783
-793
-883
-893
-973
-983
-993
-813
-823
-833
-853
-273
-573
-673
892
-894
-895
-897
-898
-882
382
-383
-384
-387
-388
-172
-392
112
-114
-115
-118
-312
672
-677
-678
-692
921
-923
-924
-925
-927
-928
-929
-711
-721
-811
-821
-911
729
-723
-724
-727
781
-784
-787
-789
-881
-981
-799
851
-854
-857
-941
-951
511
-513
-515
-517
-518
-521
-621
-541
-529
-629
641
-647
-649
-651
699
-693
-697
-698
-489
-589
-599
989
-984
-987
-988
-999
977
-974
-975
-978
995
-994
-997
-998
-797
794
-884
-887
888
-714
-764
-818
-828
-838
835
-815
-825
-915
918
-913
-914
-917
713
-717
-763
767
953
-954
-957
944
-947
-313
-413
-318
-418
-335
-435
-535
-344
-444
-544
-453
-653
-467
-667
663
-463
-623
-277
-577
-488
-588
-294
-394
-594
-295
275
-274
-175
-395
-124
-125
128
-328
-338
333
-323
165
-164
254
-257
-345
347
174
-178
-284
398
-393
-397
523
-525
-527
-528
-433
-533
415
-417
627
-628
483
-484
-487
-583
-593
-445
-465
464
-454
545
-547
-549
449
-447
457
-458
-657
658
438
-439
-538
539
-315
314
-324
325
-814
817
824
-827
-574
578
584
-587
597
-598
-283
287
293
-297
