123
-121
-122
-124
-125
-126
-127
-128
-129
-113
-133
-213
-223
-233
-313
-323
-333
-143
-153
-163
-173
-183
-193
-423
-523
-623
-723
-823
-923
131
-132
-134
-135
-136
-137
-138
-139
-111
-211
-221
-231
-311
-321
-331
-141
-151
-161
-171
-181
-191
-431
-531
-631
-731
-831
-931
145
-142
-144
-146
-147
-148
-149
-155
-165
-245
-255
-265
-345
-355
-365
-115
-175
-185
-195
-445
-545
-645
-745
-845
-945
266
-261
-262
-263
-264
-267
-268
-269
-156
-166
-246
-256
-346
-356
-366
-216
-226
-236
-276
-286
-296
-466
-566
-666
-766
-866
-966
288
-281
-282
-283
-284
-285
-287
-289
-178
-188
-198
-278
-298
-378
-388
-398
-218
-228
-238
-248
-258
-488
-588
-688
-788
-888
-988
314
-312
-315
-316
-317
-318
-319
-114
-214
-224
-234
-324
-334
-344
-354
-364
-374
-384
-394
-414
-514
-614
-714
-814
-914
359
-351
-352
-353
-357
-358
-159
-169
-249
-259
-349
-369
-329
-339
-379
-389
-399
-459
-559
-659
-759
-859
-959
419
-411
-412
-413
-415
-416
-417
-418
-429
-439
-519
-529
-539
-619
-629
-639
-449
-469
-479
-489
-499
-119
-219
-719
-819
-919
425
-421
-422
-424
-426
-427
-428
-435
-515
-525
-535
-615
-625
-635
-455
-465
-475
-485
-495
-225
-325
-725
-825
-925
443
-441
-442
-444
-446
-447
-448
-453
-463
-543
-553
-563
-643
-653
-663
-433
-473
-483
-493
-243
-343
-743
-843
-943
472
-471
-474
-476
-477
-478
-482
-492
-572
-582
-592
-672
-682
-692
-432
-452
-462
-172
-272
-372
-772
-872
-972
518
-511
-512
-513
-516
-517
-438
-528
-538
-618
-628
-638
-548
-558
-568
-578
-598
-118
-718
-818
-918
549
-541
-542
-544
-546
-547
-569
-649
-669
-579
-589
-599
-749
-849
-949
567
-561
-562
-564
-565
-457
-467
-557
-647
-657
-667
-527
-537
-577
-587
-597
-167
-367
-767
-867
-967
596
-591
-593
-594
-595
-486
-496
-576
-586
-676
-686
-696
-526
-536
-556
-196
-396
-796
-896
-996
634
-632
-633
-636
-637
-434
-524
-534
-624
-644
-654
-664
-674
-684
-694
-734
-834
-934
661
-662
-665
-668
-451
-461
-551
-641
-651
-611
-621
521
-522
-571
-581
-671
-681
-691
-721
-821
-921
-361
-761
-861
-961
685
-683
-687
-689
-575
-585
-675
-695
555
-552
-554
-655
532
-533
-612
-622
613
-616
-617
-673
-693
-713
-813
-913
-232
-332
-732
-832
-932
-755
-855
-955
-385
-785
-885
-985
697
-698
-699
-487
-497
-677
679
-678
498
-491
-494
481
-484
437
-436
626
-627
456
-454
-458
464
-468
-646
-656
-326
-726
-826
-926
-237
-337
-737
-837
-937
-756
-856
-956
-164
-764
-864
-964
-179
-279
-779
-879
-979
-381
-781
-881
-981
-197
-297
-397
-797
-897
-997
-798
-898
-998
758
-751
-752
-753
-754
-757
-748
-768
-848
-858
-868
-948
-958
-968
-728
-738
-778
-158
168
-162
-348
-368
648
-642
652
-658
-152
-252
-852
-952
795
-791
-792
-793
-794
-799
-775
-875
-895
-975
-995
-715
-735
-765
-295
-395
829
-822
-824
-827
-828
-729
-739
-839
-929
-939
-869
-889
-899
-229
239
-235
-299
846
-841
-842
-844
-847
-746
-946
-816
-836
-876
-886
965
-962
-963
-969
-865
769
-762
-763
-789
-915
-935
973
-971
-974
-976
-977
-978
-773
-783
-873
-883
-893
-983
-993
878
-871
-874
-877
733
-736
-833
-933
-838
835
-815
-953
215
-212
-217
-335
-275
375
-371
-373
-376
-377
-273
-573
574
583
-584
-174
-274
-774
-383
984
-982
-986
-987
-989
-784
-884
-894
-994
999
-991
-992
854
-851
-853
-857
863
-862
-744
-944
-954
724
-722
-727
-924
244
-241
-242
-247
-154
157
-254
-257
-347
-117
-177
176
-186
-386
-116
112
-222
227
-322
336
-338
-327
328
-182
-192
-187
292
-291
-293
-294
-382
387
-392
393
-391
271
-277
-251
253
341
-342
362
-363
-712
-812
-912
922
-927
-928
938
-936
-942
742
-741
-747
-782
916
-911
-917
-716
-941
947
951
-957
-771
891
-892
882
-887
711
-717
-811
817
-776
777
786
-787
-184
189
194
-199
