122
-121
-123
-124
-125
-126
-127
-128
-129
-112
-132
-212
-222
-232
-312
-322
-332
-142
-152
-162
-172
-182
-192
-422
-522
-622
-722
-822
-922
177
-171
-173
-174
-175
-176
-178
-179
-187
-197
-277
-287
-297
-377
-387
-397
-117
-137
-147
-157
-167
-477
-577
-677
-777
-877
-977
183
-181
-184
-185
-186
-188
-189
-193
-273
-283
-293
-373
-383
-393
-113
-133
-143
-153
-163
-483
-583
-683
-783
-883
-983
216
-211
-213
-214
-215
-217
-218
-219
-116
-136
-226
-236
-316
-326
-336
-246
-256
-266
-276
-286
-296
-416
-516
-616
-716
-816
-916
258
-251
-252
-253
-254
-255
-257
-259
-148
-158
-168
-248
-268
-348
-358
-368
-228
-238
-278
-288
-298
-458
-558
-658
-758
-858
-958
261
-262
-263
-264
-265
-267
-269
-141
-151
-161
-241
-341
-351
-361
-221
-231
-271
-281
-291
-461
-561
-661
-761
-861
-961
411
-412
-413
-414
-415
-417
-418
-419
-421
-431
-511
-521
-531
-611
-621
-631
-441
-451
-471
-481
-491
-111
-311
-711
-811
-911
498
-492
-493
-494
-495
-496
-497
-499
-478
-488
-578
-588
-598
-678
-688
-698
-428
-438
-448
-468
-198
-398
-798
-898
-998
543
-541
-542
-544
-545
-546
-547
-548
-549
-443
-453
-463
-553
-563
-643
-653
-663
-513
-523
-533
-573
-593
-243
-343
-743
-843
-943
572
-571
-574
-575
-576
-579
-472
-482
-582
-592
-672
-682
-692
-512
-532
-552
-562
-272
-372
-772
-872
-972
664
-662
-665
-666
-667
-668
-669
-444
-454
-464
-554
-564
-644
-654
-614
-624
-634
-674
-684
-694
-164
-364
-764
-864
-964
756
-751
-752
-753
-754
-755
-757
-759
-746
-766
-846
-856
-866
-946
-956
-966
-726
-736
-776
-786
-796
-156
-356
-456
-556
-656
789
-781
-782
-784
-785
-787
-788
-779
-799
-879
-889
-899
-979
-989
-999
-719
-729
-739
-749
-769
-289
-389
-489
-589
-689
791
-792
-793
-794
-795
-797
-771
-871
-881
-891
-971
-981
-991
-721
-731
-741
-191
131
-134
-135
-138
-139
-321
-331
118
-114
-115
-119
-318
-328
-338
-518
-618
-718
-818
-918
-831
-931
-391
-591
-691
827
-821
-823
-824
-825
-826
-828
-829
921
-923
-924
-925
-926
-927
-928
-929
-717
-727
-737
-817
-837
-917
-937
-847
-857
-867
-887
-897
-941
-951
-227
-327
-427
-527
-627
833
-832
-834
-835
-836
-838
-839
-713
-723
-733
-813
-913
-933
936
-932
-934
-935
-938
-939
-853
-863
-873
-893
-976
-986
-996
-233
223
-224
-225
-229
-313
-323
-333
613
-612
-615
-617
-619
-423
-433
-623
-633
473
-474
-475
-476
-479
-673
-693
-436
-536
-636
-773
763
-762
-765
-767
-768
-953
-963
747
-742
-744
-745
-748
-947
-957
-967
-247
237
-234
-235
-239
-317
-337
517
-514
-515
-519
-437
-537
-637
-557
-567
-587
-597
-347
-447
-647
353
-352
-354
-355
-357
-359
-363
367
-362
-365
-366
-369
-467
-973
993
-992
-994
-995
-997
987
-982
-984
-985
-988
-487
457
-452
-455
-459
-657
-687
697
-695
-696
-699
845
-841
-842
-844
-848
-849
851
-852
-854
-855
-859
-865
-945
-955
-965
-815
-875
-885
-895
641
-642
-645
-646
-648
-649
-551
-651
568
-565
-566
-569
581
-584
-585
-586
-671
-681
-528
-538
-145
-245
-345
-445
948
-942
-944
-949
954
-952
-959
-868
-968
-914
-974
-978
975
-775
-915
652
-655
-659
-442
-462
432
-434
-435
-439
-632
-732
712
-714
-715
-812
-912
919
-819
814
-724
-734
774
-778
-874
-884
-894
869
-862
962
-969
-314
315
-319
-325
-335
-375
-385
-395
-154
-169
-469
371
-374
-376
-378
-379
-381
388
-382
-384
-386
-274
-275
279
-199
-299
-399
-249
-675
878
-876
-888
676
-679
-486
-596
-686
685
-485
484
-594
-595
599
-424
526
-524
-525
-529
534
-535
-539
-426
-626
555
-559
-465
466
-446
449
425
-429
-625
-635
324
-329
-334
339
-344
-394
-349
-725
728
735
-738
-628
629
638
-639
-149
159
-155
165
-166
-195
-284
-285
282
-292
-392
396
295
-294
194
-196
-144
146
244
-242
342
-346
-882
886
892
-896
