147
-141
-142
-143
-144
-145
-146
-148
-149
-157
-167
-247
-257
-267
-347
-357
-367
-117
-127
-137
-177
-187
-197
-447
-547
-647
-747
-847
-947
164
-161
-162
-163
-165
-166
-168
-169
-154
-244
-254
-264
-344
-354
-364
-114
-124
-134
-174
-184
-194
-464
-564
-664
-764
-864
-964
182
-181
-183
-185
-186
-188
-189
-172
-192
-272
-282
-292
-372
-382
-392
-112
-122
-132
-152
-482
-582
-682
-782
-882
-982
218
-211
-212
-213
-214
-215
-216
-217
-219
-118
-128
-138
-228
-238
-318
-328
-338
-248
-258
-268
-278
-288
-298
-418
-518
-618
-718
-818
-918
346
-341
-342
-343
-345
-348
-349
-156
-246
-256
-266
-356
-366
-316
-326
-336
-376
-386
-396
-446
-546
-646
-746
-846
-946
415
-411
-412
-413
-414
-416
-417
-419
-425
-435
-515
-525
-535
-615
-625
-635
-445
-455
-465
-475
-485
-495
-115
-315
-715
-815
-915
458
-451
-452
-453
-454
-456
-457
-459
-448
-468
-548
-558
-568
-648
-658
-668
-428
-438
-478
-488
-498
-158
-358
368
-361
-362
-363
-365
-369
-378
-388
-398
-758
-858
-958
-768
-868
-968
527
-521
-522
-523
-524
-526
-528
-529
-427
-437
-517
-537
-617
-627
-637
-557
-567
-577
-587
-597
-227
-327
-727
-827
-927
584
-581
-583
-585
-586
-588
-589
-474
-484
-494
-574
-594
-674
-684
-694
-514
-534
-544
-554
-284
-384
-784
-884
-984
649
-641
-642
-643
-644
-645
-449
-469
-549
-559
-569
-659
-669
-619
-629
-639
-679
-689
-699
-249
-749
-849
-949
692
-691
-693
-695
-696
-697
-698
-472
-492
-572
-592
-672
-612
-622
-632
-652
-662
-792
-892
-992
753
-751
-752
-754
-755
-756
-757
-759
-743
-763
-843
-853
-863
-943
-953
-963
-713
-723
-733
-773
-783
-793
-153
-253
-353
-553
-653
775
-771
-772
-774
-776
-777
-778
-779
-785
-795
-875
-885
-895
-975
-985
-995
-725
-735
-745
-765
-175
-275
-375
-575
-675
798
-791
-794
-796
-797
-799
-788
-878
-888
-898
-978
-988
-998
-728
-738
-748
688
-681
-683
-685
-686
-687
595
-591
-593
-596
-598
-599
-578
-678
-545
-555
-565
538
-531
-532
-533
-536
-539
-628
-638
-838
-938
178
-171
-173
-176
-179
-198
-195
-295
-395
824
-821
-822
-823
-825
-826
-828
-829
-714
-724
-734
-814
-834
-914
-924
-934
928
-921
-922
-923
-925
-926
-929
744
-741
-742
-844
-854
-944
-954
-874
-894
848
-841
-842
-845
-948
-224
-324
-424
-624
-444
654
-651
-655
-656
-657
665
-661
-663
-666
-667
467
-461
-462
-463
-466
434
-431
-432
-433
-436
-439
-614
-634
-477
-487
-497
677
-671
-673
-676
314
-311
-312
-313
-317
-319
-234
-334
-374
-394
-265
-865
-965
-767
-867
-967
-277
-377
-877
-977
836
-831
-832
-833
-835
-837
-839
935
-931
-932
-933
-936
-937
-939
-716
-726
-736
-816
-916
855
-851
-852
-856
-857
-859
-945
-955
957
-951
-952
-956
-959
-866
-876
-886
-896
-917
-987
-997
-135
-235
-335
-136
-236
-636
245
-241
-242
-243
263
-261
-262
-269
-155
-255
-355
125
-121
-123
-126
-129
-225
-325
-223
-233
-273
-283
-293
-285
385
-381
-383
-387
-389
556
-551
-552
-566
-516
-576
-563
971
-972
-973
-974
-976
-979
-781
-871
-881
-891
-981
-991
872
-873
-879
994
-993
-996
-999
-812
-862
-911
-941
942
-762
-962
-961
-912
-442
422
-421
-423
-426
-429
-512
519
-511
-513
-579
712
-711
-717
-719
-722
-732
817
-811
-813
-819
913
-919
-737
787
-786
-789
986
-983
-989
-887
-897
766
-761
-769
861
-869
-966
969
-113
-613
-119
-222
-322
-542
562
-561
-271
-371
-471
-571
573
-473
-483
-493
443
-441
541
-543
-373
379
-199
-279
-289
-299
-399
-329
-339
-359
274
-276
-294
476
-479
-486
-496
883
-889
-893
899
-286
-287
281
-191
-291
-391
-221
-231
-251
-481
489
491
-499
-111
116
-226
229
-139
-239
-196
193
-393
397
296
-297
-133
131
-321
323
-331
-333
-151
159
351
-352
252
-259
-232
237
332
-337
611
-616
-621
-631
633
-623
626
721
-729
-731
739
