163
-161
-162
-164
-165
-166
-167
-168
-169
-143
-153
-243
-253
-263
-343
-353
-363
-113
-123
-133
-173
-183
-193
-463
-563
-663
-763
-863
-963
174
-171
-172
-175
-176
-177
-178
-179
-184
-194
-274
-284
-294
-374
-384
-394
-114
-124
-134
-144
-154
-474
-574
-674
-774
-874
-974
199
-191
-192
-195
-196
-197
-198
-189
-279
-289
-299
-379
-389
-399
-119
-129
-139
-149
-159
-499
-599
-699
-799
-899
-999
252
-251
-254
-255
-256
-257
-258
-259
-142
-152
-242
-262
-342
-352
-362
-212
-222
-232
-272
-282
-292
-452
-552
-652
-752
-852
-952
283
-281
-285
-286
-287
-288
-273
-293
-373
-383
-393
-213
-223
-233
-483
-583
-683
-783
-883
-983
296
-291
-295
-297
-298
-186
-276
-376
-386
-396
-216
-226
-236
-246
-266
-496
-596
-696
-796
-896
-996
325
-321
-322
-323
-324
-326
-327
-328
-329
-115
-125
-135
-215
-225
-235
-315
-335
-345
-355
-365
-375
-385
-395
-425
-525
-625
-725
-825
-925
378
-371
-372
-377
-188
-278
-388
-398
-318
-338
-348
-358
-368
-478
-578
-678
-778
-878
-978
418
-411
-412
-413
-414
-415
-416
-417
-419
-428
-438
-518
-528
-538
-618
-628
-638
-448
-458
-468
-488
-498
-118
-218
-718
-818
-918
432
-431
-433
-434
-435
-436
-437
-439
-422
-512
-522
-532
-612
-622
-632
-442
-462
-472
-482
-492
-132
-332
-732
-832
-932
446
-441
-443
-444
-445
-447
-449
-456
-466
-546
-556
-566
-646
-656
-666
-426
-476
-486
-146
-346
-746
-846
-946
455
-451
-453
-454
-457
-459
-465
-545
-555
-565
-645
-655
-665
-475
-485
-495
-155
-755
-855
-955
559
-551
-553
-554
-557
-558
-469
-549
-569
-649
-659
-669
-519
-529
-539
-579
-589
-359
-759
-859
-959
658
-651
-653
-654
-657
-548
-568
-648
-668
-688
-698
-158
-758
-858
-958
661
-662
-664
-667
-461
-541
-561
-641
-611
-621
-631
-671
-681
-691
-261
-361
-761
-861
-961
675
-672
-673
-676
-677
-679
-575
-585
-595
-685
-695
-615
-635
-275
185
-181
-182
-187
-145
-775
-875
-975
-785
-885
-985
693
-692
-694
-697
-473
-493
-573
-593
423
-421
-424
-427
-429
-513
-523
-533
-613
-623
-633
543
-542
-544
-547
-643
-723
-823
-923
-743
-843
-943
-793
-893
-993
734
-731
-733
-735
-736
-737
-738
-739
-714
-724
-814
-824
-834
-914
-924
-934
-744
-754
-764
-784
-794
-234
-334
-534
-634
787
-781
-782
-786
-788
-789
-777
-797
-877
-887
-897
-977
-987
-997
-717
-727
-747
-757
-767
-387
-487
-587
-687
811
-812
-813
-815
-816
-817
-819
-711
-721
-821
-831
-911
-921
-931
-841
-851
-871
-881
-891
-111
-211
-311
-511
822
-826
-827
-828
-829
-712
-722
-912
-922
-842
-862
-872
-882
-892
-122
112
-116
-117
-312
854
-853
-856
-857
-844
-864
-944
-954
-964
-884
-894
-354
916
-913
-915
-917
-919
-716
-726
-836
-926
-936
-956
-966
-976
-986
-316
-516
-616
939
-933
-935
-937
-938
-719
-729
728
-838
-928
-839
-929
927
-837
-748
-768
-798
-947
-957
-967
-949
-969
-979
-989
-127
-227
-527
-627
-128
-228
-239
-339
-639
941
-942
-945
-948
-741
-751
-951
953
-753
756
-766
-866
-776
-971
-981
-991
-973
972
-772
-792
-982
-992
-962
-141
-241
-341
-156
-356
366
-364
-367
-369
-336
-572
-121
126
-136
-526
-626
-131
151
-157
-351
357
-147
148
-247
-267
-347
-248
-268
137
-138
-217
-237
-317
-337
238
-231
277
-271
-397
221
-224
-229
-331
333
-313
713
-715
-833
835
-773
873
-876
-879
886
-888
-889
779
-771
791
-795
-749
-769
-845
-865
-895
898
995
-994
-998
984
-988
-848
-868
968
-965
515
-514
-517
-535
617
-614
-619
-537
-637
636
-536
531
-521
524
-624
629
-571
-581
-591
-564
-584
-594
-686
-647
-689
847
-849
-867
869
-269
471
-477
-479
-481
-491
489
-484
576
-577
-586
381
-382
-391
392
-684
682
-582
588
-592
494
-497
597
-598
-464
467
644
-642
562
-567
742
-745
-762
765
-244
-344
349
264
-265
245
-249
-214
219
314
-319
