134
-131
-132
-133
-135
-136
-137
-138
-139
-114
-124
-214
-224
-234
-314
-324
-334
-144
-154
-164
-174
-184
-194
-434
-534
-634
-734
-834
-934
146
-141
-142
-143
-145
-147
-148
-149
-156
-166
-246
-256
-266
-346
-356
-366
-116
-126
-176
-186
-196
-446
-546
-646
-746
-846
-946
158
-151
-152
-153
-155
-157
-159
-168
-248
-258
-268
-348
-358
-368
-118
-128
-178
-188
-198
-458
-558
-658
-758
-858
-958
177
-171
-172
-173
-175
-179
-187
-197
-277
-287
-297
-377
-387
-397
-117
-127
-167
-477
-577
-677
-777
-877
-977
219
-211
-212
-213
-215
-216
-217
-218
-119
-129
-229
-239
-319
-329
-339
-249
-259
-269
-279
-289
-299
-419
-519
-619
-719
-819
-919
227
-221
-222
-223
-225
-226
-228
-237
-317
-327
-337
-247
-257
-267
-427
-527
-627
-727
-827
-927
278
-271
-272
-273
-274
-275
-276
-288
-298
-378
-388
-398
-238
-478
-578
-678
-778
-878
-978
312
-311
-313
-315
-316
-318
-112
-122
-232
-322
-332
-342
-352
-362
-372
-382
-392
-412
-512
-612
-712
-812
-912
375
-371
-373
-374
-376
-379
-185
-195
-285
-295
-385
-395
-325
-335
-345
-355
-365
-475
-575
-675
-775
-875
-975
429
-421
-422
-423
-424
-425
-426
-428
-439
-529
-539
-629
-639
-449
-459
-469
-479
-489
-499
-729
-829
-929
433
-431
-432
-435
-436
-437
-438
-413
-513
-523
-533
-613
-623
-633
-443
-453
-463
-473
-483
-493
-233
-333
-733
-833
-933
447
-441
-442
-444
-445
-448
-457
-467
-547
-557
-567
-647
-657
-667
-417
-487
-497
-347
-747
-847
-947
461
-462
-464
-465
-466
-468
-451
-541
-551
-561
-641
-651
-661
-411
-471
-481
-491
-161
-261
-361
-761
-861
-961
495
-492
-494
-496
-498
-485
-585
-595
-685
-695
-415
-455
-795
-895
-995
552
-553
-554
-555
-556
-559
-452
-542
-562
-642
-652
-662
-522
-532
-572
-582
-592
-252
-752
-852
-952
576
-571
-573
-574
-579
-476
-486
-586
-596
-676
-686
-696
-516
-526
-536
-566
-776
-876
-976
587
-581
-583
-584
-588
-589
-597
-687
-697
-517
-537
-787
-887
-987
643
-644
-645
-648
-649
-543
-563
-653
-663
593
-591
-594
-598
-599
-673
-683
-693
-243
-343
-743
-843
-943
-193
-293
-393
-793
-893
-993
718
-711
-713
-714
-715
-716
-717
-728
-738
-818
-828
-838
-918
-928
-938
-748
-768
-788
-798
-418
488
-482
-484
-688
-698
472
-474
-672
-682
-692
-518
-618
-772
-872
-972
-888
-988
767
-762
-763
-764
-765
-766
-769
-757
-857
-867
-957
-967
-737
-797
357
-351
-353
-354
-359
-367
774
-771
-773
-779
-784
-794
-874
-884
-894
-974
-984
-994
-724
-744
-754
-674
786
-781
-782
-783
-785
-789
-796
-886
-896
-986
-996
-726
-736
-756
-286
-386
815
-811
-813
-814
-816
-817
-725
-735
-825
-835
-915
-925
-935
-845
-855
-865
-885
985
-981
-982
-983
-989
-945
-955
-965
-115
-515
-615
842
-841
-844
-848
-849
-742
-862
-942
-962
-822
-832
-882
-892
-242
854
-851
-853
-856
-859
-864
-944
-954
-964
-824
-254
-454
456
-656
-666
414
-416
-514
511
-521
-531
-611
-621
-631
-524
-614
-624
-111
113
-123
-323
-163
-183
-911
-913
-914
924
-921
-922
-923
-926
-654
-956
-121
125
-235
-165
-525
528
-538
535
-625
-635
-628
-638
-545
-565
-548
-568
668
-664
-665
-669
655
-659
-328
338
-331
-336
948
-941
-949
-868
-968
898
-891
-897
-899
997
-991
-992
-998
-999
792
-791
-799
-722
-732
932
-931
-936
-937
-939
837
-831
-836
-839
-917
916
-826
739
-731
-749
-759
866
-863
-869
-966
-616
617
-637
622
-626
-632
636
326
-321
231
-236
-241
-251
341
-344
-349
-281
-291
296
-292
-294
-396
-381
-391
-741
745
-755
-245
244
-264
-364
-284
-544
549
564
-569
-255
253
-263
-363
369
265
-262
162
-169
-182
-192
282
-283
383
-384
-389
394
-399
-753
751
-951
-721
723
821
-823
-871
-881
971
-973
-979
-953
959
963
-969
-671
679
-689
-699
873
-879
-883
889
684
-681
691
-694
181
-189
-191
199
