147
-141
-142
-143
-144
-145
-146
-148
-149
-157
-167
-247
-257
-267
-347
-357
-367
-117
-127
-137
-177
-187
-197
-447
-547
-647
-747
-847
-947
154
-151
-152
-153
-155
-156
-158
-159
-164
-244
-254
-264
-344
-354
-364
-114
-124
-134
-174
-184
-194
-454
-554
-654
-754
-854
-954
236
-231
-232
-233
-234
-235
-237
-238
-239
-116
-126
-136
-216
-226
-316
-326
-336
-246
-256
-266
-276
-286
-296
-436
-536
-636
-736
-836
-936
262
-261
-263
-265
-268
-269
-162
-242
-252
-342
-352
-362
-212
-222
-272
-282
-292
-462
-562
-662
-762
-862
-962
297
-291
-293
-294
-295
-298
-299
-277
-287
-377
-387
-397
-217
-227
-497
-597
-697
-797
-897
-997
327
-321
-322
-323
-324
-325
-328
-329
-317
-337
-427
-527
-627
-727
-827
-927
346
-341
-343
-345
-348
-349
-166
-356
-366
-376
-386
-396
-446
-546
-646
-746
-846
-946
384
-381
-382
-383
-385
-388
-389
-274
-284
-374
-394
-314
-334
-484
-584
-684
-784
-884
-984
391
-392
-393
-395
-398
-399
-171
-181
-191
-271
-281
-371
-311
-331
-351
-361
-491
-591
-691
-791
-891
-991
413
-411
-412
-414
-415
-416
-417
-418
-419
-423
-433
-513
-523
-533
-613
-623
-633
-443
-453
-463
-473
-483
-493
-113
-213
-313
-713
-813
-913
431
-432
-434
-435
-437
-438
-439
-421
-511
-521
-531
-611
-621
-631
-441
-451
-461
-471
-481
-131
-731
-831
-931
486
-482
-485
-487
-488
-489
-476
-496
-576
-586
-596
-676
-686
-696
-426
-456
-466
-186
-786
-886
-986
498
-492
-494
-495
-499
-478
-578
-588
-598
-678
-688
-698
-428
-448
-458
-468
-198
-798
-898
-998
574
-571
-572
-573
-575
-577
-579
-474
-594
-674
-694
-514
-524
-534
-544
-564
-774
-874
-974
612
-614
-615
-616
-617
-618
-619
-422
-512
-522
-532
-622
-632
-642
-652
-672
-682
-692
-112
-312
-712
-812
-912
628
-624
-625
-626
-629
-518
-528
-538
-638
-648
-658
-668
-128
-228
-728
-828
-928
671
-673
-675
-677
-679
-581
-681
-641
-651
-661
-771
-871
-971
699
-693
-695
-479
-589
-599
-689
-639
-649
-659
-669
-199
-799
-899
-999
717
-711
-714
-715
-716
-718
-719
-737
-817
-837
-917
-937
-757
-767
-777
-787
-517
723
-721
-722
-724
-725
-726
-729
-733
-823
-833
-923
-933
-743
-753
-763
-773
-783
-793
-123
-223
764
-761
-765
-766
-768
-769
-744
-844
-864
-944
-964
-734
-794
-464
-664
782
-781
-785
-788
-789
-772
-792
-872
-882
-892
-972
-982
-992
-732
-742
-752
-182
-582
811
-814
-815
-816
-818
-819
-821
-911
-921
-841
-851
-861
-881
981
-983
-985
-987
-988
-989
-941
-951
-961
-111
-211
843
-842
-845
-848
-849
-853
-863
-943
-953
-963
-873
-883
-893
-243
-543
-643
875
-876
-877
-878
-879
-775
-795
796
-885
-895
-975
-995
-776
-896
894
-994
-976
-996
993
-973
-756
-824
-834
-825
-835
-855
-865
-175
-275
-375
-475
176
-172
-173
-178
-179
-196
-193
-593
959
-952
-955
-956
-957
-958
-749
-759
-859
-869
-949
-969
-919
-929
-939
-979
-259
-359
-459
-559
965
-966
-967
-968
-745
-755
-945
735
-738
-739
-915
-925
-935
779
-778
-889
977
-978
-887
888
-838
-858
-868
-135
-335
-535
-635
-165
-365
-465
-565
-665
-477
472
-592
595
-585
-685
-442
-452
-515
-525
425
-424
-429
634
-637
537
-539
444
-445
-449
-644
645
-455
457
-545
-555
-655
-467
469
-557
-567
-657
-667
-549
-569
-587
583
-683
687
-553
-563
-125
-225
-934
-245
249
-241
-248
-169
-369
-219
-229
-279
-289
-857
867
-866
856
-852
942
-948
-826
-922
-932
938
-918
-138
-338
-542
552
-551
-556
-558
-656
653
-663
666
-566
-253
-353
-372
192
-195
-122
-132
332
-333
-339
133
-139
-163
363
-368
-183
-373
822
-829
-832
839
273
-278
-283
378
-379
-188
-288
285
-185
189
115
-118
-119
-215
-315
168
-161
251
-255
-258
355
-358
121
-129
-221
224
-214
218
-318
319
914
-916
-924
926
516
-519
-526
529
-751
758
741
-748
-541
548
561
-568
