133
-131
-132
-134
-135
-136
-137
-138
-139
-113
-123
-213
-223
-233
-313
-323
-333
-143
-153
-163
-173
-183
-193
-433
-533
-633
-733
-833
-933
181
-182
-184
-185
-186
-187
-188
-189
-171
-191
-271
-281
-291
-371
-381
-391
-111
-121
-141
-151
-161
-481
-581
-681
-781
-881
-981
197
-192
-194
-195
-196
-198
-199
-177
-277
-287
-297
-377
-387
-397
-117
-127
-147
-157
-167
-497
-597
-697
-797
-897
-997
214
-211
-212
-215
-216
-217
-218
-219
-114
-124
-224
-234
-314
-324
-334
-244
-254
-264
-274
-284
-294
-414
-514
-614
-714
-814
-914
226
-221
-222
-225
-227
-228
-229
-116
-126
-236
-316
-326
-336
-246
-256
-266
-276
-286
-296
-426
-526
-626
-726
-826
-926
269
-261
-262
-263
-265
-267
-268
-149
-159
-169
-249
-259
-349
-359
-369
-239
-279
-289
-299
-469
-569
-669
-769
-869
-969
342
-341
-343
-344
-345
-346
-347
-348
-142
-152
-162
-242
-252
-352
-362
-312
-322
-332
-372
-382
-392
-442
-542
-642
-742
-842
-942
384
-383
-385
-386
-388
-389
-174
-374
-394
-354
-364
-484
-584
-684
-784
-884
-984
432
-431
-434
-435
-436
-437
-438
-439
-412
-422
-512
-522
-532
-612
-622
-632
-452
-462
-472
-482
-492
-232
-732
-832
-932
445
-441
-443
-444
-446
-447
-448
-449
-455
-465
-545
-555
-565
-645
-655
-665
-415
-425
-475
-485
-495
-145
-245
-745
-845
-945
483
-486
-487
-488
-489
-473
-493
-573
-583
-593
-673
-683
-693
-413
-423
-453
-463
-283
-783
-883
-983
575
-571
-572
-574
-576
-577
-578
-579
-585
-595
-675
-685
-695
-515
-525
-535
-175
-275
-375
-775
-875
-975
611
-613
-615
-616
-617
-618
-619
-411
-421
-511
-521
-531
-621
-631
-641
-651
-661
-671
-691
-311
-711
-811
-911
629
-623
-624
-625
-627
-628
635
-634
-636
-637
-638
-639
-419
-429
-519
-529
-539
-649
-659
-679
-689
-699
-129
-329
-729
-829
-929
-235
-335
-735
-835
-935
658
-652
-653
-654
-656
-657
-458
-468
-548
-558
-568
-648
-668
-678
-688
-698
-158
-258
-358
-758
-858
-958
663
-662
-664
-666
-667
-543
-553
-563
-643
-363
-763
-863
-963
757
-751
-752
-753
-754
-755
-756
-759
-747
-767
-847
-857
-867
-947
-957
-967
-717
-727
-737
-777
-787
-257
-357
-457
-557
776
-771
-772
-773
-774
-778
-779
-786
-796
-876
-886
-896
-976
-986
-996
-716
-736
-746
-766
-176
-376
396
-393
-395
-398
-399
-356
-366
-476
-676
-496
-596
-696
815
-812
-813
-816
-817
-818
-819
-715
-725
-825
-915
-925
-855
-865
-885
-895
-115
-315
849
-841
-843
-844
-846
-848
-749
-859
-949
-959
-839
-879
-889
-899
-549
891
-892
-893
-894
-898
-791
-871
-971
-991
-821
-831
-851
-861
471
-474
-477
-478
-479
-491
-591
-451
-461
946
-941
-943
-944
-948
-856
-866
-956
-966
836
-834
-837
-838
-916
-936
-536
-146
-546
-646
686
-682
-687
-586
974
-972
-973
-977
-978
-979
-794
-874
-994
-924
-934
-954
-964
-674
992
-993
-995
-998
-999
-782
-792
-872
-882
-982
-912
-922
-952
-962
-292
-592
-692
694
-494
-594
672
-677
-582
587
-588
-589
-517
-527
-537
-547
-567
-644
647
-467
-247
367
-361
-365
-368
237
-231
-238
-317
-327
-337
-937
-172
-272
282
-285
-288
295
-293
-298
-255
877
-873
-878
793
-795
-798
-799
-887
888
-987
-788
-988
-713
-723
-743
-827
-828
-868
243
-241
-248
-253
251
-351
-353
355
-155
-165
125
-122
-128
112
-118
-119
-325
179
-178
-379
-273
278
373
-378
-712
-551
-951
-955
953
-853
823
-822
-824
722
-721
-724
-728
-913
-923
734
-731
-738
-739
-762
-744
-764
513
-516
-518
-523
416
-417
-418
427
-424
-428
-456
-466
464
-454
459
-544
541
-561
-554
-564
-559
498
-499
-598
599
917
-918
-919
-927
524
-528
-534
538
-338
-938
-741
748
-768
-968
761
-765
-961
965
785
-789
-985
989
-718
719
928
-921
931
-939
318
-319
-328
321
-331
339
144
-148
-154
156
-164
-166
168
854
-852
862
-864
552
-556
-562
566
