148
-141
-142
-143
-144
-145
-146
-147
-149
-158
-168
-248
-258
-268
-348
-358
-368
-118
-128
-138
-178
-188
-198
-448
-548
-648
-748
-848
-948
224
-221
-222
-223
-225
-226
-227
-228
-229
-114
-124
-134
-214
-234
-314
-324
-334
-244
-254
-264
-274
-284
-294
-424
-524
-624
-724
-824
-924
247
-241
-242
-243
-245
-246
-249
-157
-167
-257
-267
-347
-357
-367
-217
-237
-277
-287
-297
-447
-547
-647
-747
-847
-947
256
-251
-252
-253
-255
-259
-156
-166
-266
-346
-356
-366
-216
-236
-276
-286
-296
-456
-556
-656
-756
-856
-956
289
-281
-282
-283
-285
-288
-179
-189
-199
-279
-299
-379
-389
-399
-219
-239
-269
-489
-589
-689
-789
-889
-989
387
-381
-382
-383
-384
-385
-386
-388
-177
-187
-197
-377
-397
-317
-327
-337
-487
-587
-687
-787
-887
-987
391
-392
-393
-394
-395
-396
-398
-171
-181
-191
-271
-291
-371
-311
-321
-331
-341
-351
-361
-491
-591
-691
-791
-891
-991
423
-421
-422
-425
-426
-427
-428
-429
-413
-433
-513
-523
-533
-613
-623
-633
-443
-453
-463
-473
-483
-493
-123
-323
-723
-823
-923
445
-441
-442
-444
-446
-449
-455
-465
-545
-555
-565
-645
-655
-665
-415
-435
-475
-485
-495
-345
-745
-845
-945
462
-461
-464
-466
-467
-468
-469
-452
-542
-552
-562
-642
-652
-662
-412
-432
-472
-482
-492
-162
-262
-362
-762
-862
-962
476
-471
-474
-477
-478
-479
-486
-496
-576
-586
-596
-676
-686
-696
-416
-436
-176
-376
-776
-876
-976
498
-494
-497
-499
-488
-578
-588
-598
-678
-688
-698
-418
-438
-458
-298
-798
-898
-998
538
-531
-532
-534
-535
-536
-537
-539
-518
-528
-618
-628
-638
-558
-568
-238
-338
-738
-838
-938
553
-551
-554
-557
-559
-543
-563
-643
-653
-663
-573
-583
-593
-153
-353
-753
-853
-953
577
-571
-572
-574
-575
-579
-597
-677
-697
-517
-527
-567
-777
-877
-977
615
-611
-612
-614
-616
-617
-619
-515
-525
-625
-635
-675
-685
-695
-115
-215
-315
-715
-815
-915
634
-631
-632
-636
-637
-639
-414
-434
-514
-644
-654
-664
-674
-684
-694
-734
-834
-934
646
-641
-649
-546
-566
-666
-626
-746
-846
-946
667
-661
-668
-669
-457
-657
658
-651
-659
-627
-758
-858
-958
-767
-867
-967
682
-681
-683
-582
-592
-672
-692
-622
-182
-782
-882
-982
711
-712
-713
-714
-716
-717
-718
-719
-721
-731
-811
-821
-831
-911
-921
-931
-741
-751
-761
-771
-781
-111
-211
-411
-511
722
-725
-726
-727
-728
-729
-732
-812
-822
-832
-912
-922
-932
-742
-752
-772
-792
-122
-322
-522
512
-516
-519
526
-521
-529
-112
-212
-312
-126
-326
-826
-926
828
-825
-827
-829
-818
-918
-928
-868
-878
-888
-328
851
-852
-854
-855
-857
-859
-841
-861
-941
-951
-961
-871
-881
541
-544
-549
-451
-561
-581
-151
869
-863
-864
-865
-866
-749
-759
-769
-849
-949
-959
-969
-819
-839
-879
-899
349
-342
-343
-344
-159
-169
-359
-369
-319
-329
325
-125
-135
-235
-335
-355
-365
-375
-339
-925
459
-454
564
-569
484
-481
671
-673
-679
693
-699
-584
585
-594
-595
599
431
-437
-439
-621
629
417
-419
-117
-817
-917
121
-127
-129
-131
-231
137
-132
-133
-136
-139
119
-113
-116
-161
261
-263
-265
-919
927
-929
-737
-837
-937
897
-892
-893
-894
-895
-896
-797
-997
757
-754
-755
-957
-164
-364
363
-163
165
-155
-175
-185
-195
-313
-333
-373
955
-952
-954
-765
-965
-935
-975
-985
-995
-763
-963
-764
-964
-971
981
-983
-984
-986
-988
-184
-784
-884
-785
-885
788
-783
-786
-778
-978
-768
766
-966
968
-736
-796
-193
-293
-793
-993
-799
-999
883
-886
-773
-873
-973
996
-992
-994
-813
-833
-843
-916
-936
-183
186
-196
173
-172
-174
-273
-152
154
352
-354
192
-194
-272
-292
295
-372
374
-378
-275
278
232
-233
-332
336
213
-218
-316
318
-913
914
-814
816
-836
835
-735
-875
-944
-974
-774
-874
872
-972
979
794
-795
775
-779
-744
743
-943
942
-842
844
-733
739
933
-939
