134
-131
-132
-133
-135
-136
-137
-138
-139
-114
-124
-214
-224
-234
-314
-324
-334
-144
-154
-164
-174
-184
-194
-434
-534
-634
-734
-834
-934
169
-161
-162
-163
-165
-166
-167
-168
-149
-159
-249
-259
-269
-349
-359
-369
-119
-129
-179
-189
-199
-469
-569
-669
-769
-869
-969
175
-171
-172
-173
-176
-177
-178
-185
-195
-275
-285
-295
-375
-385
-395
-115
-125
-145
-155
-475
-575
-675
-775
-875
-975
218
-211
-212
-213
-215
-216
-217
-219
-118
-128
-228
-238
-318
-328
-338
-248
-258
-268
-278
-288
-298
-418
-518
-618
-718
-818
-918
243
-241
-242
-244
-245
-246
-247
-143
-153
-253
-263
-343
-353
-363
-223
-233
-273
-283
-293
-443
-543
-643
-743
-843
-943
294
-291
-292
-296
-297
-299
-274
-284
-374
-384
-394
-254
-264
-494
-594
-694
-794
-894
-994
311
-312
-313
-315
-316
-317
-319
-111
-121
-221
-231
-321
-331
-341
-351
-361
-371
-381
-391
-411
-511
-611
-711
-811
-911
437
-431
-432
-433
-435
-436
-438
-439
-417
-427
-517
-527
-537
-617
-627
-637
-447
-457
-467
-477
-487
-497
-237
-337
-737
-837
-937
458
-451
-452
-453
-454
-455
-456
-459
-448
-468
-548
-558
-568
-648
-658
-668
-428
-478
-488
-498
-158
-358
-758
-858
-958
535
-531
-532
-533
-536
-538
-539
-415
-425
-515
-525
-615
-625
-635
-545
-555
-565
-585
-595
-235
-335
-735
-835
-935
556
-551
-552
-553
-554
-557
-559
-446
-466
-546
-566
-646
-656
-666
-516
-526
-576
-586
-596
-156
-256
-356
-756
-856
-956
597
-591
-592
-593
-598
-599
-577
-587
-677
-687
-697
-547
-567
-197
-397
-797
-897
-997
622
-621
-623
-624
-626
-628
-629
-412
-422
-512
-522
-612
-632
-642
-652
-662
-672
-682
-692
-122
-222
-322
-722
-822
-922
659
-651
-653
-654
-655
-657
-449
-549
-649
-619
-639
-679
-689
-699
-759
-859
-959
674
-671
-673
-676
-678
-474
-484
-574
-584
-684
-614
-644
-664
-774
-874
-974
695
-691
-693
-696
-698
-485
-495
-685
-645
-665
-795
-895
-995
721
-723
-724
-725
-726
-727
-728
-729
-731
-821
-831
-921
-931
-741
-751
-761
-771
-781
-791
-421
-521
631
-633
-636
-638
528
-523
-524
-529
-578
-588
688
-681
-683
-686
-641
647
-667
-661
663
-463
-563
-613
616
-416
-426
-116
-716
-816
-916
-828
-928
-147
-347
-747
-847
-947
-763
-863
-963
-188
-388
-788
-888
-988
846
-841
-842
-844
-845
-848
-849
-746
-766
-866
-946
-966
-826
-836
-876
-886
-896
-146
-346
861
-862
-864
-865
-867
-868
-851
-941
-951
-961
-871
-881
-891
-261
-461
-561
915
-912
-913
-914
-917
-919
-715
-815
-825
-925
-945
-955
-965
-985
948
-942
-944
-949
-748
-768
-968
749
-742
-744
-745
-719
-739
-779
-789
-799
-938
-978
-998
-148
198
-191
-192
-193
-196
-378
-398
-348
368
-362
-364
-365
-366
-367
266
-262
-265
-267
-226
-236
-276
-286
-798
-898
986
-981
-982
-983
-984
-987
-989
-776
-786
-796
-976
-996
736
-732
-733
-738
-926
-936
838
-832
-833
-839
778
-772
-773
-777
-878
-336
-186
126
-123
-127
-326
-386
-486
993
-991
-992
-999
971
-972
-973
-977
-979
-783
-793
792
-782
-872
-882
-892
-873
-883
-893
899
-879
877
-787
-887
-889
-712
-752
-762
-817
-827
-857
-819
-829
-923
-933
-953
333
-332
-339
-113
-323
183
-181
-182
-187
-373
-383
-393
-271
281
-282
-287
-289
-251
151
-152
-157
-141
142
-252
-342
-352
-112
117
232
-239
-227
-327
-272
812
-813
-814
-932
939
-929
-852
-717
927
-924
-957
-967
-442
-542
952
-954
-962
964
-754
-764
-854
354
-355
-357
-344
345
-255
257
225
-229
-325
329
-277
279
-379
-389
-399
-429
-445
465
-462
-464
562
-564
-572
-582
-757
767
-765
-471
-571
-377
387
-382
-479
-579
573
-473
-483
-493
-583
-513
-481
-581
589
491
-492
-496
-499
476
-472
482
-489
-441
444
541
-544
-414
-424
423
-413
419
514
-519
713
-714
-823
824
-753
755
853
-855
784
-785
-884
885
372
-376
-392
396
