136
-131
-132
-133
-134
-135
-137
-138
-139
-116
-126
-216
-226
-236
-316
-326
-336
-146
-156
-166
-176
-186
-196
-436
-536
-636
-736
-836
-936
184
-181
-182
-183
-185
-187
-188
-189
-174
-194
-274
-284
-294
-374
-384
-394
-114
-124
-144
-154
-164
-484
-584
-684
-784
-884
-984
244
-241
-242
-243
-245
-246
-247
-248
-249
-254
-264
-344
-354
-364
-214
-224
-234
-444
-544
-644
-744
-844
-944
271
-272
-273
-275
-276
-277
-278
-279
-171
-191
-281
-291
-371
-381
-391
-211
-221
-231
-251
-261
-471
-571
-671
-771
-871
-971
296
-292
-293
-295
-297
-298
-299
-286
-376
-386
-396
-256
-266
-496
-596
-696
-796
-896
-996
343
-341
-342
-345
-346
-347
-348
-349
-143
-153
-163
-253
-263
-353
-363
-313
-323
-333
-373
-383
-393
-443
-543
-643
-743
-843
-943
395
-392
-397
-398
-399
-175
-195
-285
-375
-385
-315
-325
-335
-355
-365
-495
-595
-695
-795
-895
-995
437
-431
-432
-433
-434
-435
-438
-439
-417
-427
-517
-527
-537
-617
-627
-637
-447
-457
-467
-477
-487
-497
-237
-337
-737
-837
-937
445
-441
-442
-446
-448
-449
-455
-465
-545
-555
-565
-645
-655
-665
-415
-425
-475
-485
-145
-745
-845
-945
453
-451
-452
-454
-456
-458
-459
-463
-553
-563
-653
-663
-413
-423
-473
-483
-493
-753
-853
-953
494
-491
-492
-498
-499
-474
-574
-594
-674
-694
-414
-424
-464
-794
-894
-994
519
-511
-512
-513
-514
-515
-516
-518
-419
-429
-529
-539
-619
-629
-639
-549
-559
-569
-579
-589
-599
-119
-219
-319
-719
-819
-919
534
-531
-532
-533
-535
-538
-524
-614
-624
-634
-554
-564
-334
-734
-834
-934
548
-541
-542
-546
-547
-468
-558
-568
-648
-658
-668
-528
-578
-588
-598
-148
-748
-848
-948
552
-551
-556
-557
-462
-562
-642
-652
-662
-522
-572
-582
-592
-152
-252
-352
-752
-852
-952
566
-561
-567
-466
-646
-656
-666
-526
-576
-586
-366
356
-351
-357
-358
-359
-756
-856
-956
-766
-866
-966
573
-575
-577
-583
-593
-673
-683
-693
-523
-173
-773
-873
-973
591
-597
-481
-581
-681
-691
-521
525
-615
-625
-635
-585
587
-677
-687
-697
-125
-225
-725
-825
-925
-287
-387
-787
-887
-987
-791
-891
-991
618
-611
-612
-613
-616
-418
-428
-628
-638
-678
-688
-698
-118
-218
-318
-718
-818
-918
664
-661
-667
-669
-654
-764
-864
-964
676
-672
-675
-679
685
-682
-686
-689
-476
-486
-626
-776
-876
-976
-785
-885
-985
715
-711
-712
-713
-714
-716
-717
-735
-815
-835
-915
-935
-755
-765
-775
-115
-215
235
-232
-233
-238
-239
-255
-265
762
-761
-763
-767
-768
-769
-742
-842
-862
-942
-962
-722
-732
-772
-782
-792
142
-141
-147
-149
-162
-262
-362
-112
-122
-172
-192
811
-812
-813
-814
-816
-817
-721
-731
-821
-831
-911
-921
-931
-841
-851
-861
-881
-111
-311
-411
832
-833
-838
-839
-822
-912
-922
-932
-872
-882
-892
-332
-632
863
-865
-867
-868
-869
-963
-823
-883
-893
926
-923
-924
-927
-928
-929
-726
-826
-916
-946
-986
416
-412
-426
977
-972
-974
-975
-978
-979
875
-874
-877
-878
-879
774
-777
-778
-779
-797
-897
-997
-724
-754
-855
-917
-947
-957
-967
-177
-377
197
-193
-198
-199
283
-282
-288
-289
-117
113
-123
-213
-223
-127
-157
-167
-913
914
-824
854
-857
-858
-859
-954
-314
324
-321
-322
-327
-328
-329
-783
-983
-121
331
-338
-339
-361
-631
633
-623
723
-727
-728
-729
-733
-933
827
-828
-829
-793
993
-992
-998
-999
982
-981
-988
-989
781
-786
-788
-789
886
-888
-889
-741
-751
746
-747
-749
-846
757
-758
-759
-847
849
-949
941
-951
-961
-959
-969
898
-899
-798
799
738
-739
-938
939
-227
-641
647
-649
-657
-257
-382
372
-378
-379
-312
317
-217
212
-222
267
-268
-269
-367
-472
-482
692
-699
422
-421
621
-622
461
-469
-651
659
151
-155
-158
-159
-161
165
-168
-169
955
-958
-965
968
258
-259
-368
369
-228
229
128
-129
-178
179
388
-389
478
-479
-488
489
