123
-121
-122
-124
-125
-126
-127
-128
-129
-113
-133
-213
-223
-233
-313
-323
-333
-143
-153
-163
-173
-183
-193
-423
-523
-623
-723
-823
-923
141
-142
-144
-145
-146
-147
-148
-149
-151
-161
-241
-251
-261
-341
-351
-361
-111
-131
-171
-181
-191
-441
-541
-641
-741
-841
-941
162
-164
-165
-166
-167
-168
-169
-152
-242
-252
-262
-342
-352
-362
-112
-132
-172
-182
-192
-462
-562
-662
-762
-862
-962
175
-174
-176
-177
-178
-179
-185
-195
-275
-285
-295
-375
-385
-395
-115
-135
-155
-475
-575
-675
-775
-875
-975
226
-221
-222
-224
-225
-227
-228
-229
-116
-136
-216
-236
-316
-326
-336
-246
-256
-266
-276
-286
-296
-426
-526
-626
-726
-826
-926
312
-311
-314
-315
-317
-318
-319
-212
-232
-322
-332
-372
-382
-392
-412
-512
-612
-712
-812
-912
347
-343
-344
-345
-346
-348
-349
-157
-247
-257
-267
-357
-367
-327
-337
-377
-387
-397
-447
-547
-647
-747
-847
-947
353
-354
-355
-356
-358
-359
-243
-253
-263
-363
-373
-383
-393
-453
-553
-653
-753
-853
-953
378
-371
-374
-376
-379
-188
-198
-278
-288
-298
-388
-398
-328
-338
-368
-478
-578
-678
-778
-878
-978
449
-442
-443
-444
-445
-446
-448
-459
-469
-549
-559
-569
-649
-659
-669
-419
-429
-439
-479
-489
-499
-249
-749
-849
-949
487
-481
-482
-483
-484
-485
-486
-488
-477
-497
-577
-587
-597
-677
-687
-697
-417
-427
-437
-457
-467
-187
-287
-787
-887
-987
528
-521
-522
-524
-525
-527
-529
-418
-428
-438
-518
-538
-618
-628
-638
-548
-558
-568
-588
-598
-728
-828
-928
535
-531
-532
-533
-534
-536
-537
-539
-415
-425
-435
-515
-615
-625
-635
-545
-555
-565
-585
-595
-235
-335
-735
-835
-935
542
-543
-544
-546
-452
-552
-642
-652
-572
-582
-592
-742
-842
-942
567
-561
-563
-564
-566
-557
-657
-667
-517
-767
-867
-967
573
-571
-574
-576
-579
-473
-493
-583
-593
-673
-683
-693
-513
-273
-773
-873
-973
589
-581
-584
-586
-599
-679
-689
-699
-519
-189
-289
-389
-789
-889
-989
622
-621
-624
-627
-629
-422
-432
-632
-672
-682
-692
-722
-822
-922
663
-661
-664
-665
-666
-668
-463
-643
-613
-633
-763
-863
-963
738
-731
-732
-733
-734
-736
-737
-739
-718
-818
-838
-918
-938
-748
-758
-768
-788
-798
-138
-238
752
-751
-754
-755
-756
-757
-759
-852
-952
-772
-782
-792
765
-761
-764
-766
-769
-745
-845
-855
-865
-945
-955
-965
-715
-725
-785
-795
-265
-365
325
-321
-324
-329
-215
-825
-925
-465
799
-791
-793
-794
-796
-797
-779
-879
-899
-979
-999
-719
-729
279
-271
-272
-274
-277
-199
-299
-399
-219
-239
-259
-269
883
-881
-882
-884
-885
-886
-888
-783
-893
-983
-993
-813
-833
-843
-283
293
-291
-292
-294
-297
282
-281
-284
197
-194
-196
-117
-137
-982
-897
-997
932
-931
-933
-934
-936
-937
-939
-832
-972
-992
433
-431
-434
-436
-413
948
-943
-944
-946
743
-744
-746
-848
-858
-868
-958
-968
-713
913
-911
-914
-915
-916
-917
-919
815
-811
-814
-816
-817
-819
-895
898
-891
-892
-894
-896
872
-871
-874
-876
-877
-988
-998
-248
-648
-472
492
-491
-494
-495
-496
-498
455
-451
-454
-456
-458
-645
-655
468
-461
-464
-466
-658
245
-244
-255
-268
264
-154
-254
258
-364
-158
118
-114
-119
-218
-214
-234
619
-611
-614
-616
-617
637
-631
-634
-636
-639
836
-831
-834
-837
-839
-716
-846
844
-854
-864
-954
-964
-824
-856
-866
-237
231
-211
217
-331
-717
-644
646
-556
-656
-676
-686
-696
688
-681
-684
-685
695
-691
-694
-698
985
-981
-984
-986
-995
961
-966
-969
-851
-861
869
-951
956
-957
-959
857
-859
821
-827
-829
-711
714
-721
-921
-724
727
-924
-927
929
-774
-784
-777
977
-971
-974
-976
994
-991
-996
-414
-514
424
-421
-474
-156
159
366
-369
186
-184
-386
-396
134
-139
-334
339
674
-671
-594
554
-551
651
-654
384
-381
391
-394
781
-786
-771
776
471
-476
-591
596
-411
416
511
-516
