124
-121
-122
-123
-125
-126
-127
-128
-129
-114
-134
-214
-224
-234
-314
-324
-334
-144
-154
-164
-174
-184
-194
-424
-524
-624
-724
-824
-924
161
-162
-163
-165
-166
-167
-168
-169
-141
-151
-241
-251
-261
-341
-351
-361
-111
-131
-171
-181
-191
-461
-561
-661
-761
-861
-961
222
-221
-223
-225
-226
-227
-228
-229
-112
-132
-212
-232
-312
-322
-332
-242
-252
-262
-272
-282
-292
-422
-522
-622
-722
-822
-922
275
-271
-273
-274
-276
-277
-278
-279
-175
-185
-195
-285
-295
-375
-385
-395
-215
-235
-245
-255
-265
-475
-575
-675
-775
-875
-975
383
-381
-382
-384
-386
-387
-388
-389
-173
-183
-193
-283
-293
-373
-393
-313
-323
-333
-343
-353
-363
-483
-583
-683
-783
-883
-983
413
-411
-412
-414
-415
-416
-417
-418
-419
-423
-433
-513
-523
-533
-613
-623
-633
-443
-453
-463
-473
-493
-113
-213
-713
-813
-913
436
-431
-432
-434
-435
-437
-438
-439
-426
-516
-526
-536
-616
-626
-636
-446
-456
-466
-476
-486
-496
-136
-236
-336
-736
-836
-936
455
-451
-452
-454
-457
-458
-459
-445
-465
-545
-555
-565
-645
-655
-665
-425
-485
-495
-155
-355
-755
-855
-955
548
-541
-542
-543
-544
-546
-547
-549
-448
-468
-558
-568
-648
-658
-668
-518
-528
-538
-578
-588
-598
-148
-248
-348
-748
-848
-948
572
-571
-573
-574
-576
-577
-579
-472
-482
-492
-582
-592
-672
-682
-692
-512
-532
-552
-562
-172
-372
-772
-872
-972
611
-612
-614
-615
-617
-618
-619
-421
-511
-521
-531
-621
-631
632
-634
-635
-637
-638
-639
-641
-651
-671
-681
-691
-642
-652
-662
-211
-311
-711
-811
-911
-732
-832
-932
747
-741
-742
-743
-744
-745
-746
-749
-757
-767
-847
-857
-867
-947
-957
-967
-717
-727
-737
-777
-787
-797
-147
-247
-347
-447
-647
752
-751
-753
-754
-756
-758
-759
-762
-842
-852
-862
-942
-952
-962
-712
-782
-792
-152
-352
794
-791
-793
-795
-796
-798
-799
-774
-784
-874
-884
-894
-974
-984
-994
-714
-734
-764
-294
-394
-494
-594
-694
819
-812
-814
-815
-816
-817
-818
912
-914
-915
-916
-917
-918
-919
-719
-729
-739
-829
-839
-929
-939
-849
-859
-869
-879
-889
-899
-982
-992
514
-515
-517
-519
-534
-554
-564
-584
-119
-219
-319
881
-882
-885
-886
-887
-888
-771
-781
-871
-891
-971
-981
-991
892
-893
-895
-896
-897
-898
-821
-831
-841
-851
-281
-481
-581
182
-186
-187
-188
-189
-192
-392
-142
945
-941
-943
-944
-946
-949
951
-953
-954
-956
-958
-959
-765
-845
-865
-965
-921
-931
-925
-935
-985
-995
785
-786
-788
-789
-715
-725
-735
441
-442
-444
-449
-551
462
-464
-467
-469
-471
-491
591
-593
-595
-596
-597
-599
342
-344
-345
-346
-349
-362
-145
365
-364
-366
-367
-368
-369
-315
-325
-335
115
-116
-117
-118
-135
371
-374
-376
-377
-378
-379
-291
-391
284
-286
-287
-288
-289
231
-233
-237
-238
-239
-321
-331
133
-137
-138
-139
-143
-153
-244
-254
-264
354
-356
-357
-358
-359
721
-723
-726
-728
-731
-733
738
-718
716
-826
-926
-828
-838
-928
-938
-766
-776
-768
-778
-216
-316
326
-327
-328
-329
339
-337
-338
-396
-399
-833
-933
-539
-654
-854
-484
474
-477
-478
-479
-674
-684
-585
-685
695
-693
-696
-697
-698
-699
673
-676
-677
-678
-679
-643
-653
-663
-625
-773
779
-979
-989
-999
763
-769
-843
-853
-863
-963
969
-964
-966
-968
934
-937
-834
243
-246
-249
-253
-263
553
-556
-557
-559
-563
-269
-569
-669
-873
823
-825
-827
-923
927
835
-837
877
-876
-878
-977
-987
-997
525
-527
-529
-535
537
-427
-627
-567
566
-646
-656
-666
-586
686
-687
-688
-689
-587
589
-489
-499
429
-428
628
-629
-266
-866
-973
993
-996
-998
-177
-179
-986
988
976
-978
-176
178
-198
-298
-398
397
-197
-297
157
-156
-158
-159
-257
-267
268
-258
217
-218
-317
318
-657
659
667
-664
644
-649
-844
846
864
-868
-856
858
-146
149
256
-259
196
-199
-296
299
487
-488
-497
498
