122
-121
-123
-124
-125
-126
-127
-128
-129
-112
-132
-212
-222
-232
-312
-322
-332
-142
-152
-162
-172
-182
-192
-422
-522
-622
-722
-822
-922
179
-171
-173
-174
-175
-176
-177
-178
-189
-199
-279
-289
-299
-379
-389
-399
-119
-139
-149
-159
-169
-479
-579
-679
-779
-879
-979
258
-251
-252
-253
-254
-255
-256
-257
-259
-148
-158
-168
-248
-268
-348
-358
-368
-218
-228
-238
-278
-288
-298
-458
-558
-658
-758
-858
-958
261
-262
-263
-264
-265
-266
-267
-269
-141
-151
-161
-241
-341
-351
-361
-211
-221
-231
-271
-281
-291
-461
-561
-661
-761
-861
-961
443
-441
-442
-444
-445
-446
-447
-448
-449
-453
-463
-543
-553
-563
-643
-653
-663
-413
-423
-433
-473
-483
-493
-143
-243
-343
-743
-843
-943
454
-451
-452
-455
-456
-457
-459
-464
-544
-554
-564
-644
-654
-664
-414
-424
-434
-474
-484
-494
-154
-354
-754
-854
-954
477
-471
-472
-475
-476
-478
-487
-497
-577
-587
-597
-677
-687
-697
-417
-427
-437
-467
-277
-377
-777
-877
-977
518
-511
-512
-513
-514
-515
-516
-517
-519
-418
-428
-438
-528
-538
-618
-628
-638
-548
-568
-578
-588
-598
-118
-318
-718
-818
-918
531
-532
-533
-534
-535
-536
-537
-539
-411
-421
-431
-521
-611
-621
-631
-541
-551
-571
-581
-591
-131
-331
-731
-831
-931
615
-612
-613
-614
-616
-617
-619
-415
-425
-435
-525
-625
-635
-645
-655
-665
-675
-685
-695
-115
-215
-315
-715
-815
-915
657
-651
-652
-656
-659
641
-642
-646
-647
-648
-649
-547
-557
-567
-667
527
-523
-524
-526
-529
-627
-637
-671
-681
-691
-227
-327
-727
-827
-927
-741
-841
-941
-157
-357
-757
-857
-957
713
-711
-712
-714
-716
-717
-719
-723
-733
-813
-823
-833
-913
-923
-933
-753
-763
-773
-783
-793
-113
-213
-313
746
-742
-744
-745
-747
-748
-749
-756
-766
-846
-856
-866
-946
-956
-966
-726
-736
-776
-786
-796
-146
-246
-346
-546
785
-781
-782
-784
-787
-788
-789
-775
-795
-875
-885
-895
-975
-985
-995
-725
-735
-755
-765
-185
-285
-385
-485
-585
829
-821
-824
-825
-826
-828
-729
-739
-819
-839
-919
-929
-939
-849
-859
-869
-889
-899
-229
-329
-429
426
-416
-436
-626
-636
-466
-486
-496
-226
-326
-926
-629
842
-844
-845
-847
-848
-752
-762
-852
-862
-942
-952
-962
-812
-832
-872
-882
-892
-242
-342
-542
948
-944
-945
-947
-949
-768
-868
-968
-928
-938
-978
-988
-998
981
-982
-983
-984
-986
-987
-989
-771
-791
-871
-881
-891
-971
-991
-911
-921
-951
371
-372
-373
-374
-375
-376
-378
-181
-191
-381
-391
111
-114
-116
-117
-311
-321
-811
721
-724
-728
-751
759
851
-853
-855
-769
-959
-969
-799
999
-992
-993
-994
-996
-997
328
-323
-324
-325
-138
-338
-388
-398
-359
-559
-481
491
-492
-495
-498
-499
465
-462
-468
-469
-545
549
-555
-565
668
-662
-666
-669
-569
488
-482
-489
-678
-688
-698
-589
-599
-249
-349
369
-362
-363
-364
-365
-366
-367
352
-353
-355
-356
-382
-392
-319
-339
-552
556
562
-566
-572
-582
-592
-576
-586
-596
-156
166
-163
-164
-165
-167
153
-155
-133
-183
-193
-136
-186
-196
-953
955
-865
-965
835
-834
-836
-837
-838
-925
924
-734
-814
-914
-934
-935
738
-732
-737
-778
-798
-964
-974
-224
-624
623
-633
634
-632
-639
-673
-683
-693
-674
-684
-694
-223
225
-135
-235
-335
-245
-275
-295
-134
137
-217
-237
-317
-337
-147
-187
-197
-234
-334
-937
575
-573
-574
-595
878
-873
-874
-876
-888
-898
-188
184
-194
-274
-284
-294
-384
-394
198
-195
395
-393
-396
-397
-144
145
-345
774
-772
-794
-884
-894
792
-797
-972
-764
767
864
-863
-867
963
-967
-973
976
-886
-896
816
-817
-916
-936
932
-912
917
412
-419
-432
439
-216
-316
314
-214
219
-239
244
-247
-344
347
-387
273
-272
-276
-283
-293
-383
386
-286
-296
-233
236
333
-336
672
-676
-682
-692
282
-287
-292
297
-584
583
-593
594
-883
887
893
-897
-686
689
696
-699
