131
-132
-133
-134
-135
-136
-137
-138
-139
-111
-121
-211
-221
-231
-311
-321
-331
-141
-151
-161
-171
-181
-191
-431
-531
-631
-731
-831
-931
155
-152
-153
-154
-156
-157
-158
-159
-145
-165
-245
-255
-265
-345
-355
-365
-115
-125
-175
-185
-195
-455
-555
-655
-755
-855
-955
248
-241
-242
-243
-244
-246
-247
-249
-148
-168
-258
-268
-348
-358
-368
-218
-228
-238
-278
-288
-298
-448
-548
-648
-748
-848
-948
276
-271
-272
-273
-274
-275
-277
-279
-176
-186
-196
-286
-296
-376
-386
-396
-216
-226
-236
-256
-266
-476
-576
-676
-776
-876
-976
416
-411
-412
-413
-414
-415
-417
-418
-419
-426
-436
-516
-526
-536
-616
-626
-636
-446
-456
-466
-486
-496
-116
-316
-716
-816
-916
428
-421
-422
-423
-424
-425
-427
-429
-438
-518
-528
-538
-618
-628
-638
-458
-468
-478
-488
-498
-128
-328
-728
-828
-928
472
-471
-473
-474
-475
-477
-479
-482
-492
-572
-582
-592
-672
-682
-692
-432
-442
-452
-462
-172
-372
-772
-872
-972
523
-521
-522
-524
-525
-527
-529
-433
-513
-533
-613
-623
-633
-543
-553
-563
-573
-583
-593
-123
-223
-323
-723
-823
-923
561
-562
-564
-565
-566
-567
-568
-569
-441
-451
-461
-541
-551
-641
-651
-661
-511
-571
-581
-591
-261
-361
-761
-861
-961
654
-652
-653
-656
-657
-658
-659
-444
-454
-464
-544
-554
-644
-664
-614
-624
-634
-674
-684
-694
-254
-354
-754
-854
-954
673
-671
-675
-677
-678
-679
-483
-493
-683
-693
-643
-663
-173
-373
-773
-873
-973
717
-711
-712
-713
-714
-715
-718
-719
-727
-737
-817
-827
-837
-917
-927
-937
-747
-757
-767
-777
-787
-797
-117
-217
-317
-517
-617
781
-782
-783
-784
-785
-786
-788
-789
-771
-791
-871
-881
-891
-971
-981
-991
-721
-741
-751
371
-374
-375
-377
-378
-379
-281
-291
-381
-391
251
-252
-253
-257
-259
-341
-351
-851
-951
-481
491
-494
-495
-497
-499
-681
-691
795
-792
-793
-794
-796
-798
-799
-775
-875
-885
-895
-975
-985
-995
-725
-735
-745
-765
575
-574
-577
-578
-579
-485
-585
-595
-685
-695
-515
-535
-545
-295
-395
818
-811
-812
-813
-814
-815
-819
-738
-838
-918
-938
-858
-868
-878
-888
-898
-118
-318
338
-332
-333
-334
-335
-336
-337
-339
-388
-398
842
-841
-843
-844
-845
-846
-847
-849
941
-942
-943
-944
-945
-946
-947
-949
-742
-752
-762
-852
-862
-952
-962
821
-822
-824
-825
-826
-829
-911
-921
-832
-882
-892
611
-612
-615
-619
-621
-142
-342
-542
-642
984
-982
-983
-986
-987
-988
-989
992
-993
-994
-996
-997
-998
-999
-774
-874
-884
-894
-974
-912
-922
-932
-914
-924
-934
-964
174
-177
-178
-179
-184
-194
-284
-294
-384
-394
-114
-124
-144
-164
-484
434
-435
-437
-439
-514
-534
-234
-734
-834
724
-722
-726
-729
732
-733
-736
-739
-744
-764
864
-863
-865
-866
-867
-869
965
-963
-966
-967
-968
-969
835
-833
-836
-839
-915
-925
-935
-224
-324
-232
-532
-632
-235
-635
625
-622
-627
-629
512
-519
-552
662
-665
-666
-667
-668
-669
558
-556
-557
-559
-588
-598
-645
-112
-212
-312
-225
-325
936
-933
-939
913
-919
-926
929
-953
-956
-959
-979
-113
119
-129
-219
-229
-239
-319
-329
-149
-169
-189
-199
-213
-313
233
-237
-263
-283
-293
344
-343
-346
-347
-349
-264
-364
214
-215
-314
315
285
-282
-287
-289
-385
445
-443
-447
-449
-465
352
-353
-356
-357
-359
-162
-262
-362
-322
-382
-392
-758
-958
957
-857
768
-763
-766
-769
-778
779
978
-977
-879
877
-887
-897
-889
-899
-749
-759
859
-853
-856
756
-753
743
-746
-143
453
-457
-459
-463
182
-183
-187
-188
-192
-292
198
-193
-197
-122
222
-227
163
-166
-167
-363
366
-367
-369
-146
147
-267
269
126
-127
-326
327
297
-299
-387
-397
-547
-647
467
-469
-487
489
-589
-599
-689
-699
-584
594
-596
-597
688
-686
-687
-698
587
-586
696
-697
546
-549
-646
649
-537
539
637
-639
886
-883
893
-896
383
-389
-393
399
