147
-141
-142
-143
-144
-145
-146
-148
-149
-157
-167
-247
-257
-267
-347
-357
-367
-117
-127
-137
-177
-187
-197
-447
-547
-647
-747
-847
-947
171
-172
-173
-174
-175
-176
-178
-179
-181
-191
-271
-281
-291
-371
-381
-391
-111
-121
-131
-151
-161
-471
-571
-671
-771
-871
-971
182
-183
-184
-185
-186
-188
-189
-192
-272
-282
-292
-372
-382
-392
-112
-122
-132
-152
-162
-482
-582
-682
-782
-882
-982
199
-193
-194
-195
-196
-198
-279
-289
-299
-379
-389
-399
-119
-129
-139
-159
-169
-499
-599
-699
-799
-899
-999
258
-251
-252
-253
-254
-255
-256
-259
-158
-168
-248
-268
-348
-358
-368
-218
-228
-238
-278
-288
-298
-458
-558
-658
-758
-858
-958
287
-283
-284
-285
-286
-277
-297
-377
-387
-397
-217
-227
-237
-487
-587
-687
-787
-887
-987
296
-293
-294
-295
-276
-376
-386
-396
-216
-226
-236
-246
-266
-496
-596
-696
-796
-896
-996
362
-361
-363
-364
-365
-366
-369
-242
-262
-342
-352
-312
-322
-332
-462
-562
-662
-762
-862
-962
375
-373
-374
-378
-275
-385
-395
-315
-325
-335
-345
-355
-475
-575
-675
-775
-875
-975
418
-411
-412
-413
-414
-415
-416
-417
-419
-428
-438
-518
-528
-538
-618
-628
-638
-448
-468
-478
-488
-498
-118
-318
-718
-818
-918
434
-431
-432
-433
-435
-436
-437
-439
-424
-514
-524
-534
-614
-624
-634
-444
-454
-464
-474
-484
-494
-134
-234
-334
-734
-834
-934
455
-451
-452
-453
-456
-457
-459
-445
-465
-545
-555
-565
-645
-655
-665
-425
-485
-495
-155
-755
-855
-955
463
-461
-466
-467
-469
-443
-543
-553
-563
-643
-653
-663
-423
-473
-483
-493
-163
-263
-763
-863
-963
479
-472
-476
-477
-489
-579
-589
-679
-689
-429
-449
-779
-879
-979
537
-531
-532
-533
-535
-536
-539
-427
-517
-527
-617
-627
-637
497
-491
-492
-577
-597
-677
-697
-557
-567
-337
-737
-837
-937
-797
-897
-997
573
-572
-574
-576
-578
-583
-593
-673
-683
-693
-513
-523
-273
274
-384
-394
-214
-224
-244
-264
-773
-873
-973
-674
-774
-874
-974
588
-581
-584
-585
-586
-598
-678
-688
-698
-548
-568
-388
383
-393
398
-313
-323
-333
-343
-353
-328
-338
-783
-883
-983
-788
-888
-988
-798
-898
-998
633
-631
-632
-635
-636
-639
-613
-623
-133
-233
-733
-833
-933
648
-641
-642
-644
-646
-649
-668
-748
-848
-948
659
-651
-652
-654
-656
-657
667
-661
-664
-666
-669
-549
-559
-569
-619
-629
-359
-759
-859
-959
-767
-867
-967
672
-676
-592
-692
-612
-622
-772
-872
-972
691
-694
-695
-481
486
-591
-681
-686
-426
-446
-611
-621
684
-685
-594
595
-515
-525
-784
-884
-984
-786
-886
-986
-791
-891
-991
-795
-895
-995
735
-731
-732
-736
-738
-739
-715
-725
-815
-825
-835
-915
-925
-935
-745
-765
-785
-135
-235
742
-741
-743
-744
-746
-749
-752
-842
-852
-942
-952
-712
-722
-792
-442
441
-541
-551
-561
-421
422
-512
-522
-222
-822
-922
-241
-341
-841
-941
-542
552
-554
-556
812
-811
-813
-814
-816
-817
-819
-832
-912
-932
-892
992
-993
-994
-212
232
-231
-239
824
-821
-823
-826
-827
-828
-829
-714
-724
-914
-924
-844
-854
-864
-894
893
-793
794
-754
-764
-843
-853
-124
-324
851
-856
-857
-751
-761
-861
-951
-961
-831
-881
877
-876
-878
-777
-977
-351
261
-265
-269
-211
-221
911
-913
-916
-917
-919
-711
-721
-921
-931
781
-789
-981
-311
-511
521
-526
-529
519
-516
-219
-319
-719
-321
331
-336
-339
923
-926
-927
-928
-929
-713
-723
753
-756
-757
-943
-953
957
-954
-956
-123
-223
243
-245
-249
-153
165
-164
-166
349
-344
-346
113
-114
-115
-116
-213
215
314
-316
-317
-125
-225
229
327
-326
-329
154
-156
-354
356
-615
616
625
-626
-716
717
-727
-729
769
-766
-768
-849
-869
-949
-969
-865
-965
939
-936
-938
-839
889
-885
985
-989
845
-846
-945
966
-964
-968
944
-946
-866
868
836
-838
-726
728
776
-778
-976
978
126
-128
-136
138
-544
546
564
-566
