173
-171
-172
-174
-175
-176
-177
-178
-179
-183
-193
-273
-283
-293
-373
-383
-393
-113
-123
-133
-143
-153
-163
-473
-573
-673
-773
-873
-973
238
-231
-232
-233
-234
-235
-236
-237
-239
-118
-128
-138
-218
-228
-318
-328
-338
-248
-258
-268
-278
-288
-298
-438
-538
-638
-738
-838
-938
245
-241
-242
-243
-244
-246
-247
-249
-145
-155
-165
-255
-265
-345
-355
-365
-215
-225
-275
-285
-295
-445
-545
-645
-745
-845
-945
269
-261
-262
-263
-264
-266
-267
-149
-159
-169
-259
-349
-359
-369
-219
-229
-279
-289
-299
-469
-569
-669
-769
-869
-969
297
-291
-292
-294
-296
-187
-197
-277
-287
-377
-387
-397
-217
-227
-257
-497
-597
-697
-797
-897
-997
317
-311
-312
-313
-314
-315
-316
-319
-117
-127
-137
-327
-337
-347
-357
-367
-417
-517
-617
-717
-817
-917
392
-391
-394
-395
-396
-398
-399
-182
-192
-272
-282
-372
-382
-322
-332
-342
-352
-362
-492
-592
-692
-792
-892
-992
481
-482
-483
-484
-485
-486
-487
-488
-489
-471
-491
-571
-581
-591
-671
-681
-691
-411
-421
-431
-441
-451
-461
-181
-281
-381
-781
-881
-981
522
-521
-523
-524
-525
-526
-527
-528
-529
-412
-422
-432
-512
-532
-612
-622
-632
-542
-552
-562
-572
-582
-122
-222
-722
-822
-922
537
-531
-533
-534
-535
-536
-539
-427
-437
-627
-637
-547
-557
-567
-577
-587
-737
-837
-937
544
-541
-543
-546
-548
-549
-444
-454
-464
-554
-564
-644
-654
-664
-514
-574
-584
-594
-144
-344
-744
-844
-944
576
-575
-578
-579
-476
-496
-586
-596
-676
-686
-696
-516
-556
-566
-276
-376
-776
-876
-976
595
-593
-598
-599
-475
-495
-585
-675
-685
-695
-515
-555
-565
-195
-795
-895
-995
652
-651
-653
-655
-656
-657
-658
-659
-442
-452
-462
-642
-662
472
-474
-477
-478
-479
-672
-682
-152
-252
212
-211
-213
-214
-216
-112
-132
-712
-812
-912
-752
-852
-952
-772
-872
-972
668
-661
-663
-665
-666
-667
-448
-458
-468
-558
-568
-648
-618
-628
-678
-688
-698
-168
-368
-768
-868
-968
694
-693
-699
-494
-674
-684
-614
-624
-634
-194
-794
-894
-994
733
-731
-732
-734
-735
-736
-739
-713
-723
-813
-823
-833
-913
-923
-933
-743
-753
-763
-783
-793
-333
-433
-633
782
-784
-785
-786
-787
-788
-789
-882
-982
-742
-762
825
-821
-824
-826
-827
-828
-829
-715
-725
-815
-835
-915
-925
-935
-855
-865
-875
-885
-125
-325
-425
-625
832
-831
-834
-836
-839
-932
-842
-862
896
-891
-893
-898
-899
-796
-886
-986
-996
-816
-846
-856
-866
-196
924
-921
-926
-927
-928
-929
-714
-724
-814
-914
-934
727
-721
-726
-728
-729
-747
-757
-767
-777
-954
-964
-974
-984
-124
-224
-324
-424
428
-423
-426
-429
-418
-518
-498
588
-583
-589
-188
-388
-888
-988
961
-962
-963
-965
-966
-967
-741
-751
-761
-841
-851
-861
-941
-951
942
-943
-946
-947
-948
-949
-911
-931
-971
-991
-142
162
-161
-164
-166
-167
-361
-561
563
-443
-453
-463
-553
-643
-513
-363
-863
998
-993
-999
-778
-798
-878
-978
-918
-958
378
-371
-374
-375
-379
-198
-348
-358
493
-499
-683
-413
613
-611
-615
-616
-619
-623
635
-631
-636
-639
-415
-435
115
-111
-114
-116
-119
-135
-335
-185
385
-384
-386
-389
414
-416
-419
-434
-985
-121
126
-129
-136
-226
-326
-336
-146
-156
-186
286
-284
-256
-626
436
-439
-446
-456
-466
646
-641
-647
-649
551
-559
-511
519
621
-629
-719
-819
-919
916
-716
-936
939
-956
-959
-979
-989
-221
223
-323
-253
-321
329
-139
-339
-346
-746
-151
-251
254
-154
-354
-364
366
-356
271
-274
-191
199
184
-189
-134
131
-331
334
-141
341
-343
-351
353
843
-847
-848
-849
-853
-953
-883
983
-987
-754
-854
756
-755
-758
-759
-766
-771
-871
791
-799
-711
718
811
-818
-748
749
858
-857
-859
-779
148
-147
157
-158
447
-449
-457
-467
465
-455
459
955
-957
-765
764
-864
867
-774
775
-975
977
-877
-887
874
-879
-884
889
-677
679
687
-689
