147
-141
-142
-143
-144
-145
-146
-148
-149
-157
-167
-247
-257
-267
-347
-357
-367
-117
-127
-137
-177
-187
-197
-447
-547
-647
-747
-847
-947
188
-181
-182
-183
-184
-185
-186
-189
-178
-198
-278
-288
-298
-378
-388
-398
-118
-128
-138
-158
-168
-488
-588
-688
-788
-888
-988
191
-192
-193
-194
-195
-196
-199
-171
-271
-281
-291
-371
-381
-391
-111
-121
-131
-151
-161
-491
-591
-691
-791
-891
-991
215
-211
-212
-213
-214
-216
-217
-218
-219
-115
-125
-135
-225
-235
-315
-325
-335
-245
-255
-265
-275
-285
-295
-415
-515
-615
-715
-815
-915
272
-273
-274
-276
-277
-279
-172
-282
-292
-372
-382
-392
-222
-232
-242
-252
-262
-472
-572
-672
-772
-872
-972
336
-331
-332
-333
-334
-337
-338
-339
-116
-126
-136
-226
-236
-316
-326
-346
-356
-366
-376
-386
-396
-436
-536
-636
-736
-836
-936
349
-341
-342
-343
-344
-345
-348
-159
-169
-249
-259
-269
-359
-369
-319
-329
-379
-389
-399
-449
-549
-649
-749
-849
-949
428
-421
-422
-423
-424
-425
-426
-427
-429
-418
-438
-518
-528
-538
-618
-628
-638
-448
-458
-468
-478
-498
-228
-328
-728
-828
-928
441
-442
-443
-444
-445
-446
-451
-461
-541
-551
-561
-641
-651
-661
-411
-431
-471
-481
-241
-741
-841
-941
484
-482
-483
-485
-486
-487
-489
-474
-494
-574
-584
-594
-674
-684
-694
-414
-434
-454
-464
-284
-384
-784
-884
-984
513
-511
-512
-514
-516
-517
-519
-413
-433
-523
-533
-613
-623
-633
-543
-553
-563
-573
-583
-593
-113
-313
-713
-813
-913
576
-571
-575
-577
-578
-579
-476
-496
-586
-596
-676
-686
-696
-526
-546
-556
-566
-176
-776
-876
-976
756
-751
-752
-753
-754
-755
-757
-758
-759
-746
-766
-846
-856
-866
-946
-956
-966
-716
-726
-786
-796
-156
166
-162
-163
-164
-165
-246
-256
-266
646
-642
-643
-644
-645
-648
-456
-466
-656
-666
416
-412
-417
-419
-616
-626
-816
-916
763
-761
-762
-764
-765
-767
-768
-769
-743
-843
-853
-863
-943
-953
-963
-723
-733
-773
-783
-793
243
-244
-248
-153
-253
-263
-353
-363
-223
-233
-283
-293
-463
-663
827
-821
-822
-823
-824
-825
-826
-829
926
-921
-922
-923
-924
-925
-927
-929
-717
-727
-737
-817
-837
-917
-937
-857
-867
-877
-887
-897
-986
-996
-227
-327
-527
-627
892
-893
-894
-895
-896
-898
-899
-782
-792
-882
-982
-992
886
-881
-883
-885
-889
-812
-832
-842
-852
-862
-286
296
-294
-297
-299
-492
-592
-692
955
-951
-952
-954
-957
-958
-959
-745
-845
-855
-865
-945
-965
967
-961
-962
-964
-968
-969
-935
-975
-985
-995
-977
-987
-997
545
-542
-544
-548
-455
-465
-555
-565
-655
-665
-525
-535
-585
-595
-155
175
-173
-174
-179
-375
-385
-395
289
-287
237
-231
-234
-238
-239
-317
318
-311
-312
-314
-229
-358
-368
617
-611
-612
-614
-619
-437
-537
-637
-657
-667
-677
-687
-697
-718
-818
-918
-355
365
-361
-362
-364
-467
-567
-475
-675
-775
-875
835
-831
-833
-834
-838
-839
933
-931
-932
-934
-938
-939
-725
-735
738
-731
-732
-734
-739
-748
-778
-798
873
-871
-874
-878
-879
-973
-983
-993
625
-621
-622
-624
-629
-435
-635
495
-493
-497
-499
-685
-695
-133
123
-122
-124
-129
-323
-373
-473
453
-452
-457
-459
-653
557
-552
-554
-558
-559
477
-479
-587
-597
-673
-377
374
-394
-324
-354
-774
-974
-777
785
-781
-787
-789
-795
797
-794
-799
994
-998
-999
978
-971
-979
-914
-944
-948
942
-742
744
-844
848
-854
-864
-858
-868
-714
-724
814
-811
-819
-912
-114
-678
387
-383
393
-397
683
-681
-682
-689
582
-581
-589
671
-679
-693
-522
-532
-562
-631
531
-534
-539
-521
-771
779
981
-989
-719
-729
919
-911
711
-712
-721
722
112
-119
-132
-322
321
-221
224
-134
139
-152
154
352
-351
-254
-264
-524
529
634
-632
-639
432
-439
-462
469
-569
-659
-669
564
-568
-654
-664
598
-599
-698
699
-652
658
662
-668
-258
251
-261
268
-851
859
861
-869
