146
-141
-142
-143
-144
-145
-147
-148
-149
-156
-166
-246
-256
-266
-346
-356
-366
-116
-126
-136
-176
-186
-196
-446
-546
-646
-746
-846
-946
188
-181
-182
-183
-184
-185
-187
-189
-178
-198
-278
-288
-298
-378
-388
-398
-118
-128
-138
-158
-168
-488
-588
-688
-788
-888
-988
197
-191
-192
-193
-194
-195
-199
-177
-277
-287
-297
-377
-387
-397
-117
-127
-137
-157
-167
-497
-597
-697
-797
-897
-997
255
-251
-252
-253
-254
-257
-258
-259
-155
-165
-245
-265
-345
-355
-365
-215
-225
-235
-275
-285
-295
-455
-555
-655
-755
-855
-955
299
-291
-292
-293
-294
-296
-179
-279
-289
-379
-389
-399
-219
-229
-239
-249
-269
-499
-599
-699
-799
-899
-999
347
-341
-342
-343
-344
-348
-349
-247
-267
-357
-367
-317
-327
-337
-447
-547
-647
-747
-847
-947
369
-361
-362
-363
-364
-368
-159
-169
-359
-319
-329
-339
-469
-569
-669
-769
-869
-969
376
-371
-372
-373
-374
-375
-276
-286
-386
-396
-316
-326
-336
-476
-576
-676
-776
-876
-976
417
-411
-412
-413
-414
-415
-416
-418
-419
-427
-437
-517
-527
-537
-617
-627
-637
-457
-467
-477
-487
-217
-717
-817
-917
436
-431
-432
-433
-434
-435
-438
-439
-426
-516
-526
-536
-616
-626
-636
-456
-466
-486
-496
-236
-736
-836
-936
441
-442
-443
-444
-445
-448
-449
-451
-461
-541
-551
-561
-641
-651
-661
-421
-471
-481
-491
-241
-741
-841
-941
462
-463
-464
-465
-468
-452
-542
-552
-562
-642
-652
-662
-422
-472
-482
-492
-162
-262
-762
-862
-962
494
-493
-495
-498
-474
-484
-574
-584
-594
-674
-684
-694
-424
-454
-394
-794
-894
-994
533
-531
-532
-534
-535
-538
-539
-423
-513
-523
-613
-623
-633
-543
-553
-563
-573
-583
-593
-133
-233
-333
-733
-833
-933
571
-572
-575
-577
-578
-579
-581
-591
-671
-681
-691
-511
-521
-171
-271
-771
-871
-971
618
-611
-612
-614
-615
-619
-428
-518
-528
-628
-638
-648
-658
-668
-678
-698
-218
-318
-718
-818
-918
644
-643
-645
-649
-544
-554
-564
-654
-664
-624
-634
-244
-744
-844
-944
665
-663
-666
-667
-545
-565
-625
-635
-675
-685
-695
-765
-865
-965
677
-672
-673
-679
-587
-687
-657
-777
-877
-977
693
-692
-696
-473
-483
-683
453
-458
-459
-653
478
-475
-479
-598
-153
-353
-753
-853
-953
-778
-878
-978
-393
-793
-893
-993
739
-731
-732
-734
-735
-737
-738
-719
-729
-819
-829
-839
-919
-929
-939
-749
-759
-779
-789
-139
-639
742
-743
-745
-748
-752
-842
-852
-942
-952
-712
-722
-772
-782
-792
-242
764
-761
-763
-766
-767
-768
-754
-854
-864
-954
-964
-714
-724
-774
-784
-164
-264
814
-811
-812
-813
-815
-816
-824
-834
-914
-924
-934
-874
-884
-114
-214
-314
-514
524
-522
-525
-529
-124
-224
-324
859
-851
-856
-857
-858
-849
-949
-959
-879
-889
549
-548
-559
-659
656
-556
-566
-519
-589
-686
119
-111
-112
-113
-115
-129
-756
-956
979
-972
-973
-974
-975
984
-981
-982
-983
-985
-986
-987
-989
-284
-384
911
-912
-913
-915
-916
-711
-721
-821
-831
-921
-931
-951
-961
-991
-211
-311
928
-922
-923
-925
-926
-927
-728
-828
-838
-938
-948
-958
957
-757
-867
-967
-937
-968
-998
-228
-328
-557
558
567
-568
-358
338
-331
-332
-334
-335
-238
354
-351
-352
152
-151
-154
-122
-132
-172
751
-758
-861
-781
-791
798
-795
-796
-898
966
-963
-866
943
-945
-843
-863
868
845
-848
-825
-835
-875
-885
-895
-996
-243
248
-268
-121
-123
125
-135
-315
-325
-175
-425
429
515
-512
-629
485
-489
-585
-595
689
-682
-715
-725
935
-932
992
-995
-872
873
-882
-892
-773
775
-783
-883
-785
-823
272
-273
-274
-282
-382
-392
174
-173
163
-161
261
-263
131
-134
-221
-231
-321
234
-232
-237
227
-222
-223
-226
216
-212
-213
-281
283
-383
312
-313
-322
323
713
-716
-723
621
-622
-631
632
822
-826
-827
-832
837
726
-727
-786
787
-887
582
-586
-592
596
-385
381
-391
395
-881
886
891
-896
