174
-171
-172
-173
-175
-176
-177
-178
-179
-184
-194
-274
-284
-294
-374
-384
-394
-114
-124
-134
-144
-154
-164
-474
-574
-674
-774
-874
-974
188
-181
-182
-183
-185
-186
-187
-189
-198
-278
-288
-298
-378
-388
-398
-118
-128
-138
-148
-158
-168
-488
-588
-688
-788
-888
-988
272
-271
-273
-275
-276
-277
-279
-192
-282
-292
-372
-382
-392
-212
-222
-232
-242
-252
-262
-472
-572
-672
-772
-872
-972
289
-281
-283
-285
-286
-287
-199
-299
-379
-389
-399
-219
-229
-239
-249
-259
-269
-489
-589
-689
-789
-889
-989
297
-291
-293
-295
-296
-197
-377
-387
-397
-217
-227
-237
-247
-257
-267
-497
-597
-697
-797
-897
-997
314
-311
-312
-313
-315
-316
-317
-318
-319
-214
-224
-234
-324
-334
-344
-354
-364
-414
-514
-614
-714
-814
-914
329
-321
-322
-323
-325
-326
-327
-328
-119
-129
-139
-339
-349
-359
-369
-429
-529
-629
-729
-829
-929
362
-361
-363
-365
-366
-367
-368
-142
-152
-162
-342
-352
-332
-462
-562
-662
-762
-862
-962
375
-371
-373
-376
-195
-385
-395
-335
-345
-355
-475
-575
-675
-775
-875
-975
411
-412
-413
-415
-416
-417
-418
-419
-421
-431
-511
-521
-531
-611
-621
-631
-441
-451
-461
-471
-481
-491
-111
-211
-711
-811
-911
436
-432
-433
-434
-435
-437
-438
-439
-426
-516
-526
-536
-616
-626
-636
-446
-456
-466
-476
-486
-496
-136
-236
-336
-736
-836
-936
447
-442
-443
-444
-445
-448
-449
-457
-467
-547
-557
-567
-647
-657
-667
-427
-477
-487
-147
-347
-747
-847
-947
458
-452
-453
-454
-455
-459
-468
-548
-558
-568
-648
-658
-668
-428
-478
-498
-258
-358
-758
-858
-958
485
-482
-483
-484
-495
-585
-595
-685
-695
-425
-465
-785
-885
-985
541
-542
-543
-544
-545
-546
-549
-551
-561
-641
-651
-661
-571
-581
-591
-141
-241
-341
-741
-841
-941
569
-563
-564
-565
-566
-469
-559
-649
-659
-669
-519
-539
-579
-599
-169
-769
-869
-969
627
-622
-623
-624
-625
-628
-517
-527
-537
-617
-637
-677
-687
-127
-727
-827
-927
652
-653
-654
-655
-656
-552
-642
-612
-632
-682
-692
-752
-852
-952
665
-663
-664
-666
-555
-645
-615
-635
-165
-265
-765
-865
-965
676
-671
-673
-678
-679
-576
-586
-596
-686
-696
556
-553
-554
-646
-156
-256
-356
-756
-856
-956
-776
-876
-976
693
-691
-694
-698
-699
681
-683
-684
-473
479
-493
-573
-583
-593
-499
-613
-633
-643
644
463
-464
-423
-634
-244
-744
-844
-944
-163
-263
-763
-863
-963
-779
-879
-979
-381
-781
-881
-981
-193
-393
383
-386
-333
-343
-353
-783
-883
-983
-793
-893
-993
732
-731
-733
-734
-735
-737
-738
-739
-712
-722
-812
-822
-832
-912
-922
-932
-742
-782
-792
-132
-532
743
-745
-746
-748
-749
-753
-843
-853
-943
-953
-713
-723
-773
-143
-243
787
-784
-786
-777
-877
-887
-977
-987
-717
-757
-767
577
-578
-587
598
-592
-594
-518
-528
-538
-798
-898
-998
795
-791
-794
-796
-799
-895
-995
-715
-725
-755
815
-813
-816
-817
-818
-819
-825
-835
-915
-925
-935
-845
-855
-115
-215
-515
828
-821
-823
-824
-826
-718
-728
-838
-918
-928
-938
-848
-868
-878
-228
839
-831
-833
-834
-837
-719
716
-726
-916
-926
-919
-939
-766
759
-751
-754
-849
-859
-949
-959
873
-871
-973
-899
999
-991
-992
-994
-996
-116
-216
619
-618
638
-639
218
-213
-238
-338
-248
-268
348
-346
396
-391
191
-196
-121
-131
-151
-161
-948
149
-145
-146
-159
-891
-896
921
-923
-924
-721
724
-931
-934
-764
-951
-961
-971
978
771
-778
-761
768
-968
-221
-424
422
-512
513
-522
-523
-533
-492
494
582
-584
112
-113
-117
-122
-913
917
933
-937
-957
-967
-524
525
534
-535
-125
-225
-133
-233
-882
-982
892
-894
-842
846
942
-945
-946
955
-954
-866
-966
964
-854
-864
884
-886
-984
986
245
-246
-155
-255
135
-137
-235
231
-331
337
-251
-261
351
-357
-851
857
861
-867
254
-253
153
-157
-264
266
-166
167
-123
126
223
-226
