122
-121
-123
-124
-125
-126
-127
-128
-129
-112
-132
-212
-222
-232
-312
-322
-332
-142
-152
-162
-172
-182
-192
-422
-522
-622
-722
-822
-922
145
-141
-143
-144
-146
-147
-148
-149
-155
-165
-245
-255
-265
-345
-355
-365
-115
-135
-175
-185
-195
-445
-545
-645
-745
-845
-945
216
-211
-213
-214
-215
-217
-218
-219
-116
-136
-226
-236
-316
-326
-336
-246
-256
-266
-276
-286
-296
-416
-516
-616
-716
-816
-916
271
-272
-273
-274
-275
-277
-278
-279
-171
-181
-191
-281
-291
-371
-381
-391
-221
-231
-241
-251
-261
-471
-571
-671
-771
-871
-971
379
-372
-373
-374
-375
-376
-377
-378
-179
-189
-199
-289
-299
-389
-399
-319
-329
-339
-349
-359
-369
-479
-579
-679
-779
-879
-979
414
-411
-412
-413
-415
-417
-418
-419
-424
-434
-514
-524
-534
-614
-624
-634
-444
-454
-464
-474
-484
-494
-114
-314
-714
-814
-914
428
-421
-423
-425
-426
-427
-429
-438
-518
-528
-538
-618
-628
-638
-448
-458
-468
-478
-488
-498
-228
-328
-728
-828
-928
442
-441
-443
-446
-447
-449
-452
-462
-542
-552
-562
-642
-652
-662
-432
-472
-482
-492
-242
-342
-742
-842
-942
543
-541
-544
-546
-547
-548
-549
-453
-463
-553
-563
-643
-653
-663
-513
-523
-533
-573
-583
-593
-243
-343
-743
-843
-943
585
-581
-582
-584
-586
-587
-588
-589
-475
-485
-495
-575
-595
-675
-685
-695
-515
-525
-535
-555
-565
-285
-385
-785
-885
-985
611
-612
-613
-615
-617
-619
-431
-511
-521
-531
-621
-631
-641
-651
-661
-681
-691
-111
-311
-711
-811
-911
674
-672
-673
-676
-677
-678
-574
-594
-684
-694
-644
-654
-664
-174
-774
-874
-974
723
-721
-724
-725
-726
-727
-729
-713
-733
-813
-823
-833
-913
-923
-933
-753
-763
-773
-783
-793
-223
-323
-623
782
-781
-784
-786
-787
-788
-789
-772
-792
-872
-882
-892
-972
-982
-992
-712
-732
-752
-762
572
-576
-577
-578
-592
-682
-692
-512
-532
632
-633
-635
-636
-637
-639
433
-435
-436
-437
-439
625
-626
-627
-629
-473
-483
-493
-655
-665
-225
-325
-825
-925
-832
-932
-133
-233
-333
-282
-382
817
-812
-815
-818
-819
912
-915
-917
-918
-919
-717
-737
-827
-837
-927
-937
-847
-857
-867
-877
-887
-897
-952
-962
-117
-317
-517
519
-529
-539
-559
-569
-599
-119
-719
859
-851
-852
-853
-854
-855
-856
-858
862
-861
-863
-864
-865
-866
-868
-869
-749
-759
-769
-849
-949
-959
-969
-829
-839
-889
-899
-159
-259
-459
-659
-262
-362
951
-953
-954
-955
-956
-957
-958
-741
-751
-761
-841
-941
-961
963
-964
-965
-966
-967
-968
-921
-931
-981
-991
-973
-983
-993
341
-344
-346
-347
-348
-151
-161
-351
-361
131
-134
-137
-138
-139
-321
-331
169
-163
-164
-166
-167
-168
-249
-269
821
-824
-826
-731
-831
791
-794
-795
-796
-797
-798
-799
-881
-891
739
-734
-735
-736
-738
-929
-939
229
-224
-227
-239
649
-646
-647
-648
-469
-669
-689
-699
-451
-551
-263
-363
481
-486
-487
-489
-491
-591
499
-496
-497
-461
561
-564
-566
-567
-568
554
-556
-557
-558
598
-596
-597
-688
-698
-154
-254
-354
-754
989
-984
-986
-987
-988
-999
-198
-298
-398
-898
-998
113
-118
-313
-153
-173
-183
-193
873
-875
-876
-878
-883
-893
-156
157
-158
-247
-257
-267
-357
-367
-177
-187
-197
-457
-657
-757
-176
178
-188
-288
-388
-778
-978
888
-884
-886
-838
-848
184
-186
-194
196
-284
-294
-384
-394
-386
-396
686
-683
-687
693
-696
-697
-476
477
-467
667
-666
-668
658
-656
-258
-358
-758
-767
-777
747
-744
-746
-748
-947
764
-765
-766
-768
-844
846
-944
755
-756
-946
948
-715
718
-938
-775
776
-896
-976
-996
-836
315
-318
-235
-335
295
-292
-293
-297
392
-393
-395
-397
252
-253
-352
353
-356
366
-364
-368
283
-287
-383
387
237
-234
-238
-327
324
-334
-337
338
-924
926
-936
-526
527
536
-537
244
-248
-264
268
-455
456
465
-466
975
-977
-895
894
-994
-995
997
-834
835
934
-935
