146
-141
-142
-143
-144
-145
-147
-148
-149
-156
-166
-246
-256
-266
-346
-356
-366
-116
-126
-136
-176
-186
-196
-446
-546
-646
-746
-846
-946
164
-161
-162
-163
-165
-167
-168
-169
-154
-244
-254
-264
-344
-354
-364
-114
-124
-134
-174
-184
-194
-464
-564
-664
-764
-864
-964
175
-171
-172
-173
-177
-178
-179
-185
-195
-275
-285
-295
-375
-385
-395
-115
-125
-135
-155
-475
-575
-675
-775
-875
-975
218
-211
-212
-213
-214
-215
-216
-217
-219
-118
-128
-138
-228
-238
-318
-328
-338
-248
-258
-268
-278
-288
-298
-418
-518
-618
-718
-818
-918
443
-441
-442
-444
-445
-447
-448
-449
-453
-463
-543
-553
-563
-643
-653
-663
-413
-423
-433
-473
-483
-493
-243
-343
-743
-843
-943
474
-471
-472
-476
-477
-478
-479
-484
-494
-574
-584
-594
-674
-684
-694
-414
-424
-434
-454
-274
-374
-774
-874
-974
496
-491
-492
-495
-497
-498
-499
-486
-576
-586
-596
-676
-686
-696
-416
-426
-436
-456
-466
-296
-396
-796
-896
-996
511
-512
-513
-514
-515
-516
-517
-519
-411
-421
-431
-521
-531
-611
-621
-631
-541
-551
-561
-571
-581
-591
-111
-311
-711
-811
-911
538
-532
-533
-534
-535
-536
-537
-539
-428
-438
-528
-628
-638
-548
-558
-568
-578
-588
-598
-738
-838
-938
557
-552
-554
-555
-556
-559
-457
-467
-547
-567
-647
-657
-667
-527
-577
-587
-597
-157
-257
-357
-757
-857
-957
612
-613
-614
-615
-616
-617
-619
-412
-422
-432
-522
-622
-632
-642
-652
-662
-672
-682
-692
-112
-312
-712
-812
-912
724
-721
-722
-723
-725
-726
-727
-728
-729
-714
-734
-814
-824
-834
-914
-924
-934
-744
-754
-784
-794
314
-313
-315
-316
-317
-319
-224
-234
-324
-334
-384
-394
-524
544
-542
-545
-549
-644
-654
-624
634
-633
-635
-636
-637
-639
-844
-944
745
-741
-742
-747
-748
-749
-755
-765
-845
-855
-865
-945
-955
-965
-715
-735
-785
-795
-245
-345
-645
773
-771
-772
-776
-777
-778
-779
-783
-793
-873
-883
-893
-973
-983
-993
-713
-733
-753
-763
-273
-373
-573
-673
852
-851
-853
-854
-856
-858
-859
-752
-762
-842
-862
-942
-952
-962
954
-951
-953
-956
-958
-959
-822
-832
-872
-882
-892
-984
-994
-152
-252
-352
-452
888
-881
-884
-885
-886
-887
-889
894
-891
-895
-897
-898
-899
-788
-798
-878
-978
-988
-998
-828
928
-921
-922
-923
-925
-926
-927
-929
-848
-868
-948
-968
284
-281
-282
-283
-286
-287
-289
-294
-188
-388
-488
-688
981
-982
-985
-986
-987
-989
-781
-791
-871
-971
-991
995
-992
-997
-999
-931
-941
-961
-915
-935
-181
-381
-481
-681
-595
-695
-113
-117
119
-129
-139
-229
-239
-329
-339
-159
-189
-199
-419
-719
-819
-919
-121
122
-123
-127
-132
-222
-232
-322
-332
-182
-192
-131
-133
137
-227
-237
-327
-337
-187
183
-193
-293
-383
-393
-153
-197
-437
-737
-837
-937
-583
-683
151
-158
-241
-251
-261
-341
-351
-361
-191
198
-378
-398
-451
461
-462
-465
-468
-469
-641
-651
-661
562
-565
-566
-569
482
-485
-487
-489
-572
579
-582
-592
-589
585
-685
-599
593
-693
-679
-689
687
-677
-697
-699
458
-455
-459
-648
649
-658
-668
-659
-669
-523
623
-625
-626
-627
-629
526
-525
-529
-223
-323
-823
-226
-326
-826
841
-847
-849
-751
-761
-861
731
-732
-736
-739
-821
-831
932
-933
-936
-939
-972
-231
-331
348
-342
-347
-349
-358
-368
242
-247
-249
-262
-362
-272
-292
947
-949
-767
-867
-967
-917
-977
-758
768
-766
-769
372
-371
-376
-377
-379
-382
-392
678
-671
691
-698
271
-276
-277
-279
-291
-391
386
-387
-389
-221
225
321
-325
-235
-335
-255
-265
236
-233
333
-336
-353
-363
-425
-825
-833
-836
253
-259
-263
877
-876
-879
-787
-797
717
-716
-817
-827
829
-839
835
-815
-869
415
-417
-435
439
427
-429
976
-979
-786
756
-759
-866
863
-963
-966
969
-813
816
913
-916
-656
655
-665
666
-355
359
365
-367
-369
267
-269
-297
299
397
-399
-782
789
792
-799
