148
-141
-142
-143
-144
-145
-146
-147
-149
-158
-168
-248
-258
-268
-348
-358
-368
-118
-128
-138
-178
-188
-198
-448
-548
-648
-748
-848
-948
195
-191
-192
-193
-194
-196
-197
-199
-175
-185
-275
-285
-295
-375
-385
-395
-115
-125
-135
-155
-165
-495
-595
-695
-795
-895
-995
227
-221
-222
-223
-224
-225
-226
-228
-229
-117
-127
-137
-217
-237
-317
-327
-337
-247
-257
-267
-277
-287
-297
-427
-527
-627
-727
-827
-927
251
-252
-253
-254
-255
-256
-259
-151
-161
-241
-261
-341
-351
-361
-211
-231
-271
-281
-291
-451
-551
-651
-751
-851
-951
324
-321
-322
-323
-325
-326
-328
-329
-114
-124
-134
-214
-234
-314
-334
-344
-354
-364
-374
-384
-394
-424
-524
-624
-724
-824
-924
456
-452
-453
-454
-455
-457
-458
-459
-446
-466
-546
-556
-566
-646
-656
-666
-416
-426
-436
-476
-486
-496
-156
-356
-756
-856
-956
477
-471
-472
-473
-474
-475
-478
-479
-487
-497
-577
-587
-597
-677
-687
-697
-417
-437
-447
-467
-177
-377
-777
-877
-977
481
-482
-483
-484
-485
-488
-489
-491
-571
-581
-591
-671
-681
-691
-411
-421
-431
-441
-461
-181
-381
-781
-881
-981
515
-511
-512
-513
-514
-516
-517
-518
-519
-415
-425
-435
-525
-535
-615
-625
-635
-545
-555
-565
-575
-585
-215
-315
-715
-815
-915
542
-541
-543
-544
-547
-549
-442
-462
-552
-562
-642
-652
-662
-522
-532
-572
-582
-592
-242
-342
-742
-842
-942
613
-611
-612
-614
-616
-617
-618
-619
-413
-423
-433
-523
-533
-623
-633
-643
-653
-663
-673
-683
-693
-113
-213
-313
-713
-813
-913
674
-672
-675
-676
-678
-679
-494
-574
-584
-594
-684
-694
685
-682
-686
-688
-689
-634
-644
-654
-664
-645
-655
-665
-174
-274
-774
-874
-974
-785
-885
-985
718
-711
-712
-714
-716
-717
-719
-728
-738
-818
-828
-838
-918
-928
-938
-758
-768
-778
-788
-798
-218
-318
-418
745
-741
-743
-744
-746
-747
-749
-755
-765
-845
-855
-865
-945
-955
-965
-725
-735
-775
-245
-345
-445
465
-463
-464
-468
-469
355
-352
-353
-357
-359
-265
-365
235
-232
-233
-236
-238
-239
-335
338
-331
-332
-333
-336
-339
-378
-388
-398
-835
-935
-438
-538
-638
763
-761
-762
-764
-766
-767
-769
-753
-843
-853
-863
-943
-953
-963
-723
-733
-773
-783
-793
-163
-263
-363
-563
862
-861
-864
-866
-867
-868
-869
-752
-852
-952
-962
-812
-822
-832
-872
-882
-892
152
-153
-154
-157
-159
-162
-262
-362
-112
-122
-132
-172
-182
553
-554
-557
-558
-559
-443
493
-492
-498
-499
692
-696
-698
-699
-573
-583
-593
428
-422
-429
-528
-628
-622
-632
-292
-392
-792
-992
-293
-393
-893
-993
976
-971
-972
-973
-975
-978
-979
875
-871
-873
-876
-878
-879
-776
-786
-796
-886
-896
-986
-996
-825
925
-921
-922
-923
-926
-929
-916
-936
-946
-966
846
-841
-844
-847
-849
-816
-826
-836
722
-721
-726
-729
-732
-912
-932
736
-731
-734
-737
-739
-772
-782
982
-983
-984
-987
-988
-989
883
-884
-887
-888
-889
-823
-833
933
-931
-934
-937
-939
123
-121
-126
-129
-133
-173
-183
432
-434
-439
-412
-136
-536
-636
626
-621
-629
-526
-246
-346
-176
-276
-376
-576
-282
-382
-283
-383
-111
116
-119
-216
-316
-166
-186
131
-139
-311
-171
179
-189
-279
-289
-299
-379
-389
-399
-169
-531
-631
521
-529
-561
-821
829
-819
-839
-919
-859
-899
-831
-579
578
-588
-598
-568
-278
-779
771
-791
-891
-991
811
-814
-817
-911
917
-914
834
-837
-854
-894
-947
-957
-967
-997
414
-419
-534
-444
449
564
-567
-569
-649
-659
-669
537
-539
-637
639
-249
-349
-949
-164
167
-347
343
-243
244
-264
-367
184
-187
-284
-294
273
-272
372
-371
-373
391
-396
-397
387
-386
212
-219
-312
319
269
-266
366
-369
-944
941
-961
-641
647
661
-667
-668
-657
658
-858
857
-757
-897
898
-998
-958
968
-964
-969
-784
-787
789
797
-794
-799
994
-999
754
-759
-954
959
288
-286
296
-298
586
-589
-596
599
