174
-171
-172
-173
-175
-176
-177
-178
-179
-184
-194
-274
-284
-294
-374
-384
-394
-114
-124
-134
-144
-154
-164
-474
-574
-674
-774
-874
-974
195
-191
-192
-193
-196
-197
-198
-199
-185
-275
-285
-295
-375
-385
-395
-115
-125
-135
-145
-155
-165
-495
-595
-695
-795
-895
-995
311
-312
-313
-314
-315
-316
-317
-318
-319
-111
-121
-131
-211
-221
-231
-321
-331
-341
-351
-361
-371
-381
-391
-411
-511
-611
-711
-811
-911
342
-343
-344
-345
-346
-347
-348
-349
-142
-152
-162
-242
-252
-262
-352
-362
-322
-332
-372
-382
-392
-442
-542
-642
-742
-842
-942
356
-353
-354
-355
-357
-358
-359
-146
-156
-166
-246
-256
-266
-366
-326
-336
-376
-386
-396
-456
-556
-656
-756
-856
-956
367
-363
-364
-365
-368
-369
-147
-157
-167
-247
-257
-267
-327
-337
-377
-387
-397
-467
-567
-667
-767
-867
-967
399
-393
-398
-189
-279
-289
-299
-379
-389
-329
-339
-499
-599
-699
-799
-899
-999
415
-412
-413
-414
-416
-417
-418
-419
-425
-435
-515
-525
-535
-615
-625
-635
-445
-455
-465
-475
-485
-215
-715
-815
-915
477
-471
-472
-473
-476
-478
-479
-487
-497
-577
-587
-597
-677
-687
-697
-427
-437
-447
-457
-277
-777
-877
-977
498
-491
-492
-493
-494
-496
-488
-578
-588
-598
-678
-688
-698
-428
-438
-448
-458
-468
-298
-798
-898
-998
529
-521
-522
-523
-524
-526
-527
-528
-429
-439
-519
-539
-619
-629
-639
-549
-559
-569
-579
-589
-129
-229
-729
-829
-929
538
-531
-532
-533
-534
-536
-537
-518
-618
-628
-638
-548
-558
-568
-138
-238
-338
-738
-838
-938
562
-561
-563
-564
-565
-566
-452
-462
-552
-652
-662
-512
-572
-582
-592
-762
-862
-962
581
-583
-584
-585
-586
-481
-571
-591
-671
-681
-691
-541
-551
-181
-281
-781
-881
-981
594
-593
-596
-484
-684
-694
-514
-544
-554
-794
-894
-994
722
-721
-723
-724
-725
-726
-727
-728
-712
-732
-812
-822
-832
-912
-922
-932
-752
-772
-782
-792
-122
-222
-422
-622
734
-731
-733
-735
-736
-737
-739
-714
-814
-824
-834
-914
-924
-934
-744
-754
-764
-784
-234
-334
324
-323
-325
-328
-214
-224
335
-333
-225
-235
614
-612
-613
-616
-617
-424
-434
-624
-634
-644
-654
-664
-835
-935
778
-771
-773
-775
-776
-779
-788
-878
-888
-978
-988
-718
-748
-758
-768
-278
-378
373
-183
-273
-283
-293
-383
388
-188
-288
-573
-673
-873
-973
787
-783
-785
-786
-789
-797
-887
-897
-987
-997
-717
-747
-757
-187
-287
297
-291
-292
-296
271
-272
-276
-241
-251
-261
-217
-227
-237
-871
-971
861
-863
-864
-865
-866
-868
-869
-741
-751
-761
-841
-851
-941
-951
-961
791
-793
-796
-891
-991
-821
-831
-161
-461
-661
916
-913
-917
-918
-919
-716
-816
-826
-836
-926
-936
-946
-966
-976
-986
-996
-116
-216
-516
923
-921
-925
-927
-928
931
-933
-937
-939
-713
719
-813
-823
-833
825
-827
-828
818
-817
-819
837
-839
-749
-759
-769
-845
-855
-875
-885
-847
-857
-848
-858
-943
-953
-963
-983
-993
992
-872
-882
-892
-972
-982
852
-853
-854
-859
-952
-118
-218
-119
-219
-123
-223
-423
-623
-431
-631
-137
-637
672
-675
-676
-679
-482
-682
-692
432
-433
-436
-632
-132
-232
957
-954
-955
-958
-959
-947
-557
-657
964
-965
-968
-969
-844
-944
948
-945
-949
849
-843
-846
884
-883
-886
-889
893
-896
-984
876
-879
-148
-248
-648
-149
-249
-449
-649
-264
-464
-576
575
-685
-545
-555
553
-443
-453
-463
-543
-643
-653
-663
483
-486
-489
-683
-693
696
-686
689
-513
517
633
-636
-627
546
-547
-446
-466
469
-646
-666
647
-641
-645
-459
-659
-669
426
-421
621
-626
-651
-117
127
-126
-128
228
-226
-258
-268
-133
-233
-746
766
-763
-765
-153
-253
-753
755
743
-745
-143
141
-151
-441
444
451
-454
-243
-244
245
254
-255
-259
-265
-655
658
665
-668
-158
159
168
-163
-169
263
-269
113
-112
212
-213
182
-186
-282
286
136
-139
-236
239
-975
979
985
-989
