123
-121
-122
-124
-125
-126
-127
-128
-129
-113
-133
-213
-223
-233
-313
-323
-333
-143
-153
-163
-173
-183
-193
-423
-523
-623
-723
-823
-923
182
-181
-184
-185
-186
-187
-188
-189
-172
-192
-272
-282
-292
-372
-382
-392
-112
-132
-142
-152
-162
-482
-582
-682
-782
-882
-982
197
-191
-194
-195
-196
-198
-199
-177
-277
-287
-297
-377
-387
-397
-117
-137
-147
-157
-167
-497
-597
-697
-797
-897
-997
214
-211
-212
-215
-216
-217
-218
-219
-114
-134
-224
-234
-314
-324
-334
-244
-254
-264
-274
-284
-294
-414
-514
-614
-714
-814
-914
241
-242
-243
-245
-246
-247
-248
-249
-141
-151
-161
-251
-261
-341
-351
-361
-221
-231
-271
-281
-291
-441
-541
-641
-741
-841
-941
258
-252
-253
-255
-256
-257
-259
-148
-158
-168
-268
-348
-358
-368
-228
-238
-278
-288
-298
-458
-558
-658
-758
-858
-958
349
-342
-343
-344
-345
-346
-347
-149
-159
-169
-269
-359
-369
-319
-329
-339
-379
-389
-399
-449
-549
-649
-749
-849
-949
415
-411
-412
-413
-416
-417
-418
-419
-425
-435
-515
-525
-535
-615
-625
-635
-445
-455
-465
-475
-485
-495
-115
-315
-715
-815
-915
426
-421
-422
-424
-427
-428
-429
-436
-516
-526
-536
-616
-626
-636
-446
-456
-466
-476
-486
-496
-226
-326
-726
-826
-926
462
-461
-463
-464
-467
-468
-469
-442
-452
-542
-552
-562
-642
-652
-662
-432
-472
-492
-262
-362
352
-353
-354
-355
-356
-357
-312
-322
-332
-752
-852
-952
-762
-862
-962
578
-571
-572
-573
-574
-575
-576
-577
-579
-478
-488
-498
-588
-598
-678
-688
-698
-518
-528
-538
-548
-568
-178
-378
-778
-878
-978
671
-672
-673
-674
-675
-676
-677
-679
-471
-481
-491
-581
-591
-681
-691
-611
-621
-631
-651
-661
-171
-371
-771
-871
-971
717
-711
-712
-713
-716
-718
-719
-727
-737
-817
-827
-837
-917
-927
-937
-747
-757
-767
-777
-787
-317
-517
-617
722
-721
-724
-725
-728
-729
-732
-812
-822
-832
-912
-922
-932
-742
-772
-792
-222
232
-235
-236
-237
-239
-522
-622
-532
-632
786
-781
-783
-784
-785
-788
-789
-776
-796
-876
-886
-896
-976
-986
-996
-736
-746
-756
-766
-286
-386
-586
-686
845
-842
-843
-844
-846
-847
-848
942
-943
-944
-945
-946
-947
-948
-745
-755
-765
-855
-865
-955
-965
-825
-835
-875
-885
-895
-972
-992
-145
-545
-645
872
-873
-874
-877
-879
-892
851
-853
-854
-856
-857
-859
-751
-761
-861
-951
-961
-811
-821
-831
-881
-891
-451
431
-433
-434
-437
-438
-439
-511
-521
-531
448
-443
-444
-447
-648
-668
-131
111
-116
-118
-119
-311
-321
-331
138
-135
-136
-139
-318
316
-336
-328
-338
229
-225
-227
179
-174
-175
-176
-279
-289
-299
267
-263
-265
-266
363
-364
-365
-366
-367
-373
-383
-393
-376
-396
-911
-816
-916
921
-924
-925
-928
-929
-731
-931
791
-793
-794
-795
-798
-799
-981
-991
325
-327
-335
337
-375
374
-384
-394
-385
-395
-529
-629
-829
-537
-637
-638
-738
-838
-938
-748
768
-763
-764
-769
-868
-968
-551
561
-563
-564
-565
-566
-567
-569
-663
-863
-963
-667
-867
887
-883
-884
-888
-889
-977
-987
-967
957
-953
-954
-956
-959
-457
-557
-657
-474
-774
-974
276
-273
-275
-296
477
-473
-479
-487
-587
-687
-779
-979
381
-388
-391
398
988
-983
-984
-985
-989
-898
-998
-918
144
-146
-154
-164
-544
-644
-744
743
-753
-733
-773
775
-975
973
-893
-993
-995
-735
935
-933
-934
-936
-939
836
-833
-834
-839
813
-818
-819
-913
919
828
-824
734
-739
-754
759
-869
-969
-866
864
-964
966
-894
899
994
-999
-513
-613
618
-612
-619
512
-519
-628
-592
692
-693
-694
-695
-696
-699
596
-593
-594
-595
-599
-546
-556
-534
-634
-543
547
-647
-527
524
-624
627
-554
-584
-643
646
-656
-666
156
-155
165
-166
-459
-559
-659
669
-664
-665
-639
633
-533
539
-589
-653
-683
-689
489
-483
-484
-499
684
-685
-494
493
-583
585
-453
454
553
-555
-654
655
283
-285
-293
295
