131
-132
-133
-134
-135
-136
-137
-138
-139
-111
-121
-211
-221
-231
-311
-321
-331
-141
-151
-161
-171
-181
-191
-431
-531
-631
-731
-831
-931
157
-152
-153
-154
-155
-156
-158
-159
-147
-167
-247
-257
-267
-347
-357
-367
-117
-127
-177
-187
-197
-457
-557
-657
-757
-857
-957
163
-162
-164
-165
-166
-168
-169
-143
-243
-253
-263
-343
-353
-363
-113
-123
-173
-183
-193
-463
-563
-663
-763
-863
-963
182
-184
-185
-186
-188
-189
-172
-192
-272
-282
-292
-372
-382
-392
-112
-122
-142
-482
-582
-682
-782
-882
-982
194
-195
-196
-198
-199
-174
-274
-284
-294
-374
-384
-394
-114
-124
-144
-494
-594
-694
-794
-894
-994
232
-233
-234
-235
-236
-237
-238
-239
-212
-222
-312
-322
-332
-242
-252
-262
-432
-532
-632
-732
-832
-932
266
-261
-264
-265
-268
-269
-146
-246
-256
-346
-356
-366
-216
-226
-276
-286
-296
-466
-566
-666
-766
-866
-966
287
-281
-283
-285
-288
-289
-277
-297
-377
-387
-397
-217
-227
-487
-587
-687
-787
-887
-987
293
-291
-295
-298
-299
-273
-373
-383
-393
-213
-223
-493
-593
-693
-793
-893
-993
344
-341
-342
-345
-348
-349
-244
-254
-354
-364
-314
-324
-334
-444
-544
-644
-744
-844
-944
358
-351
-352
-355
-359
362
-361
-365
-368
-369
-148
-248
-258
-318
-328
-338
-378
-388
-398
-458
-558
-658
-758
-858
-958
-462
-562
-662
-762
-862
-962
413
-411
-412
-414
-415
-416
-417
-418
-419
-423
-433
-513
-523
-533
-613
-623
-633
-443
-453
-473
-483
-313
-713
-813
-913
461
-464
-465
-467
-468
-469
-441
-451
-541
-551
-561
-641
-651
-661
-421
-471
-481
-491
-761
-861
-961
489
-484
-485
-486
-488
-479
-499
-579
-589
-599
-679
-689
-699
-429
-439
-449
-459
-389
-789
-889
-989
492
-495
-496
-497
-498
-472
-572
-592
-672
-692
-422
-442
-452
-792
-892
-992
614
-611
-612
-615
-616
-617
-618
-619
-424
-434
-514
-524
-534
-624
-634
-654
-664
-674
-684
-214
224
-225
-228
-229
-714
-814
-914
-724
-824
-924
621
-622
-625
-626
-627
-628
-629
-511
-521
-671
-681
-691
-721
-821
-921
648
-642
-643
-645
-646
-647
-649
-448
-548
-568
-668
652
-653
-655
-656
-659
-542
-552
-638
-678
-688
-698
-748
-848
-948
-752
-852
-952
695
-696
-697
-475
-575
-585
-595
-675
-685
-635
-665
-395
-795
-895
-995
756
-751
-753
-754
-755
-759
-746
-846
-856
-946
-956
-716
-726
-736
-776
-786
-796
-456
-556
764
-765
-767
-768
-769
-854
-864
-954
-964
-734
-774
-784
-564
819
-811
-812
-815
-816
-817
-818
-719
-729
-739
-829
-839
-919
-929
-939
-849
-859
-869
-879
-899
-119
-219
-319
-519
822
-823
-825
-826
-827
-828
-712
-722
-912
-922
-842
-872
512
-515
-516
-517
-518
-522
841
-843
-845
-847
-741
-851
-941
-951
-871
-881
-891
-241
251
-255
-259
-271
874
-873
-875
-876
-877
-878
-884
-974
-984
-834
934
-933
-935
-936
-937
-938
-474
454
-455
-554
-574
584
-581
-583
-586
-588
916
-911
-915
-917
-918
711
-715
-717
-718
-836
-926
-771
-781
-791
-976
-986
-996
-116
-316
317
-315
-327
-337
925
-923
-927
-928
-725
-735
-835
-945
-955
-965
-975
-985
-125
-325
-425
-525
947
-942
-943
-949
742
-743
-745
-747
-749
-867
-967
-772
972
-971
-973
-977
-978
-979
-997
543
-545
-546
-547
-549
-553
446
-445
-447
435
-436
-437
-438
-535
-426
-476
-573
-335
953
-959
-853
855
-865
868
-968
969
-885
-838
-888
-898
-983
-999
-555
559
565
-567
-569
667
-669
-529
-539
639
-636
-637
-677
-339
-115
118
215
-218
-128
-178
278
-275
-279
-245
249
145
-149
-175
-478
477
-577
-597
-427
428
-528
-538
-728
738
-733
-737
-778
-788
-798
-777
-578
598
-591
-596
571
-576
-371
988
-981
991
-998
381
-385
-386
-391
375
-376
-379
-775
785
-783
-126
129
-329
176
-179
-396
399
-676
673
-683
686
-773
779
883
-886
896
-897
797
-799
723
-727
-833
837
-323
326
333
-336
-526
527
536
-537
