136
-131
-132
-133
-134
-135
-137
-138
-139
-116
-126
-216
-226
-236
-316
-326
-336
-146
-156
-166
-176
-186
-196
-436
-536
-636
-736
-836
-936
145
-141
-142
-143
-144
-147
-148
-149
-155
-165
-245
-255
-265
-345
-355
-365
-115
-125
-175
-185
-195
-445
-545
-645
-745
-845
-945
158
-151
-152
-153
-154
-157
-159
-168
-248
-258
-268
-348
-358
-368
-118
-128
-178
-188
-198
-458
-558
-658
-758
-858
-958
218
-211
-212
-213
-214
-215
-217
-219
-228
-238
-318
-328
-338
-278
-288
-298
-418
-518
-618
-718
-818
-918
233
-231
-232
-234
-235
-237
-239
-113
-123
-223
-313
-323
-333
-243
-253
-263
-273
-283
-293
-433
-533
-633
-733
-833
-933
272
-271
-274
-275
-276
-277
-279
-172
-182
-192
-282
-292
-372
-382
-392
-222
-242
-252
-262
-472
-572
-672
-772
-872
-972
339
-331
-332
-334
-335
-337
-119
-129
-229
-319
-329
-349
-359
-369
-379
-389
-399
-439
-539
-639
-739
-839
-939
385
-381
-383
-384
-386
-387
-388
-285
-295
-375
-395
225
-221
-224
-227
-315
-325
-425
-525
-625
-725
-825
-925
-485
-585
-685
-785
-885
-985
393
-391
-394
-396
-397
-398
-173
-183
-193
-373
378
-371
-374
-376
-377
163
-161
-162
-164
-167
-169
-343
-353
-363
-463
-563
-663
-763
-863
-963
-478
-578
-678
-778
-878
-978
-493
-593
-693
-793
-893
-993
453
-451
-452
-454
-455
-456
-457
-459
-443
-543
-553
-643
-653
-413
-423
-473
-483
-753
-853
-953
465
-461
-462
-464
-466
-467
-468
-469
-555
-565
-655
-665
-415
-435
-475
-495
-765
-865
-965
544
-541
-542
-546
-547
-548
-549
-444
-554
-564
-644
-654
-664
-514
-524
-534
-574
-584
-594
-244
-344
-744
-844
-944
581
-582
-583
-586
-587
-588
-589
-471
-481
-491
-571
-591
-671
-681
-691
-511
-521
-531
-551
-561
-181
-281
-781
-881
-981
623
-621
-622
-624
-626
-627
-628
-629
-513
-523
-613
573
-575
-576
-577
-579
-673
-683
-723
-823
-923
-773
-873
-973
637
-631
-632
-634
-635
-638
-417
-427
-437
-517
-527
-537
-617
-647
-657
-667
-677
-687
-697
-737
-837
-937
699
-692
-694
-695
-696
-698
-479
-489
-499
-599
-679
-689
-619
-649
-659
-669
-199
-299
-799
-899
-999
714
-711
-712
-713
-715
-716
-717
-719
-724
-734
-814
-824
-834
-914
-924
-934
-754
-764
-774
-784
-794
-114
-314
-414
-614
434
-431
-432
-438
-424
-474
-484
-494
792
-791
-795
-796
-797
-798
-782
-882
-892
-982
-992
-722
-732
-742
-752
-762
-492
-592
843
-841
-842
-846
-847
-848
-849
-743
-943
783
-786
-787
-788
-789
-883
-983
-813
913
-911
-912
-915
-916
-917
-919
859
-851
-852
-854
-855
-856
-857
-749
-759
-769
-869
-949
-959
-969
-819
-829
-879
-889
-259
-559
862
-861
-864
-866
-867
-868
-942
-952
-962
-812
-822
-832
-362
-562
-662
887
-884
-886
-888
-777
-877
-897
-977
-987
-997
-817
-827
-187
-287
-487
895
-891
-894
-896
-898
-775
-875
-975
-995
874
-871
-876
-974
-984
-994
-815
-835
-174
-674
684
-682
-686
-688
482
-486
-488
-412
-422
-442
675
-676
-595
-615
515
-512
-516
-519
-535
419
-411
-416
-429
-529
-449
569
-566
-567
-568
249
-241
-246
-247
-269
-289
-184
189
-179
-284
286
-296
-256
-266
-986
988
-989
-998
-928
-938
-948
-968
947
-941
-946
-747
-757
-767
-957
-967
727
-721
-726
-728
-729
-927
929
-921
-922
-926
932
-931
-935
735
-731
-738
-755
955
-951
-954
-956
964
-961
-966
779
-771
-776
-979
-127
-327
831
-838
-811
816
-821
-826
828
-616
-428
-528
538
-532
-598
498
-496
-497
-448
-347
-447
557
-552
-556
477
-476
596
-597
522
-526
-612
611
-421
426
441
-446
-641
-651
-661
-111
-311
-122
112
-117
-312
317
-322
-357
-367
-341
-741
-257
267
-261
-264
-297
-364
976
-971
991
-996
171
-177
-191
-291
294
-194
197
-121
124
321
-324
251
-254
-351
-361
366
354
-352
-356
342
-346
-642
652
-656
-751
756
761
-766
-768
-746
748
646
-648
-666
668
