122
-121
-123
-124
-125
-126
-127
-128
-129
-112
-132
-212
-222
-232
-312
-322
-332
-142
-152
-162
-172
-182
-192
-422
-522
-622
-722
-822
-922
141
-143
-144
-145
-146
-147
-148
-149
-151
-161
-241
-251
-261
-341
-351
-361
-111
-131
-171
-181
-191
-441
-541
-641
-741
-841
-941
198
-193
-194
-195
-196
-197
-199
-178
-188
-278
-288
-298
-378
-388
-398
-118
-138
-158
-168
-498
-598
-698
-798
-898
-998
221
-223
-224
-225
-226
-227
-228
-229
-211
-231
-311
-321
-331
-271
-281
-291
-421
-521
-621
-721
-821
-921
236
-233
-234
-235
-237
-238
-239
-116
-136
-216
-316
-326
-336
-246
-256
-266
-276
-286
-296
-436
-536
-636
-736
-836
-936
242
-243
-244
-245
-247
-248
-249
-252
-262
-342
-352
-362
-272
-282
-292
-442
-542
-642
-742
-842
-942
349
-343
-344
-345
-346
-347
-348
-159
-169
-259
-269
-359
-369
-319
-329
-339
-379
-389
-399
-449
-549
-649
-749
-849
-949
373
-371
-372
-374
-375
-376
-377
-173
-183
-273
-283
-293
-383
-393
-313
-323
-333
-353
-363
-473
-573
-673
-773
-873
-973
382
-381
-384
-385
-386
-387
391
-392
-394
-395
-396
-397
-482
-582
-682
-782
-882
-982
-491
-591
-691
-791
-891
-991
412
-411
-413
-414
-415
-416
-417
-418
-419
-432
-512
-532
-612
-632
-452
-462
-472
-492
-712
-812
-912
427
-423
-424
-425
-426
-428
-429
-437
-517
-527
-537
-617
-627
-637
-447
-457
-467
-477
-487
-497
-327
-727
-827
-927
476
-471
-474
-475
-478
-479
-486
-496
-576
-586
-596
-676
-686
-696
-446
-456
-466
-176
186
-184
-185
-187
-189
-156
-166
-776
-876
-976
-786
-886
-986
481
-483
-484
-485
-488
-489
-571
-581
-671
-681
-431
-451
-461
-781
-881
-981
515
-511
-513
-514
-516
-518
-519
-435
-525
-535
-615
-625
-635
-545
-555
-565
-575
-585
-595
-115
-215
-315
-715
-815
-915
544
-543
-546
-547
-548
-444
-454
-464
-554
-564
-644
-654
-664
-524
-534
-574
-584
-594
-744
-844
-944
561
-562
-563
-566
-567
-568
-569
-551
-651
-661
-531
-761
-861
-961
572
-577
-578
-579
-592
-672
-692
-552
-772
-872
-972
611
-613
-614
-616
-618
-619
-631
-711
-811
-911
648
-643
-645
-646
-647
-448
-458
-468
-558
-658
-668
438
-433
-434
-439
-528
-538
-628
-638
494
-493
-495
-499
-674
-684
-694
588
-583
-587
-589
-678
-688
-338
-738
-838
-938
-748
-848
-948
-788
-888
-988
-294
-794
-894
-994
662
-663
-665
-666
-667
-669
-652
-762
-862
-962
718
-713
-714
-716
-717
-719
-728
-818
-828
-918
-928
-758
-768
-778
-218
-318
328
-324
-325
-358
-368
731
-732
-733
-734
-735
-737
-739
-831
-931
-751
-771
779
-774
-775
-777
-789
-799
-879
-889
-899
-979
-989
-999
-729
-759
-769
-179
-279
-679
792
-793
-795
-796
-797
-892
-992
-752
813
-814
-816
-817
-819
-723
-823
-833
-913
-923
-933
-843
-853
-863
-883
-893
-113
-213
133
-134
-135
-137
-139
335
-334
-337
-153
-163
119
-114
-117
-219
-355
-365
916
-914
-917
-919
-726
-826
-926
-946
-956
-966
-996
896
-895
-897
-846
-856
-866
-533
539
-529
-629
-639
-559
-599
-633
634
-624
-834
-934
-835
-935
-839
-939
746
-743
-745
-747
-756
-766
366
-364
-367
-356
832
-837
-932
937
-852
952
-951
-953
-954
-955
-957
-958
-959
851
-854
-855
-857
-858
-859
-871
971
-974
-975
-977
-978
878
-874
-875
-877
-868
968
-963
-964
-965
-967
-969
869
-864
-865
-867
-829
929
-924
-925
984
-983
-985
-987
-784
-884
824
-825
-724
725
-755
-765
-785
-947
-997
847
-845
945
-943
-757
-767
787
-783
993
-995
885
-887
443
-445
-453
-463
-553
-653
258
-253
-254
-255
-257
263
-264
-265
-267
-268
753
-754
-763
764
-164
167
-165
155
-154
-157
354
-357
174
-175
-177
-274
-284
214
-217
-314
317
-455
459
-469
465
-655
-659
683
-685
-687
-689
-593
597
-693
-677
675
-695
-697
699
523
-526
-623
626
556
-557
-656
657
-275
277
-287
-297
-285
289
295
-299
