123
-121
-122
-124
-125
-126
-127
-128
-129
-113
-133
-213
-223
-233
-313
-323
-333
-143
-153
-163
-173
-183
-193
-423
-523
-623
-723
-823
-923
144
-141
-142
-145
-146
-147
-148
-149
-154
-164
-244
-254
-264
-344
-354
-364
-114
-134
-174
-184
-194
-444
-544
-644
-744
-844
-944
168
-161
-162
-165
-166
-167
-169
-158
-248
-258
-268
-348
-358
-368
-118
-138
-178
-188
-198
-468
-568
-668
-768
-868
-968
235
-231
-232
-234
-236
-237
-238
-239
-115
-135
-215
-225
-315
-325
-335
-245
-255
-265
-275
-285
-295
-435
-535
-635
-735
-835
-935
253
-251
-252
-256
-257
-259
-243
-263
-343
-353
-363
-273
-283
-293
-453
-553
-653
-753
-853
-953
277
-271
-272
-274
-276
-278
-279
-177
-187
-197
-287
-297
-377
-387
-397
-217
-227
-247
-267
-477
-577
-677
-777
-877
-977
386
-381
-382
-383
-384
-385
-388
-389
-176
-186
-196
-286
-296
-376
-396
-316
-326
-336
-346
-356
-366
-486
-586
-686
-786
-886
-986
416
-411
-412
-413
-414
-415
-417
-418
-419
-426
-436
-516
-526
-536
-616
-626
-636
-446
-456
-466
-476
-496
-116
-216
-716
-816
-916
457
-451
-452
-454
-455
-458
-459
-447
-467
-547
-557
-567
-647
-657
-667
-427
-437
-487
-497
-157
-357
-757
-857
-957
464
-461
-462
-463
-465
-469
-554
-564
-654
-664
-424
-434
-474
-484
-494
-764
-864
-964
485
-481
-482
-483
-488
-489
-475
-495
-575
-585
-595
-675
-685
-695
-425
-445
-185
-785
-885
-985
524
-521
-522
-525
-527
-528
-529
-514
-534
-614
-624
-634
-574
-584
-594
-224
-324
-724
-824
-924
542
-541
-543
-545
-546
-548
-549
-442
-552
-562
-642
-652
-662
-512
-532
-572
-582
-592
-242
-342
-742
-842
-942
566
-561
-563
-565
-569
-556
-646
-656
-666
-576
-596
-266
-766
-866
-966
587
-581
-583
-588
-589
-597
-687
-697
-517
-537
-787
-887
-987
611
-612
-613
-615
-617
-618
-619
-421
-431
-511
-531
-621
-631
-641
-651
-661
-671
-681
-691
-111
-211
-311
-711
-811
-911
622
-625
-627
-628
-629
-422
-432
-632
515
-513
-518
-519
637
-633
-638
-639
-555
-672
-682
-692
-715
-815
-915
-222
-322
-722
-822
-922
-137
117
-112
-119
-317
-327
-337
-717
-817
-917
-737
-837
-937
649
-643
-645
-648
-449
-559
-659
-669
-679
-689
-699
-249
-349
-749
-849
-949
655
-658
-665
663
-443
-673
-683
-693
-155
-355
-755
-855
-955
-763
-863
-963
694
-696
-698
-674
-684
688
676
-678
-478
-498
-578
-598
-776
-876
-976
-288
-788
-888
-988
-294
-394
-794
-894
-994
726
-721
-725
-727
-728
-729
-736
-826
-836
-926
-936
-746
-756
-796
-226
136
-131
-132
-139
-156
246
-241
-846
-946
839
-831
-832
-833
-834
-838
-719
-739
-819
-829
-919
-929
-939
-859
-869
-879
-889
-899
-339
-439
-539
429
-428
-479
-499
-229
-329
856
-851
-852
-854
-858
-956
-896
996
-991
-992
-993
-995
-997
-998
-999
871
-872
-873
-874
-875
-878
-771
-781
-791
-881
-891
-971
-981
-821
-841
-861
-171
-371
-471
-571
948
-941
-943
-945
-947
-748
-758
-848
-958
-918
-928
-938
-978
-448
441
-551
558
-491
591
-593
-599
579
-573
438
-433
533
-538
-733
-933
-338
-738
-341
-741
-179
-379
-779
-979
-191
-291
-391
962
-961
-965
-967
-969
-752
-762
-862
-952
-912
-932
-972
-982
927
-921
-925
825
-827
-828
-845
-865
867
-747
-767
-847
843
-743
745
-765
-775
-795
797
-792
-793
-798
-799
-897
-813
-883
-893
-895
975
-973
-974
-345
347
365
-361
-362
-367
-369
-375
-395
-262
-175
172
-182
-192
-282
-292
-372
-392
195
-199
-152
352
-351
-359
212
-214
-218
-219
-312
-332
319
-314
-318
334
-331
284
-281
-289
181
-189
-374
-151
159
261
-269
-221
228
321
-328
-298
299
-399
-712
-812
732
-731
-734
931
-934
-772
-782
-951
751
-754
-759
-761
769
954
-959
-789
989
-983
-984
913
-914
-713
-472
473
492
-493
-373
378
393
-398
-773
783
-784
774
-778
-884
882
-892
898
-714
718
814
-818
