175
-171
-172
-173
-174
-176
-177
-178
-179
-185
-195
-275
-285
-295
-375
-385
-395
-115
-125
-135
-145
-155
-165
-475
-575
-675
-775
-875
-975
191
-192
-193
-194
-196
-197
-198
-199
-181
-271
-281
-291
-371
-381
-391
-111
-121
-131
-141
-151
-161
-491
-591
-691
-791
-891
-991
211
-212
-213
-214
-215
-216
-217
-218
-219
-221
-231
-311
-321
-331
-241
-251
-261
-411
-511
-611
-711
-811
-911
248
-242
-243
-244
-245
-246
-247
-249
-148
-158
-168
-258
-268
-348
-358
-368
-228
-238
-278
-288
-298
-448
-548
-648
-748
-848
-948
374
-372
-373
-376
-377
-378
-379
-184
-274
-284
-294
-384
-394
-314
-324
-334
-344
-354
-364
-474
-574
-674
-774
-874
-974
435
-431
-432
-433
-434
-436
-437
-438
-439
-415
-425
-515
-525
-535
-615
-625
-635
-445
-455
-465
-485
-495
-235
-335
-735
-835
-935
451
-452
-453
-454
-456
-457
-458
-459
-441
-461
-541
-551
-561
-641
-651
-661
-421
-471
-481
-351
-751
-851
-951
463
-462
-464
-466
-467
-468
-469
-443
-543
-553
-563
-643
-653
-663
-413
-423
-473
-483
-493
-163
-263
-363
-763
-863
-963
524
-521
-522
-523
-526
-527
-528
-529
-414
-424
-514
-534
-614
-624
-634
-544
-554
-564
-584
-594
-124
-224
-724
-824
-924
577
-571
-572
-573
-576
-578
-579
-477
-487
-497
-587
-597
-677
-687
-697
-517
-537
-547
-557
-567
-277
-777
-877
-977
646
-642
-644
-645
-647
-649
-446
-546
-556
-566
-656
-666
-616
-626
-636
-676
-686
-696
-146
-346
-746
-846
-946
716
-712
-713
-714
-715
-717
-718
-719
-726
-736
-816
-826
-836
-916
-926
-936
-756
-766
-776
-786
-796
-116
-316
-416
-516
722
-721
-723
-725
-727
-728
-729
-732
-812
-822
-832
-912
-922
-932
-742
-752
-762
-772
-782
-792
-122
-222
-322
-422
-622
788
-781
-783
-784
-785
-787
-789
-778
-798
-878
-888
-898
-978
-988
-998
-738
-758
-768
-188
-388
398
-392
-393
-396
-397
-399
-318
-328
-338
-488
-588
-688
-498
-598
-698
855
-852
-853
-854
-856
-857
-858
-859
-745
-755
-765
-845
-865
-945
-955
-965
795
-793
-794
-797
-799
-885
-895
-985
-995
-815
-825
-255
-355
-555
-655
-595
-695
882
-881
-883
-884
-886
-887
-889
-872
-892
-972
-982
-992
-842
-862
-182
-282
-382
-482
-582
-682
964
-961
-962
-966
-967
-968
-969
-744
-754
-764
-844
-864
-944
-954
734
-731
-733
-737
-739
-814
-834
-914
-934
894
-893
-896
-897
-899
-984
-994
114
-112
-113
-117
-118
-119
-134
-234
-144
-154
-164
444
-442
-447
-449
-654
-664
-484
-494
254
-252
-253
-256
-257
-259
-264
684
-681
-683
-685
-689
-694
585
-581
-583
-586
-589
671
-672
-673
-678
-679
478
-472
-476
-479
-418
-428
531
-532
-533
-536
-538
-539
-621
-631
426
-427
-429
-486
489
-499
-599
-699
-496
492
-592
-692
693
-593
596
-412
417
-419
-617
-627
-637
513
-512
-518
-519
-613
-623
-633
-545
-565
665
-662
-667
-668
-669
657
-652
-658
-659
-313
-813
-913
-317
-817
-917
-126
-226
-326
-831
-931
345
-341
-342
-343
-347
-349
361
-362
-365
-366
-367
-369
-265
225
-223
-227
-229
-315
-325
915
-918
-919
-925
-157
-357
-757
-957
-761
-861
-771
741
-743
-747
-749
-841
-941
767
-769
-847
-867
-947
147
-142
-143
-149
-167
-267
-127
-137
-187
-871
821
-823
-827
-828
-829
-921
837
-833
-838
-839
-927
-937
327
-323
-329
-237
-337
-387
-971
981
-983
-986
-987
-989
997
-993
-996
-999
272
-273
-276
-279
-292
-232
-262
287
-283
-286
-289
-297
-189
-389
299
-293
-296
233
-236
-239
-123
-133
-333
266
-269
-156
-166
-356
923
-928
-929
-933
-943
-953
-973
843
-849
-753
759
-869
-949
942
-952
-959
773
-779
-873
-542
549
-559
-569
956
-958
-866
868
876
-879
-976
979
-818
819
938
-939
618
-612
-619
632
-638
-639
-628
629
312
-319
-132
-332
-352
128
-129
-138
558
-552
562
-568
152
-153
-159
-162
169
353
-359
183
-186
-383
386
136
-139
-336
339
