134
-131
-132
-133
-135
-136
-137
-138
-139
-114
-124
-214
-224
-234
-314
-324
-334
-144
-154
-164
-174
-184
-194
-434
-534
-634
-734
-834
-934
161
-162
-163
-165
-166
-167
-168
-169
-141
-151
-241
-251
-261
-341
-351
-361
-111
-121
-171
-181
-191
-461
-561
-661
-761
-861
-961
189
-182
-183
-185
-186
-187
-188
-179
-199
-279
-289
-299
-379
-389
-399
-119
-129
-149
-159
-489
-589
-689
-789
-889
-989
212
-211
-213
-215
-216
-217
-218
-219
-112
-122
-222
-232
-312
-322
-332
-242
-252
-262
-272
-282
-292
-412
-512
-612
-712
-812
-912
237
-231
-233
-235
-236
-238
-239
-117
-127
-227
-317
-327
-337
-247
-257
-267
-277
-287
-297
-437
-537
-637
-737
-837
-937
265
-263
-264
-266
-268
-269
-145
-155
-245
-255
-345
-355
-365
-225
-275
-285
-295
-465
-565
-665
-765
-865
-965
358
-352
-353
-354
-356
-357
-359
-148
-158
-248
-258
-348
-368
-318
-328
-338
-378
-388
-398
-458
-558
-658
-758
-858
-958
391
-392
-393
-394
-395
-396
-397
-271
-281
-291
-371
-381
221
-223
-226
-228
-229
-311
-321
-331
-421
-521
-621
-721
-821
-921
-491
-591
-691
-791
-891
-991
499
-492
-493
-494
-495
-496
-497
-498
-479
-579
-599
-679
-699
-419
-429
-439
-449
-459
-469
-799
-899
-999
535
-531
-532
-533
-536
-538
-539
-415
-425
-435
-515
-525
-615
-625
-635
-545
-555
-575
-585
-595
-335
-735
-835
-935
583
-581
-582
-584
-586
-587
-588
-473
-483
-573
-593
-673
-683
-693
-513
-523
-543
-553
-563
-283
-383
-783
-883
-983
597
-592
-594
-596
-598
-477
-487
-577
-677
-687
-697
-517
-527
-547
-557
-567
-197
-797
-897
-997
629
-622
-623
-624
-626
-627
-628
-519
-529
-619
-639
-649
-659
-669
-329
-729
-829
-929
646
-641
-642
-643
-644
-645
-647
-648
-446
-456
-466
-546
-556
-566
-656
-666
-616
-636
-676
-686
-696
-146
-246
-346
-746
-846
-946
653
-651
-652
-654
-655
-657
-443
-453
-463
-663
-613
-633
-153
-253
-753
-853
-953
774
-771
-772
-773
-775
-776
-777
-778
-779
-784
-794
-874
-884
-894
-974
-984
-994
-714
-724
-744
-754
-764
-274
-374
-474
-574
-674
816
-811
-813
-814
-815
-817
-818
-819
-716
-726
-736
-826
-836
-916
-926
-936
-856
-866
-876
-886
-896
-116
-316
-416
-516
864
-862
-863
-867
-868
-869
-844
-854
-944
-954
-964
-824
-364
-464
-564
-664
873
-871
-872
-875
-877
-878
-879
-793
-893
-973
-993
979
-971
-972
-975
-976
-977
-978
-823
-833
-843
-919
-939
-949
-959
-969
-173
-273
-373
922
-923
-924
-925
-927
-928
-722
-732
-822
-832
-932
914
-911
-913
-915
-917
-918
-942
-952
-962
-982
-992
-414
-514
-614
-422
-522
943
-941
-945
-947
-948
-743
-763
-963
-933
-143
-243
293
-294
-296
-298
-193
-343
363
-362
-366
-367
-369
-313
-323
-333
694
-692
-695
-698
-484
-684
957
-951
-955
-956
-747
-757
-767
-847
-857
-967
-987
-157
-457
996
-995
-998
-786
-796
-986
985
-981
-988
-785
-795
-885
-895
931
-938
-711
-731
-831
-966
968
-748
-768
-848
-431
-631
766
-762
-769
-756
-468
-568
-668
569
-562
-549
-559
-385
-485
-685
675
-671
-672
-678
-475
-175
-375
195
-192
-196
-198
-115
-125
113
-118
-123
128
-126
-178
-413
-713
-428
-528
-728
-828
-142
147
-347
-177
-447
377
-372
-376
-387
152
-156
-342
256
-254
-259
-172
176
382
-384
-386
284
-286
-288
-276
278
-244
249
344
-349
-444
-544
-749
-849
-452
-552
-752
-852
-476
-576
486
-481
-482
-488
-426
-436
526
-524
424
-423
-427
433
-432
-438
632
-638
-454
554
-551
-662
667
-467
462
-442
-542
-472
417
-411
-418
-617
572
-571
-578
-682
-717
723
-725
-727
-733
827
-825
715
-718
-719
-745
-755
787
-781
-782
-788
881
-882
-887
-888
-841
-851
-315
319
325
-326
336
-339
471
-478
-681
688
-441
-451
455
541
-548
-445
448
-511
518
611
-618
-741
742
751
-759
-842
845
-855
859
-792
798
892
-898
-738
739
838
-839
