124
-121
-122
-123
-125
-126
-127
-128
-129
-114
-134
-214
-224
-234
-314
-324
-334
-144
-154
-164
-174
-184
-194
-424
-524
-624
-724
-824
-924
166
-161
-162
-163
-165
-167
-168
-169
-146
-156
-246
-256
-266
-346
-356
-366
-116
-136
-176
-186
-196
-466
-566
-666
-766
-866
-966
238
-231
-232
-233
-235
-236
-237
-239
-118
-138
-218
-228
-318
-328
-338
-248
-258
-268
-278
-288
-298
-438
-538
-638
-738
-838
-938
242
-241
-243
-244
-245
-247
-249
-142
-152
-252
-262
-342
-352
-362
-212
-222
-272
-282
-292
-442
-542
-642
-742
-842
-942
311
-312
-313
-315
-316
-317
-319
-111
-131
-211
-221
-321
-331
-341
-351
-361
-371
-381
-391
-411
-511
-611
-711
-811
-911
383
-382
-384
-385
-386
-387
-388
-389
-173
-183
-193
-273
-283
-293
-373
-393
-323
-333
-343
-353
-363
-483
-583
-683
-783
-883
-983
394
-392
-395
-396
-397
-398
-399
-274
-284
-294
-374
-344
-354
-364
-494
-594
-694
-794
-894
-994
428
-421
-422
-423
-425
-426
-427
-429
-418
-518
-528
-618
-628
-448
-458
-468
-478
-488
-498
-728
-828
-928
449
-441
-443
-444
-445
-446
-447
-459
-469
-549
-559
-569
-649
-659
-669
-419
-439
-479
-489
-499
-149
-349
-749
-849
-949
454
-451
-452
-453
-455
-456
-457
-464
-544
-554
-564
-644
-654
-664
-414
-434
-474
-484
-254
264
-261
-263
-265
-267
-269
-754
-854
-954
-764
-864
-964
555
-551
-552
-553
-556
-557
-558
-465
-545
-565
-645
-655
-665
-515
-525
-535
-575
-585
-595
-155
-255
-355
-755
-855
-955
598
-591
-592
-593
-596
-597
-599
-578
-588
-678
-688
-698
-548
-568
-198
-798
-898
-998
621
-622
-623
-625
-626
-627
-629
-431
-521
-531
-631
-641
-651
-661
-671
-681
-691
-721
-821
-921
637
-632
-633
-634
-635
-636
-639
-417
-437
-517
-527
-537
-617
-647
-657
-667
-677
-687
-697
-137
-337
-737
-837
-937
674
-672
-673
-675
-676
-679
-574
-584
-684
-614
-774
-874
-974
723
-722
-725
-726
-727
-729
-713
-733
-813
-823
-833
-913
-923
-933
-743
-753
-763
-773
-793
-223
-523
791
-792
-795
-796
-797
-799
-771
-781
-871
-881
-891
-971
-981
-991
-731
-741
-751
-761
-191
-291
-491
859
-851
-852
-853
-856
-857
-858
-759
-769
-869
-959
-969
-819
-829
-839
-879
-889
-899
-159
-259
-359
369
-365
-367
-368
-329
-339
-379
862
-861
-863
-865
-867
-868
-752
-762
-952
-962
-812
-822
-832
-872
-882
-892
652
-653
-656
-658
-462
-562
-662
-612
-682
-692
915
-912
-914
-916
-917
-918
-919
-715
-735
-815
-825
-835
-925
-935
-945
-965
-975
-985
-995
-115
-215
-415
-615
435
-432
-433
-436
-475
-485
-495
-135
-335
765
-767
-768
-745
-845
-775
-785
932
-931
-934
-936
-939
831
-834
-836
-712
-732
-922
-841
-972
-982
-992
-132
-332
336
-216
-226
-326
-376
-532
-536
-736
957
-951
-953
-956
-958
-747
-757
-847
-947
-967
-927
-977
-987
-997
756
-758
-746
-846
-946
-716
-776
-786
-157
-257
-357
358
-148
-158
-348
-378
986
-984
-988
-989
-876
-886
-896
-976
-996
944
-941
-943
-948
961
-963
-968
843
-844
-848
-744
748
-718
818
-814
-816
-817
-778
-788
-873
-893
884
-885
-887
-888
-784
826
-827
-926
929
717
-714
-719
734
-739
-777
-787
-878
978
-973
-979
993
-999
514
-512
-513
-516
-519
-534
-117
-217
-526
-229
-529
522
-412
-572
-582
112
-113
-119
-322
-172
-182
-192
372
-375
-377
-143
-543
-643
-648
646
-546
668
-663
-616
416
-413
-476
-486
-496
-686
-696
-461
-561
541
-547
-571
-581
-141
-472
-772
779
782
-789
-178
188
-181
-185
-187
-189
-179
-279
-579
-482
492
-493
-497
-286
-586
576
-573
-577
473
-471
-477
481
-487
-693
587
-589
-463
467
563
-567
-533
539
613
-619
-213
219
133
-139
-153
151
-251
253
-171
199
-195
-197
-289
-299
271
-275
-276
-277
-281
296
-295
-297
-287
285
-175
177
145
-147
-345
347
-225
227
325
-327
875
-877
-895
897
-685
689
695
-699
