123
-121
-122
-124
-125
-126
-127
-128
-129
-113
-133
-213
-223
-233
-313
-323
-333
-143
-153
-163
-173
-183
-193
-423
-523
-623
-723
-823
-923
131
-132
-134
-135
-136
-137
-138
-139
-111
-211
-221
-231
-311
-321
-331
-141
-151
-161
-171
-181
-191
-431
-531
-631
-731
-831
-931
195
-192
-194
-196
-197
-198
-199
-175
-185
-275
-285
-295
-375
-385
-395
-115
-145
-155
-165
-495
-595
-695
-795
-895
-995
247
-241
-242
-243
-244
-245
-246
-248
-249
-147
-157
-167
-257
-267
-347
-357
-367
-217
-227
-237
-277
-287
-297
-447
-547
-647
-747
-847
-947
282
-281
-283
-284
-286
-288
-289
-172
-182
-272
-292
-372
-382
-392
-212
-222
-232
-252
-262
-482
-582
-682
-782
-882
-982
417
-411
-412
-413
-414
-415
-416
-418
-419
-427
-437
-517
-527
-537
-617
-627
-637
-457
-467
-477
-487
-497
-117
-317
-717
-817
-917
471
-472
-473
-474
-475
-476
-478
-479
-481
-491
-571
-581
-591
-671
-681
-691
-421
-441
-451
-461
-271
-371
-771
-871
-971
518
-511
-512
-513
-514
-515
-516
-519
-428
-438
-528
-538
-618
-628
-638
-548
-558
-568
-578
-588
-598
-118
-218
-318
-718
-818
-918
546
-541
-542
-543
-544
-545
-549
-446
-456
-466
-556
-566
-646
-656
-666
-526
-536
-576
-586
-596
-146
-346
-746
-846
-946
687
-683
-684
-685
-686
-688
-689
-577
-587
-597
-677
-697
-657
-667
-187
177
-174
-176
-178
-179
-377
-387
-397
-777
-877
-977
-787
-887
-987
693
-692
-694
-696
-698
-699
-483
-493
-573
-583
-593
-673
-613
-633
-643
-653
-663
-293
-393
-793
-893
-993
753
-751
-752
-754
-755
-756
-757
-758
-759
-743
-763
-843
-853
-863
-943
-953
-963
-713
-733
-773
-783
-253
-353
-453
-553
761
-762
-764
-765
-766
-767
-768
-769
-741
-841
-851
-861
-941
-951
-961
-711
-721
-781
-791
-261
-361
-561
-661
779
-772
-774
-775
-776
-778
-789
-799
-879
-889
-899
-979
-989
-999
-719
-729
-739
-749
-279
-379
-579
-679
816
-811
-812
-813
-814
-815
-819
-716
-726
-736
-826
-836
-916
-926
-936
-856
-866
-876
-886
-896
913
-911
-912
-914
-915
-919
-833
-933
-973
-983
611
-612
-614
-615
-616
-619
-521
-621
551
-552
-554
-555
-557
-559
-641
-651
567
-562
-563
-564
-565
-569
533
-532
-534
-535
-539
-433
-116
-216
-316
341
-342
-343
-344
-345
-348
-349
-251
-351
291
-294
-296
-298
-299
-381
-391
443
-442
-444
-445
-448
-449
-463
-867
-967
-891
-991
824
-821
-822
-825
-827
-828
-829
921
-922
-924
-925
-927
-928
-929
-714
-724
-734
-834
-934
881
-883
-884
-885
-888
-981
873
-872
-874
-875
-878
-844
-854
-864
-894
-224
-324
-424
-524
-624
-273
263
-264
-265
-266
-268
-269
-363
-373
383
-384
-386
-388
-389
955
-952
-954
-956
-957
-958
-959
-745
-845
-855
-865
-945
-965
966
-962
-964
-968
-969
857
-852
-858
-859
835
-832
-837
-838
-839
-715
712
-722
-732
-932
-725
-735
-935
939
-937
-938
-742
-792
785
-784
-786
-788
-975
-985
796
-794
-797
-798
-976
-986
-996
744
-748
-944
-897
997
-992
-994
-998
-949
-112
-312
-235
-335
-435
-635
-239
-339
-439
-639
-144
-644
645
-642
-648
-649
-455
-465
-655
-665
-625
-675
-255
-355
365
-362
-364
-366
-368
-369
-315
-325
215
-214
-219
-225
-166
575
-572
-574
-485
-585
425
-422
-426
-429
-525
-396
-496
-114
119
-229
-319
314
-234
-334
-329
-149
-159
-169
-189
399
-394
-398
259
-254
-256
-258
-359
274
-276
-278
-184
-374
-354
849
-842
-848
-869
-459
-659
-674
-974
984
-988
-484
-584
589
-489
-499
-599
469
-462
-464
-468
-669
594
-592
-494
522
-529
-432
-622
-632
629
-626
-322
332
-336
-337
-338
327
-326
-328
-352
226
-228
-236
238
-727
728
737
-738
142
-148
-152
-162
-942
948
862
-868
-892
898
972
-978
-662
-672
492
-498
-452
652
-654
-658
-154
164
-168
454
-458
-664
668
-434
436
634
-636
-486
488
676
-678
-376
378
186
-188
-156
158
356
-358
