123
-121
-122
-124
-125
-126
-127
-128
-129
-113
-133
-213
-223
-233
-313
-323
-333
-143
-153
-163
-173
-183
-193
-423
-523
-623
-723
-823
-923
144
-141
-142
-145
-146
-147
-148
-149
-154
-164
-244
-254
-264
-344
-354
-364
-114
-134
-174
-184
-194
-444
-544
-644
-744
-844
-944
172
-171
-175
-176
-177
-178
-179
-182
-192
-272
-282
-292
-372
-382
-392
-112
-132
-152
-162
-472
-572
-672
-772
-872
-972
232
-231
-234
-235
-236
-237
-238
-239
-212
-222
-312
-322
-332
-242
-252
-262
-432
-532
-632
-732
-832
-932
261
-263
-265
-266
-267
-268
-269
-151
-161
-241
-251
-341
-351
-361
-211
-221
-271
-281
-291
-461
-561
-661
-761
-861
-961
275
-273
-274
-276
-277
-278
-279
-185
-195
-285
-295
-375
-385
-395
-215
-225
-245
-255
-475
-575
-675
-775
-875
-975
348
-342
-343
-345
-346
-347
-349
-158
-168
-248
-258
-358
-368
-318
-328
-338
-378
-388
-398
-448
-548
-648
-748
-848
-948
369
-362
-363
-365
-366
-367
352
-353
-355
-356
-357
-359
-159
-169
-249
-259
-319
-329
-339
-379
-389
-399
-452
-552
-652
-752
-852
-952
-469
-569
-669
-769
-869
-969
386
-381
-383
-384
-387
-186
-196
-286
-296
-376
-396
-316
-326
-336
-486
-586
-686
-786
-886
-986
418
-411
-412
-413
-414
-415
-416
-417
-419
-428
-438
-518
-528
-538
-618
-628
-638
-458
-468
-478
-488
-498
-118
-218
-718
-818
-918
434
-431
-433
-435
-436
-437
-439
-424
-514
-524
-534
-614
-624
-634
-454
-464
-474
-484
-494
-334
-734
-834
-934
485
-481
-482
-483
-487
-489
-495
-585
-595
-685
-695
-425
-445
-455
-465
-785
-885
-985
515
-511
-512
-513
-516
-517
-519
-525
-535
-615
-625
-635
-545
-555
-565
-115
-315
-715
-815
-915
542
-541
-543
-546
-547
-549
-442
-462
-562
-642
-662
-522
-582
-592
-742
-842
-942
564
-563
-566
-567
-568
-554
-654
-664
-574
-584
-594
-764
-864
-964
597
-591
-593
-596
-598
-599
-477
-497
-577
-587
-677
-687
-697
-527
-537
-557
-197
-297
-397
-797
-897
-997
627
-621
-622
-626
-629
-427
-617
-637
-647
-657
-667
-227
-327
-727
-827
-927
679
-671
-673
-674
-676
-678
-479
-499
-579
-589
-689
-699
-619
-639
-649
-659
-779
-879
-979
691
-692
-693
-694
-696
-698
-471
-491
-571
-581
-681
684
-682
-683
-688
492
-493
-496
-422
612
-611
-613
-616
-631
-641
-651
-712
-812
-912
-284
-784
-884
-984
-191
-391
-791
-891
-991
-792
-892
-992
729
-721
-722
-724
-725
-726
-728
-719
-739
-819
-829
-839
-919
-929
-939
-749
-759
-789
-799
-229
-429
-529
539
-531
-533
-536
633
-636
-559
-643
-653
-663
-733
-833
-933
-139
743
-741
-745
-746
-747
-753
-763
-843
-853
-863
-943
-953
-963
-713
-773
-783
-793
-243
253
-256
-257
-283
-293
-443
-453
-553
463
-466
-467
-473
476
-576
-426
421
-521
526
-441
-451
551
-556
-558
-446
-456
-321
-821
-921
-226
-826
-926
-751
-851
-951
-776
-876
-976
768
-762
-765
-766
-767
-758
-858
-868
-958
-968
782
-781
-787
-788
-882
-982
-738
-778
-798
658
-655
-656
-668
831
-835
-836
-837
-838
-711
-731
-811
-911
-931
771
-774
-777
-871
-881
-971
-981
-841
941
-945
-946
-947
-949
-131
-331
-371
181
-187
-188
-189
-111
311
-314
-317
849
-845
-846
-847
-859
-959
-889
-899
645
-646
-665
666
246
-247
-156
-166
-216
447
-449
-457
459
-866
-966
878
-873
-874
-877
-888
-898
-978
-988
-998
-828
-578
573
-583
588
-373
393
-394
-973
-288
-893
-993
938
-935
-936
-937
-928
228
-224
-138
198
-199
-298
119
-116
-117
136
-135
-137
-219
-736
965
-962
-967
862
-865
-867
-755
-855
-955
-822
922
-924
-925
-995
155
-157
-165
167
983
-987
-989
-883
887
-977
974
-794
-894
-994
999
-996
813
-814
-816
-817
-913
-857
-914
-954
-374
377
294
-299
-287
289
-214
217
324
-325
335
-337
714
-716
-717
-824
825
-735
737
916
-917
-754
854
-856
795
-796
-895
896
756
-757
-956
957
