145
-141
-142
-143
-144
-146
-147
-148
-149
-155
-165
-245
-255
-265
-345
-355
-365
-115
-125
-135
-175
-185
-195
-445
-545
-645
-745
-845
-945
162
-161
-163
-164
-166
-167
-168
-169
-152
-242
-252
-262
-342
-352
-362
-112
-122
-132
-172
-182
-192
-462
-562
-662
-762
-862
-962
219
-211
-212
-213
-214
-215
-216
-217
-218
-119
-129
-139
-229
-239
-319
-329
-339
-249
-259
-269
-279
-289
-299
-419
-519
-619
-719
-819
-919
274
-271
-272
-273
-275
-276
-277
-278
-174
-184
-194
-284
-294
-374
-384
-394
-224
-234
-244
-254
-264
-474
-574
-674
-774
-874
-974
347
-341
-343
-344
-346
-348
-349
-157
-247
-257
-267
-357
-367
-317
-327
-337
-377
-387
-397
-447
-547
-647
-747
-847
-947
378
-371
-372
-373
-375
-376
-379
-178
-188
-198
-288
-298
-388
-398
-318
-328
-338
-358
-368
-478
-578
-678
-778
-878
-978
441
-442
-443
-444
-446
-448
-449
-451
-461
-541
-551
-561
-641
-651
-661
-411
-421
-431
-471
-481
-491
-241
-741
-841
-941
457
-452
-453
-454
-455
-456
-458
-459
-467
-557
-567
-657
-667
-417
-427
-437
-477
-487
-497
-757
-857
-957
485
-482
-483
-484
-486
-488
-489
-475
-495
-575
-585
-595
-675
-685
-695
-415
-425
-435
-465
-285
-385
-785
-885
-985
514
-511
-512
-513
-515
-516
-517
-518
-414
-424
-434
-524
-534
-614
-624
-634
-544
-554
-564
-584
-594
-114
-314
-714
-814
-914
576
-571
-572
-573
-577
-579
-476
-496
-586
-596
-676
-686
-696
-526
-536
-546
-556
-566
-176
-776
-876
-976
613
-611
-612
-615
-616
-617
-618
-413
-423
-433
-523
-533
-623
-633
-643
-653
-663
-673
-683
-693
-113
-313
-713
-813
-913
754
-751
-752
-753
-755
-756
-758
-759
-744
-764
-844
-854
-864
-944
-954
-964
-724
-734
-784
-794
644
-642
-646
-648
-649
-464
-654
-664
494
-492
-493
-498
-499
-684
-694
-154
-354
364
-361
-363
-366
-369
-324
-334
-894
-994
773
-771
-772
-775
-777
-779
-783
-793
-873
-883
-893
-973
-983
-993
-723
-733
-743
-763
-173
-473
463
-466
-468
-469
-543
-553
-563
-263
-863
-963
825
-821
-822
-823
-824
-826
-827
-828
-829
-715
-725
-735
-815
-835
-915
-925
-935
-855
-865
-875
-895
315
-311
-312
-316
-225
-235
-325
-335
295
-291
-292
-293
-296
-297
-395
-525
-625
975
-971
-972
-977
-979
-795
-995
765
-761
-766
-767
-768
-769
-955
-965
-565
-665
882
-881
-884
-886
-887
-888
-889
-782
-792
-872
-892
-982
-992
984
-981
-986
-987
-988
-989
-812
-832
-842
-852
834
-831
-833
-836
-837
-838
-839
-924
-934
124
-121
-123
-126
-127
-128
-134
-282
-382
392
-391
-393
-396
-399
-322
-332
-582
-682
-592
-692
921
-922
-923
-926
-927
-928
-929
-711
-721
-731
-811
-911
-931
933
-932
-936
-937
-938
-939
-951
-961
-991
-943
-953
111
-116
-117
-118
-131
-221
-231
-321
-331
-151
-171
-181
-191
-521
-621
-133
-233
-333
336
-136
-226
-236
-326
323
-223
-353
-383
-356
-386
-436
-636
-736
137
-138
-227
-237
-177
179
-189
-199
-389
381
-281
-187
-197
287
-283
-286
158
-153
-156
-159
-248
-258
-268
359
-351
-537
-637
-737
-558
-658
-858
-958
-559
-659
-859
-959
-479
472
-672
-412
-422
-432
-679
-879
-581
-681
-781
791
-796
-797
-798
-799
-871
877
-891
-787
-897
-997
-817
-867
967
-966
-968
-969
-917
717
-712
-716
-718
-727
912
-916
-918
-722
-732
742
-746
-748
-749
-942
-952
956
-846
-856
-866
-946
-996
-542
246
-243
253
-251
-256
261
-266
843
-848
-849
-853
851
-861
-656
666
-668
-669
-626
671
-677
-591
-691
531
-532
-535
-538
-539
-631
635
-632
-638
-639
555
-552
652
-655
522
-527
-528
-529
-622
627
-628
-629
-687
-697
-222
228
232
-238
-428
-728
-587
597
-593
-598
-599
583
-588
-589
-183
186
193
-196
-786
896
-898
-899
726
-729
-816
818
-738
739
788
-789
-998
999
-868
869
948
-949
416
-418
-426
429
438
-439
-548
549
568
-569
-688
689
698
-699
