137
-131
-132
-133
-134
-135
-136
-138
-139
-117
-127
-217
-227
-237
-317
-327
-337
-147
-157
-167
-177
-187
-197
-437
-537
-637
-737
-837
-937
228
-221
-222
-223
-224
-225
-226
-229
-118
-128
-218
-238
-318
-328
-338
-248
-258
-268
-278
-288
-298
-428
-528
-628
-728
-828
-928
259
-251
-252
-253
-254
-255
-256
-257
-149
-159
-169
-249
-269
-349
-359
-369
-219
-239
-279
-289
-299
-459
-559
-659
-759
-859
-959
287
-281
-282
-283
-284
-285
-286
-277
-297
-377
-387
-397
-247
-267
-487
-587
-687
-787
-887
-987
329
-321
-322
-323
-324
-325
-326
-119
-129
-319
-339
-379
-389
-399
-429
-529
-629
-729
-829
-929
353
-351
-352
-354
-355
-356
-357
-358
-143
-153
-163
-243
-263
-343
-363
-313
-333
-373
-383
-393
-453
-553
-653
-753
-853
-953
367
-361
-362
-364
-365
-366
-368
-347
-467
-567
-667
-767
-867
-967
376
-371
-372
-374
-375
-378
-176
-186
-196
-276
-296
-386
-396
-316
-336
-346
-476
-576
-676
-776
-876
-976
382
-381
-384
-385
-388
-172
-182
-192
-272
-292
-392
-312
-332
-342
-482
-582
-682
-782
-882
-982
394
-391
-395
-398
-174
-184
-194
-274
-294
-314
-334
-344
348
-341
-345
-148
-158
-168
-448
-548
-648
-748
-848
-948
-494
-594
-694
-794
-894
-994
465
-461
-462
-463
-464
-466
-468
-469
-445
-455
-545
-555
-565
-645
-655
-665
-415
-425
-435
-475
-485
-495
-165
-265
-765
-865
-965
493
-491
-492
-496
-497
-498
-499
-473
-483
-573
-583
-593
-673
-683
-693
-413
-423
-433
-443
-193
-293
-793
-893
-993
512
-511
-513
-514
-515
-516
-517
-518
-519
-412
-422
-432
-522
-532
-612
-622
-632
-542
-552
-562
-572
-592
-112
-212
-712
-812
-912
619
-611
-613
-614
-615
-616
-617
-618
-419
-439
-539
-639
-649
-669
-679
-689
-699
-719
-819
-919
654
-651
-652
-656
-657
-658
-444
-454
-544
-554
-564
-644
-664
-624
-634
-674
-684
-154
-754
-854
-954
696
-691
-692
-695
-697
-698
-486
-586
-596
-686
-626
-636
-646
-666
-796
-896
-996
756
-751
-752
-755
-757
-758
-746
-766
-846
-856
-866
-946
-956
-966
-716
-726
-736
-786
-156
-456
-556
835
-831
-832
-833
-834
-836
-838
-839
-715
-725
-735
-815
-825
-915
-925
-935
-845
-855
-875
-885
-895
-235
-335
331
-111
-121
-211
-231
-311
315
-115
-125
-215
-431
-531
-631
-731
-931
-535
-635
861
-862
-863
-864
-868
-869
-741
-761
-841
-851
-941
-951
-961
-811
-821
-871
-881
-891
-161
-261
-561
-661
884
-883
-886
-888
-889
-774
-784
-874
-974
-984
986
-981
-983
-985
-988
-989
-814
-824
-844
-916
-926
-936
-484
-584
899
-892
-897
-898
-779
-789
-799
-879
-979
-999
-849
-199
-599
938
-932
-933
-934
-939
-718
-738
-818
-918
739
-732
-733
-734
-749
-769
-958
-968
-978
-998
418
-411
-414
-416
-417
-438
-538
-638
633
-523
-533
-623
-458
-478
-488
-643
-663
232
-233
-234
-236
-122
-242
-262
957
-952
-955
-747
-847
-857
-947
-917
-927
-977
-997
155
-151
-152
-145
-245
-175
-185
-195
-457
-557
964
-962
-963
-969
-744
-764
-944
949
-942
-943
-945
745
-742
-743
-775
-785
-795
-914
-924
-449
-549
569
-563
-566
-568
543
-541
-546
-547
446
-441
-442
-447
647
-641
-642
-426
-436
434
-424
-524
-534
536
-526
-474
574
-571
-575
-577
-578
-579
-589
-627
-677
-843
842
-762
-852
858
763
-768
-713
-723
-773
-783
-822
-872
-878
-142
162
-164
-166
-146
-246
266
-264
-216
452
-451
551
-558
-662
668
-472
672
-671
-675
-678
-521
-581
-591
-688
-772
-972
183
-181
-188
-189
-173
-273
179
-171
-178
198
-191
141
-144
-241
244
-113
-123
213
-214
-813
-913
911
-711
-721
-921
-971
-991
778
-771
-777
-788
781
-791
-798
-479
489
-481
-681
685
471
-477
-585
588
-595
597
-598
-421
427
621
-625
525
-527
-727
-827
-271
275
291
-295
-975
973
-873
877
995
-992
792
-797
-722
724
922
-923
823
-826
-714
717
816
-817
114
-116
-124
126
