232
-231
-233
-234
-235
-236
-237
-238
-239
-112
-122
-132
-212
-222
-312
-322
-332
-242
-252
-262
-272
-282
-292
-432
-532
-632
-732
-832
-932
258
-251
-253
-254
-255
-256
-257
-259
-148
-158
-168
-248
-268
-348
-358
-368
-218
-228
-278
-288
-298
-458
-558
-658
-758
-858
-958
293
-291
-294
-295
-296
-297
-299
-173
-183
-193
-273
-283
-373
-383
-393
-213
-223
-243
-263
-493
-593
-693
-793
-893
-993
317
-311
-313
-314
-315
-316
-318
-319
-117
-127
-137
-217
-227
-327
-337
-347
-357
-367
-377
-387
-397
-417
-517
-617
-717
-817
-917
326
-321
-323
-324
-325
-328
-329
-116
-126
-136
-216
-226
-336
-346
-356
-366
-376
-386
-396
-426
-526
-626
-726
-826
-926
342
-341
-343
-344
-345
-349
-142
-152
-162
-352
-362
-372
-382
-392
-442
-542
-642
-742
-842
-942
364
-361
-363
-365
-369
-144
-154
-164
-244
-264
-354
-334
-374
-384
-394
-464
-564
-664
-764
-864
-964
389
-381
-385
-388
-179
-189
-199
-279
-289
-379
-399
-339
-359
-489
-589
-689
-789
-889
-989
555
-551
-552
-553
-554
-556
-557
-559
-445
-455
-465
-545
-565
-645
-655
-665
-515
-525
-535
-575
-585
-595
-155
-355
-755
-855
-955
571
-572
-573
-574
-576
-577
-578
-579
-471
-481
-491
-581
-591
-671
-681
-691
-511
-521
-531
-541
-561
-171
-271
-371
-771
-871
-971
597
-592
-594
-596
-598
-599
-477
-487
-497
-587
-677
-687
-697
-527
-537
-547
-567
-197
-797
-897
-997
627
-621
-622
-623
-624
-625
-628
-629
-427
-437
-637
-647
-657
-667
-727
-827
-927
643
-641
-644
-646
-648
-649
-443
-453
-463
-543
-563
-653
-663
-613
-633
-673
-683
-143
-743
-843
-943
682
-684
-685
-686
-688
-472
-482
-492
-582
-672
-692
-612
-652
-662
-182
-782
-882
-982
699
-694
-695
-696
-698
-479
-499
-679
-619
-639
-659
-669
-799
-899
-999
861
-862
-863
-865
-866
-867
-868
-869
-741
-751
-761
-841
-851
-941
-951
-961
-811
-821
-831
-881
-891
-161
-261
-461
-661
884
-883
-885
-886
-887
-888
-774
-784
-794
-874
-894
-974
-984
-994
-814
-824
-834
-844
-854
-184
-284
-484
-584
919
-911
-912
-913
-914
-915
-916
-918
-719
-729
-739
-819
-829
-839
-929
-939
-949
-959
-969
-979
-119
-219
-419
-519
923
-921
-922
-924
-925
-928
-713
-723
-733
-813
-823
-833
-933
-953
-963
-973
-983
-123
-423
-523
947
-944
-945
-946
-948
-747
-757
-767
-847
-857
-957
-967
-937
-977
-987
-147
-247
-447
962
-965
-966
-968
-752
-762
-852
-952
-972
-992
452
-451
-454
-456
-457
-459
-462
-562
467
-466
-468
-469
-412
-422
157
-151
-153
-156
-159
-167
-267
-177
-187
978
-975
-976
-778
-788
-798
-878
-898
-988
-998
-938
-178
-378
375
-175
-185
-195
-275
-285
-395
-335
-475
-675
-775
-875
-478
-678
986
-981
-985
-776
-786
-796
-876
-896
-996
-936
-956
954
-744
-754
-934
-654
-186
-286
-486
-586
991
-995
-781
-791
-931
935
-715
-725
-735
-815
-825
-835
-135
-435
-635
615
-611
-614
-616
-618
-415
-425
-115
-215
-191
-391
398
-188
181
-281
287
-277
-198
-111
-121
-131
-141
-338
-787
-498
-113
-114
118
-128
-138
-418
-518
-718
-818
-124
125
-129
-225
-145
-165
-133
333
-331
163
-166
-169
-353
351
-241
-433
-533
441
-444
-446
-448
-449
-651
656
544
-546
-548
-549
-566
-666
668
-568
569
-411
-421
-431
631
-634
-636
-638
-514
-524
-534
-529
-539
674
-676
-474
-494
-731
-756
-856
-763
-768
-269
-769
-174
-274
276
194
-192
-196
172
-176
-134
139
-229
146
-149
-246
-266
265
-245
249
429
-424
-428
-439
-746
-846
766
-765
-716
-736
-749
-849
-772
-872
-476
473
-483
-583
588
496
-495
485
-488
-413
513
-512
-516
522
-528
-416
414
-434
-436
438
536
-538
-214
211
-221
224
-711
721
-722
-724
-728
-714
712
-812
816
-822
828
734
-737
-738
-836
837
-838
-792
795
892
-895
-785
783
-773
-873
-753
759
853
-859
-745
748
845
-848
777
-779
-877
879
