123
-121
-122
-124
-125
-126
-127
-128
-129
-113
-133
-213
-223
-233
-313
-323
-333
-143
-153
-163
-173
-183
-193
-423
-523
-623
-723
-823
-923
146
-141
-142
-144
-145
-147
-148
-149
-156
-166
-246
-256
-266
-346
-356
-366
-116
-136
-176
-186
-196
-446
-546
-646
-746
-846
-946
168
-161
-162
-164
-165
-167
-169
-158
-248
-258
-268
-348
-358
-368
-118
-138
-178
-188
-198
-468
-568
-668
-768
-868
-968
212
-211
-214
-215
-216
-217
-218
-219
-112
-132
-222
-232
-312
-322
-332
-242
-252
-262
-272
-282
-292
-412
-512
-612
-712
-812
-912
273
-271
-274
-275
-276
-277
-278
-279
-283
-293
-373
-383
-393
-243
-253
-263
-473
-573
-673
-773
-873
-973
341
-342
-343
-344
-345
-347
-349
-151
-241
-251
-261
-351
-361
-311
-321
-331
-371
-381
-391
-441
-541
-641
-741
-841
-941
431
-432
-433
-434
-435
-436
-437
-438
-439
-411
-421
-511
-521
-531
-611
-621
-631
-451
-461
-471
-481
-491
-131
-231
-731
-831
-931
447
-442
-443
-444
-445
-448
-449
-457
-467
-547
-557
-567
-647
-657
-667
-417
-427
-477
-487
-497
-247
-747
-847
-947
524
-522
-525
-526
-527
-528
-529
-414
-424
-514
-534
-614
-624
-634
-544
-554
-564
-574
-584
-594
-224
-324
-724
-824
-924
572
-571
-575
-576
-577
-578
-579
-472
-482
-492
-582
-592
-672
-682
-692
-532
-542
-552
-562
-172
-372
-772
-872
-972
654
-651
-652
-653
-655
-656
-658
-659
-454
-464
-644
-664
-674
-684
-694
-154
-254
-354
-754
-854
-954
675
-671
-676
-677
-678
-679
-475
-485
-495
-585
-595
-685
-695
-615
-625
-635
-645
-665
-175
-375
-775
-875
-975
715
-711
-713
-714
-716
-717
-718
-719
-725
-735
-815
-825
-835
-915
-925
-935
-745
-755
-765
-785
-795
-115
-315
-415
-515
752
-751
-753
-756
-757
-758
-759
-742
-762
-842
-852
-862
-942
-952
-962
-722
-732
-782
-792
642
-643
-648
-649
-452
-462
-662
422
-425
-426
-428
-429
-622
-632
535
-533
-536
-537
-538
-539
-545
-555
-565
-822
-922
-135
-235
-335
-152
-352
362
-363
-364
-365
-367
-369
353
-355
-357
-359
-382
-392
-453
-553
-853
-953
836
-832
-833
-834
-837
-838
-839
932
-933
-934
-936
-937
-938
-939
-726
-736
-816
-826
-916
-926
-856
-866
-876
-886
-896
-982
-992
-236
-336
-636
887
-881
-882
-883
-884
-885
-888
-889
892
-891
-893
-894
-895
-897
-898
-899
-777
-787
-797
-877
-977
-987
-997
-817
-827
-857
-867
182
-181
-184
-185
-187
-189
-192
-287
-387
-587
-687
981
-983
-984
-985
-986
-988
-989
-771
-781
-791
-871
-971
-991
995
-993
-994
-996
-998
-999
-911
-921
-951
-961
-945
-955
-965
171
-174
-177
-179
-191
-281
-291
-111
221
-225
-226
-227
-228
-229
325
-326
-327
-328
-329
316
-314
-317
-318
-319
-385
-395
-376
-386
-396
811
-813
-814
-818
-819
-721
-821
761
-763
-764
-766
-767
-769
-851
-861
-416
-516
-616
626
-627
-628
-629
-666
-686
-696
551
-556
-558
-559
-561
-661
-581
-591
377
-374
-378
-379
-197
-297
-397
-337
-681
691
-693
-697
-698
-699
597
-593
-596
-598
-599
-517
285
-284
-286
-288
-289
-195
-295
296
-294
-298
-299
155
-157
-159
-245
-255
-265
238
-234
-237
-239
-338
-638
-738
845
-843
-844
-848
-849
-855
-865
863
-864
-869
-743
-943
-963
874
-878
-879
-774
-784
-794
-974
913
-914
-917
-918
-919
-733
734
-737
-739
-744
727
-728
-729
-927
-413
-513
-613
633
-637
-639
617
-618
-619
-663
669
-459
-469
-549
-569
-683
688
-689
-478
-488
-498
-588
114
-117
-119
-134
-334
339
137
-139
-194
199
-389
-399
543
-548
-463
-563
566
-456
-466
465
-455
458
-418
419
518
-519
-479
-489
-499
589
-583
-586
956
-957
-958
-959
-966
967
-964
-969
944
-948
-949
-976
-244
249
264
-267
-269
257
-259
748
-749
-858
859
-778
-788
-798
978
-979
828
-829
-928
929
-474
476
-486
-496
-776
779
-789
-799
786
-783
793
-796
483
-484
-493
494
384
-388
-394
398
