144
-141
-142
-143
-145
-146
-147
-148
-149
-154
-164
-244
-254
-264
-344
-354
-364
-114
-124
-134
-174
-184
-194
-444
-544
-644
-744
-844
-944
179
-171
-172
-173
-175
-176
-177
-178
-189
-199
-279
-289
-299
-379
-389
-399
-119
-129
-139
-159
-169
-479
-579
-679
-779
-879
-979
228
-221
-222
-223
-224
-225
-226
-227
-229
-118
-128
-138
-218
-238
-318
-328
-338
-248
-258
-268
-278
-288
-298
-428
-528
-628
-728
-828
-928
246
-241
-242
-243
-245
-247
-249
-156
-166
-256
-266
-346
-356
-366
-216
-236
-276
-286
-296
-446
-546
-646
-746
-846
-946
295
-291
-292
-293
-294
-297
-185
-195
-275
-285
-375
-385
-395
-215
-235
-255
-265
-495
-595
-695
-795
-895
-995
311
-312
-313
-314
-315
-316
-317
-319
-111
-121
-131
-211
-231
-321
-331
-341
-351
-361
-371
-381
-391
-411
-511
-611
-711
-811
-911
326
-322
-323
-324
-325
-327
-329
-116
-126
-136
-336
-376
-386
-396
-426
-526
-626
-726
-826
-926
333
-332
-334
-335
-337
-339
-113
-123
-133
-213
-233
-343
-353
-363
-373
-383
-393
-433
-533
-633
-733
-833
-933
388
-382
-384
-387
-188
-198
-378
-398
-348
-358
-368
-488
-588
-688
-788
-888
-988
419
-412
-413
-414
-415
-416
-417
-418
-429
-439
-519
-529
-539
-619
-629
-639
-449
-459
-469
-489
-499
-219
239
-232
-234
-237
214
-212
-217
-274
-284
-259
-269
-514
-614
-714
-814
-914
-719
-819
-919
-739
-839
-939
472
-471
-473
-474
-475
-476
-477
-478
-482
-492
-572
-582
-592
-672
-682
-692
-422
-432
-442
-452
-462
-272
-372
-772
-872
-972
521
-522
-523
-524
-525
-527
-421
-431
-531
-621
-631
-541
-551
-561
-571
-581
-591
-721
-821
-921
538
-532
-534
-535
-536
-537
-438
-518
-618
-638
-548
-558
-568
-578
-598
-738
-838
-938
549
-542
-543
-545
-547
-559
-569
-649
-659
-669
-589
-599
-349
-749
-849
-949
565
-562
-563
-564
-566
-567
-445
-455
-465
-555
-645
-655
-665
-515
-575
-585
-165
-365
-765
-865
-965
577
-573
-574
-576
-487
-497
-587
-597
-677
-687
-697
-517
-557
-277
-377
374
-394
-674
-774
-874
-974
-777
-877
-977
583
-584
-586
-483
-493
-593
-673
-683
-693
-513
-553
-183
-283
-783
-883
-983
632
-634
-635
-636
-637
-512
516
-612
-622
-436
-616
552
-554
-556
-642
-652
-662
594
-596
-484
-494
-684
-694
-716
-816
-916
-132
-732
-832
-932
-152
-252
-352
-752
-852
-952
-794
-894
-994
699
-691
-696
-698
-689
-799
-899
-999
725
-722
-723
-724
-727
-729
-715
-735
-815
-825
-835
-915
-925
-935
-745
-755
-775
-785
-125
-425
-625
773
-771
-776
-778
-793
-873
-893
-973
-993
-713
-743
-753
-763
-273
271
-181
-191
-281
193
-192
-196
-197
186
-182
-187
-153
-163
-251
-261
-671
-871
-971
-486
-686
-786
-886
-986
787
-781
-782
-784
-789
-797
-887
-897
-987
-997
-717
-737
-747
-757
-767
-287
282
-392
397
-262
-347
-357
-367
-882
-982
798
-791
-792
-796
-878
-898
-978
-998
-718
712
-812
-822
-912
-922
-742
-762
-748
741
-751
-761
-841
-851
-861
-941
-951
-961
-731
-758
-768
-112
122
-127
-162
-441
-641
678
-675
-676
496
-491
-498
-456
-466
-648
-658
-668
-896
-996
817
-813
-818
-827
-837
-917
-927
-937
918
-913
-847
-857
-867
-948
-958
-968
613
-615
-617
-423
-623
435
-434
-437
-485
481
-681
685
-451
-461
-643
647
-447
-457
-467
-657
-667
427
-424
624
-627
-653
-663
-654
-664
115
-117
-135
137
-155
-157
-167
-824
-924
-947
-881
-981
-885
-985
868
-862
-863
-864
-866
-869
-848
-858
448
-443
-458
-468
158
-151
161
-168
651
-656
-661
666
-766
-966
934
-931
-936
831
-834
-836
-734
736
-756
-891
892
991
-992
-842
-954
-964
-984
989
884
-889
-854
-929
923
-823
829
-859
-943
-953
-963
-959
-969
843
-845
-853
962
-967
-942
945
-855
856
-955
-956
957
875
-876
-975
976
342
-345
-362
369
355
-359
-257
253
-263
267
-453
454
463
-464
-754
759
764
-769
