134
-131
-132
-133
-135
-136
-137
-138
-139
-114
-124
-214
-224
-234
-314
-324
-334
-144
-154
-164
-174
-184
-194
-434
-534
-634
-734
-834
-934
168
-161
-162
-163
-165
-166
-167
-169
-148
-158
-248
-258
-268
-348
-358
-368
-118
-128
-178
-188
-198
-468
-568
-668
-768
-868
-968
232
-231
-233
-235
-236
-237
-238
-239
-112
-122
-212
-222
-312
-322
-332
-242
-252
-262
-272
-282
-292
-432
-532
-632
-732
-832
-932
279
-271
-273
-274
-275
-276
-277
-278
-179
-189
-199
-289
-299
-379
-389
-399
-219
-229
-249
-259
-269
-479
-579
-679
-779
-879
-979
286
-281
-283
-284
-285
-287
-288
-176
-186
-196
-296
-376
-386
-396
-216
-226
-246
-256
-266
-486
-586
-686
-786
-886
-986
317
-311
-313
-315
-316
-318
-319
-117
-127
-217
-227
-327
-337
-347
-357
-367
-377
-387
-397
-417
-517
-617
-717
-817
-917
343
-341
-342
-344
-345
-346
-349
-143
-153
-243
-253
-263
-353
-363
-323
-333
-373
-383
-393
-443
-543
-643
-743
-843
-943
371
-372
-374
-375
-378
-171
-181
-191
-291
-381
-391
-321
-331
-351
-361
-471
-571
-671
-771
-871
-971
384
-382
-385
-388
-294
-394
-354
-364
-484
-584
-684
-784
-884
-984
465
-461
-462
-463
-464
-466
-467
-469
-445
-455
-545
-555
-565
-645
-655
-665
-415
-425
-435
-475
-485
-495
-265
-365
-765
-865
-965
472
-473
-474
-476
-477
-478
-482
-492
-572
-582
-592
-672
-682
-692
-412
-422
-442
-452
-172
-772
-872
-972
496
-491
-493
-494
-497
-498
-499
-576
-596
-676
-696
-416
-426
-436
-446
-456
-796
-896
-996
544
-541
-542
-546
-547
-548
-549
-444
-454
-554
-564
-644
-654
-664
-514
-524
-574
-594
-244
-744
-844
-944
552
-551
-553
-556
-557
-558
-559
-562
-642
-652
-662
-512
-522
-152
-352
-752
-852
-952
563
-561
-566
-567
-569
-453
-653
-663
-513
-523
-533
-573
-583
-593
-763
-863
-963
611
-612
-613
-614
-615
-616
-618
-619
-411
-421
-431
-511
-521
-531
-621
-631
622
-623
-624
-625
-626
-627
-628
-629
-641
-651
-661
-681
-691
-111
-211
-711
-811
-911
-722
-822
-922
633
-635
-636
-637
-638
-639
-413
-423
-433
483
-481
-487
-488
-489
-673
-683
-693
-733
-833
-933
-183
-783
-883
-983
728
-721
-723
-724
-725
-726
-727
-729
-718
-738
-818
-828
-838
-918
-928
-938
-748
-758
-778
-788
-798
-228
-328
-428
-528
735
-731
-736
-737
-739
-715
-815
-825
-835
-915
-925
-935
-745
-755
-775
-785
-795
-335
-535
767
-761
-762
-764
-766
-769
-747
-757
-847
-857
-867
-947
-957
-967
-777
-787
-797
-267
-667
793
-791
-792
-794
-799
-773
-873
-893
-973
-993
-713
-753
173
-175
-177
-193
-293
-113
-123
823
-821
-824
-826
-827
-829
-813
-913
-923
-853
953
-951
-954
-955
-956
-958
-959
213
-215
-218
-223
338
-336
-339
298
-295
-297
-398
-438
-538
-598
-698
-898
-998
839
-831
-836
-837
-719
-819
-919
-929
-939
-849
-859
-869
-889
-899
931
-936
-937
-921
927
-924
-926
-941
-961
-981
-991
-977
-987
-997
424
-427
-429
-414
-527
536
-537
-539
-516
-526
437
-439
-447
-457
878
-874
-875
-876
-877
-888
-978
-988
-848
-858
948
-942
-945
-946
-949
-448
-648
-578
-678
976
-974
-975
-776
774
-894
-994
-714
-754
-916
-966
-674
694
-695
-697
-699
-115
515
-518
-519
-525
529
418
-419
-458
658
-656
-657
-659
647
-646
-649
666
-669
-575
577
-587
-597
-677
675
-585
-595
-685
-687
588
-581
-589
591
-599
-688
689
119
-116
-129
-329
-149
-159
-147
-247
257
-251
-254
-255
264
-261
-157
854
-851
-855
-856
-864
-964
845
-841
-842
-846
-814
914
-912
-885
-895
-145
-245
241
-141
-151
121
-125
-126
-221
225
-325
326
-356
-366
-441
449
451
-459
-741
-749
-751
861
-862
-866
781
-782
-789
-881
-891
759
-756
746
-742
962
-969
712
-716
-812
816
-982
-992
142
-146
-362
369
156
-155
355
-359
-182
-192
392
-395
882
-887
-892
897
187
-185
195
-197
985
-989
-995
999
