144
-141
-142
-143
-145
-146
-147
-148
-149
-154
-164
-244
-254
-264
-344
-354
-364
-114
-124
-134
-174
-184
-194
-444
-544
-644
-744
-844
-944
151
-152
-153
-155
-156
-157
-158
-159
-161
-241
-251
-261
-341
-351
-361
-111
-121
-131
-171
-181
-191
-451
-551
-651
-751
-851
-951
172
-173
-175
-176
-177
-178
-179
-182
-192
-272
-282
-292
-372
-382
-392
-112
-122
-132
-162
-472
-572
-672
-772
-872
-972
221
-222
-223
-224
-225
-226
-227
-228
-229
-211
-231
-311
-321
-331
-271
-281
-291
-421
-521
-621
-721
-821
-921
236
-232
-233
-234
-235
-237
-238
-239
-116
-126
-136
-216
-316
-326
-336
-246
-256
-266
-276
-286
-296
-436
-536
-636
-736
-836
-936
413
-411
-412
-414
-415
-416
-417
-418
-419
-423
-433
-513
-523
-533
-613
-623
-633
-443
-453
-463
-473
-483
-493
-113
-213
-313
-713
-813
-913
456
-452
-454
-455
-457
-458
-459
-446
-466
-546
-556
-566
-646
-656
-666
-426
-476
-486
-496
-356
-756
-856
-956
468
-461
-462
-464
-465
-467
-469
-448
-548
-558
-568
-648
-658
-668
-428
-438
-478
-488
-498
-168
-268
-368
-768
-868
-968
512
-511
-514
-515
-516
-517
-518
-519
-422
-432
-522
-532
-612
-622
-632
-542
-552
-562
-582
-592
-212
-312
-712
-812
-912
575
-571
-573
-574
-576
-577
-578
-579
-475
-485
-495
-585
-595
-675
-685
-695
-525
-535
-545
-555
-565
-275
-375
-775
-875
-975
657
-652
-653
-654
-655
-659
-447
-547
-557
-567
-647
-667
-617
-627
-637
-677
-687
-697
-257
-357
-757
-857
-957
714
-711
-715
-716
-717
-718
-719
-724
-734
-814
-824
-834
-914
-924
-934
-754
-764
-774
-784
-794
-214
-314
-614
722
-723
-725
-726
-727
-728
-729
-732
-822
-832
-922
-932
-742
-752
-762
-782
-792
-322
332
-333
-334
-335
-337
-338
-339
324
-323
-325
-327
-328
-329
-342
-352
-362
-374
-384
-394
-424
-524
-624
745
-741
-743
-746
-747
-748
-749
-755
-765
-845
-855
-865
-945
-955
-965
-735
-785
-795
-245
-345
-445
-645
665
-661
-662
-663
-664
-669
-615
-625
-635
-165
-265
-365
887
-881
-882
-883
-884
-885
-886
-888
-889
-777
-787
-797
-877
-897
-977
-987
-997
-817
-827
-837
-847
-867
-187
-287
-387
-487
-587
896
-891
-892
-893
-894
-895
-898
-899
-776
-786
-796
-876
-976
-986
-996
766
-761
-763
-767
-769
-846
-866
-946
-966
737
-731
-733
-738
-739
-917
-927
-937
-816
-826
-137
-437
-537
346
-343
-347
-348
-349
-166
-366
-376
-386
-396
676
-671
-673
-674
-678
-679
-586
-596
-686
-696
526
-527
-528
-529
-616
-626
427
-425
-429
435
-431
-434
-439
-477
-497
597
-591
-593
-594
-598
-599
916
-911
-915
-918
-919
-926
-127
-135
-835
-935
186
-183
-185
-188
-189
-196
-197
-297
-397
949
-941
-942
-943
-947
-948
967
-961
-962
-963
-964
-969
-759
-849
-859
-869
-959
-929
-939
-979
-989
-999
247
-242
-243
-248
-249
-167
-267
-367
117
-115
-118
-119
-217
-317
-277
377
-371
-373
-378
-379
848
-841
-842
-843
861
-862
-863
-864
-758
753
-853
-953
-858
-958
-773
-783
-793
-811
-831
931
-933
-938
-871
852
-854
-952
954
874
-873
-878
-879
-974
-984
-994
-818
-828
-838
928
-923
-925
-971
-981
-991
-978
973
-983
-993
-988
-998
611
-618
-619
-531
-631
-641
-681
-691
-128
-628
629
-539
-639
-649
-689
-699
-129
-829
-449
-549
-252
262
-263
-269
-253
-353
-553
-554
559
564
-561
-563
-569
-534
538
634
-638
-584
-588
-589
-684
-694
-138
198
-193
-195
-199
-278
-288
-298
-388
-398
125
-123
133
-139
-215
-315
-163
169
363
-369
-259
-359
-383
-393
815
-819
-825
823
-833
839
-273
-274
279
-289
-299
-389
-399
-219
218
-318
319
-258
255
-355
358
-285
-295
-474
778
-771
-779
-788
-798
471
-479
-481
-491
-581
583
-683
-693
-441
442
541
-543
-642
643
-482
-492
-283
284
293
-294
-484
489
494
-499
688
-682
692
-698
982
-985
-992
995
385
-381
391
-395
781
-789
-791
799
