133
-131
-132
-134
-135
-136
-137
-138
-139
-113
-123
-213
-223
-233
-313
-323
-333
-143
-153
-163
-173
-183
-193
-433
-533
-633
-733
-833
-933
245
-241
-242
-243
-244
-246
-247
-248
-249
-145
-155
-165
-255
-265
-345
-355
-365
-215
-225
-235
-275
-285
-295
-445
-545
-645
-745
-845
-945
253
-251
-252
-254
-256
-257
-258
-259
-263
-343
-353
-363
-273
-283
-293
-453
-553
-653
-753
-853
-953
266
-261
-262
-264
-267
-268
-269
-146
-156
-166
-346
-356
-366
-216
-226
-236
-276
-286
-296
-466
-566
-666
-766
-866
-966
359
-351
-352
-354
-357
-358
-149
-159
-169
-349
-369
-319
-329
-339
-379
-389
-399
-459
-559
-659
-759
-859
-959
376
-371
-372
-373
-374
-375
-377
-378
-176
-186
-196
-386
-396
-316
-326
-336
-476
-576
-676
-776
-876
-976
393
-391
-392
-394
-395
-397
-398
-383
-493
-593
-693
-793
-893
-993
412
-411
-413
-414
-415
-416
-417
-418
-419
-422
-432
-512
-522
-532
-612
-622
-632
-442
-452
-462
-472
-482
-492
-112
-212
-312
-712
-812
-912
469
-461
-463
-464
-465
-467
-468
-449
-549
-569
-649
-669
-429
-439
-479
-489
-499
-769
-869
-969
488
-481
-483
-484
-485
-486
-487
-478
-498
-578
-588
-598
-678
-688
-698
-428
-438
-448
-458
-188
-288
-388
-788
-888
-988
511
-513
-514
-515
-516
-517
-518
-519
-421
-431
-521
-531
-611
-621
-631
-541
-551
-561
-571
-581
-591
-111
-211
-311
-711
-811
-911
523
-524
-525
-526
-527
-528
-529
-423
-613
-623
-543
-563
-573
-583
-723
-823
-923
582
-584
-585
-586
-587
-589
-572
-592
-672
-682
-692
-542
-552
-562
-182
-282
-382
-782
-882
-982
615
-614
-616
-617
-618
-619
-425
-435
-535
-625
-635
-655
-665
-675
-685
-695
-115
-315
-715
-815
-915
628
-624
-626
-627
-629
-538
-638
-648
-658
-668
-128
-228
-328
-728
-828
-928
684
-681
-683
-686
-687
-689
-474
-494
-574
-594
-674
-694
-634
-644
-654
-664
-184
-284
-384
-784
-884
-984
721
-722
-724
-725
-726
-727
-729
-731
-821
-831
-921
-931
-741
-751
-761
-771
-781
-791
-121
-221
-321
768
-762
-763
-764
-765
-767
-748
-758
-848
-858
-868
-948
-958
-968
-718
-738
-778
-798
-168
-368
-568
786
-783
-785
-787
-789
-796
-886
-896
-986
-996
-716
-736
-746
-756
799
-792
-794
-795
-797
-779
-879
-889
-899
-979
-989
-999
-719
-739
-749
-199
-299
-599
-699
895
-891
-892
-894
-897
-898
-775
-875
-885
-975
-985
-995
-825
-835
-855
-865
-195
-495
-595
929
-922
-924
-925
-926
-927
-819
-829
-839
-919
-939
849
-841
-842
-843
-844
-846
-847
-949
-129
-229
944
-941
-942
-943
-946
-947
-744
-754
-854
-864
-954
-964
-914
-934
-974
-994
-144
-344
-444
-544
962
-961
-963
-965
-967
-742
-752
-852
-862
-952
-932
-972
-992
-162
-362
-662
565
-564
-567
-455
-555
475
-471
-473
-477
673
-671
-677
-679
-575
579
-577
443
-441
-446
-447
-643
-663
-539
639
-636
-637
-239
-743
747
863
-861
-867
-757
755
-955
-857
-957
-735
935
-936
-937
-938
-717
-737
-777
-813
-873
-883
-335
-147
-347
-547
-647
-773
713
-714
-913
-973
983
-981
-987
-175
-179
-279
971
-977
-978
-871
-881
887
-991
-877
-997
998
-878
851
-856
-951
956
-817
-827
-837
917
-916
-918
-117
-217
-317
-151
-451
491
-496
-497
-691
-651
-456
-556
-656
-171
-271
-187
-287
-387
-191
-291
-198
-298
-114
116
-118
-119
-126
219
-214
-218
189
-181
-185
385
-381
281
-289
125
-122
-124
-127
-325
-231
331
-332
-334
-337
-338
-341
-361
-816
141
-142
-148
-161
-641
661
-667
-152
342
-348
158
-154
-157
-178
278
-272
-274
-277
-238
318
-314
-322
814
-818
-734
732
-822
-832
-824
826
-834
-836
838
-772
774
872
-874
222
-224
-227
-232
-292
-426
436
-434
-437
-536
-642
646
652
-657
-546
548
-558
596
-597
-696
697
-172
192
-194
-197
-174
177
294
-297
164
-167
-364
367
-234
237
324
-327
-424
427
534
-537
454
-457
-554
557
