132
-131
-133
-134
-135
-136
-137
-138
-139
-112
-122
-212
-222
-232
-312
-322
-332
-142
-152
-162
-172
-182
-192
-432
-532
-632
-732
-832
-932
148
-141
-143
-144
-145
-146
-147
-149
-158
-168
-248
-258
-268
-348
-358
-368
-118
-128
-178
-188
-198
-448
-548
-648
-748
-848
-948
151
-153
-154
-155
-156
-157
-159
-161
-241
-251
-261
-341
-351
-361
-111
-121
-171
-181
-191
-451
-551
-651
-751
-851
-951
185
-183
-184
-186
-187
-189
-175
-195
-275
-285
-295
-375
-385
-395
-115
-125
-165
-485
-585
-685
-785
-885
-985
239
-231
-233
-234
-235
-236
-237
-238
-119
-129
-219
-229
-319
-329
-339
-249
-259
-269
-279
-289
-299
-439
-539
-639
-739
-839
-939
256
-252
-253
-254
-255
-257
-166
-246
-266
-346
-356
-366
-216
-226
-276
-286
-296
-456
-556
-656
-756
-856
-956
271
-272
-273
-274
-277
-278
-281
-291
-371
-381
-391
-211
-221
-471
-571
-671
-771
-871
-971
323
-321
-324
-325
-326
-327
-328
-113
-123
-213
-223
-313
-333
-343
-353
-363
-373
-383
-393
-423
-523
-623
-723
-823
-923
365
-362
-364
-367
-369
-245
-265
-345
-355
-315
-335
-465
-565
-665
-765
-865
-965
428
-421
-422
-424
-425
-426
-427
-429
-418
-438
-518
-528
-538
-618
-628
-638
-458
-468
-478
-488
-498
-228
-728
-828
-928
486
-481
-482
-483
-484
-487
-489
-476
-496
-576
-586
-596
-676
-686
-696
-416
-436
-446
-466
-386
-786
-886
-986
494
-491
-492
-493
-495
-497
-499
-474
-574
-584
-594
-674
-684
-694
-414
-434
-444
-454
-464
-194
-294
-394
-794
-894
-994
515
-511
-512
-513
-514
-516
-517
-519
-415
-435
-525
-535
-615
-625
-635
-545
-555
-575
-595
-215
225
-224
-227
-715
-815
-915
-725
-825
-925
566
-561
-562
-563
-564
-567
-568
-569
-546
-646
-666
-526
-536
-766
-866
-966
598
-591
-592
-593
-597
-599
-578
-588
-678
-688
-698
-558
-298
-398
-798
-898
-998
614
-611
-612
-613
-616
-617
-619
-524
-534
-624
-634
-644
-654
-664
-114
-214
-314
-714
-814
-914
621
-622
-626
-627
-629
-411
-431
-521
-531
-631
636
-633
-637
-641
-661
-681
-691
581
-582
-583
-587
-589
-541
-721
-821
-921
-336
-736
-836
-936
-781
-881
-981
689
-682
-683
-687
-479
-579
-679
-699
-649
-659
-669
-389
-789
-889
-989
745
-741
-742
-743
-744
-746
-747
-749
-755
-845
-855
-945
-955
-735
-775
-795
-445
-645
783
-782
-784
-787
-788
-773
-793
-873
-883
-893
-973
-983
-993
-713
-733
-753
-763
-283
835
-831
-833
-834
-837
-838
-935
-875
-895
857
-852
-853
-854
-858
-859
-757
-767
-847
-867
-947
-957
-967
-817
-827
-877
-887
-897
-357
-457
-557
-657
878
-872
-874
-876
-879
-778
-888
-978
-988
-818
-868
-378
927
-922
-924
-926
-929
-717
-727
-737
-917
-937
-977
-987
-997
-127
-527
954
-952
-953
-958
-959
-754
-764
-844
-864
-944
-964
-934
-974
-984
982
-772
-792
-882
884
-892
-972
-992
-774
-824
-912
-942
-962
-354
-554
544
-542
-543
-547
-549
-244
-344
-282
-382
-284
264
-262
-263
-267
-164
-384
968
-961
-963
-969
-758
-768
-918
-938
658
-652
-653
-655
455
-452
-453
-459
-668
-475
553
-552
-559
-443
-463
-643
-663
-533
537
-417
-437
433
-413
-473
-573
-577
572
-472
477
-672
-692
-677
-697
-447
-467
-522
529
412
-419
-442
-462
-712
-812
-729
-829
-933
931
-711
-731
-811
-911
-941
-991
311
-316
-317
-318
-331
-337
-372
-177
-377
-777
797
-791
-796
-799
891
-896
-899
761
-762
-769
-841
-861
441
-449
-461
469
-169
-869
-197
-297
-397
975
-976
-979
-995
-675
673
-693
695
-173
116
-117
-126
124
-334
338
217
-218
-174
374
-376
-379
-176
179
-199
-399
-196
193
-293
292
-392
396
-163
167
243
-242
-247
-347
-287
288
387
-388
-716
-816
-916
718
-719
-738
734
-724
-843
-943
863
-862
-813
819
913
-919
-849
647
-642
662
-667
776
-779
-996
999
-726
722
-822
826
-752
759
842
-846
946
-949
-342
349
352
-359
