123
-121
-122
-124
-125
-126
-127
-128
-129
-113
-133
-213
-223
-233
-313
-323
-333
-143
-153
-163
-173
-183
-193
-423
-523
-623
-723
-823
-923
182
-181
-184
-185
-186
-187
-188
-189
-172
-192
-272
-282
-292
-372
-382
-392
-112
-132
-142
-152
-162
-482
-582
-682
-782
-882
-982
251
-252
-253
-254
-255
-256
-257
-258
-259
-141
-151
-161
-241
-261
-341
-351
-361
-211
-221
-231
-271
-281
-291
-451
-551
-651
-751
-851
-951
278
-273
-274
-275
-276
-277
-279
-178
-198
-288
-298
-378
-388
-398
-218
-228
-238
-248
-268
-478
-578
-678
-778
-878
-978
316
-311
-312
-314
-315
-317
-318
-319
-116
-136
-216
-226
-236
-326
-336
-346
-356
-366
-376
-386
-396
-416
-516
-616
-716
-816
-916
347
-342
-343
-344
-345
-348
-349
-147
-157
-167
-247
-267
-357
-367
-327
-337
-377
-387
-397
-447
-547
-647
-747
-847
-947
426
-421
-422
-424
-425
-427
-428
-429
-436
-526
-536
-626
-636
-446
-456
-466
-476
-486
-496
-726
-826
-926
443
-441
-442
-444
-445
-448
-449
-453
-463
-543
-553
-563
-643
-653
-663
-413
-433
-473
-483
-493
-243
-743
-843
-943
462
-461
-464
-465
-467
-468
-469
-452
-542
-552
-562
-642
-652
-662
-412
-432
-472
-492
-262
-362
-762
-862
-962
575
-571
-572
-573
-574
-576
-577
-579
-475
-485
-495
-585
-595
-675
-685
-695
-515
-525
-535
-545
-555
-565
-175
-375
-775
-875
-975
591
-592
-593
-594
-596
-597
-598
-599
-471
-481
-491
-581
-671
-681
-691
-511
-521
-531
-541
-561
-191
-391
-791
-891
-991
711
-712
-713
-714
-715
-717
-718
-719
-721
-731
-811
-821
-831
-911
-921
-931
-741
-761
-771
-781
-111
-411
431
-434
-435
-437
-438
-439
-611
-621
-631
321
-322
-324
-325
-328
-329
-131
-331
171
-174
-176
-177
-179
-371
-381
-871
-971
734
-732
-733
-735
-736
-737
-738
-739
-724
-814
-824
-834
-914
-924
-934
-744
-754
-764
-774
-784
-794
-134
-234
-334
-534
-634
755
-752
-753
-756
-757
-758
-759
-745
-765
-845
-855
-865
-945
-955
-965
-725
-785
-795
-155
-355
-455
415
-414
-417
-418
-419
-615
-625
-635
-115
-215
-815
-915
-655
844
-841
-842
-846
-848
-849
-854
-864
-944
-954
-964
-874
-884
-894
-144
-244
-544
-644
883
-881
-885
-886
-887
-888
-889
981
-983
-984
-985
-986
-987
-988
-989
-773
-783
-793
-873
-893
-973
-993
763
-766
-767
-768
-769
-853
-863
-953
-963
861
-866
-867
-868
-869
-941
-961
-813
-833
641
-645
-646
-648
-649
-661
665
-664
-666
-667
-668
-669
353
-352
-354
-358
-359
242
-245
-246
-249
-263
-363
-212
-222
-232
332
-335
-338
-339
-373
-383
-393
368
-364
-365
-369
-148
-158
-168
-532
-632
-832
-932
-742
-942
145
-146
-149
-165
-265
-135
-195
-568
-968
673
-672
-674
-676
-677
-679
692
-693
-694
-696
-697
-698
-699
-583
-683
-612
-622
-613
-633
-283
293
-294
-295
-296
-297
-299
-792
-892
-992
917
-912
-913
-918
-919
933
-935
-936
-937
-938
-939
836
-835
-837
-838
-839
-727
-817
-827
-927
-856
-876
-896
-957
-967
857
-852
-858
-859
952
-956
-958
-959
-877
-897
-922
-972
-977
-997
513
-512
-514
-517
-518
-519
522
-524
-527
-528
-529
-533
812
-818
-819
-722
-822
772
-776
-777
-779
-872
879
-789
-799
-899
-979
-999
-829
-117
-217
-617
235
-237
-239
-225
-285
-457
-557
-657
567
-564
-566
-569
-537
-587
976
-974
994
-995
-996
-998
895
-898
-786
-796
746
-748
-749
-946
-966
969
948
-949
729
-728
-929
-825
828
925
-928
-628
-229
-629
-546
-548
549
-459
-559
-659
-539
538
-618
-638
-558
-588
-589
118
-114
-119
-138
159
-154
-156
-169
-269
-139
137
-227
224
-214
219
-197
287
-284
-286
-289
196
-194
-199
164
-166
-264
266
614
-619
-624
627
-637
639
-654
-684
-687
-689
477
-474
-479
-487
-497
374
-379
-384
-394
385
-389
-395
399
-787
788
797
-798
-488
-688
686
-586
584
-484
489
-494
498
-499
454
-458
-554
556
-656
658
