146
-141
-142
-143
-144
-145
-147
-148
-149
-156
-166
-246
-256
-266
-346
-356
-366
-116
-126
-136
-176
-186
-196
-446
-546
-646
-746
-846
-946
174
-171
-172
-173
-175
-177
-178
-179
-184
-194
-274
-284
-294
-374
-384
-394
-114
-124
-134
-154
-164
-474
-574
-674
-774
-874
-974
195
-191
-192
-193
-197
-198
-199
-185
-275
-285
-295
-375
-385
-395
-115
-125
-135
-155
-165
-495
-595
-695
-795
-895
-995
253
-251
-252
-254
-255
-257
-258
-259
-153
-163
-243
-263
-343
-353
-363
-213
-223
-233
-273
-283
-293
-453
-553
-653
-753
-853
-953
267
-261
-262
-264
-265
-268
-269
-157
-167
-247
-347
-357
-367
-217
-227
-237
-277
-287
-297
-467
-567
-667
-767
-867
-967
271
-272
-276
-278
-279
-181
-281
-291
-371
-381
-391
-211
-221
-231
-241
-471
-571
-671
-771
-871
-971
331
-332
-333
-334
-335
-336
-337
-338
-339
-111
-121
-131
-311
-321
-341
-351
-361
-431
-531
-631
-731
-831
-931
377
-372
-373
-376
-378
-379
-187
-387
-397
-317
-327
-477
-577
-677
-777
-877
-977
396
-392
-393
-398
-399
-286
-296
-386
-316
-326
-496
-596
-696
-796
-896
-996
427
-421
-422
-423
-424
-425
-426
-428
-429
-417
-437
-517
-527
-537
-617
-627
-637
-447
-457
-487
-497
-127
-727
-827
-927
456
-451
-452
-454
-455
-458
-459
-466
-556
-566
-656
-666
-416
-436
-476
-486
-756
-856
-956
462
-461
-463
-464
-465
-468
-469
-442
-542
-552
-562
-642
-652
-662
-412
-432
-472
-482
-492
-162
-362
-762
-862
-962
522
-521
-523
-524
-525
-526
-528
-529
-512
-532
-612
-622
-632
-572
-582
-592
-122
-222
-322
-722
-822
-922
544
-541
-543
-545
-547
-548
-549
-444
-554
-564
-644
-654
-664
-514
-534
-584
-594
-244
-344
-744
-844
-944
568
-561
-563
-565
-569
-448
-558
-648
-658
-668
-518
-538
-578
-588
-598
-168
-368
-768
-868
-968
586
-581
-583
-585
-587
-589
-576
-676
-686
-516
-536
-786
-886
-986
643
-641
-645
-647
-649
-443
-663
-613
-623
-633
-673
-683
-693
-743
-843
-943
655
-651
-657
-659
-445
-555
-665
557
-551
-559
-597
-615
-625
-635
-675
-685
-355
-755
-855
-955
-757
-857
-957
687
-681
-682
-684
-688
-689
-697
-787
-887
-987
717
-711
-712
-713
-714
-715
-716
-718
-719
-737
-817
-837
-917
-937
-747
-797
-117
137
-132
-133
-138
-139
739
-732
-733
-734
-735
-736
-738
-729
-819
-829
-839
-919
-929
-939
-749
-759
-769
-779
-789
-799
-239
-439
-539
-639
742
-741
-745
-748
-752
-842
-852
-942
-952
-772
-782
-792
-242
-342
776
-773
-775
-778
-876
-976
-726
-766
833
-832
-834
-835
-836
-838
-723
-813
-823
-913
-923
-933
-863
-873
-883
-893
-433
-533
535
-415
-435
-515
-575
-235
-935
848
-841
-845
-847
-849
947
-941
-945
-948
-949
-758
-858
-958
897
-891
-892
-894
-898
-899
-997
-818
-828
-878
-888
441
-449
-661
669
-411
-481
-491
-619
-629
-679
-699
-248
-348
-169
161
-151
-761
-861
-961
-369
-869
-969
854
-851
-859
-754
751
-951
-764
-864
-954
959
-964
-721
-781
-791
-814
-824
-884
-979
-989
-999
-354
364
-365
-314
-324
-159
-359
912
-911
-914
-915
-916
-918
-812
-932
-972
-982
-992
-112
-212
-312
232
-234
-236
-238
-282
-292
692
-691
-694
-698
591
-593
-599
-672
678
-478
-488
-498
-511
-618
-628
-638
872
-875
-879
-882
889
-881
-885
-978
981
-983
-984
-985
-988
-991
-921
-189
-289
288
-188
-298
299
-388
-389
-218
-228
-219
-229
-249
245
-345
349
-215
-225
-319
-329
129
-123
-128
-119
323
-325
-328
-113
118
-313
315
-318
183
-182
382
-383
152
-158
-352
358
-815
-418
438
-434
-938
-483
-783
-788
-489
-499
934
-936
-724
-924
-994
-634
636
-616
-626
965
-963
-966
763
-765
-865
866
-793
825
-821
-826
811
-816
-725
728
-925
926
-928
785
-784
794
-798
-975
973
-993
998
-611
614
621
-624
-414
-214
216
224
-226
-473
-573
579
493
-494
484
-485
475
-479
-413
419
513
-519
