147
-141
-142
-143
-144
-145
-146
-148
-149
-157
-167
-247
-257
-267
-347
-357
-367
-117
-127
-137
-177
-187
-197
-447
-547
-647
-747
-847
-947
151
-152
-153
-154
-155
-156
-158
-159
-161
-241
-251
-261
-341
-351
-361
-111
-121
-131
-171
-181
-191
-451
-551
-651
-751
-851
-951
174
-172
-173
-175
-176
-178
-179
-184
-194
-274
-284
-294
-374
-384
-394
-114
-124
-134
-164
-474
-574
-674
-774
-874
-974
265
-262
-263
-264
-266
-268
-269
-165
-245
-255
-345
-355
-365
-215
-225
-235
-275
-285
-295
-465
-565
-665
-765
-865
-965
272
-271
-273
-276
-277
-278
-279
-182
-192
-282
-292
-372
-382
-392
-212
-222
-232
-242
-252
-472
-572
-672
-772
-872
-972
287
-281
-283
-286
-288
-289
-297
-377
-387
-397
-217
-227
-237
-487
-587
-687
-787
-887
-987
313
-311
-312
-314
-315
-316
-317
-318
-319
-113
-123
-133
-213
-223
-233
-323
-333
-343
-353
-363
-373
-383
-393
-413
-513
-613
-713
-813
-913
344
-342
-346
-348
-349
-244
-254
-354
-364
-324
-334
-444
-544
-644
-744
-844
-944
389
-381
-385
-386
-388
-189
-199
-299
-379
-399
-329
-339
-359
-369
-489
-589
-689
-789
-889
-989
426
-421
-422
-423
-424
-425
-427
-428
-429
-416
-436
-516
-526
-536
-616
-626
-636
-446
-456
-466
-476
-486
-496
-126
-226
-326
-726
-826
-926
439
-431
-432
-433
-434
-435
-437
-438
-419
-519
-529
-539
-619
-629
-639
-449
-459
-469
-479
-499
-139
-239
-739
-839
-939
475
-471
-473
-477
-478
-485
-495
-575
-585
-595
-675
-685
-695
-415
-445
-455
-375
-775
-875
-975
483
-481
-482
-484
-488
-493
-573
-583
-593
-673
-683
-693
-443
-453
-463
-183
-783
-883
-983
514
-511
-512
-515
-517
-518
-414
-524
-534
-614
-624
-634
-554
-564
-584
-594
-214
-714
-814
-914
521
-522
-523
-525
-527
-528
-411
-531
-611
-621
-631
-541
-561
-571
-581
-591
-221
-321
-721
-821
-921
586
-582
-588
-576
-596
-676
-686
-696
-546
-556
-566
-186
-786
-886
-986
592
-597
-598
-599
-492
-682
-692
-532
-542
-552
-562
-792
-892
-992
628
-622
-623
-625
-627
-418
-538
-618
-638
-648
-658
-668
-678
-688
-698
-128
-228
-328
-728
-828
-928
633
-632
-635
-637
-533
-643
-653
-663
-733
-833
-933
681
-684
-491
-671
-691
-641
-661
-781
-881
-981
729
-722
-723
-724
-725
-727
-719
-819
-829
-919
-929
-749
-759
-769
-779
-799
-129
-229
224
-234
-824
-924
764
-761
-762
-763
-766
-767
-768
-754
-854
-864
-954
-964
-734
-784
-794
-464
-664
797
-791
-793
-795
-796
-798
-777
-877
-897
-977
-997
-717
-737
-757
-497
-697
822
-823
-825
-827
-712
-732
-812
-832
-912
-922
-932
923
-925
-927
-842
-852
-862
-882
-943
-953
-963
-973
-993
-122
125
-115
-135
-325
-335
-185
188
-198
-298
-378
-398
-195
395
-391
-396
-118
-138
-168
-322
327
-337
-788
-888
-988
-895
-995
836
-831
-834
-835
-837
-838
934
-931
-935
-936
-937
-938
-716
-736
-816
-916
-846
-856
-866
-876
-896
-984
-994
-136
132
-112
-332
-162
-236
-336
537
-535
615
-612
-617
412
-417
-442
-452
-462
-557
-567
-577
677
-679
-645
-655
-657
-667
-715
-815
-915
735
-731
-738
-745
-755
-785
782
-982
985
-885
884
-894
-742
-752
-945
-955
843
-841
-845
-848
-849
-743
-753
-853
-863
855
-857
-858
-859
773
-771
-776
-778
-873
-893
-243
-543
545
-548
-549
-555
958
-952
-956
-957
-959
-748
-758
756
-746
741
-861
-941
-961
-946
-966
-868
-948
-968
-711
718
-818
-918
-978
-998
-218
-441
448
461
-467
-468
457
-454
-458
654
-652
-656
-659
-558
-568
494
-498
-694
699
578
-579
-649
-669
-248
352
-356
-358
-362
-256
-258
368
-366
238
-231
-338
331
-211
291
-293
-296
-371
376
193
-196
-163
253
-259
-553
559
563
-569
-976
996
-991
-999
-878
898
-891
-899
967
-962
-969
942
-949
-867
869
817
-811
911
-917
871
-879
-971
979
-642
646
662
-666
-246
249
166
-169
-116
119
216
-219
