121
-122
-123
-124
-125
-126
-127
-128
-129
-111
-131
-211
-221
-231
-311
-321
-331
-141
-151
-161
-171
-181
-191
-421
-521
-621
-721
-821
-921
196
-192
-193
-194
-195
-197
-198
-199
-176
-186
-276
-286
-296
-376
-386
-396
-116
-136
-146
-156
-166
-496
-596
-696
-796
-896
-996
217
-212
-213
-214
-215
-216
-218
-219
-117
-137
-227
-237
-317
-327
-337
-247
-257
-267
-277
-287
-297
-417
-517
-617
-717
-817
-917
261
-262
-263
-264
-265
-266
-268
-269
-241
-251
-341
-351
-361
-271
-281
-291
-461
-561
-661
-761
-861
-961
283
-282
-284
-285
-288
-289
-173
-183
-273
-293
-373
-383
-393
-223
-233
-243
-253
-483
-583
-683
-783
-883
-983
315
-312
-313
-314
-316
-318
-319
-115
-135
-225
-235
-325
-335
-345
-355
-365
-375
-385
-395
-415
-515
-615
-715
-815
-915
346
-342
-343
-344
-347
-348
-349
-246
-256
-356
-366
-326
-336
-446
-546
-646
-746
-846
-946
369
-362
-363
-364
-367
-368
-149
-159
-169
-249
-259
-359
-329
-339
-379
-389
-399
-469
-569
-669
-769
-869
-969
397
-391
-392
-394
-398
-177
-187
-377
-387
-357
-497
-597
-697
-797
-897
-997
435
-431
-432
-433
-434
-436
-437
-438
-439
-425
-525
-535
-625
-635
-445
-455
-465
-475
-485
-495
-735
-835
-935
458
-451
-452
-453
-454
-456
-457
-459
-448
-468
-548
-558
-568
-648
-658
-668
-418
-428
-478
-488
-498
-158
-258
-358
-758
-858
-958
479
-471
-472
-473
-474
-476
-477
-489
-499
-579
-589
-599
-679
-689
-699
-419
-429
-449
-179
-279
-779
-879
-979
549
-541
-542
-543
-544
-545
-547
-559
-649
-659
-519
-529
-539
-749
-849
-949
567
-562
-563
-564
-565
-566
-447
-467
-557
-647
-657
-667
-527
-537
-577
-587
-167
-767
-867
-967
637
-631
-632
-633
-634
-636
-638
-639
-427
-627
487
-481
-482
-484
-486
-677
-687
-737
-837
-937
-787
-887
-987
651
-652
-653
-654
-655
-656
-441
-551
-641
-611
-671
-681
-691
-751
-851
-951
678
-672
-673
-674
-675
-676
-578
-588
-598
-688
-698
-618
-628
-178
-278
-378
-778
-878
-978
713
-711
-712
-714
-716
-718
-719
-723
-733
-813
-823
-833
-913
-923
-933
-743
-753
-763
-773
-793
-113
-413
-513
-613
747
-741
-742
-744
-745
-748
-757
-847
-857
-947
-957
-727
-777
-147
157
-152
-153
-154
-155
764
-762
-765
-766
-768
-754
-844
-854
-864
-944
-954
-964
-724
-734
-774
-784
-794
-164
-464
-664
799
-791
-792
-795
-798
-789
-889
-899
-989
-999
-729
-739
-759
189
-182
-184
-185
-188
-299
-119
-139
822
-824
-825
-826
-827
-828
-829
-722
-732
-812
-832
-912
-922
-932
927
-924
-925
-926
-928
-929
725
-726
-728
-755
-775
-785
-842
-852
-862
-872
-882
-892
877
-871
-873
-874
-875
-876
-977
-222
-322
-422
-522
-622
848
-841
-843
-845
941
-942
-943
-945
-948
-868
-968
-818
-838
-888
-898
-911
-931
-971
-981
-991
-148
-248
168
-162
-163
-165
-118
-138
893
-891
-894
-895
-973
-993
-853
-863
573
-571
-572
-574
-575
-576
-493
-593
-693
-523
-533
-553
914
-916
-918
-919
-814
-834
-934
884
-881
-885
-886
-974
-984
-994
-114
112
-132
-232
-332
-142
-172
-412
-512
-612
532
-531
-534
-536
-538
-552
-582
-592
-414
-514
-614
518
-511
-516
411
-416
-528
-491
-811
831
-836
-839
-731
-384
-584
-684
591
-594
-595
-581
982
-985
-986
-988
-772
-782
-972
-992
752
-756
-952
-962
-252
-352
242
-244
-245
-272
-292
-442
-642
372
-371
-374
381
-382
-388
298
-294
-295
-228
-238
328
-323
-324
-338
771
-776
-781
976
-975
995
-998
-786
788
736
-738
-816
819
-936
938
-939
-859
959
-953
-955
-956
963
-965
-966
616
-619
-426
-526
524
-424
423
-623
-624
-626
629
-443
444
-554
-644
-463
-494
492
-682
-692
694
-695
-462
466
662
-663
-665
-666
643
-645
555
-556
-585
586
685
-686
-224
226
-229
-236
239
-234
-143
353
-354
133
-134
-333
334
-144
145
254
-255
174
-175
-274
275
-855
856
865
-866
