124
-121
-122
-123
-125
-126
-127
-128
-129
-114
-134
-214
-224
-234
-314
-324
-334
-144
-154
-164
-174
-184
-194
-424
-524
-624
-724
-824
-924
265
-261
-262
-263
-264
-266
-267
-268
-269
-145
-155
-165
-245
-255
-345
-355
-365
-215
-225
-235
-275
-285
-295
-465
-565
-665
-765
-865
-965
286
-281
-282
-283
-284
-287
-288
-289
-176
-186
-196
-276
-296
-376
-386
-396
-216
-226
-236
-246
-256
-486
-586
-686
-786
-886
-986
297
-291
-292
-293
-294
-298
-299
-177
-187
-197
-277
-377
-387
-397
-217
-227
-237
-247
-257
-497
-597
-697
-797
-897
-997
325
-321
-322
-323
-326
-327
-328
-329
-115
-135
-315
-335
-375
-385
-395
-425
-525
-625
-725
-825
-925
383
-381
-382
-384
-388
-389
-173
-183
-193
-273
-373
-393
-313
-333
-343
-353
-363
-483
-583
-683
-783
-883
-983
439
-431
-432
-433
-434
-435
-436
-437
-438
-419
-429
-519
-529
-539
-619
-629
-639
-449
-459
-469
-479
-489
-499
-139
-239
-339
-739
-839
-939
477
-471
-472
-473
-474
-475
-476
-478
-487
-577
-587
-677
-687
-417
-427
-447
-457
-467
-777
-877
-977
517
-511
-512
-513
-514
-515
-516
-518
-527
-537
-617
-627
-637
-547
-557
-567
-117
-317
-717
-817
-917
528
-521
-522
-523
-526
-418
-428
-538
-618
-628
-638
-548
-558
-568
-578
-588
-598
-228
-728
-828
-928
531
-532
-533
-534
-535
-536
-411
-421
-611
-621
-631
-541
-551
-561
-571
-581
-591
-131
-231
-331
-731
-831
-931
562
-563
-564
-566
-569
-442
-452
-462
-542
-552
-642
-652
-662
-572
-582
-592
-162
-362
-762
-862
-962
623
-622
-626
-413
-423
-613
-633
-643
-653
-663
-673
-693
-223
-723
-823
-923
648
-641
-644
-645
-646
-647
-649
-448
-458
-468
-658
-668
-678
-688
-698
-148
-248
-348
-748
-848
-948
695
-691
-692
-694
-696
-699
-485
-495
-575
-585
-595
-675
-685
-615
-635
415
-412
-414
-416
-445
-455
-655
-715
-815
-915
-195
-795
-895
-995
751
-752
-753
-754
-755
-756
-757
-758
-759
-741
-761
-841
-851
-861
-941
-951
-961
-711
-721
-771
-781
-791
-151
-251
-351
-451
-651
774
-772
-773
-775
-776
-778
-779
-784
-794
-874
-884
-894
-974
-984
-994
-714
-734
-744
-764
-274
-374
394
-391
-392
-398
-399
-344
-354
-364
-574
-674
-494
-594
849
-842
-843
-844
-845
-846
-847
-749
-769
-859
-869
-949
-959
-969
-819
-829
-879
-889
-899
-149
-249
-349
-549
878
-871
-872
-873
-875
-876
-788
-798
-888
-898
-978
-988
-998
-818
-838
-858
-868
-178
-278
-378
913
-911
-912
-914
-916
-918
-919
-713
-733
-813
-833
-933
-943
-953
-963
-973
-993
-113
-213
573
-576
-579
-493
-593
-543
-553
922
-921
-926
-927
-929
-712
-722
-732
-812
-822
-832
-932
-942
-952
-972
-982
-992
-222
-422
426
-616
-636
-446
-456
-466
-496
-726
-826
967
-964
-966
-968
-747
-767
-857
-867
-947
-957
-937
-987
-167
-367
-667
657
-654
-656
-659
-157
-357
976
-971
-975
-979
-796
-896
-996
-936
-946
-956
175
-171
-172
-179
-185
-676
596
-599
-546
-556
666
-661
-664
-669
559
-554
-555
545
-544
584
-589
-484
-684
-745
-945
944
-854
-864
-954
-934
-244
254
-252
-253
-258
-259
-444
-454
453
-443
441
-461
-463
464
-481
-491
-141
-241
-341
-153
-853
-159
-359
-166
-366
-766
-866
863
-743
-763
768
-958
955
-855
793
-792
-799
-893
-718
-738
938
-935
-985
-138
-238
218
-211
-212
-219
-118
-318
-338
-163
-168
-368
358
-352
-356
-158
-111
-112
116
-119
-136
-316
-336
-146
-156
152
-142
-242
243
-342
-143
147
346
-347
-132
-182
-192
133
-137
-233
232
-312
-332
337
-272
372
-371
-379
612
-614
-632
634
-672
-682
814
-811
-816
821
-827
-834
-881
-891
892
-782
-882
742
-746
-852
856
-836
311
-319
-221
229
271
-279
-181
-191
161
-169
-361
369
-716
719
736
-735
-737
835
-837
727
-729
785
-787
-789
-885
887
-671
679
681
-689
-981
989
991
-999
482
-488
-492
498
188
-189
-198
199
