121
-122
-123
-124
-125
-126
-127
-128
-129
-111
-131
-211
-221
-231
-311
-321
-331
-141
-151
-161
-171
-181
-191
-421
-521
-621
-721
-821
-921
134
-132
-133
-135
-136
-137
-138
-139
-114
-214
-224
-234
-314
-324
-334
-144
-154
-164
-174
-184
-194
-434
-534
-634
-734
-834
-934
152
-153
-155
-156
-157
-158
-159
-142
-162
-242
-252
-262
-342
-352
-362
-112
-172
-182
-192
-452
-552
-652
-752
-852
-952
247
-241
-243
-244
-245
-246
-248
-249
-147
-167
-257
-267
-347
-357
-367
-217
-227
-237
-277
-287
-297
-447
-547
-647
-747
-847
-947
273
-271
-272
-274
-275
-276
-278
-279
-173
-183
-193
-283
-293
-373
-383
-393
-213
-223
-233
-253
-263
-473
-573
-673
-773
-873
-973
328
-322
-323
-325
-326
-327
-329
-118
-218
-228
-238
-318
-338
-348
-358
-368
-378
-388
-398
-428
-528
-628
-728
-828
-928
416
-411
-412
-413
-414
-415
-417
-418
-419
-426
-436
-516
-526
-536
-616
-626
-636
-446
-456
-466
-476
-486
-496
-116
-216
-316
-716
-816
-916
443
-441
-442
-444
-445
-448
-449
-453
-463
-543
-553
-563
-643
-653
-663
-423
-433
-483
-493
-143
-343
-743
-843
-943
465
-461
-462
-464
-467
-468
-469
-455
-545
-555
-565
-645
-655
-665
-425
-435
-475
-485
-495
-165
-265
-365
-765
-865
-965
519
-511
-512
-513
-514
-515
-517
-518
-429
-439
-529
-539
-619
-629
-639
-549
-559
-569
-579
-589
-599
-119
-219
-319
-719
-819
-919
588
-581
-582
-583
-584
-585
-586
-587
-478
-488
-498
-578
-598
-678
-688
-698
-538
-548
-558
-568
-188
-288
-788
-888
-988
691
-692
-693
-694
-695
-696
-697
-699
-471
-481
-491
-571
-591
-671
-681
-611
-631
-641
-651
-661
-291
-391
-791
-891
-991
751
-753
-754
-755
-756
-757
-758
-759
-741
-761
-841
-851
-861
-941
-951
-961
-711
-731
-771
-781
-251
-351
-451
431
-432
-437
-438
-531
458
-454
-457
-459
-648
-658
-668
-831
-931
-551
-258
-858
-958
784
-782
-783
-785
-786
-787
-789
-774
-794
-874
-884
-894
-974
-984
-994
-714
-724
-744
-764
-284
-384
-484
-684
813
-811
-812
-814
-815
-817
-818
911
-912
-913
-914
-915
-917
-918
-713
-723
-733
-823
-833
-923
-933
-853
-863
-883
-893
-971
-981
-113
163
-166
-168
-169
-353
-363
-313
333
-332
-335
-336
-337
-339
-613
614
-612
-615
-617
-618
-424
-524
-624
638
-632
-633
-635
-637
-644
-654
-664
-674
718
-712
-715
-717
-738
-838
-938
-748
-768
-778
-798
-533
953
-954
-955
-956
-957
-959
-763
-963
793
-792
-795
-796
-797
-799
-983
-993
683
-682
-685
-686
-687
-689
-593
523
-522
-525
-527
-623
876
-871
-872
-875
-877
-878
-879
881
-882
-885
-886
-887
-889
-776
-896
-976
-986
-996
-826
-836
-846
-856
-866
371
-372
-374
-375
-376
-377
-379
-281
-381
261
-264
-266
-268
-269
-341
-361
148
-145
-146
-149
-178
-198
298
-292
-294
-295
-296
-299
394
-392
-395
-396
-397
-399
254
-255
-256
-259
-344
-354
-364
541
-542
-544
-546
-561
-848
-948
-554
564
-562
-566
-567
-574
-594
-854
-864
-964
474
-472
-477
-479
-494
-176
-576
-676
596
-592
-595
-597
-556
557
-657
-667
-537
-577
-857
978
-972
-975
-977
-979
-898
-998
868
-862
-867
-869
-968
-196
186
-185
-187
-189
-286
-386
945
-942
-944
-946
-949
844
-842
-845
-849
-745
-855
859
-749
-769
-969
-824
924
-922
-925
-926
-927
-929
-829
-839
-899
-935
-985
-995
-345
355
-356
-359
-315
-385
656
-659
-646
-666
285
-282
-289
382
-387
-389
-175
-195
115
-117
-215
212
-222
-232
-312
317
-225
-235
-482
-982
895
-892
-897
-775
-825
-835
-177
179
197
-199
-679
-779
-497
-997
226
-229
-236
239
-726
729
-722
-725
-727
735
-732
-736
-737
-739
936
-932
-937
-939
-966
625
-622
-627
-535
532
-422
427
492
-499
-572
575
-672
-675
677
-487
489
822
-827
-832
837
772
-777
-992
999
987
-989
-742
746
-766
-762
767
962
-967
642
-649
-662
669
-346
349
366
-369
