136
-131
-132
-133
-134
-135
-137
-138
-139
-116
-126
-216
-226
-236
-316
-326
-336
-146
-156
-166
-176
-186
-196
-436
-536
-636
-736
-836
-936
222
-221
-223
-224
-225
-227
-228
-229
-112
-122
-212
-232
-312
-322
-332
-242
-252
-262
-272
-282
-292
-422
-522
-622
-722
-822
-922
259
-251
-253
-254
-255
-256
-257
-258
-149
-159
-169
-249
-269
-349
-359
-369
-219
-239
-279
-289
-299
-459
-559
-659
-759
-859
-959
261
-263
-264
-265
-266
-267
-268
-141
-151
-161
-241
-341
-351
-361
-211
-231
-271
-281
-291
-461
-561
-661
-761
-861
-961
276
-273
-274
-275
-277
-278
-286
-296
-376
-386
-396
-246
-476
-576
-676
-776
-876
-976
318
-311
-313
-314
-315
-317
-319
-118
-128
-218
-238
-328
-338
-348
-358
-368
-378
-388
-398
-418
-518
-618
-718
-818
-918
324
-321
-323
-325
-327
-329
-114
-124
-214
-234
-334
-344
-354
-364
-374
-384
-394
-424
-524
-624
-724
-824
-924
356
-352
-353
-355
-357
-346
-366
-456
-556
-656
-756
-856
-956
381
-382
-383
-385
-387
-389
-171
-181
-191
-371
-391
-331
-481
-581
-681
-781
-881
-981
415
-411
-412
-413
-414
-416
-417
-419
-425
-435
-515
-525
-535
-615
-625
-635
-445
-455
-465
-475
-485
-495
-115
-215
-715
-815
-915
538
-531
-532
-533
-534
-537
-539
-428
-438
-528
-628
-638
-548
-558
-568
-578
-588
-598
-738
-838
-938
591
-592
-593
-594
-595
-596
-597
-599
-471
-491
-571
-671
-691
-511
-521
-541
-551
-791
-891
-991
657
-651
-652
-653
-654
-655
-658
-447
-457
-467
-547
-557
-567
-647
-667
-617
-627
-637
-677
-687
-697
-157
-757
-857
-957
665
-662
-663
-664
-666
-668
-669
-545
-555
-565
-645
-675
-685
-695
-165
-365
-765
-865
-965
683
-682
-684
-686
-688
-689
-473
-483
-493
-573
-583
-673
-693
-613
-623
-633
-643
-183
-283
-783
-883
-983
698
-692
-694
-696
-699
-478
-488
-498
-678
-648
-198
-298
-798
-898
-998
868
-862
-863
-864
-866
-867
-869
-748
-758
-768
-848
-858
-948
-958
-968
-828
-878
-888
-168
-468
875
-871
-872
-873
-874
-877
-879
-775
-785
-795
-885
-895
-975
-985
-995
-825
-835
-845
-855
-175
-375
-575
585
-582
-584
-586
-587
-589
-185
-285
889
-882
-884
-886
-887
-779
-789
-799
-899
-979
-989
-999
-819
-829
-839
-849
-189
-489
893
-892
-894
-896
-897
-773
-793
-973
-993
-813
-823
-833
-843
-853
-193
-293
-393
932
-931
-933
-934
-935
-937
-939
-712
-732
-812
-832
-912
-942
-952
-962
-972
-982
-992
-432
-632
943
-941
-944
-945
-946
-947
-949
-743
-753
-763
-953
-963
-913
-923
-143
-243
-343
-443
-543
974
-971
-977
-978
771
-772
-774
-777
-778
-784
-794
-984
-994
-711
-721
-731
-741
-751
-914
-954
-964
-174
-474
-574
-674
178
-172
-173
-177
-179
373
-372
-377
-379
-188
-288
-148
-158
248
-244
-245
-247
-333
-363
-448
458
-451
-452
-453
-454
986
-987
-988
-786
-796
-996
997
-787
-797
792
-782
788
-742
-752
-762
-728
928
-921
-925
-926
-927
-929
955
-951
-745
-755
754
-744
-764
-844
-854
-714
-734
911
-916
-917
-919
-811
-821
-831
-966
-967
969
-749
-769
-111
121
-123
-125
-127
-129
-611
-421
-621
725
-723
-726
-727
-729
-735
851
-852
-841
842
-846
-847
-142
-342
-442
-542
-642
-154
-554
-155
-469
-569
-486
496
-492
-494
-497
-499
484
-482
-487
-434
-444
-464
-426
-446
-466
182
-184
-187
-192
-392
-152
153
-163
-162
362
-367
-113
552
-553
-462
463
-562
-563
472
-477
-479
-572
-672
679
577
-579
-423
-433
-512
612
-614
-616
-619
-517
-527
-629
626
-516
-526
-646
-639
-649
523
-529
-513
-826
827
-717
-737
-817
-837
834
-814
816
-716
514
-519
-634
631
-431
441
-449
-641
644
-544
-564
566
-546
549
-427
429
437
-439
-237
-337
-144
164
-167
-194
746
-747
-766
767
-284
287
294
-295
-297
-197
-397
235
-233
213
-217
-335
339
117
-119
-147
145
-345
347
-195
199
395
-399
-713
719
733
-739
