134
-131
-132
-133
-135
-136
-137
-138
-139
-114
-124
-214
-224
-234
-314
-324
-334
-144
-154
-164
-174
-184
-194
-434
-534
-634
-734
-834
-934
188
-181
-182
-183
-185
-186
-187
-189
-178
-198
-278
-288
-298
-378
-388
-398
-118
-128
-148
-158
-168
-488
-588
-688
-788
-888
-988
199
-191
-192
-193
-195
-196
-197
-179
-279
-289
-299
-379
-389
-399
-119
-129
-149
-159
-169
-499
-599
-699
-799
-899
-999
266
-261
-262
-263
-264
-265
-267
-268
-269
-146
-156
-166
-246
-256
-346
-356
-366
-216
-226
-236
-276
-286
-296
-466
-566
-666
-766
-866
-966
312
-311
-313
-315
-316
-317
-318
-319
-112
-122
-212
-222
-232
-322
-332
-342
-352
-362
-372
-382
-392
-412
-512
-612
-712
-812
-912
325
-321
-323
-326
-327
-328
-329
-115
-125
-215
-225
-235
-335
-345
-355
-365
-375
-385
-395
-425
-525
-625
-725
-825
-925
386
-381
-383
-384
-387
-176
-376
-396
-336
-486
-586
-686
-786
-886
-986
436
-431
-432
-433
-435
-437
-438
-439
-416
-426
-516
-526
-536
-616
-626
-636
-446
-456
-476
-496
-736
-836
-936
454
-451
-452
-453
-455
-457
-458
-459
-444
-464
-544
-554
-564
-644
-654
-664
-414
-424
-474
-484
-494
-254
-354
-754
-854
-954
493
-491
-492
-495
-497
-498
-473
-483
-573
-583
-593
-673
-683
-693
-413
-423
-443
-463
-293
-393
-793
-893
-993
539
-531
-532
-533
-535
-537
-538
-419
-429
-519
-529
-619
-629
-639
-549
-559
-569
-579
-589
-239
-339
-739
-839
-939
647
-641
-642
-643
-645
-646
-648
-649
-447
-467
-547
-557
-567
-657
-667
-617
-627
-637
-677
-687
-697
-147
-247
-347
-747
-847
-947
653
-651
-652
-655
-656
-658
-659
-543
-553
-563
-663
-613
-623
-633
-153
-253
-353
-753
-853
-953
668
-661
-662
-665
-669
-448
-468
-548
-558
-568
-618
-628
-638
-678
-698
-368
-768
-868
-968
674
-671
-672
-675
-676
-679
-574
-584
-594
-684
-694
-614
-624
696
-691
-692
-695
-576
-596
689
-681
-682
-685
-479
-489
-274
-374
-774
-874
-974
-789
-889
-989
-796
-896
-996
737
-731
-732
-733
-735
-738
-717
-727
-817
-827
-837
-917
-927
-937
-757
-767
-777
-787
-797
-237
-337
742
-741
-743
-744
-745
-746
-748
-749
-752
-762
-842
-852
-862
-942
-952
-962
-722
-772
-782
-792
-142
-242
-442
-542
794
-791
-795
-798
-784
-884
-894
-984
-994
-714
-724
-764
284
-281
-282
-283
-285
-287
-294
-394
-244
824
-821
-822
-823
-826
-828
-829
-814
-914
-924
-844
-864
514
-511
-513
-515
-517
-518
523
-521
-522
-524
-527
-528
-123
-223
-723
-923
845
-841
-843
-846
-848
-849
-755
-765
-855
-865
-945
-955
-965
-815
-835
-875
-885
-895
-145
-245
-445
-545
879
-871
-872
-873
-876
-877
-878
-779
-979
-819
-859
-869
891
-892
-897
-898
-771
-781
-881
-971
-981
-991
-811
-831
-851
-861
-291
-391
397
-177
-277
-297
-377
-357
-367
-591
-597
-997
948
-941
-943
-944
-946
-949
964
-961
-963
-967
-969
-758
-858
-958
-918
-928
-938
-978
-998
778
-773
-775
-776
976
-972
-973
-975
-977
-718
-728
-916
-926
-956
344
-341
-343
-348
-349
-364
546
-541
-556
-248
-478
-578
598
-592
-595
985
-982
-983
-987
-785
783
-883
-995
992
-882
887
-713
-763
863
-867
715
-711
-716
-719
-915
-935
832
-833
-838
-922
-932
818
-813
-816
726
-721
-729
-756
856
-857
957
-951
-959
-415
-615
611
-411
-421
-621
622
-631
-422
-632
635
-111
-211
-911
116
-113
-117
-126
-218
-418
417
-427
428
-477
-487
-217
-228
-157
-257
167
-161
-162
-163
-165
-127
121
-221
-231
-331
227
-229
219
-213
-141
143
-243
-363
-151
-171
-173
-249
241
-251
-351
-361
369
-259
-359
358
-258
-271
371
-373
273
-272
-275
-233
238
333
-338
913
-919
-933
931
-921
929
-441
449
-469
759
-751
761
-769
551
-552
-555
-461
-561
-571
-581
-471
481
-482
-485
577
-572
-575
-587
582
-585
-472
475
462
-465
-562
565
172
-175
-292
295
-152
155
252
-255
