138
-131
-132
-133
-134
-135
-136
-137
-139
-118
-128
-218
-228
-238
-318
-328
-338
-148
-158
-168
-178
-188
-198
-438
-538
-638
-738
-838
-938
161
-162
-163
-164
-165
-166
-167
-169
-141
-151
-241
-251
-261
-341
-351
-361
-111
-121
-171
-181
-191
-461
-561
-661
-761
-861
-961
195
-192
-193
-194
-196
-197
-199
-175
-185
-275
-285
-295
-375
-385
-395
-115
-125
-145
-155
-495
-595
-695
-795
-895
-995
221
-222
-223
-224
-225
-226
-227
-229
-211
-231
-311
-321
-331
-271
-281
-291
-421
-521
-621
-721
-821
-921
243
-242
-244
-245
-246
-247
-248
-249
-143
-153
-253
-263
-343
-353
-363
-213
-233
-273
-283
-293
-443
-543
-643
-743
-843
-943
265
-262
-264
-266
-267
-268
-269
-255
-345
-355
-365
-215
-235
-465
-565
-665
-765
-865
-965
297
-292
-294
-296
-298
-299
-177
-187
-277
-287
-377
-387
-397
-217
-237
-257
-497
-597
-697
-797
-897
-997
327
-322
-323
-324
-325
-326
-329
-117
-127
-317
-337
-347
-357
-367
-427
-527
-627
-727
-827
-927
381
-382
-383
-384
-386
-388
-389
-371
-391
-481
-581
-681
-781
-881
-981
436
-431
-432
-433
-434
-435
-437
-439
-416
-426
-516
-526
-536
-616
-626
-636
-446
-456
-466
-476
-486
-496
-236
-336
-736
-836
-936
469
-462
-463
-464
-467
-468
-449
-459
-549
-559
-569
-649
-659
-669
-419
-429
-479
-489
-499
-369
-769
-869
-969
525
-522
-523
-524
-528
-529
-415
-425
-515
-535
-615
-625
-635
-545
-555
-575
-585
-725
-825
-925
533
-531
-532
-534
-537
-539
-413
-423
-513
-613
-623
-633
-553
-563
-573
-583
-593
-333
-733
-833
-933
557
-551
-552
-554
-556
-558
-447
-457
-547
-567
-647
-657
-667
-517
-577
-587
-157
147
-142
-144
-146
-149
-747
-847
-947
-757
-857
-957
576
-571
-572
-574
-578
-579
-586
-596
-676
-686
-696
-546
-566
-176
-276
-376
-776
-876
-976
589
-582
-584
-588
-599
-679
-689
-699
-519
-189
-289
-789
-889
-989
648
-641
-642
-644
-645
-646
-448
-458
-548
-568
-658
-668
-618
-628
-678
-688
-698
-348
-748
-848
-948
677
-671
-672
-673
-674
-675
-477
-487
-687
417
-411
-412
-414
-418
-617
-637
-717
-817
-917
-777
-877
-977
729
-722
-723
-724
-726
-728
-719
-739
-819
-829
-839
-919
-929
-939
-749
-759
-779
-799
-129
-629
758
-751
-752
-753
-754
-755
-756
-768
-858
-868
-958
-968
-718
-778
-788
-798
-258
-358
368
-362
-364
-366
-378
-398
783
-782
-784
-785
-786
-787
-773
-793
-873
-883
-893
-973
-983
-993
-713
-763
-183
-483
-683
816
-811
-812
-813
-814
-815
-818
-716
-826
-916
-926
-846
-856
-866
-886
-896
-116
-216
-316
126
-122
-123
-124
-156
-186
845
-841
-842
-844
-849
-745
-855
-945
-955
-835
-875
-885
-445
863
-862
-864
-867
-853
-953
-963
-823
923
-922
-924
-928
-913
-663
887
-882
-884
-888
-987
-837
918
-911
-912
-914
-915
-828
-978
-988
-998
-518
428
-422
-424
-478
-488
-498
598
-591
-592
-594
288
-282
-284
-286
396
-392
-393
-394
-399
-278
256
-252
-254
-259
-346
-356
-656
666
-662
-664
-956
-766
-966
878
-871
-872
-874
-879
-898
986
-982
-984
-985
-796
-996
746
-741
-742
-744
-946
944
-941
-942
-949
-764
-854
-954
-964
-934
-974
-994
-344
-444
-544
349
-342
-159
-359
-319
-339
-379
564
-562
-454
-654
-514
971
-972
-975
-979
-771
-791
-891
-991
775
-772
-774
-715
-735
935
-931
-932
-937
737
-731
-732
-734
711
-712
-714
-831
794
-792
-894
762
-767
-852
-952
-962
967
851
-859
-951
959
899
-892
992
-999
-511
512
-612
-622
624
-632
-614
-634
541
-542
-441
442
-451
-651
-452
-652
-472
-482
-492
-684
-694
-611
619
631
-639
-691
-112
-212
-312
315
-313
-314
113
-114
-119
-335
-173
373
-372
-374
179
-172
-174
-279
214
-219
-234
-334
332
-232
239
272
-274
-182
184
152
-154
-352
354
822
-824
-832
834
-471
491
-493
-494
-473
693
-692
682
-685
453
-455
-653
655
474
-475
-484
485
