122
-121
-123
-124
-125
-126
-127
-128
-129
-112
-132
-212
-222
-232
-312
-322
-332
-142
-152
-162
-172
-182
-192
-422
-522
-622
-722
-822
-922
134
-131
-133
-135
-136
-137
-138
-139
-114
-214
-224
-234
-314
-324
-334
-144
-154
-164
-174
-184
-194
-434
-534
-634
-734
-834
-934
141
-143
-145
-146
-147
-148
-149
-151
-161
-241
-251
-261
-341
-351
-361
-111
-171
-181
-191
-441
-541
-641
-741
-841
-941
216
-211
-213
-215
-217
-218
-219
-116
-226
-236
-316
-326
-336
-246
-256
-266
-276
-286
-296
-416
-516
-616
-716
-816
-916
248
-242
-243
-244
-245
-247
-249
-158
-168
-258
-268
-348
-358
-368
-228
-238
-278
-288
-298
-448
-548
-648
-748
-848
-948
383
-381
-382
-384
-385
-386
-387
-388
-389
-173
-183
-193
-273
-283
-293
-373
-393
-313
-323
-333
-343
-353
-363
-483
-583
-683
-783
-883
-983
478
-471
-472
-473
-474
-475
-476
-477
-479
-488
-498
-578
-588
-598
-678
-688
-698
-418
-428
-438
-458
-468
-178
-378
-778
-878
-978
524
-521
-523
-525
-526
-527
-528
-529
-414
-424
-514
-614
-624
-544
-554
-564
-574
-584
-594
-724
-824
-924
542
-543
-545
-546
-547
-549
-442
-452
-462
-552
-562
-642
-652
-662
-512
-532
-572
-582
-592
-342
-742
-842
-942
559
-551
-553
-555
-556
-557
-558
-449
-459
-469
-569
-649
-659
-669
-519
-539
-579
-589
-599
-159
-259
-359
-759
-859
-959
566
-561
-563
-565
-567
-568
-446
-456
-466
-646
-656
-666
-536
-576
-586
-596
-166
-366
-766
-866
-966
593
-591
-595
-597
-493
-573
-673
-693
-513
-533
-793
-893
-993
615
-611
-612
-613
-617
-618
-619
-415
-425
-435
-515
-535
-625
-635
-645
-655
-665
-675
-685
-695
-115
-315
-715
-815
-915
699
-691
-692
-694
-696
-697
-489
-499
-679
-689
-629
-639
-199
-299
-399
-799
-899
-999
711
-712
-713
-714
-717
-718
-719
-721
-731
-811
-821
-831
-911
-921
-931
-751
-761
-771
-781
-791
-311
-411
-511
765
-762
-763
-764
-767
-768
-769
-745
-755
-845
-855
-865
-945
-955
-965
-725
-735
-775
-785
-795
-165
-265
-365
-465
796
-792
-794
-797
-798
-776
-786
-876
-886
-896
-976
-986
-996
-726
-736
-746
-756
-196
-396
-496
853
-851
-852
-854
-856
-857
-858
-743
-753
-843
-863
-943
-953
-963
-813
-823
-833
-873
-153
-253
-453
-653
918
-912
-913
-914
-917
-919
814
-812
-817
-818
-819
-728
-738
-828
-838
-928
-938
-844
-864
-874
-884
-894
-958
-968
-988
-998
412
-413
-417
-419
-432
-632
-482
-492
113
-117
-118
-119
-223
-233
-163
263
-262
-264
-267
-269
-318
-518
517
-427
-437
-537
-627
-637
-577
-587
538
-531
-628
-638
-317
319
-229
-239
-329
-339
-349
-369
169
-167
-179
-189
-379
328
-321
-325
-327
-338
-398
-463
-663
-869
-969
935
-932
-933
-936
-937
-939
-825
-835
-925
-975
-985
-995
225
-221
-227
-235
-335
-255
-275
-285
-295
954
-951
-952
-956
-957
-744
-754
-944
-964
-974
-984
-994
-254
-354
-454
-654
961
-962
-967
-861
-971
-981
-991
-461
-661
977
-972
-973
-979
773
-772
-774
-777
-779
784
-782
-787
-788
-789
-877
-887
-897
-987
-997
992
-872
-882
-892
-982
989
-879
-889
-723
-733
923
-926
-927
-929
758
-752
-757
862
-867
-868
732
-737
-739
-832
946
-947
-949
-846
-423
-623
-346
-658
668
-664
-667
-362
-177
-277
-377
-677
279
-271
-272
-274
-289
-284
294
-291
-292
-297
-374
-394
674
-671
-672
-676
682
-681
-684
-686
-687
-484
-494
486
-481
-485
-487
497
-491
-495
-426
-436
-447
-457
-467
464
-444
-644
344
-345
-347
-364
367
-157
-257
252
-352
-357
-282
-337
331
-231
237
281
-287
-371
-391
-397
-431
-631
-837
445
-443
643
-647
-455
451
-651
657
-421
429
621
-626
636
-633
433
-439
826
-827
-829
-836
839
727
-729
-747
749
847
-849
372
-375
-376
-392
395
-175
176
-185
-195
-186
155
-156
-355
356
-581
585
571
-575
-871
875
-885
-895
-881
888
891
-898
187
-188
-197
198
