121
-122
-123
-124
-125
-126
-127
-128
-129
-111
-131
-211
-221
-231
-311
-321
-331
-141
-151
-161
-171
-181
-191
-421
-521
-621
-721
-821
-921
195
-192
-193
-194
-196
-197
-198
-199
-175
-185
-275
-285
-295
-375
-385
-395
-115
-135
-145
-155
-165
-495
-595
-695
-795
-895
-995
226
-222
-223
-224
-225
-227
-228
-229
-116
-136
-216
-236
-316
-326
-336
-246
-256
-266
-276
-286
-296
-426
-526
-626
-726
-826
-926
232
-233
-234
-235
-237
-238
-239
-112
-132
-212
-312
-322
-332
-242
-252
-262
-272
-282
-292
-432
-532
-632
-732
-832
-932
344
-341
-342
-343
-345
-346
-347
-348
-349
-144
-154
-164
-244
-254
-264
-354
-364
-314
-324
-334
-374
-384
-394
-444
-544
-644
-744
-844
-944
378
-371
-372
-373
-376
-377
-379
-178
-188
-278
-288
-298
-388
-398
-318
-328
-338
-358
-368
-478
-578
-678
-778
-878
-978
427
-422
-423
-424
-425
-428
-429
-417
-437
-517
-527
-537
-617
-627
-637
-447
-457
-467
-477
-487
-497
-327
-727
-827
-927
472
-471
-473
-474
-475
-476
-479
-482
-492
-572
-582
-592
-672
-682
-692
-412
-442
-452
-462
-172
-772
-872
-972
486
-481
-483
-484
-485
-488
-489
-496
-576
-586
-596
-676
-686
-696
-416
-436
-446
-456
-466
-186
-386
-786
-886
-986
514
-511
-512
-513
-515
-516
-518
-519
-414
-434
-524
-534
-614
-624
-634
-554
-564
-574
-584
-594
-114
-214
134
-133
-137
-138
-139
-174
-184
-714
-814
-914
-734
-834
-934
549
-541
-542
-543
-545
-546
-547
-548
-449
-459
-469
-559
-569
-649
-659
-669
-529
-539
-579
-589
-599
-149
-249
-749
-849
-949
643
-641
-642
-645
-646
-647
-648
-443
-453
-463
-553
-563
-653
-663
-613
-623
-633
-673
-683
-693
-143
-243
-743
-843
-943
713
-711
-712
-715
-716
-717
-718
-719
-723
-733
-813
-823
-833
-913
-923
-933
-753
-763
-773
-783
-793
-113
-213
-313
-413
774
-771
-775
-776
-777
-779
-784
-794
-874
-884
-894
-974
-984
-994
-724
-754
-764
-274
-674
815
-811
-812
-816
-817
-818
-819
-725
-735
-825
-835
-915
-925
-935
-845
-855
-865
-875
-885
-215
-315
-415
-615
856
-851
-852
-853
-854
-857
-858
-859
-746
-756
-766
-846
-866
-946
-956
-966
-836
-876
-896
146
-142
-147
-148
-156
-166
-356
-366
-176
396
-391
-392
-393
-397
-399
-556
-656
976
-971
-973
-975
-977
-979
-796
-996
736
-731
-737
-738
-739
-916
-936
616
-611
-612
-618
-619
-536
-636
566
-561
-562
-565
-567
-568
-666
912
-911
-917
-918
-919
-722
-822
-922
-942
-952
-962
-982
-992
411
-418
-419
-431
-531
-631
-441
-451
-461
-491
951
-953
-954
-955
-957
-958
-959
-741
-751
-761
-841
-861
-941
-961
-931
831
-837
-838
-839
937
-938
-939
-871
-881
-891
-981
-991
-947
-967
-987
-997
-337
241
-245
-247
-248
-251
-261
-351
-361
-271
-281
-291
381
-382
-383
-387
-389
182
-183
-187
-189
-152
-162
-551
-651
661
-662
-664
-665
-667
-668
-671
-681
-691
571
-573
-575
-577
-581
-591
675
-677
-679
-585
-685
-625
-635
-655
-781
791
-792
-797
-798
-799
-782
-882
892
-893
-897
-898
-899
-842
-862
742
-745
-747
-748
-752
-762
847
-848
-757
-767
-867
787
-785
-788
-789
985
-983
-988
-989
-877
-887
-945
948
-758
-768
-868
-968
728
-729
-828
-928
888
-883
-889
-998
-965
-528
-628
445
-448
-455
-465
-555
-435
362
-363
-365
-367
-369
-352
-287
-587
-687
-588
583
-493
-593
433
-438
-439
-523
-533
499
-494
-498
-689
-699
323
-325
-329
-333
335
-339
-353
-355
525
-522
622
-629
-535
538
-638
639
552
-557
-558
-652
657
-654
-658
597
-598
-697
454
-458
-464
468
-157
-257
-357
359
-159
-169
-259
-269
317
-319
-117
-217
-759
755
-765
769
-869
-969
-255
265
-263
-267
-268
167
-163
-168
-177
277
-273
-279
-297
-283
-688
684
-694
698
-284
289
294
-293
-299
173
-179
-153
158
253
-258
-118
119
218
-219
-873
879
993
-999
863
-864
-963
964
824
-829
-924
929
