122
-121
-123
-124
-125
-126
-127
-128
-129
-112
-132
-212
-222
-232
-312
-322
-332
-142
-152
-162
-172
-182
-192
-422
-522
-622
-722
-822
-922
156
-151
-153
-154
-155
-157
-158
-159
-146
-166
-246
-256
-266
-346
-356
-366
-116
-136
-176
-186
-196
-456
-556
-656
-756
-856
-956
168
-161
-163
-164
-165
-167
-169
-148
-248
-258
-268
-348
-358
-368
-118
-138
-178
-188
-198
-468
-568
-668
-768
-868
-968
194
-191
-193
-195
-197
-199
-174
-184
-274
-284
-294
-374
-384
-394
-114
-134
-144
-494
-594
-694
-794
-894
-994
245
-241
-242
-243
-244
-247
-249
-145
-255
-265
-345
-355
-365
-215
-225
-235
-275
-285
-295
-445
-545
-645
-745
-845
-945
337
-331
-333
-334
-335
-336
-338
-339
-117
-137
-217
-227
-237
-317
-327
-347
-357
-367
-377
-387
-397
-437
-537
-637
-737
-837
-937
379
-371
-372
-373
-375
-376
-378
-179
-189
-279
-289
-299
-389
-399
-319
-329
-349
-359
-369
-479
-579
-679
-779
-879
-979
388
-381
-382
-383
-385
-386
-278
-288
-298
-398
-318
-328
-488
-588
-688
-788
-888
-988
395
-391
-392
-393
-396
-175
-185
-315
-325
-495
-595
-695
-795
-895
-995
415
-411
-412
-413
-414
-416
-417
-418
-419
-425
-435
-515
-525
-535
-615
-625
-635
-455
-465
-475
-485
-115
135
-131
-133
-139
-715
-815
-915
-735
-835
-935
469
-461
-462
-463
-464
-466
-467
-449
-459
-549
-559
-569
-649
-659
-669
-429
-439
-489
-499
-269
-769
-869
-969
478
-471
-472
-473
-474
-476
-477
-498
-578
-598
-678
-698
-428
-438
-448
-458
-778
-878
-978
514
-511
-512
-513
-516
-517
-518
-519
-424
-434
-524
-534
-614
-624
-634
-544
-554
-564
-574
-584
-214
-314
-714
-814
-914
528
-521
-523
-526
-527
-529
-538
-618
-628
-638
-548
-558
-228
-728
-828
-928
539
-531
-532
-533
-536
-619
-629
-639
-589
-599
-239
-739
-839
-939
576
-571
-572
-573
-575
-577
-486
-496
-586
-596
-676
-686
-696
-546
-566
-276
-776
-876
-976
582
-581
-583
-585
-587
-482
-492
-592
-672
-682
-692
-542
-552
-562
-282
-782
-882
-982
591
-593
-597
-481
-491
-671
-681
-691
-541
-551
-561
-291
-791
-891
-991
636
-631
-632
-633
-426
-436
-616
-626
446
-441
-442
-443
-444
-447
-646
-666
-236
-736
-836
-936
-746
-846
-946
648
-641
-642
-643
-644
-647
-658
-748
-848
-948
699
-693
-697
-689
-799
-899
-999
718
-711
-712
-713
-716
-717
-719
-738
-818
-838
-918
-938
-758
-798
-218
238
-231
-233
-234
725
-721
-723
-724
-726
-727
-729
-825
-925
-755
-765
-775
-785
732
-731
-733
-734
-812
-832
-912
-932
-742
-752
-762
-772
-792
612
-611
-613
-617
-432
452
-451
-453
-454
-457
-652
-662
484
-483
-487
-674
-684
-252
-352
-852
-952
-784
-884
-984
777
-771
-773
-774
-787
-797
-877
-887
-897
-977
-987
-997
-747
-757
-767
-177
-277
-677
865
-861
-862
-863
-864
-866
-867
-855
-955
-965
-875
-885
-565
555
-553
-557
-655
-665
916
-911
-913
-917
-919
-816
-826
-926
-966
766
-761
-763
-764
-786
-796
793
-783
-873
-883
-893
-973
-983
-993
-743
-753
-986
-996
-216
-316
326
-321
-323
-324
224
-221
-223
-226
-229
-254
-264
817
-811
-813
-819
-827
-927
-847
-857
-824
-924
-293
-493
497
-687
-427
627
-621
-623
-657
-667
-297
941
-942
-943
-944
-947
-949
-741
-751
-841
-851
-951
-961
781
-789
-871
-881
-971
-981
-921
-931
-141
-341
-181
-281
957
-953
-954
-958
-959
-967
858
-853
-854
-859
-898
998
-992
-257
989
-985
975
-972
-974
874
-872
892
-896
886
-889
-842
962
-963
-964
843
-844
-849
-823
-833
-834
831
-821
829
934
-933
923
-929
421
-423
-431
433
342
-343
-344
-262
-362
-143
-543
547
-567
563
-653
-663
744
-749
-754
759
-147
149
267
-261
-263
-259
187
-183
-287
-119
219
-211
-213
-363
272
-271
-273
171
-173
-292
296
283
-286
-111
113
311
-313
251
-253
-351
-361
364
353
-354
-651
654
661
-664
673
-675
-683
685
