137
-131
-132
-133
-134
-135
-136
-138
-139
-117
-127
-217
-227
-237
-317
-327
-337
-147
-157
-167
-177
-187
-197
-437
-537
-637
-737
-837
-937
175
-171
-172
-173
-174
-176
-178
-179
-185
-195
-275
-285
-295
-375
-385
-395
-115
-125
-145
-155
-165
-475
-575
-675
-775
-875
-975
182
-181
-183
-184
-186
-188
-189
-192
-272
-282
-292
-372
-382
-392
-112
-122
-142
-152
-162
-482
-582
-682
-782
-882
-982
215
-211
-212
-213
-214
-216
-218
-219
-225
-235
-315
-325
-335
-245
-255
-265
-415
-515
-615
-715
-815
-915
236
-231
-232
-233
-234
-238
-239
-116
-126
-226
-316
-326
-336
-246
-256
-266
-276
-286
-296
-436
-536
-636
-736
-836
-936
259
-251
-252
-253
-254
-257
-258
-149
-159
-169
-249
-269
-349
-359
-369
-229
-279
-289
-299
-459
-559
-659
-759
-859
-959
365
-361
-362
-363
-364
-366
-367
-368
-345
-355
-465
-565
-665
-765
-865
-965
393
-391
-394
-396
-397
-398
-399
-193
-273
-283
-293
-373
-383
-313
-323
-333
-343
-353
-493
-593
-693
-793
-893
-993
417
-411
-412
-413
-414
-416
-418
-419
-427
-517
-527
-617
-627
-447
-457
-467
-477
-487
-497
-717
-817
-917
468
-461
-462
-463
-464
-466
-469
-448
-458
-548
-558
-568
-648
-658
-668
-428
-438
-478
-488
-498
-168
-268
-768
-868
-968
492
-491
-494
-495
-496
-499
-472
-572
-592
-672
-692
-422
-432
-442
-452
-792
-892
-992
525
-521
-522
-523
-524
-526
-528
-529
-425
-435
-535
-625
-635
-545
-555
-585
-595
-725
-825
-925
547
-541
-542
-543
-544
-546
-549
-557
-567
-647
-657
-667
-577
-587
-597
-247
-347
-747
-847
-947
562
-561
-563
-564
-566
-569
-552
-642
-652
-662
-512
-532
-262
-762
-862
-962
581
-583
-584
-586
-588
-589
-471
-481
-571
-591
-671
-681
-691
-511
-531
-551
-281
-381
-781
-881
-981
614
-611
-612
-613
-616
-618
-619
-424
-434
-514
-534
-624
-634
-644
-654
-664
-674
-684
-694
-114
-314
-714
-814
-914
645
-641
-643
-646
-649
-445
-455
-655
485
-483
-484
-486
-489
-685
-695
-745
-845
-945
-785
-885
-985
697
-696
-698
-699
-677
-687
-297
-797
-897
-997
713
-711
-712
-716
-718
-719
-723
-733
-813
-823
-833
-913
-923
-933
-743
-753
-763
-773
-783
-113
-513
748
-741
-742
-744
-746
-749
-758
-848
-858
-948
-958
-728
-738
-778
-788
-798
-148
-248
-348
857
-851
-852
-853
-854
-855
-856
-757
-767
-867
-957
-967
-827
-877
-887
-357
267
-261
-263
-264
-277
-287
871
-872
-873
-874
-876
-878
-879
-771
-791
-891
-971
-991
-811
-821
-831
-841
-861
-271
-371
894
-895
-896
-898
-899
-774
-784
-794
-884
-974
-984
-994
-824
-834
-844
-864
835
-832
-838
-839
-735
-935
-194
-294
-594
921
-922
-924
-926
-927
-928
-929
-721
-731
-911
-931
727
-722
-724
-726
-729
-777
-787
-941
-951
-961
-121
-221
-321
-421
-621
934
-932
-938
-939
-734
-944
-954
-964
-334
979
-972
-973
-976
-977
-978
772
-776
-779
987
-983
-986
-988
-989
883
-886
-888
-889
998
-995
-996
-999
795
-796
-799
786
-789
-732
739
-819
-829
-919
-752
-755
955
-952
-953
-956
-756
-766
-769
-843
-863
-918
-949
-969
-339
-439
-539
-639
352
-351
-354
-356
-358
-242
-342
158
-151
-153
-154
-156
-118
-128
-198
222
-223
-224
-228
-312
-322
-332
123
-124
-129
324
-328
-329
-143
-163
243
-241
-244
291
-298
-191
-344
-374
-384
-622
632
-631
-633
-638
431
-433
-441
-451
-822
-423
-623
533
-538
-553
-573
-331
338
-318
-378
-388
-443
-943
963
-966
-663
377
-376
-379
-387
-479
-579
-679
-683
284
-288
-274
278
-578
-678
-386
389
196
-199
-146
-166
346
-341
119
-111
311
-319
-519
599
-596
-598
688
-686
-689
518
-516
-628
-818
828
-826
141
-144
-161
164
444
-446
-449
-454
-554
556
-456
453
-653
-656
651
-661
-666
669
-473
673
-676
-474
476
574
-576
-426
429
626
-629
-846
-946
942
-842
849
866
-869
812
-816
-912
916
-751
754
761
-764
