132
-131
-133
-134
-135
-136
-137
-138
-139
-112
-122
-212
-222
-232
-312
-322
-332
-142
-152
-162
-172
-182
-192
-432
-532
-632
-732
-832
-932
146
-141
-143
-144
-145
-147
-148
-149
-156
-166
-246
-256
-266
-346
-356
-366
-116
-126
-176
-186
-196
-446
-546
-646
-746
-846
-946
153
-151
-154
-155
-157
-158
-159
-163
-243
-253
-263
-343
-353
-363
-113
-123
-173
-183
-193
-453
-553
-653
-753
-853
-953
177
-171
-174
-175
-178
-179
-187
-197
-277
-287
-297
-377
-387
-397
-117
-127
-167
-477
-577
-677
-777
-877
-977
184
-181
-185
-188
-189
-194
-274
-284
-294
-374
-384
-394
-114
-124
-164
-484
-584
-684
-784
-884
-984
283
-281
-282
-285
-286
-288
-289
-273
-293
-373
-383
-393
-213
-223
-233
-483
-583
-683
-783
-883
-983
313
-311
-314
-315
-316
-317
-318
-319
-323
-333
-413
-513
-613
-713
-813
-913
329
-321
-324
-325
-326
-327
-328
-119
-129
-219
-229
-239
-339
-349
-359
-369
-379
-389
-399
-429
-529
-629
-729
-829
-929
354
-351
-352
-355
-357
-358
-244
-254
-264
-344
-364
-334
-454
-554
-654
-754
-854
-954
425
-421
-422
-423
-424
-426
-427
-428
-415
-435
-515
-525
-535
-615
-625
-635
-445
-455
-465
-475
-485
-495
-125
-225
-725
-825
-925
431
-433
-434
-436
-437
-438
-439
-411
-511
-521
-531
-611
-621
-631
-441
-451
-461
-471
-481
-491
-231
-331
-731
-831
-931
464
-462
-463
-466
-467
-468
-469
-444
-544
-564
-644
-664
-414
-474
-494
-764
-864
-964
514
-512
-516
-517
-518
-519
-524
-534
-614
-624
-634
-574
-594
-214
-714
-814
-914
549
-541
-542
-543
-545
-547
-548
-449
-459
-559
-569
-649
-659
-669
-539
-579
-589
-599
-249
-749
-849
-949
563
-561
-562
-565
-566
-567
-568
-443
-643
-663
-523
-533
-573
-593
-763
-863
-963
592
-591
-595
-596
-597
-598
-472
-482
-492
-572
-582
-672
-682
-692
-522
-552
-292
-392
-792
-892
-992
647
-641
-642
-645
-648
-447
-457
-557
-657
-667
-617
-627
-637
-687
-697
-247
-347
-747
-847
-947
674
-671
-673
-675
-676
-678
-679
-694
-774
-874
-974
681
-685
-686
-688
-689
-571
-581
-691
551
-555
-556
-558
-651
-661
-251
-751
-851
-951
-381
-781
-881
-981
759
-752
-755
-756
-757
-758
-769
-859
-869
-959
-969
-719
-739
-779
-789
-799
-259
767
-761
-762
-765
-766
-768
-857
-867
-957
-967
-717
-727
-737
-787
-797
257
-252
-255
-258
-267
-367
-217
-227
-237
337
-335
-336
-338
-537
-837
-937
788
-782
-785
-786
-778
-798
-878
-888
-898
-978
-988
-998
-718
-728
-738
-748
-388
-488
-588
793
-791
-794
-795
-796
-773
-873
-893
-973
-993
-723
-733
-743
473
-476
-478
-479
-493
-693
823
-821
-822
-824
-826
-827
-828
-833
-923
-933
-843
943
-941
-942
-944
-945
-948
-623
633
-636
-638
-639
926
-921
-922
-924
-927
-928
-716
-726
-736
-816
-836
-916
-936
776
-771
-772
-775
-876
-886
-896
-976
-986
-996
-956
-966
-226
-526
-626
527
-528
-417
-587
-276
-376
-576
934
-935
-938
-939
-724
-734
735
-834
-715
-815
-835
-915
744
-741
-742
-745
-844
894
-891
-895
-897
-899
-994
224
-221
-228
-234
-235
839
-838
-819
-919
-879
-889
958
-952
-955
-848
-858
-868
-968
818
-811
-812
-817
917
-911
-912
-918
887
-882
-885
-987
-997
-118
-218
-418
-618
-458
-658
-487
497
-496
-498
-499
448
-442
-668
-248
-348
965
-961
-962
-845
-855
-865
875
-871
-872
-975
-985
-995
655
-652
-656
-665
-695
-165
-265
-365
-275
-375
-575
578
585
-586
-698
536
-538
-416
-616
628
-622
216
-211
-215
115
-111
121
-128
-236
238
-161
-191
-195
-296
-268
-278
-298
711
-712
-721
722
-378
-385
971
-972
-979
-991
999
982
-989
-271
-371
372
-272
279
-382
386
-396
-199
198
-398
-299
-168
169
368
-361
-362
-269
-342
-486
489
696
-699
456
-452
662
-666
412
-419
-612
619
852
-856
-842
841
-861
-862
866
-241
-341
345
261
-262
242
-245
-291
295
391
-395
