124
-121
-122
-123
-125
-126
-127
-128
-129
-114
-134
-214
-224
-234
-314
-324
-334
-144
-154
-164
-174
-184
-194
-424
-524
-624
-724
-824
-924
168
-161
-162
-163
-165
-166
-167
-169
-148
-158
-248
-258
-268
-348
-358
-368
-118
-138
-178
-188
-198
-468
-568
-668
-768
-868
-968
216
-211
-212
-213
-215
-217
-218
-219
-116
-136
-226
-236
-316
-326
-336
-246
-256
-266
-276
-286
-296
-416
-516
-616
-716
-816
-916
283
-281
-282
-284
-285
-287
-288
-289
-173
-183
-193
-273
-293
-373
-383
-393
-223
-233
-243
-253
-263
-483
-583
-683
-783
-883
-983
351
-352
-353
-354
-355
-356
-357
-359
-141
-151
-241
-251
-261
-341
-361
-311
-321
-331
-371
-381
-391
-451
-551
-651
-751
-851
-951
412
-411
-413
-414
-415
-417
-418
-419
-422
-432
-512
-522
-532
-612
-622
-632
-442
-452
-462
-472
-482
-492
-112
-312
-712
-812
-912
427
-421
-423
-425
-426
-428
-429
-437
-517
-527
-537
-617
-627
-637
-447
-457
-467
-477
-487
-497
-227
-327
-727
-827
-927
471
-473
-474
-475
-476
-478
-479
-481
-491
-571
-581
-591
-671
-681
-691
-431
-441
-461
-171
-271
-771
-871
-971
498
-493
-494
-495
-496
-499
-488
-578
-588
-598
-678
-688
-698
-438
-448
-458
-298
-398
-798
-898
-998
515
-511
-513
-514
-518
-519
-435
-525
-535
-615
-625
-635
-545
-555
-565
-575
-585
-595
-115
-315
-715
-815
-915
549
-541
-542
-543
-544
-546
-547
-548
-449
-459
-469
-559
-569
-649
-659
-669
-529
-539
-579
-589
-599
-149
-249
-349
-749
-849
-949
674
-672
-673
-675
-676
-677
-679
-484
-574
-584
-594
-684
-694
-614
-634
-644
-654
-664
-274
-374
-774
-874
-974
746
-741
-742
-743
-744
-745
-747
-748
-756
-766
-846
-856
-866
-946
-956
-966
-726
-736
-776
-786
-796
-146
-346
-446
-646
785
-781
-782
-784
-787
-788
-789
-775
-795
-875
-885
-895
-975
-985
-995
-725
-735
-755
-765
-185
-385
-485
-685
695
-692
-693
-696
-697
-699
-645
-655
-665
-195
-295
-395
821
-822
-823
-825
-826
-828
-829
-711
-721
-731
-811
-831
-911
-921
-931
-841
-861
-881
-891
-221
-521
-621
877
-872
-873
-876
-878
-879
-777
-797
-887
-897
-977
-987
-997
-817
-837
-847
-857
-867
-177
-277
-377
-577
945
-941
-942
-943
-944
-947
-948
-845
-855
-865
-955
-965
835
-832
-833
-834
-836
-838
-839
-925
-935
-135
-235
-335
641
-642
-643
-647
-648
-561
-661
531
-533
-534
-536
-538
-611
-631
434
-433
-436
-439
-444
-454
-464
489
-486
-689
111
-113
-117
-119
-131
-231
-181
-191
291
-292
-294
-297
-299
-734
-934
-145
-245
-345
-445
443
-453
-463
-553
-563
-653
-663
-143
-343
-843
848
-842
-844
-758
-858
-958
-818
-888
981
-982
-984
-986
-988
-989
-791
-991
761
-762
-763
-764
-767
-769
-961
388
-382
-384
-386
-387
-389
394
-392
-396
-397
-399
-278
-378
-344
-364
-318
-328
-338
244
-242
-247
-254
-264
884
-882
-886
-889
-794
-894
-994
-814
-854
-864
896
-892
-893
-899
-976
-996
-189
-196
-596
-132
133
-137
-139
-313
-323
-333
-153
363
-362
-365
-366
-367
-369
156
-152
-155
-157
-159
175
-172
-176
-179
-275
-375
-186
376
-372
-379
199
-192
-197
187
-182
272
-279
142
-147
-252
-262
-342
347
-257
-267
-222
-232
237
-238
-239
-317
319
-337
228
-225
-229
325
-322
-329
332
-339
-619
-719
-819
813
-713
-723
-733
-913
-923
-933
-853
-863
-613
618
-528
-628
-638
558
-552
-554
-556
-557
564
-562
-566
-567
-658
-718
-918
-919
-728
-928
-732
-932
-633
623
-626
-629
-523
526
-636
639
-576
-586
686
-682
-687
-656
-666
-926
936
-937
-938
-939
738
-737
-739
-778
978
-972
-973
-979
-456
455
-465
466
-255
259
265
-269
-759
-859
852
-752
-862
869
-952
-962
-959
-969
-652
657
662
-667
-757
717
-714
914
-917
754
-753
-954
-964
953
-957
-963
967
-993
-572
573
-593
-772
-773
779
793
-792
-799
992
-999
722
-729
-922
929
582
-587
-592
597
