123
-121
-122
-124
-125
-126
-127
-128
-129
-113
-133
-213
-223
-233
-313
-323
-333
-143
-153
-163
-173
-183
-193
-423
-523
-623
-723
-823
-923
171
-172
-174
-175
-176
-177
-178
-179
-181
-191
-271
-281
-291
-371
-381
-391
-111
-131
-141
-151
-161
-471
-571
-671
-771
-871
-971
199
-192
-194
-195
-196
-197
-198
-189
-279
-289
-299
-379
-389
-399
-119
-139
-149
-159
-169
-499
-599
-699
-799
-899
-999
217
-211
-212
-214
-215
-216
-218
-219
-117
-137
-227
-237
-317
-327
-337
-247
-257
-267
-277
-287
-297
-417
-517
-617
-717
-817
-917
242
-241
-243
-244
-245
-246
-248
-249
-142
-152
-162
-252
-262
-342
-352
-362
-222
-232
-272
-282
-292
-442
-542
-642
-742
-842
-942
375
-372
-373
-374
-376
-377
-378
-185
-275
-285
-295
-385
-395
-315
-325
-335
-345
-355
-365
-475
-575
-675
-775
-875
-975
416
-411
-412
-413
-414
-415
-418
-419
-426
-436
-516
-526
-536
-616
-626
-636
-446
-456
-466
-476
-486
-496
-116
-316
-716
-816
-916
444
-441
-443
-445
-447
-448
-449
-454
-464
-544
-554
-564
-644
-654
-664
-424
-434
-474
-484
-494
-144
-344
-744
-844
-944
473
-472
-477
-478
-479
-483
-493
-573
-583
-593
-673
-683
-693
-433
-453
-463
-273
-773
-873
-973
547
-541
-543
-545
-546
-548
-549
-457
-467
-557
-567
-647
-657
-667
-527
-537
-577
-587
-597
-147
-347
-747
-847
-947
588
-581
-582
-584
-585
-586
-589
-488
-498
-578
-598
-678
-688
-698
-518
-528
-538
-558
-568
-188
-288
-388
-788
-888
-988
621
-622
-624
-625
-627
-628
-629
-421
-431
-511
-521
-531
-611
-631
-641
-651
-661
-681
-691
-221
-321
-721
-821
-921
714
-711
-712
-713
-715
-718
-719
-724
-734
-814
-824
-834
-914
-924
-934
-754
-764
-774
-784
-794
-114
-314
-514
-614
782
-781
-783
-785
-786
-787
-789
-772
-792
-872
-882
-892
-972
-982
-992
-722
-732
-752
-762
-182
-382
392
-393
-394
-396
-397
-398
-312
-322
-332
-482
-682
-492
-592
-692
825
-822
-826
-827
-828
-829
-725
-735
-815
-835
-915
-925
-935
-845
-855
-865
-885
-895
-225
-425
-525
869
-861
-862
-863
-864
-866
-867
-868
-749
-759
-769
-849
-859
-949
-959
-969
-819
-839
-879
-889
-269
-369
-469
-569
-669
951
-952
-953
-954
-955
-956
-957
-958
-741
-751
-761
-841
-851
-941
-961
-911
-931
-981
-991
341
-343
-346
-348
-349
-251
-261
-351
-361
231
-234
-235
-236
-238
-239
-311
-331
811
-812
-813
-818
-731
-831
791
-793
-795
-796
-797
-798
-881
-891
649
-643
-645
-646
-648
-459
-559
-659
-619
-639
-679
-689
-451
-551
481
-485
-487
-489
-491
-591
579
-572
-574
-576
672
-674
-676
-677
-461
561
-562
-563
-565
-566
-519
-529
-539
-612
-632
-652
-662
-779
-979
989
-983
-984
-985
-986
-987
995
-993
-994
-996
-997
-998
-945
-965
-919
-929
-939
319
-318
-229
-329
-339
259
-253
-254
-255
-256
-258
-359
265
-263
-264
-266
-268
-145
-155
-165
745
-743
-746
-748
-755
-765
-465
-665
685
-684
-686
-687
-495
497
-595
-695
-697
-427
-437
637
-633
-634
-635
-638
694
-696
-594
596
-556
-615
-655
-737
-837
-937
-294
-894
-296
-896
-897
112
-115
-118
-132
135
-134
-136
-138
-512
-912
515
-513
-435
-535
455
-452
-458
-555
146
-148
-156
-166
-356
-366
-186
-846
-946
154
-157
-158
-164
-354
-364
-184
187
-387
-167
168
-358
-368
-854
964
-962
-963
-966
-967
-968
852
-853
-856
-857
-858
-832
-974
-552
553
462
-468
-653
-663
-422
-432
-533
613
-618
-913
918
-728
-738
-838
-928
-938
-948
943
-753
-763
-843
848
-758
-768
733
-736
-739
-833
836
-933
-726
-926
-936
932
-922
927
-727
729
778
-776
-777
-878
-898
893
-883
-978
-876
-886
976
-977
522
-524
-532
534
-429
428
-438
439
-228
-328
338
-334
-336
-353
357
363
-367
-383
-757
756
-766
767
-656
658
666
-668
-276
877
-874
884
-887
274
-278
-284
-384
386
-286
283
-293
298
-224
226
324
-326
