133
-131
-132
-134
-135
-136
-137
-138
-139
-113
-123
-213
-223
-233
-313
-323
-333
-143
-153
-163
-173
-183
-193
-433
-533
-633
-733
-833
-933
211
-212
-214
-215
-216
-217
-218
-219
-111
-121
-221
-231
-311
-321
-331
-241
-251
-261
-271
-281
-291
-411
-511
-611
-711
-811
-911
226
-222
-224
-225
-227
-228
-229
-116
-126
-236
-316
-326
-336
-246
-256
-266
-276
-286
-296
-426
-526
-626
-726
-826
-926
247
-242
-243
-244
-245
-248
-249
-147
-157
-167
-257
-267
-347
-357
-367
-237
-277
-287
-297
-447
-547
-647
-747
-847
-947
269
-262
-263
-264
-265
-268
-149
-159
-169
-259
-349
-359
-369
-239
-279
-289
-299
-469
-569
-669
-769
-869
-969
278
-272
-273
-274
-275
-178
-188
-198
-288
-298
-378
-388
-398
-238
-258
-478
-578
-678
-778
-878
-978
329
-322
-324
-325
-327
-328
-119
-129
-319
-339
-379
-389
-399
-429
-529
-629
-729
-829
-929
353
-351
-352
-354
-355
-356
-358
-253
-343
-363
-373
-383
-393
-453
-553
-653
-753
-853
-953
385
-381
-382
-384
-386
-387
-175
-185
-195
-285
-295
-375
-395
-315
-335
-345
-365
-485
-585
-685
-785
-885
-985
419
-412
-413
-414
-415
-416
-417
-418
-439
-519
-539
-619
-639
-449
-459
-479
-489
-499
-719
-819
-919
465
-461
-462
-463
-464
-466
-467
-468
-445
-455
-545
-555
-565
-645
-655
-665
-425
-435
-475
-495
-165
-765
-865
-965
472
-471
-473
-474
-476
-477
-482
-492
-572
-582
-592
-672
-682
-692
-422
-432
-442
-452
-172
-372
-772
-872
-972
493
-491
-494
-496
-497
-498
-483
-573
-583
-593
-673
-683
-693
-423
-443
-293
283
-282
-284
-783
-883
-983
-793
-893
-993
523
-521
-522
-524
-525
-527
-528
-513
-613
-623
-543
-563
-723
-823
-923
581
-584
-586
-587
-588
-589
-481
-571
-591
-671
-681
-691
-531
-541
-551
-561
-181
-781
-881
-981
618
-612
-614
-615
-616
-617
-428
-438
-518
-538
-628
-638
-648
-658
-668
-688
-698
-118
-318
-718
-818
-918
634
-631
-632
-635
-636
-637
-424
-434
-514
-534
-624
-644
-654
-664
-674
-684
-694
-234
-334
-734
-834
-934
643
-641
-642
-646
-649
-663
-743
-843
-943
696
-695
-697
-699
-486
-576
-596
-676
-686
-656
-666
-196
-396
-796
-896
-996
727
-721
-722
-724
-725
-728
-717
-737
-817
-827
-837
-917
-927
-937
-757
-767
-777
-787
-797
-127
-427
421
-431
-621
-441
-451
-821
-921
-627
758
-751
-752
-754
-755
-756
-759
-748
-768
-848
-858
-868
-948
-958
-968
-738
-788
-798
-158
-458
-558
782
-784
-786
-789
-792
-882
-892
-982
-992
-712
-732
-742
-762
-182
838
-831
-832
-835
-836
-839
-828
-928
-938
-888
-898
128
-122
-124
-125
-338
-148
-168
845
-841
-842
-844
-846
-849
-745
-855
-945
-955
-815
-825
-875
-895
-145
867
-861
-862
-863
-864
-866
-857
-957
-967
-877
-887
-897
-567
-667
884
-886
-889
-774
-794
-874
-894
-974
-984
-994
-814
-824
822
-812
-912
-922
-932
-852
-854
-622
625
-515
-535
-675
924
-925
-714
-914
-944
-954
-964
-184
-484
891
-899
-771
-791
-871
-971
-991
-851
-191
-391
973
-975
-976
-977
-979
-773
-873
813
-816
-713
-913
763
-761
-764
-766
-963
744
-741
-746
-749
731
-735
-736
-739
-931
939
-935
-936
-949
-959
859
-856
876
-879
-776
-986
716
-715
915
-916
-995
-989
-999
-115
235
-232
155
-151
-152
-154
-156
-255
-516
-144
-344
-444
454
-456
-457
-544
-554
-564
549
-542
-546
-548
-559
-659
-579
-599
-254
252
-142
-162
-342
-362
-292
294
-174
-194
-374
-394
942
-941
-946
-952
-962
-552
-652
662
-661
651
-657
-562
557
-556
-517
512
-532
-537
536
-436
437
446
-448
-566
568
-487
488
-598
-577
-597
-112
192
-197
-199
-392
397
-177
-187
-377
117
-114
314
-312
-317
332
-337
164
-161
-166
-364
-146
141
-341
-361
-171
371
-376
-346
348
366
-368
-951
956
961
-966
574
-575
-594
595
775
-779
-795
799
-176
179
186
-189
677
-679
-687
689
987
-988
-997
998
