131
-132
-133
-134
-135
-136
-137
-138
-139
-111
-121
-211
-221
-231
-311
-321
-331
-141
-151
-161
-171
-181
-191
-431
-531
-631
-731
-831
-931
145
-142
-143
-144
-146
-147
-148
-149
-155
-165
-245
-255
-265
-345
-355
-365
-115
-125
-175
-185
-195
-445
-545
-645
-745
-845
-945
154
-152
-153
-156
-157
-158
-159
-164
-244
-254
-264
-344
-354
-364
-114
-124
-174
-184
-194
-454
-554
-654
-754
-854
-954
173
-172
-176
-177
-178
-179
-183
-193
-273
-283
-293
-373
-383
-393
-113
-123
-163
-473
-573
-673
-773
-873
-973
223
-222
-224
-225
-226
-227
-228
-229
-213
-233
-313
-323
-333
-243
-253
-263
-423
-523
-623
-723
-823
-923
286
-281
-282
-284
-285
-287
-288
-289
-186
-196
-276
-296
-376
-386
-396
-216
-236
-246
-256
-266
-486
-586
-686
-786
-886
-986
339
-332
-334
-335
-336
-337
-338
-119
-129
-219
-239
-319
-329
-349
-359
-369
-379
-389
-399
-439
-539
-639
-739
-839
-939
385
-381
-382
-384
-387
-388
-275
-295
-375
-395
-315
-325
-485
-585
-685
-785
-885
-985
391
-392
-394
-397
-398
-271
-291
-371
-341
-351
-361
-491
-591
-691
-791
-891
-991
416
-411
-412
-413
-414
-415
-417
-418
-419
-426
-436
-516
-526
-536
-616
-626
-636
-446
-456
-466
-476
-496
-116
-316
-716
-816
-916
421
-422
-424
-425
-427
-428
-429
-511
-521
-611
-621
-441
-451
-461
-471
-481
-721
-821
-921
437
-432
-433
-434
-435
-438
-517
-527
-537
-617
-627
-637
-447
-457
-467
-477
-487
-497
-237
-737
-837
-937
444
-442
-443
-448
-449
-464
-544
-564
-644
-664
-474
-484
-494
-744
-844
-944
549
-541
-542
-543
-546
-547
-548
-459
-469
-559
-569
-649
-659
-669
-519
-529
-579
-589
-599
-249
-749
-849
-949
565
-561
-562
-563
-566
-567
-568
-455
-465
-555
-655
-665
-515
-525
-535
-575
-595
-765
-865
-965
666
-661
-662
-663
-667
-668
-556
-646
-656
-676
-696
-166
126
-122
-127
-128
-326
-726
-826
-926
-366
-766
-866
-966
672
-671
-674
-675
-677
-678
-679
-472
-482
-492
-572
-582
-592
-682
-692
-612
-622
-632
-642
-652
-272
-372
-772
-872
-972
683
-681
-684
-687
-688
-689
-483
-493
-583
-593
-693
-613
-633
-643
-653
-783
-883
-983
697
-694
-695
-698
-699
-577
-587
-597
557
-551
-552
-553
-558
-647
-657
-257
-357
-757
-857
-957
-197
-297
-797
-897
-997
711
-712
-713
-714
-715
-717
-718
-719
-811
-911
-741
-751
-761
-771
-781
725
-722
-724
-727
-728
-729
-735
-815
-825
-835
-915
-925
-935
-755
-775
-795
-625
778
-774
-776
-777
-779
-788
-798
-878
-888
-898
-978
-988
-998
-738
-748
-758
-768
-278
-378
-478
-578
822
-824
-827
-828
-829
-732
-812
-832
-912
-922
-932
-842
-852
-862
-882
-892
-322
-522
881
-884
-887
-889
-871
-971
-981
-841
-851
-861
571
-574
-576
-581
596
-594
-598
584
-588
-514
-524
528
-518
-538
-618
-628
-638
-534
-328
-928
-784
-984
-796
-896
-996
934
-933
-936
-938
-734
-814
-834
-914
-924
-964
-974
-994
-234
-634
635
-615
215
-212
-214
-217
-218
-235
951
-952
-953
-955
-956
-958
-959
-941
-961
855
-853
-856
-858
-859
-875
-895
-251
-651
658
641
-648
-458
-468
-241
261
-262
-267
-268
-269
-258
-358
969
-962
-963
-967
-968
-759
-769
-869
-919
-929
927
-817
-917
819
-813
-818
-879
-899
-947
-977
-987
-979
-989
982
-782
-792
-992
-942
-999
-619
614
-624
629
-314
324
-327
-374
377
-187
-277
247
-242
-248
-167
-347
-367
117
-112
-118
-317
-747
-847
259
-252
-169
-279
274
-294
-299
-874
-877
876
-976
975
-995
993
-793
-893
894
-794
799
787
-789
764
-762
-763
-767
-864
867
-863
-868
-836
736
-733
-746
-756
-846
946
-943
-948
848
-843
833
-838
-913
918
513
-512
532
-533
312
-318
-232
238
292
-298
-182
-192
162
-168
-342
-352
-362
742
-743
-752
753
343
-346
-348
-353
356
-363
368
452
-453
-462
463
-475
479
495
-498
-499
488
-489
-188
189
198
-199
