147
-141
-142
-143
-144
-145
-146
-148
-149
-157
-167
-247
-257
-267
-347
-357
-367
-117
-127
-137
-177
-187
-197
-447
-547
-647
-747
-847
-947
188
-181
-182
-183
-184
-185
-186
-189
-178
-198
-278
-288
-298
-378
-388
-398
-118
-128
-138
-158
-168
-488
-588
-688
-788
-888
-988
211
-212
-213
-214
-215
-216
-217
-218
-219
-111
-121
-131
-221
-231
-311
-321
-331
-241
-251
-261
-271
-281
-291
-411
-511
-611
-711
-811
-911
296
-292
-293
-294
-295
-297
-299
-176
-196
-276
-286
-376
-386
-396
-226
-236
-246
-256
-266
-496
-596
-696
-796
-896
-996
326
-322
-323
-324
-325
-327
-328
-329
-116
-126
-136
-316
-336
-346
-356
-366
-426
-526
-626
-726
-826
-926
363
-361
-362
-364
-365
-368
-369
-153
-163
-243
-253
-263
-343
-353
-313
-333
-373
-383
-393
-463
-563
-663
-763
-863
-963
419
-412
-413
-414
-415
-416
-417
-418
-429
-439
-519
-529
-539
-619
-629
-639
-449
-459
-469
-479
-489
-499
-119
-319
-719
-819
-919
433
-431
-432
-434
-435
-436
-437
-438
-423
-513
-523
-533
-613
-623
-633
-443
-453
-473
-483
-493
-133
-233
-733
-833
-933
462
-461
-464
-465
-466
-467
-468
-442
-452
-542
-552
-562
-642
-652
-662
-422
-472
-482
-492
-162
-262
-762
-862
-962
476
-471
-474
-475
-477
-478
-486
-576
-586
-676
-686
-446
-456
-776
-876
-976
545
-541
-543
-544
-546
-548
-549
-445
-455
-555
-565
-645
-655
-665
-515
-525
-535
-575
-585
-595
-245
-345
-745
-845
-945
581
-582
-583
-584
-587
-589
-481
-491
-571
-591
-671
-681
-691
-521
-531
-551
-561
-381
-781
-881
-981
666
-661
-664
-667
-668
-669
-556
-566
-646
-656
-616
-636
-166
156
-151
-152
-154
-155
-159
-756
-856
-956
-766
-866
-966
695
-692
-693
-694
-697
-698
-699
-485
-495
-675
-685
425
-421
-424
-427
-428
-615
-625
-635
-125
-225
-725
-825
-925
-195
-395
-795
-895
-995
736
-731
-732
-734
-735
-737
-738
-739
-716
-816
-836
-916
-936
-746
-786
516
-512
-514
-517
-518
-536
748
-741
-742
-743
-744
-749
-758
-768
-848
-858
-868
-948
-958
-968
-718
-728
-778
-798
-248
-348
-448
-648
783
-782
-784
-785
-787
-789
-773
-793
-873
-883
-893
-973
-983
-993
-713
-723
-753
-283
-683
822
-821
-823
-824
-827
-828
-829
-712
-722
-812
-832
-912
-922
-932
-842
-852
-872
-882
-892
-122
-222
-522
-622
835
-831
-834
-837
-838
-839
-715
-815
-915
-935
-855
-865
-875
-885
-135
-235
-335
887
-884
-886
-889
986
-982
-984
-985
-987
-989
-777
-797
-877
-897
-977
-997
846
-841
-843
-844
-849
-946
-817
-857
-867
-287
-387
-487
484
-494
-574
-594
-674
-684
-444
441
-451
-641
-651
-454
-341
-941
-284
-384
-687
891
-894
-898
-899
-771
-791
-871
-971
-991
-851
-861
-191
-391
923
-921
-924
-927
-928
-929
-813
-913
853
-854
-859
-943
-953
113
-112
-114
-115
-123
-223
315
-312
-314
-317
-318
-173
-193
273
-272
-274
-275
-277
-279
-355
-375
-385
612
-614
-617
-618
-532
-632
-672
-682
689
-579
-599
-679
-649
-659
643
-644
-553
-653
-673
-573
593
-592
-597
-598
572
-577
-578
-172
-372
-772
-972
285
-282
-289
-175
165
-161
-164
-169
351
-352
-354
-358
-359
-255
-265
171
-174
-179
-371
338
-332
-334
-337
-339
-228
-238
-538
-638
-938
-751
-951
-765
-965
382
-389
-192
-392
132
-134
-139
-232
-342
944
-942
-949
-754
-764
-864
869
-954
-964
-759
-769
-959
-969
-879
-914
-934
-974
-994
242
-244
-249
-252
-344
349
-259
-269
-379
-399
199
-194
124
-129
-224
-234
-524
-624
-724
559
-554
-557
-558
-569
-799
-999
992
-998
-792
794
-774
-874
878
-978
752
-755
-757
-952
955
-957
-714
717
814
-818
-727
-917
918
-937
775
-779
-975
979
-767
761
-961
967
-721
729
931
-939
621
-627
-628
-631
528
-527
-568
227
-229
-237
239
-567
564
-654
-534
537
634
-637
254
-258
-264
268
374
-377
-394
397
677
-678
-497
498
457
-458
-657
658
