138
-131
-132
-133
-134
-135
-136
-137
-139
-118
-128
-218
-228
-238
-318
-328
-338
-148
-158
-168
-178
-188
-198
-438
-538
-638
-738
-838
-938
159
-151
-152
-153
-154
-155
-156
-157
-149
-169
-249
-259
-269
-349
-359
-369
-119
-129
-179
-189
-199
-459
-559
-659
-759
-859
-959
171
-172
-173
-174
-175
-176
-177
-181
-191
-271
-281
-291
-371
-381
-391
-111
-121
-141
-161
-471
-571
-671
-771
-871
-971
193
-192
-194
-195
-196
-197
-183
-273
-283
-293
-373
-383
-393
-113
-123
-143
-163
-493
-593
-693
-793
-893
-993
213
-211
-212
-214
-215
-216
-217
-219
-223
-233
-313
-323
-333
-243
-253
-263
-413
-513
-613
-713
-813
-913
221
-222
-224
-225
-226
-227
-229
-231
-311
-321
-331
-241
-251
-261
-421
-521
-621
-721
-821
-921
337
-332
-334
-335
-336
-339
-117
-127
-237
-317
-327
-347
-357
-367
-377
-387
-397
-437
-537
-637
-737
-837
-937
344
-341
-342
-343
-345
-346
-348
-144
-164
-244
-254
-264
-354
-364
-314
-324
-374
-384
-394
-444
-544
-644
-744
-844
-944
375
-372
-376
-378
-379
-185
-275
-285
-295
-385
-395
-315
-325
-355
-365
-475
-575
-675
-775
-875
-975
452
-451
-453
-454
-455
-456
-457
-458
-442
-462
-542
-552
-562
-642
-652
-662
-412
-422
-432
-472
-482
-492
-252
-352
-752
-852
-952
485
-481
-483
-484
-486
-487
-488
-489
-495
-585
-595
-685
-695
-415
-425
-435
-445
-465
-785
-885
-985
516
-511
-512
-514
-515
-517
-518
-519
-416
-426
-436
-526
-536
-616
-626
-636
-546
-556
-566
-576
-586
-596
-116
-316
-716
-816
-916
531
-532
-533
-534
-535
-539
-411
-431
-611
-631
-541
-551
-561
-581
-591
-731
-831
-931
573
-572
-574
-577
-578
-579
-473
-583
-673
-683
-523
-543
-553
-563
-773
-873
-973
592
-594
-597
-598
-599
-582
-672
-682
-692
-522
-292
-392
-792
-892
-992
627
-622
-623
-624
-625
-628
-629
-417
-427
-527
-617
-647
-657
-667
-677
-687
-697
-727
-827
-927
654
-651
-653
-655
-656
-658
-464
-554
-564
-664
-614
-634
-674
-684
-694
-754
-854
-954
735
-732
-733
-734
-736
-739
-715
-725
-815
-825
-835
-915
-925
-935
-745
-755
-765
-795
-235
-635
763
-761
-762
-764
-766
-767
-768
-769
-743
-753
-843
-853
-863
-943
-953
-963
-723
-783
353
-351
-356
-358
361
-362
-363
-366
-368
-461
-661
-861
-961
-463
-663
776
-772
-774
-777
-778
-779
-786
-796
-876
-886
-896
-976
-986
-996
-726
-746
-756
-276
-476
-676
889
-881
-882
-883
-884
-887
-888
983
-981
-982
-984
-987
-988
-989
-789
-799
-879
-899
-979
-999
-819
-829
-839
-849
-869
-923
-933
-289
-389
-589
-689
895
-891
-894
-897
-898
-995
-845
-855
-865
911
-912
-914
-917
-918
-919
-711
-811
-941
-951
-991
936
-932
-934
-939
-826
-836
-926
-946
-956
-966
-236
957
-955
-958
-747
-757
-847
-857
-867
-947
-967
-977
-997
-257
-557
978
-972
-974
-788
-798
-878
-998
994
-784
-794
-874
-924
-964
864
-862
-866
-868
-814
-824
-834
-928
-948
-968
-278
-478
-678
679
-479
-499
-699
-619
-639
-649
-669
-279
-294
-494
-112
114
-115
-124
-234
125
-122
-126
326
-322
-329
-184
-145
-165
-386
-396
-414
-714
724
-722
-728
-729
615
-612
-618
632
-633
-525
643
-641
-645
-646
-648
441
-443
-446
-447
-448
-449
-491
-665
-424
-524
434
-433
-439
423
-428
-429
-474
477
584
-587
-588
-497
-467
-823
833
-832
-232
239
312
-319
-299
399
-398
-382
388
-288
-298
-712
-812
-741
-841
851
-856
-858
-751
758
846
-842
-848
-748
-718
-146
-246
256
-255
-258
-166
-266
186
-182
-187
-286
-296
297
-277
-287
-247
-267
555
-558
-545
-565
274
-272
282
-284
-242
-262
872
-877
-782
742
-749
-942
-962
719
-717
817
-818
828
-822
922
-929
418
-419
-528
529
-468
-498
496
-686
-696
-466
469
666
-668
-549
-569
-142
147
162
-167
-547
548
567
-568
-248
245
-265
268
-945
949
965
-969
787
-781
791
-797
681
-688
-691
698
