133
-131
-132
-134
-135
-136
-137
-138
-139
-113
-123
-213
-223
-233
-313
-323
-333
-143
-153
-163
-173
-183
-193
-433
-533
-633
-733
-833
-933
148
-141
-142
-144
-145
-146
-147
-149
-158
-168
-248
-258
-268
-348
-358
-368
-118
-128
-178
-188
-198
-448
-548
-648
-748
-848
-948
155
-151
-152
-154
-156
-157
-159
-165
-245
-255
-265
-345
-355
-365
-115
-125
-175
-185
-195
-455
-555
-655
-755
-855
-955
176
-171
-172
-174
-177
-179
-186
-196
-276
-286
-296
-376
-386
-396
-116
-126
-166
-476
-576
-676
-776
-876
-976
191
-192
-194
-197
-199
-181
-271
-281
-291
-371
-381
-391
-111
-121
-161
-491
-591
-691
-791
-891
-991
214
-211
-212
-215
-216
-217
-218
-219
-114
-124
-224
-234
-314
-324
-334
-244
-254
-264
-274
-284
-294
-414
-514
-614
-714
-814
-914
236
-231
-232
-235
-237
-238
-239
-226
-316
-326
-336
-246
-256
-266
-436
-536
-636
-736
-836
-936
262
-261
-263
-267
-269
-162
-242
-252
-342
-352
-362
-222
-272
-282
-292
-462
-562
-662
-762
-862
-962
278
-273
-275
-277
-279
-288
-298
-378
-388
-398
-228
-478
-578
-678
-778
-878
-978
283
-285
-287
-289
-293
-373
-383
-393
-243
-253
-483
-583
-683
-783
-883
-983
387
-382
-384
-385
-389
-187
-297
-377
-397
-317
-327
-337
-347
-357
-367
-487
-587
-687
-787
-887
-987
431
-432
-434
-435
-437
-438
-439
-411
-421
-511
-521
-531
-611
-621
-631
-441
-451
-461
-471
-481
-331
-731
-831
-931
444
-442
-443
-445
-446
-447
-449
-454
-464
-544
-554
-564
-644
-654
-664
-424
-474
-484
-494
-344
-744
-844
-944
486
-482
-485
-488
-489
-496
-586
-596
-686
-696
-416
-426
-456
-466
-786
-886
-986
623
-622
-624
-625
-626
-627
-628
-629
-413
-423
-513
-523
-613
-643
-653
-663
-673
-693
-723
-823
-923
665
-661
-666
-667
-668
-669
-465
-545
-565
-645
-615
-635
-675
-685
-695
-765
-865
-965
671
-672
-674
-677
-679
-571
-581
-681
-641
-651
-771
-871
-971
721
-722
-724
-725
-726
-727
-728
-729
-711
-811
-821
-911
-921
-741
-751
-761
-781
311
-312
-315
-318
-319
-221
-321
-341
-351
-361
824
-822
-825
-826
-827
-828
-829
-734
-834
-924
-934
-854
-864
-874
-884
-894
-524
838
-832
-835
-837
-839
-718
-738
-818
-918
-928
-938
-858
-868
-888
-898
-338
328
-322
-325
-329
-428
-528
-538
-638
845
-841
-842
-843
-846
-847
-849
-745
-945
-815
-875
-885
-895
877
-872
-873
-879
-777
-797
-897
-977
-997
-817
-857
-867
-477
-577
892
-893
-896
-899
-772
-782
-792
-882
-972
-982
-992
-812
-852
-392
-492
-592
-692
912
-913
-915
-916
-917
-919
-712
-732
-922
-932
-942
-952
-112
-412
-512
-612
939
-935
-937
-719
-739
-819
-929
-949
-959
-969
-979
-989
-999
-339
-539
-639
958
-951
-953
-954
-956
-957
-758
-768
-968
-988
-998
-458
-558
-658
966
-961
-963
-964
-967
-746
-756
-766
-856
-866
-946
816
-813
713
-715
-716
-717
-926
-743
-753
-763
-773
-793
796
-794
-795
-798
-799
-996
788
-784
-785
-789
-516
-616
526
-522
-525
-527
-529
-546
-556
-566
-366
-588
-688
975
-973
-974
993
-994
-995
-775
-985
735
-737
-925
927
-943
984
-981
881
-889
-774
779
-749
-759
-769
-851
-861
941
-947
-127
-227
117
-119
-167
-417
-517
-617
-427
-335
332
-122
129
225
-229
182
-184
-189
-372
164
-169
-354
-364
-295
299
-379
-399
-249
-259
422
-425
-429
-532
-632
-452
-472
-535
-241
247
251
-257
-541
-547
-647
-747
742
-752
-542
-642
-551
561
-563
-567
-568
-569
468
-463
-467
-469
-418
-498
754
-757
-764
767
572
-573
-574
-575
-579
-582
-682
-552
652
-656
-657
-659
646
-649
-346
356
-353
-359
473
-475
-479
-493
-593
-453
374
-375
-394
395
-584
-684
689
-499
-589
585
-495
497
-595
-597
-697
-599
-699
415
-419
-515
-457
459
557
-553
-559
543
-549
-537
534
-634
637
-594
598
694
-698
-518
519
618
-619
-343
349
363
-369
853
-859
-863
869
