121
-122
-123
-124
-125
-126
-127
-128
-129
-111
-131
-211
-221
-231
-311
-321
-331
-141
-151
-161
-171
-181
-191
-421
-521
-621
-721
-821
-921
146
-142
-143
-144
-145
-147
-148
-149
-156
-166
-246
-256
-266
-346
-356
-366
-116
-136
-176
-186
-196
-446
-546
-646
-746
-846
-946
219
-212
-213
-214
-215
-216
-217
-218
-119
-139
-229
-239
-319
-329
-339
-249
-259
-269
-279
-289
-299
-419
-519
-619
-719
-819
-919
228
-222
-223
-224
-225
-226
-227
-118
-138
-238
-318
-328
-338
-248
-258
-268
-278
-288
-298
-428
-528
-628
-728
-828
-928
254
-251
-252
-253
-255
-257
-154
-164
-244
-264
-344
-354
-364
-234
-274
-284
-294
-454
-554
-654
-754
-854
-954
261
-262
-263
-265
-267
-241
-341
-351
-361
-271
-281
-291
-461
-561
-661
-761
-861
-961
297
-292
-293
-295
-296
-177
-187
-197
-277
-287
-377
-387
-397
-237
-247
-497
-597
-697
-797
-897
-997
322
-323
-324
-325
-326
-327
-112
-132
-232
-312
-332
-342
-352
-362
-372
-382
-392
-422
-522
-622
-722
-822
-922
336
-333
-334
-335
-337
-236
-316
-376
-386
-396
-436
-536
-636
-736
-836
-936
374
-371
-373
-375
-378
-379
-174
-184
-194
-384
-394
-314
-474
-574
-674
-774
-874
-974
448
-441
-442
-443
-444
-445
-447
-449
-458
-468
-548
-558
-568
-648
-658
-668
-418
-438
-478
-488
-498
-348
-748
-848
-948
457
-451
-452
-453
-455
-456
-459
-467
-547
-557
-567
-647
-657
-667
-417
-427
-437
-477
-487
-157
-357
-757
-857
-957
466
-462
-463
-464
-465
-469
-556
-566
-656
-666
-416
-426
-476
-486
-496
-766
-866
-966
489
-481
-482
-483
-484
-485
-479
-499
-579
-589
-599
-679
-689
-699
-429
-439
-189
-389
-789
-889
-989
492
-491
-493
-494
-495
-472
-572
-582
-592
-672
-682
-692
-412
-432
-192
-792
-892
-992
618
-611
-612
-613
-614
-615
-616
-617
-518
-538
-638
-678
-688
-698
-718
-818
-918
626
-623
-624
-625
-627
-629
-516
-526
-676
-686
-696
-726
-826
-926
642
-641
-643
-644
-645
-649
-542
-552
-562
-652
-662
-632
-242
-742
-842
-942
659
-651
-653
-655
-549
-559
-569
-669
-639
-159
-359
-759
-859
-959
665
-663
-664
-545
-555
-565
-635
-675
-685
-695
-165
-365
-765
-865
-965
731
-732
-733
-734
-735
-737
-738
-739
-711
-811
-831
-911
-931
-741
-751
-771
-781
-791
-431
-531
-631
775
-772
-773
-776
-777
-778
-779
-785
-795
-875
-885
-895
-975
-985
-995
-715
-725
-745
-755
-175
-275
-475
-575
786
-782
-783
-784
-787
-788
-796
-876
-886
-896
-976
-986
-996
-716
-756
-286
276
-272
-273
282
-283
-285
-172
-182
-576
-882
-982
-586
596
-591
-593
-594
-595
-598
585
-581
-583
-584
-587
-588
578
-571
-573
-577
-515
-525
-535
-178
-878
-978
-185
-385
815
-812
-813
-814
-816
-817
-825
-835
-915
-925
-935
916
-912
-913
-914
-917
-845
-855
856
-851
-852
-853
-858
-956
-115
-315
-415
425
-423
-424
-435
841
-843
-844
-847
-849
-941
-951
-871
-881
-891
-541
551
-553
-511
411
-413
-414
-471
473
-673
-683
-693
-433
434
-514
-524
-534
-634
633
-637
-513
-523
-533
-133
-233
235
-135
243
-245
-153
-163
-343
-353
-363
-833
-933
-134
137
114
-113
-117
313
-317
-167
-383
-393
-713
-714
-834
-934
-537
-837
-937
-543
544
563
-564
-743
-943
-744
-944
-763
-863
-963
-173
179
-199
-399
-169
-873
-973
-879
-979
884
-883
-887
-888
-794
-894
-984
-994
-824
-864
-684
694
-691
893
-898
-899
-793
-983
-993
-823
183
-188
-193
962
-964
-967
-968
-969
-752
-762
-862
-952
764
-767
-768
-769
712
-717
-832
-932
-724
924
-923
-927
-929
723
-727
-729
827
-829
-753
758
953
-955
-958
945
-947
-949
-868
747
-749
-867
869
-798
799
-999
872
-877
-972
838
-839
-938
939
-512
517
532
-539
-527
529
-345
-347
349
367
-368
-369
152
-155
-158
-162
168
355
-358
195
-198
-395
988
-981
-987
977
-971
991
-998
671
-677
-681
687
381
-388
-391
398
