134
-131
-132
-133
-135
-136
-137
-138
-139
-114
-124
-214
-224
-234
-314
-324
-334
-144
-154
-164
-174
-184
-194
-434
-534
-634
-734
-834
-934
159
-151
-152
-153
-155
-156
-157
-158
-149
-169
-249
-259
-269
-349
-359
-369
-119
-129
-179
-189
-199
-459
-559
-659
-759
-859
-959
186
-181
-182
-183
-185
-187
-188
-176
-196
-276
-286
-296
-376
-386
-396
-116
-126
-146
-166
-486
-586
-686
-786
-886
-986
195
-191
-192
-193
-197
-198
-175
-275
-285
-295
-375
-385
-395
-115
-125
-145
-165
-495
-595
-695
-795
-895
-995
216
-211
-212
-213
-215
-217
-218
-219
-226
-236
-316
-326
-336
-246
-256
-266
-416
-516
-616
-716
-816
-916
273
-271
-272
-274
-277
-278
-279
-173
-283
-293
-373
-383
-393
-223
-233
-243
-253
-263
-473
-573
-673
-773
-873
-973
346
-341
-342
-343
-344
-345
-347
-348
-356
-366
-446
-546
-646
-746
-846
-946
367
-361
-362
-363
-364
-365
-368
-147
-167
-247
-257
-267
-357
-317
-327
-337
-377
-387
-397
-467
-567
-667
-767
-867
-967
372
-371
-374
-378
-379
-172
-282
-292
-382
-392
-312
-322
-332
-352
-472
-572
-672
-772
-872
-972
423
-421
-422
-424
-425
-426
-427
-428
-429
-413
-433
-513
-523
-533
-613
-623
-633
-443
-453
-463
-483
-493
-123
-323
-723
-823
-923
438
-431
-432
-435
-436
-437
-439
-418
-518
-528
-538
-618
-628
-638
-448
-458
-468
-478
-488
-498
-238
-338
-738
-838
-938
454
-451
-452
-455
-456
-457
-444
-464
-544
-554
-564
-644
-654
-664
-414
-474
-484
-494
-254
-354
-754
-854
-954
477
-471
-475
-476
-479
-487
-497
-577
-587
-597
-677
-687
-697
-417
-447
-177
-777
-877
-977
515
-511
-512
-514
-517
-519
-415
-525
-535
-615
-625
-635
-545
-555
-565
-575
-585
-315
-715
-815
-915
524
-521
-522
-526
-527
-529
-614
-624
-574
-584
-594
-724
-824
-924
583
-581
-582
-588
-589
-593
-683
-693
-543
-553
-563
-783
-883
-983
598
-591
-592
-596
-599
-578
-678
-688
-698
-548
-558
-568
-298
-398
-798
-898
-998
637
-631
-632
-636
-639
-537
-617
-627
-647
-657
-237
-737
-837
-937
675
-671
-674
-676
-679
-485
-685
-645
-655
-665
-775
-875
-975
682
-681
-684
-689
-482
-492
-692
694
-691
-696
-699
-612
-622
-642
-652
-662
-782
-882
-982
-294
-394
384
-381
-388
-389
-284
-784
-884
-984
-794
-894
-994
732
-731
-733
-735
-736
-739
-712
-722
-812
-822
-832
-912
-922
-932
-742
-752
-762
-792
-232
-532
412
-411
-419
-442
-462
-112
748
-741
-743
-744
-745
-747
-749
-758
-768
-848
-858
-868
-948
-958
-968
-718
-728
-778
-788
-148
-248
-648
766
-761
-763
-764
-765
-769
-756
-856
-866
-956
-966
-726
-776
-796
-466
496
-491
-499
-576
-566
-666
-896
-996
835
-831
-833
-836
-839
-725
-825
-925
-935
-845
-855
-865
-885
-235
-335
897
-891
-892
-893
-899
992
-991
-993
-997
-999
793
-791
-797
-799
-787
-887
-987
-713
-753
-817
-827
-847
-857
-942
-952
-962
287
-281
-288
-289
-297
178
-171
-118
-128
-168
-227
-878
-978
913
-911
-914
-917
-918
-919
-813
-933
-943
-953
-963
-113
-313
333
-331
-339
-353
926
-921
-927
-928
-929
-826
-936
876
-871
-874
-879
-976
988
-981
-985
-989
785
-781
-789
-888
-755
-626
536
-531
-539
-556
656
-651
-653
-658
668
-661
-663
-669
643
-641
-649
-143
163
-161
-162
-843
853
-851
-852
-863
-268
957
-951
-955
-757
751
-841
-861
-941
-961
-947
-711
-721
-771
547
-541
-542
-549
-557
-251
-351
-551
552
-562
-252
979
-971
-974
881
-889
774
-779
-714
814
-811
-818
-819
828
-821
-829
931
-939
-844
-864
-949
-969
318
-311
-319
-228
-328
258
-255
-358
355
-245
-265
225
-221
-222
-229
122
-121
-127
-325
117
-111
141
-142
-241
-261
611
-619
-621
629
-717
719
727
-729
321
-329
-231
239
291
-299
-391
399
-441
571
-579
-481
489
461
-465
-469
-561
569
445
-449
-945
944
-964
965
-244
242
-262
264
-842
849
862
-869
