124
-121
-122
-123
-125
-126
-127
-128
-129
-114
-134
-214
-224
-234
-314
-324
-334
-144
-154
-164
-174
-184
-194
-424
-524
-624
-724
-824
-924
192
-191
-193
-195
-196
-197
-198
-199
-172
-182
-272
-282
-292
-372
-382
-392
-112
-132
-142
-152
-162
-492
-592
-692
-792
-892
-992
216
-211
-212
-213
-215
-217
-218
-219
-116
-136
-226
-236
-316
-326
-336
-246
-256
-266
-276
-286
-296
-416
-516
-616
-716
-816
-916
241
-242
-243
-244
-245
-247
-248
-249
-141
-151
-161
-251
-261
-341
-351
-361
-221
-231
-271
-281
-291
-441
-541
-641
-741
-841
-941
378
-371
-373
-374
-375
-376
-377
-379
-178
-188
-278
-288
-298
-388
-398
-318
-328
-338
-348
-358
-368
-478
-578
-678
-778
-878
-978
452
-451
-453
-454
-455
-456
-457
-458
-459
-442
-462
-542
-552
-562
-642
-652
-662
-412
-422
-432
-472
-482
-252
-352
-752
-852
-952
464
-461
-463
-465
-466
-467
-468
-469
-444
-544
-554
-564
-644
-654
-664
-414
-434
-474
-484
-494
-264
-364
-764
-864
-964
475
-471
-473
-476
-477
-479
-485
-495
-575
-585
-595
-675
-685
-695
-415
-425
-435
-445
-175
-275
-775
-875
-975
513
-511
-512
-514
-515
-517
-518
-519
-413
-423
-433
-523
-533
-613
-623
-633
-543
-553
-563
-573
-583
-593
-113
-313
-713
-813
-913
587
-581
-582
-584
-586
-588
-589
-487
-497
-577
-597
-677
-687
-697
-527
-537
-547
-557
-567
-187
-287
-387
-787
-887
-987
659
-651
-653
-655
-656
-657
-658
-449
-549
-559
-569
-649
-669
-619
-629
-639
-679
-689
-699
-159
-259
-359
-759
-859
-959
743
-742
-744
-745
-746
-747
-748
-749
-753
-763
-843
-853
-863
-943
-953
-963
-723
-733
-773
-783
-793
-143
-343
-443
-643
663
-661
-665
-666
-667
-668
-673
-683
-693
-163
-263
-363
771
-772
-774
-776
-777
-779
-781
-791
-871
-881
-891
-971
-981
-991
-711
-721
-731
-751
-761
-171
-571
-671
788
-782
-784
-785
-786
-789
-798
-888
-898
-988
-998
-718
-728
-738
-758
-768
-488
-688
832
-831
-833
-834
-835
-836
-837
-838
-839
-712
-722
-732
-812
-822
-912
-922
-932
762
-765
-766
-767
-769
-842
-862
-942
-962
-872
-882
-232
-332
-532
-632
342
-344
-345
-346
-347
-349
-262
-362
222
-223
-225
-227
-228
-229
-312
-322
612
-611
-614
-615
-617
-618
-522
-622
572
-574
-576
-579
-672
-682
-972
982
-983
-984
-985
-986
-989
845
-844
-846
-847
-848
-849
-755
-855
-865
-945
-955
-965
-815
-825
-885
-895
944
-946
-947
-948
-949
-754
-854
-954
-914
-934
-974
-994
-145
-545
-645
149
-146
-147
-148
-169
-269
-369
-119
-139
-179
-189
929
-921
-923
-925
-926
-927
-928
-719
-729
-739
-819
-829
-919
-939
799
-794
-795
-796
-797
995
-993
-996
-997
-999
-879
-889
-899
-979
869
-861
-866
-867
-868
-969
-915
-935
-329
-429
-529
279
-273
-274
-277
-289
-299
-389
-399
-239
489
-481
-483
-486
493
-491
-496
-498
-499
-599
-419
-439
539
-531
-534
-535
-536
-538
634
-631
-635
-636
-637
-638
594
-591
-596
-598
-674
676
-684
-694
-686
681
-691
-696
698
-621
625
-626
-627
-628
-525
-646
647
-648
-447
319
-311
-315
-317
-339
-325
-725
-734
714
-715
-717
-814
735
-736
-737
115
-111
-117
-118
-135
-235
-335
-155
-165
-185
874
-873
-876
-877
-884
-894
-176
-976
-181
131
-133
-137
-138
-321
-331
238
-233
-237
-258
-268
-431
-931
-438
-938
-381
391
-393
-394
-395
-396
-397
-293
-893
-294
-295
297
-177
173
-183
186
-283
-383
-386
-153
-156
-166
253
-254
-255
-257
-353
354
-355
-356
-357
366
-365
-367
265
-267
284
-285
-384
385
555
-551
-556
-558
561
-565
-566
-568
-521
-961
-966
-973
977
883
-886
896
-897
-823
933
-936
-937
-826
726
-727
-756
757
-857
-957
-967
968
-858
-958
-856
851
-951
956
-811
-821
911
-917
-918
-411
421
-426
-427
-428
323
-327
-333
337
-526
528
436
-437
417
-418
-446
448
546
-548
-817
818
827
-828
-157
158
167
-168
