144
-141
-142
-143
-145
-146
-147
-148
-149
-154
-164
-244
-254
-264
-344
-354
-364
-114
-124
-134
-174
-184
-194
-444
-544
-644
-744
-844
-944
166
-161
-162
-163
-165
-167
-168
-169
-156
-246
-256
-266
-346
-356
-366
-116
-126
-136
-176
-186
-196
-466
-566
-666
-766
-866
-966
179
-171
-172
-173
-175
-177
-178
-189
-199
-279
-289
-299
-379
-389
-399
-119
-129
-139
-159
-479
-579
-679
-779
-879
-979
211
-212
-213
-214
-215
-216
-217
-218
-219
-111
-121
-131
-221
-231
-311
-321
-331
-241
-251
-261
-271
-281
-291
-411
-511
-611
-711
-811
-911
232
-233
-234
-235
-236
-237
-238
-239
-112
-122
-132
-222
-312
-322
-332
-242
-252
-262
-272
-282
-292
-432
-532
-632
-732
-832
-932
313
-314
-315
-316
-317
-318
-319
-113
-123
-133
-223
-323
-333
-343
-353
-363
-373
-383
-393
-413
-513
-613
-713
-813
-913
452
-451
-453
-454
-455
-456
-457
-458
-459
-442
-462
-542
-552
-562
-642
-652
-662
-412
-422
-472
-482
-492
-152
-352
-752
-852
-952
483
-481
-484
-485
-486
-487
-488
-489
-473
-493
-573
-583
-593
-673
-683
-693
-423
-433
-443
-463
-183
-283
-783
-883
-983
524
-521
-522
-523
-525
-526
-527
-528
-529
-414
-424
-434
-514
-534
-614
-624
-634
-554
-564
-574
-584
-594
-224
-324
334
-335
-336
-337
-338
-339
-374
-384
-394
-724
-824
-924
-734
-834
-934
577
-571
-572
-575
-576
-578
-477
-497
-587
-597
-677
-687
-697
-517
-537
-547
-557
-567
-277
-377
-777
-877
-977
651
-653
-654
-655
-656
-657
-658
-659
-441
-461
-541
-551
-561
-641
-661
-621
-631
-671
-681
-691
-151
-351
-751
-851
-951
728
-721
-722
-723
-725
-726
-727
-729
-718
-738
-818
-828
-838
-918
-928
-938
-748
-758
-768
-778
-788
-798
-128
-228
-328
-428
-628
747
-741
-742
-743
-745
-746
-749
-757
-767
-847
-857
-867
-947
-957
-967
-717
-737
-787
-797
-247
-347
-447
-647
795
-791
-792
-793
-794
-796
-799
-775
-785
-875
-885
-895
-975
-985
-995
-715
-735
-755
-765
-195
-295
-395
-495
-595
-695
816
-812
-814
-815
-817
-819
-716
-736
-826
-836
-916
-926
-936
-846
-856
-876
-886
-896
-416
-516
-616
881
-882
-884
-887
-888
-889
-771
-781
-871
-891
-971
-981
-991
-821
-831
-841
-861
-181
191
-192
-193
-197
-198
-371
-381
-391
182
-185
-187
-188
-372
-382
-392
153
-155
-157
-158
-243
-253
-263
-553
-753
-853
-953
471
-474
-475
-476
-478
-491
-581
-591
-421
-431
531
-533
-535
-536
-538
-539
921
-922
-923
-925
-927
-929
-731
-931
761
-762
-763
-764
-769
-941
-961
341
-342
-345
-348
-349
-361
362
-365
-367
-368
-369
-862
-962
-582
-682
-782
-982
949
-942
-943
-945
-946
-948
842
-843
-845
-848
-849
-759
-859
-869
-959
-969
-822
-872
-892
-919
-939
-989
-999
622
-623
-625
-626
-627
-629
-512
-612
633
-635
-636
-637
-638
-639
592
-596
-598
-599
-672
-692
-643
-663
823
-825
-827
-829
-733
739
-833
-933
-719
-839
773
-772
-774
-776
-873
-893
-973
-993
712
-714
-912
914
-915
-917
-789
899
-894
-897
-898
-863
963
-964
-965
-968
837
-835
935
-937
-954
-974
-984
-994
-955
-135
-435
436
-437
-438
-439
-426
-446
-496
-137
138
-118
543
-545
-546
-548
-549
-563
646
-645
-648
-649
-556
586
-585
-588
-589
-676
-686
-696
-249
-449
972
-976
-978
-992
-273
293
-294
-296
-297
-298
-286
-386
-786
784
-874
878
-988
-998
-754
756
-956
958
-858
-868
854
-855
-864
865
-258
-358
-558
-265
-465
-565
-665
-278
-378
-678
-284
274
-275
-276
226
-225
-227
-229
-326
329
-325
-327
-359
-429
-674
675
-685
-615
-375
376
-396
-684
-986
987
996
-997
-287
-387
397
-398
-357
355
-245
248
-255
-268
285
-288
-385
388
445
-448
-555
559
-469
-569
568
-468
-668
-669
-415
-425
427
515
-518
-519
-417
-617
-467
464
-664
667
-494
694
-698
-699
-115
117
125
-127
257
-259
-267
269
-688
689
498
-499
-418
419
618
-619
