134
-131
-132
-133
-135
-136
-137
-138
-139
-114
-124
-214
-224
-234
-314
-324
-334
-144
-154
-164
-174
-184
-194
-434
-534
-634
-734
-834
-934
141
-142
-143
-145
-146
-147
-148
-149
-151
-161
-241
-251
-261
-341
-351
-361
-111
-121
-171
-181
-191
-441
-541
-641
-741
-841
-941
211
-212
-213
-215
-216
-217
-218
-219
-221
-231
-311
-321
-331
-271
-281
-291
-411
-511
-611
-711
-811
-911
258
-252
-253
-254
-255
-256
-257
-259
-158
-168
-248
-268
-348
-358
-368
-228
-238
-278
-288
-298
-458
-558
-658
-758
-858
-958
275
-272
-273
-274
-276
-277
-279
-175
-185
-195
-285
-295
-375
-385
-395
-225
-235
-245
-265
-475
-575
-675
-775
-875
-975
347
-342
-343
-344
-345
-346
-349
-157
-167
-247
-267
-357
-367
-317
-327
-337
-377
-387
-397
-447
-547
-647
-747
-847
-947
365
-362
-363
-364
-366
-369
-155
-165
-355
-315
-325
-335
-465
-565
-665
-765
-865
-965
381
-382
-383
-384
-386
-388
-389
-371
-391
-481
-581
-681
-781
-881
-981
396
-392
-393
-394
-398
-399
-176
-186
-196
-286
-296
-376
-316
-326
-336
-356
-496
-596
-696
-796
-896
-996
427
-421
-422
-423
-424
-425
-426
-428
-429
-417
-437
-517
-527
-537
-617
-627
-637
-457
-467
-477
-487
-497
-127
-227
-727
-827
-927
461
-462
-463
-464
-466
-468
-469
-451
-551
-561
-651
-661
-431
-471
-491
-761
-861
-961
489
-482
-483
-484
-485
-486
-488
-479
-499
-579
-589
-599
-679
-689
-699
-419
-439
-449
-459
-189
-289
-789
-889
-989
498
-492
-493
-494
-495
-478
-578
-588
-598
-678
-688
-698
-418
-438
-448
-198
-798
-898
-998
532
-531
-533
-535
-536
-538
-539
-412
-432
-512
-522
-612
-622
-632
-542
-552
-562
-572
-582
-592
-232
-332
-732
-832
-932
573
-571
-574
-576
-577
-473
-583
-593
-673
-683
-693
-513
-523
-543
-553
-563
-173
-373
-773
-873
-973
616
-613
-614
-615
-618
-619
-416
-436
-516
-526
-626
-636
-646
-656
-666
-676
-686
-116
-716
-816
-916
623
-621
-624
-625
-628
-629
-413
-433
435
-633
-415
414
-514
-524
-515
-525
-635
-444
-454
-474
-445
-455
-643
-653
-663
-714
-814
-914
-123
-223
-323
-723
-823
-923
-735
-835
-935
648
-642
-644
-645
-649
-548
-568
-668
-638
-748
-848
-948
682
-684
-685
-687
-472
476
-672
-692
-586
-446
-456
-652
-662
-776
-876
-976
-182
-282
-782
-882
-982
715
-712
-713
-717
-718
-719
-725
-815
-825
-915
-925
-745
-755
-785
-795
-115
125
-122
-126
-128
-129
729
-721
-722
-724
-726
-728
-739
-819
-829
-839
-919
-929
-939
-749
-759
-769
-779
-799
-229
-329
-529
746
-742
-743
-744
-756
-766
-846
-856
-866
-946
-956
-966
-736
-786
-246
-546
768
-762
-763
-764
-767
-868
-968
-738
-778
-788
837
-831
-833
-836
-838
-737
-817
-917
-937
-857
-867
-877
-887
-897
117
-112
-113
-118
-119
-237
-177
-187
-197
851
-852
-853
-854
-855
-859
-751
-951
-821
-871
-891
895
-892
-893
-894
-899
-885
-985
-995
-845
585
-584
-587
-595
-695
-545
-555
655
-654
-657
-659
945
-942
-943
-944
-949
-955
967
-962
-963
-964
-969
-757
-957
-977
-987
-997
557
-554
-556
-559
566
-564
-567
-569
-667
-597
156
-152
-153
-159
-166
-266
979
-971
-972
-974
-978
-879
-999
-959
359
-352
-353
-354
-169
-249
-269
374
-372
-378
-379
-284
-294
-319
-339
239
-233
-236
226
-222
-299
519
-518
528
-521
631
-639
591
-594
-671
-691
544
-549
-664
669
921
-922
-924
-926
-928
-731
733
-931
-813
-913
-933
824
-822
-826
-828
936
-938
-753
-783
-793
-844
-864
-874
-884
886
-883
-888
-986
-991
313
-312
-318
322
-328
-333
338
-244
264
-262
-263
849
-842
-843
-869
863
-862
-953
453
-452
442
-443
-242
243
162
-163
-172
-192
292
-293
-297
287
-283
771
-772
-774
-777
-791
872
-878
-792
-992
988
-983
-984
993
-994
752
-754
-952
954
-812
818
912
-918
-674
677
694
-697
178
-179
-188
183
-193
199
784
-787
-794
797
