139
-131
-132
-133
-134
-135
-136
-137
-138
-119
-129
-219
-229
-239
-319
-329
-339
-149
-159
-169
-179
-189
-199
-439
-539
-639
-739
-839
-939
144
-141
-142
-143
-145
-146
-147
-148
-154
-164
-244
-254
-264
-344
-354
-364
-114
-124
-174
-184
-194
-444
-544
-644
-744
-844
-944
167
-161
-162
-163
-165
-166
-168
-157
-247
-257
-267
-347
-357
-367
-117
-127
-177
-187
-197
-467
-567
-667
-767
-867
-967
176
-171
-172
-173
-175
-178
-186
-196
-276
-286
-296
-376
-386
-396
-116
-126
-156
-476
-576
-676
-776
-876
-976
198
-191
-192
-193
-195
-188
-278
-288
-298
-378
-388
-398
-118
-128
-158
-498
-598
-698
-798
-898
-998
224
-221
-222
-223
-225
-226
-227
-228
-214
-234
-314
-324
-334
-274
-284
-294
-424
-524
-624
-724
-824
-924
262
-261
-263
-265
-266
-268
-269
-152
-242
-252
-342
-352
-362
-212
-232
-272
-282
-292
-462
-562
-662
-762
-862
-962
315
-311
-312
-313
-316
-317
-318
-115
-125
-215
-235
-325
-335
-345
-355
-365
-375
-385
-395
-415
-515
-615
-715
-815
-915
341
-343
-346
-348
-349
-151
-241
-251
-351
-361
-321
-331
-371
-381
-391
-441
-541
-641
-741
-841
-941
419
-411
-412
-413
-414
-416
-417
-418
-429
-519
-529
-619
-629
-449
-459
-469
-479
-489
-499
-719
-819
-919
451
-452
-453
-454
-455
-456
-457
-458
-461
-551
-561
-651
-661
-421
-431
-471
-481
-491
-751
-851
-951
522
-521
-523
-525
-526
-527
-528
-422
-432
-512
-532
-612
-622
-632
-542
-552
-572
-582
-592
-122
-322
-722
-822
-922
536
-531
-533
-534
-535
-537
-538
-426
-436
-516
-616
-626
-636
-546
-556
-566
-586
-596
-236
-336
-736
-836
-936
577
-571
-573
-574
-575
-578
-579
-477
-487
-497
-587
-597
-677
-687
-697
-517
-547
-557
-277
-377
-777
-877
-977
585
-581
-583
-584
-588
-589
-475
-485
-495
-595
-675
-685
-695
-545
-555
-565
-185
155
-153
-245
-255
-655
-755
-855
-955
-285
-785
-885
-985
652
-653
-654
-656
-657
-658
-659
-442
-642
-672
-682
-692
-752
-852
-952
696
-691
-693
-694
-699
-486
-496
-686
-646
-666
-796
-896
-996
764
-761
-763
-765
-766
-768
-769
-754
-854
-864
-954
-964
-714
-734
-774
-784
-794
554
-553
-558
-559
-464
-564
-664
-514
-594
797
-791
-792
-793
-795
-799
-787
-887
-897
-987
-997
-717
-727
-737
-747
-757
-297
-397
842
-843
-845
-846
-847
-848
-849
-742
-942
-812
-832
-872
-882
-892
883
-881
-884
-886
-888
-889
-773
-783
-873
-893
-973
-983
-993
-813
-823
-833
-853
-863
-183
-283
-383
-483
-683
911
-912
-913
-914
-916
-917
-918
-711
-721
-731
-811
-821
-831
-921
-931
-961
861
-865
-866
-868
-869
-871
-891
-971
-981
-991
-111
-211
-511
591
-593
-599
-671
-681
-611
-291
937
-932
-933
-934
-935
-938
-817
-827
-837
-927
857
-856
-858
-859
-947
-957
-237
-337
-437
-637
949
-943
-945
-946
-948
-749
-759
-959
-969
-929
-979
-989
-999
-249
-549
569
-563
-568
-649
-669
-369
966
-963
-965
-968
745
-743
-746
-748
-756
-956
-725
-735
-775
-926
-986
786
-781
-782
-788
-789
771
-772
-778
-779
-716
-726
729
-723
-728
-829
-445
-645
-366
-466
446
-443
-447
-448
647
-643
-648
427
-423
-425
-428
-617
-627
217
-213
-216
-218
326
-323
-327
-328
-287
387
-382
-384
-389
-356
816
-814
-818
834
-835
-838
-826
-874
-894
614
-613
-618
-434
-634
-674
-684
-246
256
-253
-258
-259
359
-353
-358
-379
-399
-271
972
-974
-975
-978
-982
-992
-372
-472
112
-113
-332
-182
181
-281
289
392
-393
-394
374
-373
-279
-299
-121
123
231
-233
-238
-333
338
248
-243
363
-368
-712
732
-733
-738
621
-623
-625
-628
-631
-923
713
-718
-753
758
953
-958
-513
518
-438
-638
543
-548
-463
-663
-474
482
-484
-488
-492
494
-493
984
-988
-994
995
-875
-895
899
878
-879
825
-828
-925
928
275
-273
293
-295
-478
473
-673
-433
435
633
-635
-465
468
665
-668
-678
679
688
-689
