171
-172
-173
-174
-175
-176
-177
-178
-179
-181
-191
-271
-281
-291
-371
-381
-391
-111
-121
-131
-141
-151
-161
-471
-571
-671
-771
-871
-971
195
-192
-193
-194
-196
-197
-198
-199
-185
-275
-285
-295
-375
-385
-395
-115
-125
-135
-145
-155
-165
-495
-595
-695
-795
-895
-995
268
-261
-262
-263
-264
-265
-266
-267
-269
-148
-158
-168
-248
-258
-348
-358
-368
-218
-228
-238
-278
-288
-298
-468
-568
-668
-768
-868
-968
311
-312
-313
-314
-315
-316
-317
-318
-319
-211
-221
-231
-321
-331
-341
-351
-361
-411
-511
-611
-711
-811
-911
342
-343
-344
-345
-346
-347
-349
-142
-152
-162
-242
-252
-352
-362
-322
-332
-372
-382
-392
-442
-542
-642
-742
-842
-942
367
-363
-364
-365
-366
-369
-147
-157
-167
-247
-257
-357
-327
-337
-377
-387
-397
-467
-567
-667
-767
-867
-967
399
-393
-394
-396
-398
-189
-279
-289
-299
-379
-389
-329
-339
-359
-499
-599
-699
-799
-899
-999
423
-421
-422
-424
-425
-426
-427
-428
-429
-413
-433
-513
-523
-533
-613
-623
-633
-443
-453
-463
-473
-483
-493
-123
-223
-323
-723
-823
-923
475
-472
-474
-476
-477
-478
-479
-485
-575
-585
-675
-685
-415
-435
-445
-455
-465
-775
-875
-975
498
-491
-492
-494
-496
-497
-488
-578
-588
-598
-678
-688
-698
-418
-438
-448
-458
-798
-898
-998
537
-531
-532
-534
-535
-536
-538
-539
-417
-437
-517
-527
-617
-627
-637
-547
-557
-577
-587
-597
-137
-237
-737
-837
-937
546
-541
-543
-544
-545
-548
-549
-446
-456
-466
-556
-566
-646
-656
-666
-516
-526
-576
-586
-596
-146
-246
-746
-846
-946
647
-641
-643
-644
-645
-648
-649
-447
-457
-657
487
-481
-482
-484
-486
-489
-677
-687
-697
-747
-847
-947
-187
-287
-787
-887
-987
722
-721
-724
-725
-726
-727
-728
-729
-712
-732
-812
-822
-832
-912
-922
-932
-752
-762
-772
-782
-792
-122
-222
-522
-622
759
-751
-753
-754
-755
-756
-757
-758
-749
-769
-849
-859
-869
-949
-959
-969
-719
-739
-779
-789
-159
-259
-459
-559
-659
784
-781
-783
-785
-786
-788
-774
-794
-874
-884
-894
-974
-984
-994
-714
-734
-744
-764
-184
-284
-384
-584
-684
838
-831
-833
-834
-835
-836
-839
-718
-738
-818
-828
-918
-928
-938
-848
-858
-878
-888
-138
-338
-638
841
-843
-844
-845
-741
-761
-851
-861
-941
-951
-961
-821
-881
-891
-241
251
-253
-254
-255
-256
-441
-451
-551
-651
856
-852
-853
-854
-855
-857
-766
-866
-956
-966
957
-952
-953
-954
-955
-958
-816
-826
-876
-886
-896
-917
-927
-977
-997
-156
-356
166
-163
-164
-169
-116
-126
-136
-186
877
-872
-873
-879
-777
-797
-897
717
-713
-715
-716
-817
-827
-117
127
-124
-128
-129
-217
-227
-277
297
-292
-293
-294
-296
933
-931
-934
-935
-936
-939
-733
-813
-913
-943
-963
-973
-983
-993
-133
-233
-333
988
-981
-982
-985
-986
-989
885
-882
-883
-889
-778
-978
979
-972
-976
748
-743
-745
-948
-815
-825
-865
-919
-929
378
-373
-374
-376
274
-272
-273
-276
-188
-388
118
-112
-113
-114
-119
213
-212
-214
-215
-216
-219
-328
-243
-283
-224
-234
-244
-518
-618
143
-144
-149
-153
154
-353
-354
355
-245
249
-183
182
-282
286
383
-386
-132
232
-235
-236
-239
-134
139
-229
225
-226
-325
-335
-525
-625
-925
-432
-632
-439
-639
945
-944
-765
763
-863
-965
-773
776
-796
-996
-793
791
-991
992
-892
893
-731
921
-924
-926
735
-736
-915
916
-914
862
-864
-962
964
-416
436
-431
-434
-616
-626
-636
461
-462
-464
-469
-561
-661
-521
-621
631
-634
-635
-681
-691
326
-324
334
-336
444
-449
-454
452
-552
-562
-652
-662
-554
-564
-654
-664
-412
-414
419
-519
-529
-619
-629
-819
814
-824
829
-514
-614
-555
-655
-563
-663
-574
-674
-676
-579
-679
581
-582
-583
-589
-591
689
-682
-683
-686
696
-692
-693
-694
594
-592
-593
-524
528
624
-628
-558
553
-653
658
-573
572
-672
673
-512
515
612
-615
-565
569
665
-669
