149
-141
-142
-143
-144
-145
-146
-147
-148
-159
-169
-249
-259
-269
-349
-359
-369
-119
-129
-139
-179
-189
-199
-449
-549
-649
-749
-849
-949
158
-151
-152
-153
-154
-155
-156
-157
-168
-248
-258
-268
-348
-358
-368
-118
-128
-138
-178
-188
-198
-458
-558
-658
-758
-858
-958
187
-181
-182
-183
-184
-185
-186
-177
-197
-277
-287
-297
-377
-387
-397
-117
-127
-137
-167
-487
-587
-687
-787
-887
-987
213
-211
-212
-214
-215
-216
-217
-218
-219
-113
-123
-133
-223
-233
-313
-323
-333
-243
-253
-263
-273
-283
-293
-413
-513
-613
-713
-813
-913
235
-231
-232
-234
-236
-237
-238
-239
-115
-125
-135
-225
-315
-325
-335
-245
-255
-265
-275
-285
-295
-435
-535
-635
-735
-835
-935
326
-321
-322
-324
-327
-328
-329
-116
-126
-136
-226
-316
-336
-346
-356
-366
-376
-386
-396
-426
-526
-626
-726
-826
-926
338
-331
-332
-334
-337
-339
-228
-318
-378
-388
-398
-438
-538
-638
-738
-838
-938
367
-361
-362
-363
-364
-365
-247
-257
-267
-347
-357
227
-221
-222
-224
-229
-317
319
-311
-312
-314
-379
-389
-399
-419
-519
-619
-719
-819
-919
-427
-527
-627
-727
-827
-927
-467
-567
-667
-767
-867
-967
382
-381
-383
-384
-385
-172
-192
-272
-282
-292
-372
-392
-342
-352
-482
-582
-682
-782
-882
-982
461
-462
-463
-464
-465
-466
-468
-469
-441
-451
-541
-551
-561
-641
-651
-661
-411
-421
-431
-471
-481
-491
-161
-261
-761
-861
-961
484
-483
-485
-486
-488
-489
-474
-494
-574
-584
-594
-674
-684
-694
-414
-424
-434
-444
-454
-284
-784
-884
-984
517
-511
-512
-514
-515
-516
-518
-417
-437
-537
-617
-637
-547
-557
-577
-597
-717
-817
-917
524
-521
-522
-523
-525
-528
-529
-534
-614
-624
-634
-544
-554
-564
-124
-724
-824
-924
548
-542
-543
-545
-546
-448
-568
-648
-668
-578
-588
-598
-748
-848
-948
563
-562
-565
-566
-569
-443
-453
-553
-643
-653
-663
-533
-573
-583
-593
-163
-763
-863
-963
585
-581
-586
-589
-475
-495
-575
-595
-675
-685
-695
-555
-785
-885
-985
592
-591
-596
-599
-472
-492
-572
-672
-692
-532
-552
-792
-892
-992
625
-621
-622
-623
-628
-629
-415
-425
-615
-645
-655
-665
-725
-825
-925
642
-644
-646
-647
-442
-452
-652
-662
-612
-632
-242
-742
-842
-942
664
-666
-669
-654
-164
-264
-764
-864
-964
728
-721
-722
-723
-729
-718
-818
-828
-918
-928
-768
-778
-788
-798
-428
743
-741
-744
-745
-746
-747
-753
-843
-853
-943
-953
-733
-773
-783
-793
-343
353
-351
-354
-355
-373
-393
775
-771
-772
-774
-776
-777
-779
-795
-875
-895
-975
-995
-715
-755
-765
-175
-375
789
-781
-786
-799
-879
-889
-899
-979
-989
-999
-739
-759
-769
-289
-689
871
-872
-873
-874
-876
-877
-878
-791
-881
-891
-971
-981
-991
972
-973
-974
-976
-977
-978
-811
-821
-831
-841
-851
-912
-922
-932
-952
-962
-171
-271
-371
374
-174
-194
-274
-294
-394
-344
-571
531
-536
-539
-611
-631
-131
-731
-931
-671
893
-894
-896
-897
-898
-883
-983
-993
-823
-833
683
-681
-686
-688
691
-693
-696
-697
-698
-699
-473
-493
-673
-633
173
-176
-193
281
-286
-288
-191
-291
-391
395
-195
196
-276
-296
165
-162
-166
-345
341
-241
-251
-941
-865
-965
-496
-796
-996
923
-921
-929
-933
121
-122
-111
-423
433
-432
-436
-439
954
-951
-955
-956
-957
-959
751
-752
-754
-756
-757
-844
-854
-944
-711
911
-914
-915
-916
815
-812
-814
-816
834
-832
-836
-837
-839
-714
-734
-934
794
-797
-994
997
-998
737
-732
-736
-937
-845
-855
945
-946
-947
114
-112
132
-134
244
-246
-254
-445
455
-456
-457
-459
-497
969
-966
-968
868
-862
-866
-869
-859
-888
886
-986
988
-846
847
-857
-856
852
-762
766
712
-716
-822
829
936
-939
-412
422
-429
639
-636
-659
559
-556
576
-579
-476
-676
-679
446
-447
-656
657
-416
418
616
-618
477
-478
-479
-677
678
-498
499
-252
256
262
-266
-278
279
298
-299
