137
-131
-132
-133
-134
-135
-136
-138
-139
-117
-127
-217
-227
-237
-317
-327
-337
-147
-157
-167
-177
-187
-197
-437
-537
-637
-737
-837
-937
151
-152
-153
-154
-155
-156
-158
-159
-141
-161
-241
-251
-261
-341
-351
-361
-111
-121
-171
-181
-191
-451
-551
-651
-751
-851
-951
166
-162
-163
-164
-165
-168
-169
-146
-246
-256
-266
-346
-356
-366
-116
-126
-176
-186
-196
-466
-566
-666
-766
-866
-966
214
-211
-212
-213
-215
-216
-218
-219
-114
-124
-224
-234
-314
-324
-334
-244
-254
-264
-274
-284
-294
-414
-514
-614
-714
-814
-914
232
-231
-233
-235
-236
-238
-239
-112
-122
-222
-312
-322
-332
-242
-252
-262
-272
-282
-292
-432
-532
-632
-732
-832
-932
243
-245
-247
-248
-249
-143
-253
-263
-343
-353
-363
-223
-273
-283
-293
-443
-543
-643
-743
-843
-943
316
-311
-313
-315
-318
-319
-226
-326
-336
-376
-386
-396
-416
-516
-616
-716
-816
-916
349
-342
-344
-345
-347
-348
-149
-259
-269
-359
-369
-329
-339
-379
-389
-399
-449
-549
-649
-749
-849
-949
374
-371
-372
-373
-375
-377
-378
-174
-184
-194
-384
-394
144
-142
-145
-148
-354
-364
-444
-544
-644
-744
-844
-944
-474
-574
-674
-774
-874
-974
425
-421
-422
-423
-424
-426
-427
-428
-429
-415
-435
-515
-525
-535
-615
-625
-635
-445
-455
-465
-475
-485
-495
-125
-225
-325
-725
-825
-925
487
-481
-482
-483
-484
-486
-488
-489
-477
-497
-577
-587
-597
-677
-687
-697
-417
-447
-457
-467
-287
-387
-787
-887
-987
496
-491
-492
-493
-494
-498
-499
-476
-576
-586
-596
-676
-686
-696
-436
-446
-456
-296
-796
-896
-996
541
-542
-545
-546
-547
-548
-441
-461
-561
-641
-661
-511
-521
-531
-571
-581
-591
-741
-841
-941
565
-562
-563
-564
-567
-568
-569
-555
-645
-655
-665
-575
-585
-595
-265
-365
-765
-865
-965
618
-611
-612
-613
-617
-619
-418
-438
-518
-528
-538
-628
-638
-648
-658
-668
-678
-688
-698
-118
-718
-818
-918
626
-621
-622
-623
-624
-627
-629
-526
-536
-636
556
-552
-553
-554
-557
-558
-559
-646
-656
-726
-826
-926
-756
-856
-956
685
-681
-682
-683
-684
-689
-675
-695
-185
-285
-385
-785
-885
-985
733
-731
-734
-735
-736
-738
-739
-713
-723
-813
-823
-833
-913
-923
-933
-753
-763
-773
-783
-793
-333
-433
-533
-633
761
-762
-764
-767
-768
-769
-861
-961
-711
-721
-771
-781
-791
792
-794
-795
-797
-798
-799
-772
-782
-872
-882
-892
-972
-982
-992
-712
-722
-742
-752
-192
-392
-592
-692
863
-862
-864
-867
-868
-869
-853
-953
-963
-873
-883
-893
-463
-663
871
-875
-876
-877
-878
-879
-881
-891
-971
-981
-991
-811
-821
-831
-271
-471
-671
691
-693
-694
-699
-631
-291
-391
894
-895
-897
-898
-899
-784
-884
-984
-994
-824
-834
-854
584
-582
-583
-588
-589
-594
-524
-534
539
-419
-439
-519
-529
-639
634
-434
431
-411
-579
-599
-654
-664
911
-912
-915
-917
-919
-921
-931
-331
-934
-839
-939
946
-942
-945
-947
-948
-746
-846
-936
836
-835
-838
-886
-976
-986
952
-954
-955
-957
-958
-959
-842
-852
-962
-922
-352
362
-367
-368
-382
-452
-652
-462
-662
182
-183
-188
-189
-172
973
-975
-977
-978
-979
-983
-993
-173
-473
-573
-673
593
-598
-513
-523
413
-412
-453
653
-657
-659
578
-572
-478
-113
-178
-278
-778
383
-381
-388
281
-286
-288
-289
-193
-393
276
-275
-277
-279
123
-128
-129
-323
198
-195
-199
-298
-398
-221
321
-328
-776
786
-788
-789
777
-775
-779
995
-997
-998
-999
-717
-727
-747
-757
-935
938
-728
-828
-928
-968
-988
989
888
-889
-848
-858
-929
-969
228
-229
-338
335
-115
119
175
-179
-295
-395
397
-297
299
255
-257
-258
-355
267
-268
-357
358
-719
715
-815
-745
748
-758
-755
-819
845
-847
-855
647
-642
442
-448
-667
669
-459
-469
-472
479
672
-679
857
-859
-967
964
-754
759
724
-729
-924
927
-817
812
-822
-827
829
-512
517
522
-527
454
-458
-464
468
