131
-132
-133
-134
-135
-136
-137
-138
-139
-111
-121
-211
-221
-231
-311
-321
-331
-141
-151
-161
-171
-181
-191
-431
-531
-631
-731
-831
-931
156
-152
-153
-154
-155
-157
-158
-159
-146
-166
-246
-256
-266
-346
-356
-366
-116
-126
-176
-186
-196
-456
-556
-656
-756
-856
-956
229
-222
-223
-224
-225
-226
-227
-228
-119
-129
-219
-239
-319
-329
-339
-249
-259
-269
-279
-289
-299
-429
-529
-629
-729
-829
-929
232
-233
-234
-235
-236
-237
-238
-112
-122
-212
-312
-322
-332
-242
-252
-262
-272
-282
-292
-432
-532
-632
-732
-832
-932
257
-251
-253
-254
-255
-258
-147
-167
-247
-267
-347
-357
-367
-217
-277
-287
-297
-457
-557
-657
-757
-857
-957
275
-271
-273
-274
-276
-278
-175
-185
-195
-285
-295
-375
-385
-395
-215
-245
-265
-475
-575
-675
-775
-875
-975
314
-313
-315
-316
-317
-318
-114
-124
-214
-324
-334
-344
-354
-364
-374
-384
-394
-414
-514
-614
-714
-814
-914
337
-333
-335
-336
-338
-117
-127
-327
-377
-387
-397
-437
-537
-637
-737
-837
-937
349
-341
-342
-343
-345
-348
-149
-169
-359
-369
-379
-389
-399
-449
-549
-649
-749
-849
-949
382
-381
-383
-386
-388
-172
-182
-192
-372
-392
-352
-362
-482
-582
-682
-782
-882
-982
421
-422
-423
-424
-425
-426
-427
-428
-411
-511
-521
-611
-621
-441
-451
-461
-471
-481
-491
-721
-821
-921
497
-492
-493
-494
-495
-496
-498
-499
-477
-487
-577
-587
-597
-677
-687
-697
-417
-447
-467
-197
-797
-897
-997
528
-522
-523
-524
-525
-526
-527
-418
-438
-518
-538
-618
-628
-638
-548
-558
-568
-578
-588
-598
-128
-328
-728
-828
-928
534
-533
-535
-536
-539
-434
-624
-634
-544
-554
-564
-574
-584
-594
-734
-834
-934
555
-551
-552
-553
-559
-445
-455
-465
-545
-565
-645
-655
-665
-515
-585
-595
-355
-755
-855
-955
572
-571
-573
-576
-579
-472
-592
-672
-692
-512
-542
-562
-772
-872
-972
583
-581
-586
-589
-473
-483
-593
-673
-683
-693
-513
-543
-563
-183
-283
-783
-883
-983
615
-612
-613
-616
-617
-619
-415
-435
-625
-635
485
-484
-486
-488
-489
-685
-695
-115
-715
-815
-915
-785
-885
-985
688
-681
-684
-686
-689
-478
-678
-698
-648
-658
-668
-188
-288
-788
-888
-988
724
-722
-723
-725
-726
-727
-824
-924
-744
-754
-764
-774
-784
-794
765
-761
-762
-763
-766
-767
-768
-769
-745
-845
-865
-945
-965
-735
-795
145
-142
-143
-144
-148
162
-163
-164
-165
-168
-365
-125
123
-113
118
-213
-323
325
-326
216
-218
-173
-193
-178
-198
-286
-296
-416
-516
-716
-816
-916
-718
-818
-918
-623
-823
-923
-825
-925
-462
-662
-862
-962
773
-771
-776
-777
-778
-779
-793
-873
-893
-973
-993
-713
-733
-743
-753
-373
798
-791
-792
-796
-799
-878
-898
-978
-998
-738
-748
-758
378
-371
-376
396
-391
-393
-398
293
-291
-294
-298
281
-284
-241
-261
-243
-263
-358
-368
-781
-881
-981
-596
-696
-896
-996
835
-833
-836
-838
-839
-935
938
-933
-936
-939
-895
995
-991
-992
-994
-999
892
-891
-894
-899
-812
-822
-842
-852
-948
-958
-968
851
-853
-854
-858
-859
-741
-751
-841
-861
-941
-951
-961
711
-712
-717
-719
-811
-911
-871
971
-974
-976
-977
-979
-351
353
361
-363
-651
-453
-653
-953
458
-452
-454
-459
-448
-468
-561
-661
-671
889
-884
-886
-887
-789
-879
-989
-819
-869
-189
954
-952
-959
-844
-864
-944
-964
874
-876
-877
-984
-654
-174
-474
-674
694
-691
-699
591
-599
-541
641
-642
-643
-644
-646
-647
-664
177
-179
-187
184
-194
199
244
-248
-264
268
-444
464
-463
-466
-469
848
-843
-846
-847
-868
412
-413
-419
-622
-442
652
-659
-912
922
-926
-927
-942
742
-746
-747
-752
759
-969
787
-786
986
-987
736
-739
-826
827
-817
813
-913
-917
919
-863
866
-867
-946
-966
517
-519
-627
626
-436
-636
-547
546
-446
443
-663
-566
-666
-433
439
633
-639
476
-479
-676
679
-567
569
667
-669
-943
947
963
-967
