133
-131
-132
-134
-135
-136
-137
-138
-139
-113
-123
-213
-223
-233
-313
-323
-333
-143
-153
-163
-173
-183
-193
-433
-533
-633
-733
-833
-933
141
-142
-144
-145
-146
-147
-148
-149
-151
-161
-241
-251
-261
-341
-351
-361
-111
-121
-171
-181
-191
-441
-541
-641
-741
-841
-941
197
-192
-194
-195
-196
-198
-199
-177
-187
-277
-287
-297
-377
-387
-397
-117
-127
-157
-167
-497
-597
-697
-797
-897
-997
228
-221
-222
-224
-225
-226
-227
-229
-118
-128
-218
-238
-318
-328
-338
-248
-258
-268
-278
-288
-298
-428
-528
-628
-728
-828
-928
266
-262
-263
-264
-265
-267
-269
-156
-166
-246
-256
-346
-356
-366
-216
-236
-276
-286
-296
-466
-566
-666
-766
-866
-966
319
-311
-312
-314
-315
-316
-317
-119
-129
-219
-239
-329
-339
-349
-359
-369
-379
-389
-399
-419
-519
-619
-719
-819
-919
337
-331
-332
-334
-335
-336
-217
-237
-327
-347
-357
-367
-437
-537
-637
-737
-837
-937
393
-391
-392
-394
-395
-396
-398
-273
-283
-293
-373
-383
-343
-353
-363
-493
-593
-693
-793
-893
-993
552
-551
-553
-554
-555
-556
-557
-558
-559
-442
-452
-462
-542
-562
-642
-652
-662
-512
-522
-532
-572
-582
-592
-152
-252
-352
-752
-852
-952
594
-591
-595
-596
-598
-599
-474
-484
-494
-574
-584
-674
-684
-694
-514
-524
-534
-544
-564
-294
-794
-894
-994
622
-621
-623
-624
-625
-626
-627
-629
-412
-422
-432
-612
-632
-672
-682
-692
-122
-322
-722
-822
-922
636
-631
-634
-635
-638
-639
-416
-426
-436
-516
-526
-536
-616
-646
-656
-676
-686
-696
-736
-836
-936
644
-643
-645
-647
-648
-649
-444
-454
-464
-654
-664
-614
-244
-344
-744
-844
-944
667
-661
-663
-665
-668
-669
-447
-457
-467
-547
-567
-657
-617
-677
-687
-767
-867
-967
787
-781
-782
-783
-784
-785
-786
-788
-789
-777
-877
-887
-977
-987
-717
-727
-747
-757
-487
-587
799
-791
-792
-795
-796
-798
-779
-879
-889
-899
-979
-989
-999
-729
-739
-749
-759
-769
-299
-499
-699
848
-842
-843
-845
-846
-847
-849
-748
-758
-768
-858
-868
-948
-958
-968
-818
-838
-878
-888
-898
-348
-448
-548
874
-871
-872
-873
-875
-876
-774
-884
-974
-984
-814
-824
-834
-854
-864
-174
-274
-374
882
-881
-883
-885
-886
-772
-892
-972
-982
-992
-812
-832
-862
-182
-282
-382
-482
939
-931
-932
-934
-935
-938
-829
-839
-929
-949
-959
-969
-439
-539
964
-961
-962
-963
-965
-754
-764
-954
-914
-924
-164
-364
976
-971
-973
-975
-978
-776
-896
-986
-996
-916
-926
-946
-956
-176
-376
-476
-576
496
-491
-492
-495
-498
472
-471
-473
-475
-477
-478
-479
-486
-586
577
-571
-573
-575
-578
-579
-446
-456
546
-543
-545
-549
-517
-527
-746
-172
-272
-372
292
-291
-295
-212
-232
112
-114
-115
-116
-162
-242
-712
-912
732
-731
-734
-735
-738
-742
-762
942
-943
-945
-947
-342
345
362
-365
-368
-155
-165
-245
-255
-355
-325
-375
-385
-445
-745
743
-753
-763
-853
-863
-953
-713
-723
-773
983
-981
-985
-988
-913
-923
-243
253
-254
-257
-259
247
-249
-443
449
-459
-469
-569
-659
-429
529
-521
-523
-525
-489
-589
-453
-653
673
-671
-675
-678
-679
-483
-583
-683
689
-681
-685
-688
-613
-189
-289
279
-271
-275
-179
991
-995
-998
-771
-891
895
-775
778
-718
918
-911
-915
-917
-815
-825
-835
831
-711
-721
-811
-821
-921
-851
-861
-855
-865
869
-859
-951
-418
-518
-618
-231
-431
-531
159
-154
-158
354
-358
168
-169
-178
175
-185
-285
-125
-188
-324
-384
-468
-568
371
-378
-281
284
-381
-184
186
-386
388
124
-126
-214
-234
235
-215
211
-321
326
-411
-511
-611
615
421
-423
-424
-425
-427
-415
-435
-515
513
-413
-535
538
417
-414
434
-438
-451
-461
-481
463
-465
-563
-588
-655
-695
-813
823
-826
-827
714
-715
-716
-724
816
-817
-726
725
-925
927
-755
-765
761
-751
756
955
-957
-856
857
651
-658
-561
565
-455
458
485
-488
-585
581
-691
698
