122
-121
-123
-124
-125
-126
-127
-128
-129
-112
-132
-212
-222
-232
-312
-322
-332
-142
-152
-162
-172
-182
-192
-422
-522
-622
-722
-822
-922
141
-143
-144
-145
-146
-147
-148
-149
-151
-161
-241
-251
-261
-341
-351
-361
-111
-131
-171
-181
-191
-441
-541
-641
-741
-841
-941
193
-194
-195
-196
-197
-198
-199
-173
-183
-273
-283
-293
-373
-383
-393
-113
-133
-153
-163
-493
-593
-693
-793
-893
-993
221
-223
-224
-225
-226
-227
-228
-229
-211
-231
-311
-321
-331
-271
-281
-291
-421
-521
-621
-721
-821
-921
235
-233
-234
-236
-237
-238
-239
-115
-135
-215
-315
-325
-335
-245
-255
-265
-275
-285
-295
-435
-535
-635
-735
-835
-935
242
-243
-244
-246
-247
-248
-249
-252
-262
-342
-352
-362
-272
-282
-292
-442
-542
-642
-742
-842
-942
346
-343
-344
-345
-347
-348
-349
-156
-166
-256
-266
-356
-366
-316
-326
-336
-376
-386
-396
-446
-546
-646
-746
-846
-946
378
-371
-372
-374
-375
-377
-379
-178
-188
-278
-288
-298
-388
-398
-318
-328
-338
-358
-368
-478
-578
-678
-778
-878
-978
382
-381
-384
-385
-387
-389
391
-392
-394
-395
-397
-399
-482
-582
-682
-782
-882
-982
-491
-591
-691
-791
-891
-991
412
-411
-413
-414
-415
-416
-417
-418
-419
-432
-512
-532
-612
-632
-452
-462
-472
-492
-712
-812
-912
429
-423
-424
-425
-426
-427
-428
-439
-519
-529
-539
-619
-629
-639
-449
-459
-469
-479
-489
-499
-329
-729
-829
-929
475
-471
-473
-474
-476
-477
-485
-495
-575
-585
-595
-675
-685
-695
-445
-455
-465
-175
185
-184
-186
-187
-189
-155
-165
-775
-875
-975
-785
-885
-985
481
-483
-484
-486
-487
-488
-571
-581
-671
-681
-431
-451
-461
-781
-881
-981
518
-511
-513
-514
-515
-516
-517
-438
-528
-538
-618
-628
-638
-548
-558
-568
-588
-598
-118
-218
138
-134
-136
-137
-139
-158
-168
-718
-818
-918
-738
-838
-938
544
-543
-545
-547
-549
-444
-454
-464
-554
-564
-644
-654
-664
-524
-534
-574
-584
-594
-744
-844
-944
561
-562
-563
-565
-566
-567
-569
-551
-651
-661
-531
-761
-861
-961
572
-573
-576
-577
-579
-592
-672
-692
-552
-772
-872
-972
611
-613
-614
-615
-616
-617
-631
-711
-811
-911
647
-643
-645
-648
-649
-447
-457
-467
-557
-657
-667
-627
-637
-677
-687
-697
-747
-847
-947
662
-663
-665
-666
-668
-669
-652
-762
-862
-962
714
-713
-715
-716
-717
-719
-724
-734
-814
-824
-834
-914
-924
-934
-754
-764
-774
-784
-794
-114
-214
-314
731
-732
-733
-736
-737
-739
-831
-931
-751
-771
776
-773
-777
-779
-786
-796
-876
-886
-896
-976
-986
-996
-726
-756
-766
-176
116
-117
-119
-216
-816
-916
-276
-676
792
-795
-797
-798
-799
-892
-992
-752
813
-815
-817
-819
-723
-823
-833
-913
-923
-933
-843
-853
-863
-873
-883
-213
-313
915
-917
-919
-725
-825
-925
-945
-955
-965
-995
895
-894
-897
-898
-899
-845
-855
-865
745
-743
-748
-749
-755
-765
365
-363
-364
-367
-369
-355
832
-836
-837
-839
-932
939
-936
-937
-852
952
-951
-953
-954
-956
-957
-958
-959
851
-854
-856
-857
-858
-859
-871
971
-973
-974
-977
-979
-949
-969
-989
-999
-339
849
-848
-759
-769
-869
789
-783
-787
-788
983
-984
-987
-988
-879
-889
-943
948
-758
-768
-868
-968
728
-727
-828
-928
888
-884
-887
-998
-963
443
-448
-453
-463
-553
-653
-433
673
-674
-679
-583
-683
-623
-633
-688
-289
-589
-689
154
-157
-159
-164
-254
-264
-354
-174
-167
169
-259
-269
-359
177
-179
-277
-287
-297
319
-317
-219
217
-327
-337
-257
-267
357
-353
-757
753
-763
767
-867
-967
-253
258
263
-268
-458
456
-466
468
-556
-656
-658
-436
-496
-498
698
-694
-696
-699
599
-596
-597
-559
555
-655
659
-525
625
-624
-626
324
-323
333
-334
523
-526
-527
-533
-877
874
-994
997
-864
866
964
-966
-826
827
926
-927
-274
279
-299
587
-586
686
-684
494
-497
-434
437
634
-636
536
-537
284
-286
-294
296
