123
-121
-122
-124
-125
-126
-127
-128
-129
-113
-133
-213
-223
-233
-313
-323
-333
-143
-153
-163
-173
-183
-193
-423
-523
-623
-723
-823
-923
138
-131
-132
-134
-135
-136
-137
-139
-118
-218
-228
-238
-318
-328
-338
-148
-158
-168
-178
-188
-198
-438
-538
-638
-738
-838
-938
196
-191
-192
-194
-195
-197
-199
-176
-186
-276
-286
-296
-376
-386
-396
-116
-146
-156
-166
-496
-596
-696
-796
-896
-996
245
-241
-242
-243
-244
-246
-247
-248
-249
-145
-155
-165
-255
-265
-345
-355
-365
-215
-225
-235
-275
-285
-295
-445
-545
-645
-745
-845
-945
261
-262
-263
-264
-266
-267
-268
-269
-141
-151
-161
-251
-341
-351
-361
-211
-221
-231
-271
-281
-291
-461
-561
-661
-761
-861
-961
272
-273
-274
-277
-278
-279
-172
-182
-282
-292
-372
-382
-392
-212
-222
-232
-252
-472
-572
-672
-772
-872
-972
367
-362
-363
-364
-366
-368
-369
-147
-157
-167
-257
-347
-357
-317
-327
-337
-377
-387
-397
-467
-567
-667
-767
-867
-967
442
-441
-443
-444
-446
-447
-448
-449
-452
-462
-542
-552
-562
-642
-652
-662
-412
-422
-432
-482
-492
-142
-342
-742
-842
-942
477
-471
-473
-474
-475
-476
-478
-479
-487
-497
-577
-587
-597
-677
-687
-697
-417
-427
-437
-457
-177
-777
-877
-977
485
-481
-483
-484
-486
-488
-489
-495
-575
-585
-595
-675
-685
-695
-415
-425
-435
-455
-465
-185
-385
-785
-885
-985
526
-521
-522
-524
-525
-527
-528
-529
-416
-426
-436
-516
-536
-616
-626
-636
-546
-556
-566
-576
-586
-226
-326
-726
-826
-926
558
-551
-553
-554
-555
-557
-559
-458
-468
-548
-568
-648
-658
-668
-518
-578
-588
-598
-258
-358
348
-343
-344
-346
-349
-378
-388
-398
-748
-848
-948
-758
-858
-958
754
-751
-752
-753
-755
-756
-757
-759
-744
-764
-844
-854
-864
-944
-954
-964
-714
-724
-734
-774
-784
-794
-154
-254
-354
-454
-654
793
-791
-792
-795
-797
-798
-799
-773
-783
-873
-883
-893
-973
-983
-993
-713
-733
-743
-763
-293
-393
-493
-593
-693
815
-811
-812
-813
-814
-816
-817
-818
-819
-715
-725
-735
-825
-835
-915
-925
-935
-855
-865
-875
-895
-115
175
-171
-174
-179
-375
-395
-315
-515
-615
-775
765
-762
-766
-768
-769
-955
-965
655
-651
-653
-656
-657
-659
-565
-665
535
-531
-532
-533
-534
-537
-539
-625
-635
325
-321
-322
-324
-329
-335
-975
995
-991
-992
-994
-997
-998
-999
886
-881
-882
-884
-887
-888
-889
-776
-786
-876
-976
-986
-836
-846
-856
-866
676
-671
-673
-674
-678
-679
-686
-646
-666
911
-912
-913
-914
-916
-917
-918
-919
-711
-721
-731
-821
-831
-921
-931
-941
-951
-971
-981
-111
181
-184
-187
-189
-371
-381
-391
117
-112
-114
-119
-217
-227
-237
-311
331
-332
-334
-336
-339
312
-314
-316
-319
-352
356
-353
-359
253
-256
-259
-283
-411
-511
-611
-512
-612
-712
-517
547
-541
-543
-544
-549
-647
-617
-717
-431
-631
-747
-847
-947
-453
-853
-953
-456
466
-463
-464
-469
-956
-966
-581
-681
-781
144
-149
-164
-644
152
-159
-162
169
-852
-952
-569
-669
-869
-969
214
-216
-219
-224
229
-234
236
-239
-284
-294
-289
-299
-414
-514
-614
716
-718
-719
-736
-936
-746
946
-943
-949
-429
-629
-729
-829
-929
-287
288
297
-298
-688
-788
-988
-897
-373
383
-384
-389
573
-571
-574
-579
-583
-683
591
-592
-594
-599
-491
-691
582
-584
-589
-682
-692
-513
519
-419
-439
-619
-639
-563
564
-664
663
-643
-613
618
-418
413
-433
434
-633
-424
-624
-634
-428
421
-621
-628
-451
459
641
-649
-494
498
-499
-698
-834
-934
-741
749
-849
-859
-959
957
-857
851
-841
843
-863
-963
771
-778
-779
-871
-891
728
-722
-727
-828
-928
-739
-789
-833
933
-932
-937
-939
839
-832
-837
827
-822
-824
924
-922
-927
732
-737
-782
787
-987
-879
-899
-974
-984
622
-627
-632
637
-982
989
892
-894
-898
874
-878
978
-979
-862
868
962
-968
-374
379
394
-399
684
-689
-694
699
