139
-131
-132
-133
-134
-135
-136
-137
-138
-119
-129
-219
-229
-239
-319
-329
-339
-149
-159
-169
-179
-189
-199
-439
-539
-639
-739
-839
-939
167
-161
-162
-163
-164
-165
-166
-168
-147
-157
-247
-257
-267
-347
-357
-367
-117
-127
-177
-187
-197
-467
-567
-667
-767
-867
-967
217
-211
-212
-213
-214
-215
-216
-218
-227
-237
-317
-327
-337
-277
-287
-297
-417
-517
-617
-717
-817
-917
248
-241
-242
-243
-244
-245
-246
-249
-148
-158
-258
-268
-348
-358
-368
-228
-238
-278
-288
-298
-448
-548
-648
-748
-848
-948
283
-281
-282
-284
-285
-286
-289
-173
-183
-193
-273
-293
-373
-383
-393
-223
-233
-253
-263
-483
-583
-683
-783
-883
-983
292
-291
-294
-295
-296
-299
-172
-182
-192
-272
-372
-382
-392
-222
-232
-252
-262
-492
-592
-692
-792
-892
-992
313
-311
-312
-314
-315
-316
-318
-113
-123
-323
-333
-343
-353
-363
-413
-513
-613
-713
-813
-913
322
-321
-324
-325
-326
-328
-112
-122
-332
-342
-352
-362
-422
-522
-622
-722
-822
-922
355
-351
-354
-356
-359
-145
-155
-255
-265
-345
-365
-335
-375
-385
-395
-455
-555
-655
-755
-855
-955
411
-412
-414
-415
-416
-418
-419
-421
-431
-511
-521
-531
-611
-621
-631
-441
-451
-461
-471
-481
-491
-111
-711
-811
-911
438
-432
-433
-434
-435
-436
-437
-428
-518
-528
-538
-618
-628
-638
-458
-468
-478
-488
-498
-338
-738
-838
-938
476
-472
-473
-474
-475
-477
-479
-486
-496
-576
-586
-596
-676
-686
-696
-426
-446
-456
-466
-176
-276
-376
-776
-876
-976
544
-541
-542
-543
-545
-546
-547
-549
-444
-454
-464
-554
-564
-644
-654
-664
-514
-524
-534
-574
-584
-594
-144
-344
-744
-844
-944
566
-561
-562
-563
-565
-568
-569
-556
-646
-656
-666
-516
-526
-536
-266
-366
-766
-866
-966
598
-591
-593
-595
-597
-599
-578
-588
-678
-688
-698
-558
-198
-398
-798
-898
-998
636
-632
-633
-634
-635
-637
-616
-626
-236
-336
-736
-836
-936
675
-671
-672
-673
-674
-677
-679
-485
-495
-575
-585
-685
-695
-615
-625
-645
-665
-175
-275
-775
-875
-975
699
-691
-693
-694
-697
-489
-499
-579
-589
-689
-619
-629
-649
-659
-669
-399
-799
-899
-999
754
-751
-752
-753
-756
-757
-758
-759
-764
-854
-864
-954
-964
-714
-724
-734
-774
-784
-794
-154
-254
785
-781
-782
-786
-787
-788
-789
-795
-885
-895
-985
-995
-715
-725
-735
-745
-765
-185
195
-191
-194
-196
-115
-125
796
-791
-793
-797
-886
-896
-986
-996
-716
-726
-746
-396
816
-812
-814
-815
-818
-819
-826
-916
-926
-846
-856
-116
827
-821
-823
-824
-825
-828
-829
-727
-737
-837
-927
-937
-847
-857
-877
-887
-897
-427
-527
-627
537
-532
-533
-535
-557
-577
-587
861
-862
-863
-865
-868
-869
-741
-761
-841
-851
-941
-951
-961
-831
-871
-881
-891
-261
-361
-661
894
-893
-874
-884
-974
-984
-994
-834
-394
-494
949
-942
-943
-945
-946
-947
956
-952
-953
-957
-958
-959
747
-742
-743
-749
-769
-849
-859
-969
-777
-919
-929
-979
-989
-447
-647
-349
-449
-156
-256
226
-221
-224
-225
235
-231
-234
-126
-835
845
-842
-843
-965
-935
-445
465
-462
-463
-469
-425
971
-972
-973
-977
-978
-771
-981
-991
-921
-931
-171
-271
251
-259
-141
-151
-341
346
-146
186
-181
-184
-188
-386
121
-124
-128
-331
334
-114
118
174
-178
-274
279
-374
-384
-379
-389
264
-269
-364
369
-718
-918
-721
731
-732
-733
-934
641
-642
-643
-551
-651
-681
-371
-571
581
-582
377
-378
-387
-397
391
-381
388
-779
-879
889
-882
-888
-988
-142
143
152
-153
442
-443
-452
-552
-652
-662
-482
-852
-423
-424
429
-519
-529
484
-487
-684
-459
559
-553
719
-712
-729
-453
457
-657
493
-497
-573
572
-682
687
-512
515
612
-614
624
-623
523
-525
-912
914
-915
-924
925
-923
-928
728
-723
-768
-778
878
-872
-873
832
-833
-932
933
853
-858
-763
762
-962
-963
968
-772
773
982
-987
-993
997
-653
658
663
-668
