132
-131
-133
-134
-135
-136
-137
-138
-139
-112
-122
-212
-222
-232
-312
-322
-332
-142
-152
-162
-172
-182
-192
-432
-532
-632
-732
-832
-932
154
-151
-153
-155
-156
-157
-158
-159
-144
-164
-244
-254
-264
-344
-354
-364
-114
-124
-174
-184
-194
-454
-554
-654
-754
-854
-954
173
-171
-175
-176
-177
-178
-179
-183
-193
-273
-283
-293
-373
-383
-393
-113
-123
-143
-163
-473
-573
-673
-773
-873
-973
191
-195
-196
-197
-198
-199
-181
-271
-281
-291
-371
-381
-391
-111
-121
-141
-161
-491
-591
-691
-791
-891
-991
214
-211
-213
-215
-216
-217
-218
-219
-224
-234
-314
-324
-334
-274
-284
-294
-414
-514
-614
-714
-814
-914
247
-241
-242
-243
-245
-246
-248
-249
-147
-167
-257
-267
-347
-357
-367
-227
-237
-277
-287
-297
-447
-547
-647
-747
-847
-947
288
-282
-285
-286
-289
-188
-278
-298
-378
-388
-398
-228
-238
-258
-268
-488
-588
-688
-788
-888
-988
313
-311
-315
-316
-317
-318
-319
-223
-233
-323
-333
-343
-353
-363
-413
-513
-613
-713
-813
-913
395
-392
-394
-396
-397
-399
-185
-275
-295
-375
-385
-325
-335
-345
-355
-365
-495
-595
-695
-795
-895
-995
428
-421
-422
-423
-424
-425
-426
-427
-429
-418
-438
-518
-528
-538
-618
-628
-638
-448
-458
-468
-478
-498
-128
-328
-728
-828
-928
459
-451
-452
-453
-455
-456
-457
-449
-469
-549
-559
-569
-649
-659
-669
-419
-439
-479
-489
-499
-259
-359
-759
-859
-959
461
-462
-463
-464
-465
-466
-467
-441
-541
-551
-561
-641
-651
-661
-411
-431
-471
-481
-261
-361
-761
-861
-961
531
-533
-534
-535
-536
-537
-539
-511
-521
-611
-621
-631
-571
-581
-231
-331
-731
-831
-931
574
-572
-575
-576
-577
-578
-579
-474
-484
-494
-584
-594
-674
-684
-694
-524
-544
-564
-374
384
-382
-386
-387
-389
-774
-874
-974
-784
-884
-984
648
-642
-643
-644
-645
-646
-548
-558
-568
-658
-668
598
-592
-593
-596
-597
-599
-678
-698
-148
-348
-748
-848
-948
-798
-898
-998
656
-652
-653
-655
-657
-446
-546
-556
-566
-666
-616
-626
-636
-676
-686
-696
-256
-356
-756
-856
-956
683
-681
-682
-685
-687
-689
671
-672
-675
-677
-679
-483
-493
-583
-693
-623
-633
-663
-771
-871
-971
-783
-883
-983
717
-711
-712
-715
-716
-718
-719
-727
-737
-817
-827
-837
-917
-927
-937
-757
-767
-777
-787
-797
-117
-417
-517
-617
792
-793
-794
-796
-799
-772
-782
-872
-882
-892
-972
-982
-992
-722
-742
-752
-762
-292
-492
-692
826
-821
-822
-823
-824
-825
-829
-726
-736
-816
-836
-916
-926
-936
-846
-866
-876
-886
-896
-126
-226
-326
-526
862
-863
-864
-865
-867
-868
-869
-842
-852
-942
-952
-962
-812
-262
-362
-562
-662
894
-893
-897
-899
993
-994
-996
-997
-999
-834
-844
-923
-933
-943
-953
-963
919
-911
-912
-915
-918
922
-921
-924
-925
-929
-729
-739
-819
-839
-939
-949
-969
-979
-989
811
-815
-818
-721
-841
-851
-881
118
-115
-116
-119
-338
-168
-519
-619
-522
-622
612
-615
-412
-512
934
-935
-938
-724
-734
-944
-964
624
-625
-627
-629
-434
-634
444
-442
-443
-445
-664
433
-435
-436
-437
-523
723
-725
-733
-833
-743
-753
-763
-744
764
-765
-766
-768
-769
957
-951
-955
-958
-857
-967
-977
-987
-557
976
-975
-978
-776
-786
-986
746
-741
-745
-749
-946
-966
849
-843
-845
853
-855
-858
-879
-889
968
-965
-758
543
-542
-545
552
-553
-555
-563
-582
342
-341
-346
-349
-252
-352
272
-276
-279
-372
941
-945
-751
755
781
-785
-789
-981
985
-775
-875
-885
887
-877
878
-778
779
-735
738
835
-838
-235
-635
665
-667
-565
567
-527
637
-639
529
-525
-587
-589
699
-697
-129
-229
-329
-337
145
-146
-149
-165
-255
-265
-125
127
225
-221
321
-327
-187
377
-376
-379
251
-253
-351
358
263
-266
-269
-368
-472
482
-485
-486
-487
475
-476
-477
-585
586
-496
497
-415
416
515
-516
-186
189
296
-299
166
-169
-366
369
-236
239
336
-339
