135
-131
-132
-133
-134
-136
-137
-138
-139
-115
-125
-215
-225
-235
-315
-325
-335
-145
-155
-165
-175
-185
-195
-435
-535
-635
-735
-835
-935
169
-161
-162
-163
-164
-166
-167
-168
-149
-159
-249
-259
-269
-349
-359
-369
-119
-129
-179
-189
-199
-469
-569
-669
-769
-869
-969
174
-171
-172
-173
-176
-177
-178
-184
-194
-274
-284
-294
-374
-384
-394
-114
-124
-144
-154
-474
-574
-674
-774
-874
-974
216
-211
-212
-213
-214
-217
-218
-219
-116
-126
-226
-236
-316
-326
-336
-246
-256
-266
-276
-286
-296
-416
-516
-616
-716
-816
-916
275
-271
-272
-273
-277
-278
-279
-285
-295
-375
-385
-395
-245
-255
-265
-475
-575
-675
-775
-875
-975
298
-291
-292
-293
-297
-299
-188
-198
-288
-378
-388
-398
-228
-238
-248
-258
-268
-498
-598
-698
-798
-898
-998
341
-342
-343
-344
-345
-346
-347
-348
-141
-151
-241
-251
-261
-351
-361
-311
-321
-331
-371
-381
-391
-441
-541
-641
-741
-841
-941
362
-363
-364
-365
-366
-367
-368
-142
-152
-242
-252
-262
-352
355
-353
-354
-356
-357
-358
-312
-322
-332
-372
-382
-392
-455
-555
-655
-755
-855
-955
-462
-562
-662
-762
-862
-962
425
-421
-422
-423
-424
-426
-427
-428
-429
-415
-515
-525
-615
-625
-445
-465
-485
-495
-725
-825
-925
463
-461
-464
-466
-467
-468
-443
-453
-543
-553
-563
-643
-653
-663
-413
-433
-473
-483
-493
-263
-763
-863
-963
519
-511
-512
-513
-514
-517
-518
-419
-439
-529
-539
-619
-629
-639
-549
-559
-579
-589
-599
-319
-719
-819
-919
534
-531
-532
-533
-536
-537
-538
-414
-434
-524
-614
-624
-634
-544
-554
-564
-584
-594
-234
-334
-734
-834
-934
573
-571
-572
-576
-577
-578
-583
-593
-673
-683
-693
-523
-373
-773
-873
-973
591
-592
-595
-596
-597
-471
-481
-491
-581
-671
-681
-691
-521
-551
-561
-191
-791
-891
-991
638
-631
-632
-633
-636
-637
-418
-438
-528
-618
-628
-648
-658
-668
-678
-688
-338
-738
-838
-938
642
-644
-645
-646
-647
-649
-442
-452
-542
-552
-652
-612
-622
-672
-682
-692
-742
-842
-942
685
-684
-686
-687
-689
-585
-695
-665
-785
-885
-985
748
-743
-744
-745
-746
-747
-749
-758
-768
-848
-858
-868
-948
-958
-968
-718
-728
-778
-788
-148
158
-153
-156
-157
146
-143
-147
-186
-196
-118
-128
-446
-546
-846
-946
-448
-548
-458
-558
568
-565
-566
-567
545
-547
-588
-845
-945
766
-761
-764
-765
-767
-756
-856
-866
-956
-966
-726
-736
-776
-786
-796
-666
815
-811
-812
-813
-814
-817
-818
-715
-915
795
-792
-793
-794
-797
-799
-895
-995
-865
965
-961
-964
-967
839
-831
-832
-833
-836
-837
-729
-739
-829
-929
-939
-849
-859
-879
-889
-899
-239
-339
896
-892
-893
-894
-897
-876
-886
-976
-986
-996
-826
-396
-496
-696
933
-931
-932
-936
-937
-713
-723
-733
-823
-913
-923
926
-921
-922
-924
-927
-928
-943
-953
-983
-993
-526
-626
436
-431
-432
-437
-456
-476
-486
-233
-333
337
-117
-127
-227
-237
-317
-327
-377
-387
-397
-737
949
-944
-947
-759
-959
-979
-989
-999
-449
972
-971
-977
-978
-772
-782
-872
-882
-982
-992
-912
-952
-472
-111
112
-113
-122
-222
-232
231
-121
123
-221
-223
-313
-323
181
-182
-183
-187
-281
-192
282
-283
-287
-289
197
-193
229
-224
-329
-412
522
-527
-582
-712
613
-611
-617
-623
-722
-822
732
-731
-752
852
-851
-853
-854
-857
-781
-881
-981
-482
492
-494
-497
-499
393
-399
-383
-697
-997
994
-784
-884
-984
-914
-954
484
-487
-488
-489
-694
699
478
-477
-479
-679
-444
447
-457
-557
556
-656
-657
-667
-454
-417
411
-621
627
-451
459
-659
-586
587
676
-677
-711
-911
951
-957
-751
-861
-727
-827
-247
-847
-651
654
661
-664
-254
-754
-376
379
386
-389
-878
-779
789
-783
-787
883
-887
-888
988
-987
753
-757
-843
844
-864
867
-824
-877
871
-771
777
721
-724
-821
828
714
-717
917
-918
-314
318
324
-328
243
-244
-253
257
264
-267
