173
-171
-172
-174
-175
-176
-177
-178
-179
-183
-193
-273
-283
-293
-373
-383
-393
-113
-123
-133
-143
-153
-163
-473
-573
-673
-773
-873
-973
182
-181
-184
-185
-186
-187
-188
-189
-192
-272
-282
-292
-372
-382
-392
-112
-122
-132
-142
-152
-162
-482
-582
-682
-782
-882
-982
225
-221
-222
-223
-224
-226
-227
-228
-229
-115
-125
-135
-215
-235
-315
-325
-335
-245
-255
-265
-275
-285
-295
-425
-525
-625
-725
-825
-925
244
-241
-242
-243
-246
-247
-248
-249
-144
-154
-164
-254
-264
-344
-354
-364
-214
-234
-274
-284
-294
-444
-544
-644
-744
-844
-944
376
-371
-374
-375
-377
-378
-379
-196
-276
-286
-296
-386
-396
-316
-326
-336
-346
-356
-366
-476
-576
-676
-776
-876
-976
442
-441
-443
-445
-446
-447
-448
-449
-452
-462
-542
-552
-562
-642
-652
-662
-412
-422
-432
-472
-492
-342
-742
-842
-942
486
-481
-483
-484
-485
-487
-488
-489
-496
-586
-596
-686
-696
-416
-426
-436
-456
-466
-786
-886
-986
533
-531
-532
-534
-535
-536
-537
-538
-539
-413
-423
-433
-513
-523
-613
-623
-633
-543
-553
-563
-583
-593
-233
-333
-733
-833
-933
571
-572
-574
-575
-577
-578
-579
-471
-491
-581
-591
-671
-681
-691
-511
-521
-541
-551
-561
-271
-771
-871
-971
617
-611
-612
-614
-615
-616
-618
-619
-417
-427
-437
-517
-527
-627
-637
-647
-657
-667
-677
-687
-697
-117
-217
-317
-717
-817
-917
645
-641
-643
-646
-648
-649
-455
-465
-545
-555
-565
-655
-665
-635
-675
-685
-695
-145
-345
-745
-845
-945
718
-711
-712
-713
-714
-715
-716
-719
-728
-738
-818
-828
-838
-918
-928
-938
-748
-758
-768
-778
-788
-798
-118
-218
-318
-418
-518
722
-721
-723
-724
-726
-727
-729
-732
-812
-822
-832
-912
-922
-932
-752
-762
-772
-792
-322
-522
-622
785
-781
-783
-784
-787
-789
-775
-795
-875
-885
-895
-975
-985
-995
-735
-755
-765
475
-474
-477
-478
-479
-495
-585
-595
-415
-435
515
-512
-514
-516
-519
632
-631
-634
-636
-638
-639
592
-594
-597
-598
-599
-672
-692
-815
-915
-232
-332
-385
-892
-992
863
-861
-862
-864
-865
-866
-867
-868
-869
-743
-753
-763
-843
-853
-943
-953
-963
793
-791
-794
-796
-797
-799
-883
-893
-983
-993
-813
-823
343
-341
-347
-348
-349
-253
-263
-353
-363
213
-211
-212
-216
-219
312
-311
-313
-314
-319
-323
-352
-362
-913
923
-921
-924
-926
-927
-929
-463
-663
683
-684
-688
-689
-493
-693
453
-451
-454
-457
-458
-459
-653
897
-891
-894
-896
-898
-899
996
-991
-994
-997
-998
-999
-777
-877
-887
-977
-987
-827
-837
-847
-857
-916
-936
-946
-956
-966
277
-278
-279
-197
-287
-297
-387
-397
-237
-257
-267
587
-584
-588
-589
-497
467
-461
-464
-468
-469
-547
-557
-567
-167
-367
-767
-967
951
-952
-954
-955
-957
-958
-959
-741
-751
-761
-841
-851
-941
-961
731
-734
-736
-737
-739
-811
-821
-831
-911
-931
937
-934
-935
-939
835
-834
-836
-839
881
-884
-888
-889
-981
-855
965
-962
-964
-968
-969
852
-854
-856
-858
-859
-872
972
-974
-978
-979
-947
-131
-231
-331
-431
-137
-337
141
-146
-147
-148
-149
-151
-161
-251
-261
-351
-361
-111
-121
321
-324
-327
-328
-329
127
-124
-126
-128
-129
-191
-157
357
-355
-358
-359
-381
-391
411
-414
-419
-421
-621
747
-746
-749
-757
-651
661
-664
-666
-668
-669
-252
262
-266
-268
-269
155
-156
-158
-159
-165
-365
-195
395
-394
-398
-399
-281
291
-298
-299
-114
-116
119
-139
-239
-339
-169
-199
816
-814
-819
-826
-846
914
-919
-824
829
874
-878
-879
-774
779
-984
988
-989
-759
-769
848
-849
-948
949
-429
-529
-629
439
-434
-438
-499
546
-548
-549
-556
-566
-656
-526
626
-624
-628
-674
678
-679
-498
494
-694
-698
699
-424
428
524
-528
-554
-564
654
-658
-659
-754
756
764
-766
-256
166
-168
-136
236
-238
384
-388
-389
-194
198
-288
289
134
-138
-334
338
258
-259
-368
369
-558
559
568
-569
