135
-131
-132
-133
-134
-136
-137
-138
-139
-115
-125
-215
-225
-235
-315
-325
-335
-145
-155
-165
-175
-185
-195
-435
-535
-635
-735
-835
-935
161
-162
-163
-164
-166
-167
-168
-169
-141
-151
-241
-251
-261
-341
-351
-361
-111
-121
-171
-181
-191
-461
-561
-661
-761
-861
-961
257
-252
-253
-254
-255
-256
-258
-259
-147
-157
-247
-267
-347
-357
-367
-217
-227
-237
-277
-287
-297
-457
-557
-657
-757
-857
-957
264
-262
-263
-265
-266
-268
-269
-144
-154
-244
-344
-354
-364
-214
-224
-234
-274
-284
-294
-464
-564
-664
-764
-864
-964
272
-271
-273
-275
-276
-278
-279
-172
-182
-192
-282
-292
-372
-382
-392
-212
-222
-232
-242
-472
-572
-672
-772
-872
-972
285
-281
-283
-286
-288
-289
-295
-375
-385
-395
-245
-485
-585
-685
-785
-885
-985
336
-331
-332
-333
-334
-337
-338
-339
-116
-126
-216
-226
-236
-316
-326
-346
-356
-366
-376
-386
-396
-436
-536
-636
-736
-836
-936
353
-352
-355
-358
-359
-143
-153
-243
-343
-363
-313
-323
-373
-383
-393
-453
-553
-653
-753
-853
-953
371
-374
-377
-378
-379
-291
-381
-391
-311
-321
-471
-571
-671
-771
-871
-971
394
-397
-398
-399
-174
-184
-194
-384
-314
-324
-494
-594
-694
-794
-894
-994
417
-411
-412
-413
-414
-415
-416
-418
-419
-427
-437
-517
-527
-537
-617
-627
-637
-447
-467
-477
-487
-497
-117
-317
-717
-817
-917
484
-481
-482
-483
-486
-488
-489
-474
-574
-584
-674
-684
-424
-434
-444
-454
-784
-884
-984
522
-521
-523
-524
-525
-526
-528
-529
-422
-432
-512
-532
-612
-622
-632
-542
-552
-562
-582
-592
-122
-322
-722
-822
-922
559
-551
-554
-555
-556
-558
-449
-459
-469
-549
-569
-649
-659
-669
-519
-539
-579
-589
-599
-159
-759
-859
-959
588
-581
-583
-586
-587
-478
-498
-578
-598
-678
-688
-698
-518
-538
-548
-568
-188
-388
-788
-888
-988
629
-621
-623
-624
-625
-626
-628
-429
-439
-619
-639
-679
-689
-699
-129
-229
-329
-729
-829
-929
697
-691
-692
-693
-695
-696
-577
-597
-677
-687
-647
-667
-197
-797
-897
-997
711
-712
-713
-714
-715
-716
-718
-719
-721
-731
-811
-821
-831
-911
-921
-931
-741
-751
-781
-791
-211
-511
-611
733
-732
-734
-737
-738
-739
-723
-813
-823
-833
-913
-923
-933
-743
-763
-773
-783
-793
-233
-433
-533
-633
755
-752
-754
-756
-758
-745
-765
-845
-855
-865
-945
-955
-965
-725
-775
-795
-455
-655
774
-776
-777
-778
-779
-874
-974
-724
-744
826
-824
-825
-827
-828
-726
-816
-916
-926
-846
-856
-866
-876
-886
-896
-426
837
-832
-834
-838
-839
-727
728
-927
-937
-818
-918
-928
-938
-748
-768
-798
-847
-867
-877
-887
-128
-228
-328
327
-127
-387
389
-179
-189
-199
-299
-319
-349
-369
-428
932
-934
-939
-812
-912
-942
-952
-962
-982
-992
239
-231
-238
221
-223
-119
-219
149
-142
-146
-148
-249
-421
-749
-849
-949
-789
-889
-989
844
-841
-842
-843
-848
-854
-944
-954
-814
-544
-644
654
-651
-652
-656
-658
-614
-634
534
-531
-514
852
-851
-858
-742
-762
-862
-882
-892
-152
112
-113
-114
-118
-312
318
124
-123
213
-218
-293
-348
-368
-513
-613
423
-425
-443
-463
-473
-493
914
-915
-919
-924
925
-815
819
-869
-879
-899
-975
-995
-618
-452
941
-943
-946
-947
-948
-951
-981
-991
-441
-541
591
-593
-595
-596
-491
-681
-641
451
-456
-458
-431
438
631
-638
-448
-468
881
-883
-891
976
-973
-977
-978
-979
-786
-796
-986
-996
-956
958
-868
863
-963
-968
-873
-893
-966
-998
156
-158
-246
248
-176
-186
-196
296
-298
-648
668
-662
-663
-665
-666
-563
-476
-576
-676
177
-173
-178
-187
183
-193
198
878
-875
895
-898
479
-475
-499
-683
-983
987
993
-999
-787
782
-792
799
-769
969
-967
-682
686
492
-495
-496
-442
-462
642
-643
-645
-646
543
-545
-546
-547
567
-565
-566
-573
575
673
-675
-515
516
615
-616
-342
345
362
-365
-445
446
465
-466
-746
747
766
-767
