134
-131
-132
-133
-135
-136
-137
-138
-139
-114
-124
-214
-224
-234
-314
-324
-334
-144
-154
-164
-174
-184
-194
-434
-534
-634
-734
-834
-934
149
-141
-142
-143
-145
-146
-147
-148
-159
-169
-249
-259
-269
-349
-359
-369
-119
-129
-179
-189
-199
-449
-549
-649
-749
-849
-949
192
-191
-193
-195
-196
-197
-198
-172
-182
-272
-282
-292
-372
-382
-392
-112
-122
-152
-162
-492
-592
-692
-792
-892
-992
243
-241
-242
-244
-245
-246
-247
-248
-153
-163
-253
-263
-343
-353
-363
-213
-223
-233
-273
-283
-293
-443
-543
-643
-743
-843
-943
281
-284
-285
-286
-287
-288
-289
-171
-181
-271
-291
-371
-381
-391
-211
-221
-231
-251
-261
-481
-581
-681
-781
-881
-981
335
-331
-332
-333
-336
-337
-338
-339
-115
-125
-215
-225
-235
-315
-325
-345
-355
-365
-375
-385
-395
-435
-535
-635
-735
-835
-935
352
-351
-354
-356
-357
-358
-252
-262
-342
-362
-312
-322
-452
-552
-652
-752
-852
-952
373
-374
-376
-377
-378
-379
-173
-183
-383
-393
-313
-323
-473
-573
-673
-773
-873
-973
423
-421
-422
-424
-425
-426
-427
-428
-429
-413
-433
-513
-523
-533
-613
-623
-633
-453
-463
-483
-493
-123
113
-111
-116
-117
-118
-713
-813
-913
-723
-823
-923
455
-451
-454
-456
-457
-458
-459
-445
-465
-545
-555
-565
-645
-655
-665
-415
-475
-485
-495
-155
-255
-755
-855
-955
462
-461
-464
-466
-467
-468
-469
-442
-542
-562
-642
-662
-412
-432
-472
-482
-762
-862
-962
479
-471
-474
-476
-477
-478
-489
-499
-579
-589
-599
-679
-689
-699
-419
-439
-279
-779
-879
-979
512
-511
-514
-515
-516
-517
-518
-519
-522
-532
-612
-622
-632
-572
-582
-212
-712
-812
-912
596
-591
-593
-594
-595
-597
-598
-486
-496
-576
-586
-676
-686
-696
-526
-536
-546
-556
-566
-296
-396
-796
-896
-996
639
-631
-636
-637
-638
-529
-539
-619
-629
-659
-669
-239
-739
-839
-939
644
-641
-646
-647
-648
-444
-544
-554
-564
-654
-664
-614
-624
-674
-684
-694
-344
-744
-844
-944
653
-651
-656
-657
-658
-553
-563
-663
583
-584
-585
-587
-588
-683
-693
-753
-853
-953
-783
-883
-983
688
-682
-685
-687
672
-671
-675
-677
-678
-488
-498
-578
-698
-618
-628
-668
-772
-872
-972
-188
-388
-788
-888
-988
737
-731
-732
-733
-736
-738
-717
-727
-817
-827
-837
-917
-927
-937
-747
-757
-767
-777
-787
-797
-237
-437
-537
756
-751
-754
-758
-759
-746
-766
-846
-856
-866
-946
-956
-966
-716
-726
-776
-786
-156
-256
771
-774
-775
-778
-791
-871
-891
-971
-991
-711
-721
-741
-761
-571
828
-821
-822
-824
-825
-826
-829
-718
-728
-818
-838
-918
-928
-938
-848
-858
-868
-878
-898
-128
-228
-328
-528
867
-861
-863
-864
-865
-869
-847
-857
-947
-957
-967
-877
-887
-897
-167
-267
-367
-567
-667
919
-911
-914
-915
-916
-719
-729
-819
-929
-959
-969
-989
-999
-219
-319
964
-961
-963
-965
-968
763
-764
-765
-768
-769
-854
-954
859
-851
-793
-889
-899
-924
-974
-984
-994
254
-257
-258
-264
-364
-274
-294
-559
569
-561
-568
975
-976
-977
-978
-785
-795
-875
-885
-895
-985
-995
-925
-945
-175
-275
-575
695
-691
-697
491
-494
-497
-411
-431
-441
525
-521
-524
-527
414
-416
-417
-418
-615
-625
-484
487
574
-577
-447
-714
715
-725
-815
-745
845
-841
-842
-814
724
-722
-784
-794
-874
876
-886
-986
-816
811
-831
-921
-931
-836
-311
-611
531
-538
-621
438
-436
446
-448
-666
661
-541
-551
-238
-346
-161
-361
-176
-276
185
-186
-187
-295
386
-384
-387
-389
394
-397
-398
-399
299
-297
-298
-165
265
-266
-268
-229
329
-321
-326
-327
121
-126
-127
-151
341
-347
-348
157
-158
166
-168
-366
368
-177
178
277
-278
-217
-227
317
-316
-318
218
-216
616
-617
-626
627
-941
951
-958
547
-548
-557
558
884
-882
-894
893
-993
832
-833
-922
926
-932
933
-936
222
-226
-232
236
-987
982
-782
789
997
-998
798
-799
742
-748
-942
948
