172
-171
-173
-174
-175
-176
-177
-178
-179
-182
-192
-272
-282
-292
-372
-382
-392
-112
-122
-132
-142
-152
-162
-472
-572
-672
-772
-872
-972
195
-191
-193
-194
-196
-197
-198
-199
-185
-275
-285
-295
-375
-385
-395
-115
-125
-135
-145
-155
-165
-495
-595
-695
-795
-895
-995
227
-221
-222
-223
-224
-225
-226
-228
-229
-117
-127
-137
-217
-237
-317
-327
-337
-247
-257
-267
-277
-287
-297
-427
-527
-627
-727
-827
-927
271
-273
-274
-276
-278
-279
-181
-281
-291
-371
-381
-391
-211
-231
-241
-251
-261
-471
-571
-671
-771
-871
-971
289
-283
-284
-286
-288
-189
-299
-379
-389
-399
-219
-239
-249
-259
-269
-489
-589
-689
-789
-889
-989
296
-293
-294
-298
-186
-376
-386
-396
-216
-236
-246
-256
-266
-496
-596
-696
-796
-896
-996
345
-341
-342
-343
-344
-346
-347
-348
-349
-245
-255
-265
-355
-365
-315
-325
-335
-445
-545
-645
-745
-845
-945
353
-351
-352
-354
-356
-357
-358
-359
-143
-153
-163
-243
-253
-263
-363
-313
-323
-333
-373
-383
-393
183
-184
-187
-188
-113
-123
-133
-453
-553
-653
-753
-853
-953
-483
-583
-683
-783
-883
-983
369
-361
-362
-364
-366
-367
-368
-149
-159
-169
-319
-329
-339
-469
-569
-669
-769
-869
-969
377
-374
-378
-387
-397
-477
-577
-677
-777
-877
-977
384
-388
-394
398
-314
-324
-334
-318
-328
-338
-484
-584
-684
-784
-884
-984
-498
-598
-698
-798
-898
-998
444
-441
-442
-443
-446
-447
-448
-449
-454
-464
-544
-554
-564
-644
-654
-664
-414
-424
-434
-474
-494
-144
-244
-744
-844
-944
463
-461
-462
-465
-466
-467
-468
-543
-563
-643
-663
-413
-423
-433
-473
-493
-763
-863
-963
499
-491
-492
-497
-479
-579
-599
-679
-699
-419
-429
-439
-459
-799
-899
-999
524
-521
-522
-523
-525
-526
-528
-529
-514
-534
-614
-624
-634
-574
-594
-124
-724
-824
-924
559
-551
-552
-555
-556
-557
-558
-549
-649
-659
-519
-539
-759
-859
-959
581
-582
-585
-586
-587
-588
-481
-591
-681
-691
-511
-531
-541
-561
-781
-881
-981
619
-611
-612
-613
-615
-616
-617
-618
-629
-639
-119
-719
-819
-919
646
-641
-642
-647
-648
-456
-546
-566
-656
-666
-626
-636
-676
-686
-146
-746
-846
-946
667
-661
-662
-665
-668
-457
-547
-567
-657
-637
-687
-697
-167
-767
-867
-967
721
-722
-723
-725
-726
-728
-729
-711
-731
-811
-821
-831
-911
-921
-931
-741
-751
-761
-791
-121
-321
-421
-621
736
-732
-733
-734
-735
-737
-738
-739
-716
-816
-826
-836
-916
-926
-936
-756
-766
-776
-786
-136
-336
-436
-536
743
-742
-747
-748
-749
-843
-943
-713
-773
-793
779
-774
-775
-778
-879
-979
758
-752
-754
-755
-757
-768
-848
-858
-868
-948
-958
-968
-718
-788
-158
-258
-458
-658
764
-762
-765
-854
-864
-954
-964
-714
-794
-164
-264
818
-812
-813
-814
-815
-817
-828
-838
-918
-928
-938
-878
-888
-118
-218
-418
-518
825
-822
-823
-829
-715
-835
-915
-925
-935
785
-782
-787
-875
-885
-975
-985
-855
-865
-425
-625
-485
-685
834
-832
-833
-837
-839
-914
-934
-874
-894
849
-841
-842
-847
-949
-134
-234
886
-882
-887
-876
873
-893
-973
-993
-976
-986
-856
-866
-573
-673
-486
917
-912
-913
-717
712
-922
-932
-937
-792
797
-897
-987
-997
857
-851
-852
-947
-957
-212
-312
-412
-512
-417
-517
147
-141
-148
-157
941
-942
-861
862
-951
-961
-952
-962
891
-892
-991
161
-166
-168
-151
156
-154
254
-252
-111
-131
114
-116
-214
-126
-956
955
-965
966
-455
-655
565
-562
-568
548
-542
-515
-535
-575
-538
-578
576
-476
-516
513
-533
-623
-633
-593
693
-692
-694
674
-675
-678
475
-478
-415
-435
635
-631
-632
-638
651
-652
-451
452
-422
-432
-482
-213
215
233
-232
-235
-238
923
-929
-933
939
129
-128
138
-139
-438
242
-248
-262
268
-974
978
994
-992
982
-988
-682
688
592
-597
487
-488
-437
431
-411
416
-426
428
537
-532
622
-628
311
-316
-331
332
-322
326
