122
-121
-123
-124
-125
-126
-127
-128
-129
-112
-132
-212
-222
-232
-312
-322
-332
-142
-152
-162
-172
-182
-192
-422
-522
-622
-722
-822
-922
134
-131
-133
-135
-136
-137
-138
-139
-114
-214
-224
-234
-314
-324
-334
-144
-154
-164
-174
-184
-194
-434
-534
-634
-734
-834
-934
187
-181
-183
-185
-186
-188
-189
-177
-197
-277
-287
-297
-377
-387
-397
-117
-147
-157
-167
-487
-587
-687
-787
-887
-987
243
-241
-242
-244
-245
-246
-247
-248
-249
-143
-153
-163
-253
-263
-343
-353
-363
-213
-223
-233
-273
-283
-293
-443
-543
-643
-743
-843
-943
261
-262
-264
-265
-266
-267
-268
-269
-141
-151
-161
-251
-341
-351
-361
-211
-221
-231
-271
-281
-291
-461
-561
-661
-761
-861
-961
454
-451
-452
-453
-455
-456
-457
-458
-459
-444
-464
-544
-554
-564
-644
-654
-664
-414
-424
-474
-484
-494
-254
-354
-754
-854
-954
482
-481
-483
-485
-486
-488
-489
-472
-492
-572
-582
-592
-672
-682
-692
-412
-432
-442
-462
-282
-382
-782
-882
-982
528
-521
-523
-524
-525
-526
-527
-529
-418
-428
-438
-518
-538
-618
-628
-638
-548
-558
-568
-578
-588
-598
-228
-328
-728
-828
-928
535
-531
-532
-533
-536
-537
-539
-415
-425
-435
-515
-615
-625
-635
-545
-555
-565
-575
-585
-595
-235
-335
-735
-835
-935
613
-611
-612
-614
-616
-617
-619
-413
-423
-433
-513
-623
-633
-653
-663
-673
-683
-693
-113
-313
-713
-813
-913
666
-662
-665
-667
-668
-669
-446
-466
-546
-556
-566
-646
-656
-626
-636
-676
-686
-696
-166
-366
-766
-866
-966
717
-711
-712
-714
-715
-716
-718
-719
-727
-737
-817
-827
-837
-917
-927
-937
-747
-757
-767
-777
-797
-217
-317
-417
-517
773
-771
-772
-774
-775
-776
-778
-779
-783
-793
-873
-883
-893
-973
-983
-993
-723
-733
-753
-763
-173
193
-191
-195
-196
-198
-199
-373
-383
-393
-473
-573
583
-581
-584
-586
-589
-493
-593
463
-465
-467
-468
-469
-553
-563
-863
-963
796
-791
-792
-794
-795
-798
-799
-786
-876
-886
-896
-976
-986
-996
-726
-736
-746
-756
-296
-396
-496
-596
845
-841
-842
-844
-846
-847
-848
-849
-745
-755
-765
-855
-865
-945
-955
-965
-815
-825
-875
-885
-895
-145
-345
-445
-645
655
-651
-652
-657
-658
-659
-675
-685
-695
-155
-255
-355
852
-851
-853
-856
-857
-858
-859
-742
-752
-762
-862
-942
-952
-962
953
-951
-956
-957
-958
-959
946
-941
-944
-947
-948
-949
732
-731
-738
-739
-812
-832
-912
-932
-872
-892
-923
-933
-916
-926
-936
512
-511
-514
-516
-519
-632
624
-621
-627
-629
-542
-552
-562
642
-641
-647
-648
-649
448
-441
-447
-449
-478
-498
576
-571
-574
-577
-579
-476
594
-591
-597
-599
-674
-684
-694
-724
-824
-924
-342
-146
-346
-148
149
-159
-169
-259
-349
-359
-369
-119
-179
-348
-748
-549
-749
-252
-352
362
-364
-365
-367
-368
344
-347
165
-168
-115
-175
-372
-392
-374
-384
-394
-744
741
-751
-721
-781
-541
547
551
-557
-559
-567
569
759
-758
-769
-869
-969
-729
725
-915
-925
-785
-789
-225
-325
-176
-276
-376
-294
-894
-994
971
-972
-974
-975
-977
-978
-979
-871
-881
-891
-981
-991
992
-995
-997
-998
-999
985
-984
-988
-989
-911
-921
929
-819
-829
-839
-919
-939
-931
938
-818
-838
-918
914
-814
-964
967
-968
-867
-229
-329
-429
-238
-338
-171
178
-278
-288
-298
-378
-388
-398
111
-116
-118
-311
-321
-331
156
-158
-256
-356
-411
-811
816
-826
-836
-216
-316
-416
419
-439
-639
-479
-499
-219
-319
-371
-471
-671
272
-274
-275
-279
-292
284
-285
-286
-289
386
-381
-385
-389
391
-395
-399
-326
-336
874
-877
-878
-879
-784
788
-884
897
-898
-899
-888
889
764
-768
-864
868
-678
681
-688
-689
-491
-691
698
-697
-699
679
-677
-631
637
-427
-437
-237
-337
477
-475
495
-497
375
-379
-295
299
215
-218
-315
318
258
-257
357
-358
227
-226
236
-239
-327
323
-333
339
-823
821
-831
833
-421
426
431
-436
