145
-141
-142
-143
-144
-146
-147
-148
-149
-155
-165
-245
-255
-265
-345
-355
-365
-115
-125
-135
-175
-185
-195
-445
-545
-645
-745
-845
-945
172
-171
-173
-174
-176
-177
-178
-179
-182
-192
-272
-282
-292
-372
-382
-392
-112
-122
-132
-152
-162
-472
-572
-672
-772
-872
-972
194
-191
-193
-196
-197
-198
-199
-184
-274
-284
-294
-374
-384
-394
-114
-124
-134
-154
-164
-494
-594
-694
-794
-894
-994
219
-211
-212
-213
-214
-215
-216
-217
-218
-119
-129
-139
-229
-239
-319
-329
-339
-249
-259
-269
-279
-289
-299
-419
-519
-619
-719
-819
-919
231
-232
-233
-234
-235
-236
-237
-238
-111
-121
-131
-221
-311
-321
-331
-241
-251
-261
-271
-281
-291
-431
-531
-631
-731
-831
-931
422
-421
-423
-424
-425
-426
-427
-428
-429
-412
-432
-512
-522
-532
-612
-622
-632
-442
-452
-462
-482
-492
-222
-322
-722
-822
-922
448
-441
-443
-444
-446
-447
-449
-458
-468
-548
-558
-568
-648
-658
-668
-418
-438
-478
-488
-498
-248
-348
-748
-848
-948
464
-461
-463
-465
-466
-467
-469
-454
-544
-554
-564
-644
-654
-664
-414
-434
-474
-484
-264
-364
-764
-864
-964
513
-511
-514
-515
-516
-517
-518
-413
-433
-523
-533
-613
-623
-633
-543
-553
-563
-573
-583
-593
-113
-313
-713
-813
-913
589
-581
-582
-584
-585
-586
-587
-588
-479
-489
-499
-579
-599
-679
-689
-699
-529
-539
-549
-559
-569
-189
-389
-789
-889
-989
741
-742
-743
-744
-746
-747
-749
-751
-761
-841
-851
-861
-941
-951
-961
-711
-721
-771
-781
-791
-341
-541
-641
759
-752
-753
-754
-755
-756
-757
-758
-769
-849
-859
-869
-949
-959
-969
-729
-739
-779
-799
-159
169
-161
-163
-166
-167
-168
-349
-359
-369
649
-642
-643
-646
-647
-459
-659
-669
439
-435
-436
-437
-629
-639
-839
-939
787
-782
-783
-784
-785
-786
-788
-777
-797
-877
-887
-897
-977
-987
-997
-717
-727
-737
-767
-187
-287
-387
-487
-687
816
-811
-812
-814
-815
-817
-818
-716
-726
-736
-826
-836
-916
-926
-936
-846
-856
-866
-876
-886
-896
-116
-316
-416
-616
824
-821
-823
-825
-827
-828
-829
-714
-724
-734
-834
-914
-924
-934
929
-921
-923
-925
-927
-928
911
-912
-915
-917
-918
774
-773
-775
-776
-778
-874
-884
-974
-984
-844
-854
-971
-981
-991
-979
-999
-411
-611
-224
-324
-524
-624
-574
534
-535
-536
-537
-538
-614
-634
314
-312
-315
-317
-318
332
-333
-334
-335
-336
-337
-338
-342
-352
-362
-344
-354
712
-715
-718
-732
-832
-932
-762
-792
-674
684
-681
-682
-683
-685
-686
-688
878
-871
-873
-875
-879
-798
-888
-898
-978
-988
-998
899
-891
-892
-893
-895
881
-882
-883
-885
-838
-858
-868
-278
-378
-578
-678
379
-371
-373
-375
-376
-377
-399
-181
151
-153
-156
-157
-158
-351
-361
-451
-551
-651
-381
391
-393
-395
-396
-397
-398
-481
982
-983
-985
-986
-992
-942
-952
-962
-491
471
-473
-475
-476
-477
-571
-591
-671
-691
953
-954
-955
-956
-957
-958
-763
-843
-853
-863
-943
-963
944
-946
-947
833
-835
-837
-723
-733
-933
937
-935
-938
793
-795
-796
-973
-993
766
-765
-768
-966
968
-965
-967
-133
-137
-637
-244
254
-252
-253
-256
-257
-258
-353
-453
-653
663
-661
-662
-665
-666
-667
561
-562
-565
-566
-567
-521
621
-625
-626
-627
-628
-673
-693
358
-356
-357
-268
-368
-328
-388
-263
-363
865
-862
-867
-855
262
-266
-267
-242
-366
367
-247
-347
-327
273
-275
-276
-277
-183
-283
-293
-383
297
-295
-296
-298
123
-126
-127
-128
-223
-323
117
-118
-227
-243
246
343
-346
-226
-286
-417
415
-525
-615
-635
-455
-485
-495
-617
618
527
-526
-528
636
-638
-547
-557
-577
-597
598
-592
-595
-596
692
-695
-696
-697
-698
-652
-656
-676
326
-325
225
-228
-136
138
186
-188
-386
385
-285
288
-725
728
735
-738
-546
542
-552
-842
847
852
-857
677
-675
575
-576
-497
457
-456
556
-555
655
-657
-975
976
995
-996
483
-486
-493
496
