134
-131
-132
-133
-135
-136
-137
-138
-139
-114
-124
-214
-224
-234
-314
-324
-334
-144
-154
-164
-174
-184
-194
-434
-534
-634
-734
-834
-934
173
-171
-172
-175
-176
-177
-178
-179
-183
-193
-273
-283
-293
-373
-383
-393
-113
-123
-143
-153
-163
-473
-573
-673
-773
-873
-973
197
-191
-192
-195
-196
-198
-199
-187
-277
-287
-297
-377
-387
-397
-117
-127
-147
-157
-167
-497
-597
-697
-797
-897
-997
311
-312
-313
-315
-316
-317
-318
-319
-111
-121
-211
-221
-231
-321
-331
-341
-351
-361
-371
-381
-391
-411
-511
-611
-711
-811
-911
356
-352
-353
-354
-355
-357
-358
-359
-146
-156
-166
-246
-256
-266
-346
-366
-326
-336
-376
-386
-396
-456
-556
-656
-756
-856
-956
374
-372
-375
-378
-379
-274
-284
-294
-384
-394
-344
-364
-474
-574
-674
-774
-874
-974
425
-421
-422
-423
-424
-426
-427
-428
-429
-415
-435
-515
-525
-535
-615
-625
-635
-445
-455
-465
-475
-485
-495
-125
-225
-325
-725
-825
-925
442
-441
-443
-444
-446
-447
-448
-449
-452
-462
-542
-552
-562
-642
-652
-662
-412
-432
-472
-482
-492
-142
-242
-342
-742
-842
-942
463
-461
-464
-466
-467
-468
-469
-453
-543
-553
-563
-643
-653
-663
-413
-433
-483
-493
-263
-363
-763
-863
-963
498
-491
-494
-496
-499
-478
-488
-578
-588
-598
-678
-688
-698
-418
-438
-458
-298
-398
-798
-898
-998
523
-521
-522
-524
-526
-527
-528
-529
-513
-533
-613
-623
-633
-583
-593
-223
-323
-723
-823
-923
647
-641
-644
-645
-646
-648
-649
-457
-547
-557
-567
-657
-667
-617
-627
-637
-677
-687
-247
-347
-747
-847
-947
679
-671
-672
-675
-676
-479
-489
-579
-589
-599
-689
-699
-619
-629
-639
-659
-669
-279
-779
-879
-979
681
-682
-683
-684
-685
-686
-471
-481
-571
-581
-591
-691
693
-692
-694
-695
-696
-621
-631
-651
-661
-181
-281
-781
-881
-981
-793
-893
-993
726
-721
-722
-724
-727
-728
-729
-716
-736
-816
-826
-836
-916
-926
-936
-746
-766
-776
-786
-796
-126
-226
-626
743
-741
-744
-745
-748
-749
-753
-843
-853
-943
-953
-713
-733
-783
-243
-343
253
-251
-252
-254
-255
-257
-258
-259
-213
-233
333
-332
-335
-337
-338
-339
-833
-933
792
-791
-794
-795
-799
-772
-782
-872
-882
-892
-972
-982
-992
-712
-732
-752
-762
-292
-392
-592
865
-861
-862
-864
-866
-867
-868
-869
-755
-765
-845
-855
-945
-955
-965
-815
-835
-875
-885
-895
-165
-265
-365
-565
-665
655
-654
-658
-545
-555
-155
876
-871
-877
-878
-886
-896
-976
-986
-996
-846
-276
-476
477
-487
-577
-587
-417
-437
-576
-777
-977
944
-941
-946
-948
-949
-754
-764
-844
-854
-954
-964
966
-961
-962
-967
-968
-969
-914
-924
-984
-994
-244
264
-261
-262
-267
-268
-269
367
-362
-368
-369
-327
-544
546
-541
-548
-549
-566
-666
-516
-536
-586
-596
486
-484
-416
-436
162
-161
-168
-169
-152
-112
-122
-182
-564
-664
668
-558
-568
-618
-628
-638
-767
-768
-186
116
-115
-118
-119
-216
-236
-616
636
-632
-286
296
-291
-295
-299
271
-272
-275
-278
-241
-771
-971
572
-575
-582
-512
-532
952
-951
-957
-958
-959
-852
-912
-922
-932
989
-983
-985
-987
-988
883
-884
-887
-888
-889
787
-784
-785
-788
-789
894
-891
-899
991
-995
-999
714
-715
-717
-718
-719
-814
-824
-737
-757
857
-851
-858
-859
-813
913
-915
-917
-918
-919
-817
-827
-837
-921
-931
-929
-939
-414
419
-439
431
-531
-519
-539
-451
454
-459
-554
-514
-614
612
-622
624
-212
-812
215
-217
-218
-219
-235
-245
-285
517
-518
-537
538
818
-819
-738
-828
-838
-928
927
-937
-938
935
-735
775
-778
-975
978
758
-751
-759
-848
821
-822
-829
-731
739
-831
832
-839
761
-769
-841
849
-227
237
-232
-238
-239
141
-145
-148
-149
-151
345
-348
-349
185
-188
-189
-385
-395
399
-289
-389
-329
248
-249
-158
159
128
-129
-228
-328
322
-222
229
282
-288
-382
388
551
-559
-561
569
584
-585
-594
595
