122
-121
-123
-124
-125
-126
-127
-128
-129
-112
-132
-212
-222
-232
-312
-322
-332
-142
-152
-162
-172
-182
-192
-422
-522
-622
-722
-822
-922
137
-131
-133
-134
-135
-136
-138
-139
-117
-217
-227
-237
-317
-327
-337
-147
-157
-167
-177
-187
-197
-437
-537
-637
-737
-837
-937
154
-151
-153
-155
-156
-158
-159
-144
-164
-244
-254
-264
-344
-354
-364
-114
-174
-184
-194
-454
-554
-654
-754
-854
-954
265
-261
-262
-263
-266
-267
-268
-269
-145
-165
-245
-255
-345
-355
-365
-215
-225
-235
-275
-285
-295
-465
-565
-665
-765
-865
-965
271
-272
-273
-274
-276
-277
-278
-279
-171
-181
-191
-281
-291
-371
-381
-391
-211
-221
-231
-241
-251
-471
-571
-671
-771
-871
-971
443
-441
-442
-444
-445
-446
-447
-448
-449
-453
-463
-543
-553
-563
-643
-653
-663
-413
-423
-433
-473
-483
-493
-143
-243
-343
-743
-843
-943
482
-481
-484
-485
-486
-487
-488
-489
-472
-492
-572
-582
-592
-672
-682
-692
-412
-432
-452
-462
-282
-382
-782
-882
-982
497
-491
-494
-495
-496
-498
-499
-477
-577
-587
-597
-677
-687
-697
-417
-427
-457
-467
-297
-397
-797
-897
-997
511
-512
-513
-514
-515
-516
-517
-518
-519
-411
-421
-431
-521
-531
-611
-621
-631
-541
-551
-561
-581
-591
-111
-311
-711
-811
-911
525
-523
-524
-526
-527
-528
-529
-415
-425
-435
-535
-615
-625
-635
-545
-555
-575
-585
-595
-325
-725
-825
-925
648
-641
-642
-644
-645
-646
-647
-649
-458
-468
-548
-558
-568
-658
-668
-618
-628
-638
-678
-688
-698
-148
-248
-348
-748
-848
-948
684
-681
-683
-685
-686
-689
691
-693
-694
-695
-696
-699
-474
-574
-584
-594
-674
-651
-661
-614
-624
-634
-664
-284
-384
-784
-884
-984
-791
-891
-991
715
-712
-713
-714
-716
-717
-718
-719
-735
-815
-835
-915
-935
-745
-755
-775
-785
-795
-115
-315
335
-331
-333
-334
-336
-338
-339
321
-323
-324
-326
-328
-329
-341
-351
-361
-375
-385
-395
-721
-821
-921
779
-772
-773
-774
-776
-777
-778
-789
-799
-879
-889
-899
-979
-989
-999
-729
-739
-749
-759
-769
-179
-379
-479
-579
-679
816
-812
-813
-814
-817
-818
-819
-726
-736
-826
-836
-916
-926
-936
-846
-856
-866
-876
-886
-896
-116
-216
-316
-416
-616
847
-841
-842
-844
-845
-849
-747
-757
-767
-857
-867
-947
-957
-967
-827
-877
-887
945
-941
-942
-944
-946
-949
-855
-955
-975
-985
-995
-247
-347
-547
952
-951
-953
-956
-958
-959
-742
-752
-762
-852
-862
-962
-912
-932
-972
-992
612
-613
-617
-619
-532
-632
627
-623
-626
-629
-652
-662
-657
-667
917
-913
-914
-918
-919
-727
-927
787
-781
-783
-786
-788
-977
-987
-252
-352
-552
377
-372
-373
-374
-376
-378
-287
-387
257
-253
-256
-258
-259
-357
-367
-557
567
-562
-564
-566
-569
542
-544
-546
-549
464
-461
-466
-469
451
-455
-456
-459
655
-656
-659
-414
-424
-434
534
-533
-536
-538
-539
633
-636
-639
475
-476
-478
-675
-673
676
-576
-586
-596
556
-559
-666
669
-233
-733
-833
-933
-234
-734
-834
-934
-242
292
-293
-294
-296
-298
-299
-392
394
-393
-396
-398
-399
-314
214
-213
-218
-219
-224
-342
362
-363
-366
-368
-369
744
-741
-746
-764
-864
-964
-724
-794
141
-146
-149
-161
-751
-851
-356
-756
-169
-869
-969
859
-853
-858
-829
-839
-359
872
-873
-874
-875
-878
-792
-892
732
-731
-738
-832
761
-763
-766
-768
-861
-961
966
-963
-968
796
-793
-798
-976
-986
-996
-166
974
-973
-978
-894
-994
824
-823
-828
-924
-175
-176
-196
186
-183
-185
-188
-189
195
-193
-198
-199
-286
-386
119
-113
-118
-229
-239
-319
346
-349
-246
249
-289
389
-383
-388
313
-318
-223
283
-288
-173
178
163
-168
-353
358
418
-419
-428
-438
753
-758
-863
868
-723
728
923
-928
-929
-838
831
-931
-938
939
-881
981
-983
-988
-888
-898
998
-993
-228
226
-236
238
-426
429
436
-439
573
-578
-583
-593
-883
885
893
-895
588
-589
-598
599
