135
-131
-132
-133
-134
-136
-137
-138
-139
-115
-125
-215
-225
-235
-315
-325
-335
-145
-155
-165
-175
-185
-195
-435
-535
-635
-735
-835
-935
196
-191
-192
-193
-194
-197
-198
-199
-176
-186
-276
-286
-296
-376
-386
-396
-116
-126
-146
-156
-166
-496
-596
-696
-796
-896
-996
212
-211
-213
-214
-216
-217
-218
-219
-112
-122
-222
-232
-312
-322
-332
-242
-252
-262
-272
-282
-292
-412
-512
-612
-712
-812
-912
223
-221
-224
-226
-227
-228
-229
-113
-123
-233
-313
-323
-333
-243
-253
-263
-273
-283
-293
-423
-523
-623
-723
-823
-923
254
-251
-255
-256
-257
-258
-259
-144
-154
-164
-244
-264
-344
-354
-364
-234
-274
-284
-294
-454
-554
-654
-754
-854
-954
287
-281
-285
-288
-289
-177
-187
-277
-297
-377
-387
-397
-237
-247
-267
-487
-587
-687
-787
-887
-987
339
-331
-334
-336
-337
-338
-119
-129
-239
-319
-329
-349
-359
-369
-379
-389
-399
-439
-539
-639
-739
-839
-939
371
-372
-373
-374
-375
-378
-171
-181
-271
-291
-381
-391
-311
-321
-341
-351
-361
-471
-571
-671
-771
-871
-971
384
-382
-383
-385
-388
-174
-184
-394
-314
-324
-484
-584
-684
-784
-884
-984
416
-411
-413
-414
-415
-417
-418
-419
-426
-436
-516
-526
-536
-616
-626
-636
-446
-456
-466
-476
-486
-316
-716
-816
-916
442
-441
-443
-444
-445
-447
-448
-449
-452
-462
-542
-552
-562
-642
-652
-662
-422
-432
-472
-482
-492
-142
-342
-742
-842
-942
467
-461
-463
-464
-465
-468
-469
-457
-547
-557
-567
-647
-657
-667
-427
-437
-477
-497
-167
-367
-767
-867
-967
538
-531
-532
-533
-534
-537
-428
-438
-518
-528
-618
-628
-638
-548
-558
-568
-578
-588
-598
-238
-738
-838
-938
575
-572
-573
-574
-576
-577
-579
-475
-485
-495
-585
-595
-675
-685
-695
-515
-525
-545
-555
-565
-275
-775
-875
-975
644
-641
-643
-645
-646
-648
-649
-544
-564
-664
-614
-624
-634
-674
-694
-744
-844
-944
663
-661
-665
-666
-668
-669
-453
-543
-553
-563
-653
-613
-633
-673
-683
-693
-163
-363
-763
-863
-963
691
-692
-697
-698
-699
-481
-491
-581
-591
-681
-611
-621
-631
-651
-791
-891
-991
726
-721
-722
-724
-725
-727
-728
-729
-736
-826
-836
-926
-936
-746
-756
-766
-776
-786
-326
236
-231
-246
-266
731
-732
-733
-734
-737
-711
-811
-821
-831
-911
-921
-931
-741
-751
-761
-781
-431
773
-772
-774
-777
-778
-779
-783
-793
-873
-883
-893
-973
-983
-993
-713
-743
-753
-173
-473
829
-822
-824
-825
-827
-828
-719
-819
-919
-929
-849
-859
-869
-879
-889
-899
-429
-529
-629
882
-881
-885
-886
-888
981
-982
-985
-986
-988
-989
-782
-792
-872
-892
-972
-992
-832
-852
-862
-941
-951
-961
-182
-582
-682
785
-788
-789
-795
-895
-995
-715
-745
-755
-765
897
-894
-898
-797
-877
-977
-997
-817
-837
-847
-857
677
-672
-676
-678
-679
592
-593
-594
-597
-599
-522
-617
-627
-637
632
-622
625
-425
-615
619
-519
455
-451
-458
-459
-655
658
-656
-659
421
-424
-511
-521
686
-688
-689
-586
111
-114
-117
-118
-121
124
-127
-128
-141
-151
-161
922
-924
-925
-927
-928
-932
-952
-962
-524
527
-517
514
-513
433
-434
-483
-493
583
-589
-714
-814
-914
-327
328
317
-318
-347
-357
-348
-358
-368
-398
-717
718
-818
-918
-748
-758
-768
-798
-917
937
-933
-934
834
-833
-864
-874
-947
-957
-355
-855
-955
-158
-858
-958
172
-178
-179
-392
-152
-162
-183
393
-395
295
-298
-299
-245
-265
-343
-353
913
-915
-813
815
-845
-865
-943
-953
976
-974
-978
-979
-876
878
-998
-848
-868
-946
-956
959
-749
747
-757
-759
752
-762
-769
764
-964
-949
-969
-794
799
994
-999
-966
-147
157
-153
-159
143
-148
-149
-843
853
-851
-856
551
-556
-559
-541
-561
-352
356
362
-365
-366
345
-346
-945
948
965
-968
-248
474
-478
-479
-494
-278
279
188
-189
-168
169
268
-261
-269
241
-249
-841
846
861
-866
-546
549
566
-569
-488
489
498
-499
