145
-141
-142
-143
-144
-146
-147
-148
-149
-155
-165
-245
-255
-265
-345
-355
-365
-115
-125
-135
-175
-185
-195
-445
-545
-645
-745
-845
-945
154
-151
-152
-153
-156
-157
-158
-159
-164
-244
-254
-264
-344
-354
-364
-114
-124
-134
-174
-184
-194
-454
-554
-654
-754
-854
-954
171
-172
-173
-176
-177
-178
-179
-181
-191
-271
-281
-291
-371
-381
-391
-111
-121
-131
-161
-471
-571
-671
-771
-871
-971
213
-211
-212
-214
-215
-216
-217
-218
-219
-113
-123
-133
-223
-233
-313
-323
-333
-243
-253
-263
-273
-283
-293
-413
-513
-613
-713
-813
-913
279
-272
-274
-275
-276
-277
-278
-189
-199
-289
-299
-379
-389
-399
-229
-239
-249
-259
-269
-479
-579
-679
-779
-879
-979
317
-311
-312
-314
-315
-316
-318
-319
-117
-127
-137
-227
-237
-327
-337
-347
-357
-367
-377
-387
-397
-417
-517
-617
-717
-817
-917
426
-421
-422
-423
-424
-425
-427
-428
-429
-416
-436
-516
-526
-536
-616
-626
-636
-446
-456
-466
-476
-486
-496
-126
-226
-326
-726
-826
-926
451
-452
-453
-455
-457
-458
-459
-441
-461
-541
-551
-561
-641
-651
-661
-411
-431
-481
-491
-251
-351
-751
-851
-951
483
-482
-484
-485
-487
-488
-489
-473
-493
-573
-583
-593
-673
-683
-693
-433
-443
-463
-183
-383
-783
-883
-983
515
-511
-512
-514
-518
-519
-415
-435
-525
-535
-615
-625
-635
-555
-565
-575
-585
-595
-715
-815
-915
587
-581
-582
-584
-586
-588
-589
-477
-497
-577
-597
-677
-687
-697
-527
-537
-547
-557
-567
-187
-287
-787
-887
-987
692
-691
-694
-695
-696
-698
-699
-472
-492
-572
-592
-672
-682
-612
-622
-632
-642
-652
-662
-192
-292
-392
-792
-892
-992
721
-722
-723
-724
-725
-727
-728
-729
-711
-731
-811
-821
-831
-911
-921
-931
-741
-761
-781
-791
611
-614
-618
-619
-521
-531
-621
-631
591
-594
-596
-598
-599
-681
-221
-321
-891
-991
776
-772
-773
-774
-775
-777
-778
-786
-796
-876
-886
-896
-976
-986
-996
-716
-736
-746
-756
-766
-376
-576
-676
686
-684
-685
-688
-689
499
-494
-495
-498
-419
-439
-449
-469
-646
-656
-666
-186
-286
-386
-799
-899
-999
847
-841
-842
-843
-844
-846
-848
-849
-747
-757
-767
-857
-867
-947
-957
-967
-827
-837
-877
-897
-247
-447
-647
977
-972
-973
-974
-975
-978
-797
-997
737
-732
-733
-734
-735
-738
-739
-927
-937
627
-623
-624
-628
-629
-437
-637
467
-462
-464
-465
-468
-657
-667
475
-474
-478
-675
257
-252
-256
-258
-167
-267
197
-193
-196
-198
-297
163
-162
-166
-168
-169
-343
-353
-363
-563
-663
-763
-863
-963
-375
-875
862
-861
-864
-865
-866
-868
-869
-742
-752
-762
-852
-942
-952
-962
881
-882
-884
-885
-888
-889
-981
-812
-822
-832
-872
-262
-362
-562
372
-373
-374
-378
-182
188
-282
-382
393
-394
-395
-396
-398
296
-294
-295
-298
-288
-388
-118
-128
-138
-236
-246
-266
-322
-332
-342
-352
242
-241
-248
-222
-232
-442
-542
552
-553
-556
-558
-559
-522
-532
873
-874
-878
-793
-893
-993
-823
-833
-853
-788
-988
948
-941
-943
-944
-946
-949
961
-964
-965
-966
-968
-969
-748
-758
-768
-858
-958
-918
-928
-938
-998
341
-346
-348
-349
-261
268
-361
-358
-368
231
-234
-235
-238
-331
-228
546
-543
-544
-548
-549
-566
-448
444
-564
-644
-664
-414
-434
-744
764
-765
-769
-714
-784
-794
-648
658
-653
-655
-659
643
-649
665
-668
-669
-568
569
-529
-539
639
-633
-634
-638
674
-678
-574
578
-528
-538
-139
-339
-839
-939
-743
749
-759
-859
-959
753
-755
-953
-719
-789
989
-982
-984
-985
782
-785
-712
718
-818
-828
-838
795
-798
-895
-995
994
-894
898
-914
-924
-934
-919
-929
814
-816
-819
-824
-834
829
-825
-418
412
-432
438
-112
-912
916
-836
835
-925
-935
-936
-855
856
955
-956
-116
119
-129
122
-132
136
-336
-329
-922
923
932
-933
-523
524
533
-534
-224
225
-325
-335
284
-285
-384
385
-324
328
334
-338
-356
359
366
-369
