121
-122
-123
-124
-125
-126
-127
-128
-129
-111
-131
-211
-221
-231
-311
-321
-331
-141
-151
-161
-171
-181
-191
-421
-521
-621
-721
-821
-921
146
-142
-143
-144
-145
-147
-148
-149
-156
-166
-246
-256
-266
-346
-356
-366
-116
-136
-176
-186
-196
-446
-546
-646
-746
-846
-946
259
-251
-252
-253
-254
-255
-257
-258
-159
-169
-249
-269
-349
-359
-369
-219
-229
-239
-279
-289
-299
-459
-559
-659
-759
-859
-959
288
-281
-282
-283
-284
-285
-286
-287
-178
-188
-198
-278
-298
-378
-388
-398
-218
-228
-238
-248
-268
-488
-588
-688
-788
-888
-988
443
-441
-442
-444
-445
-447
-448
-449
-453
-463
-543
-553
-563
-643
-653
-663
-413
-423
-433
-473
-483
-493
-243
-343
-743
-843
-943
477
-471
-472
-474
-475
-476
-478
-479
-487
-497
-577
-587
-597
-677
-687
-697
-417
-427
-437
-457
-467
-177
-277
-377
-777
-877
-977
491
-492
-494
-495
-496
-498
-499
-481
-571
-581
-591
-671
-681
-691
-411
-431
-451
-461
-291
-391
-791
-891
-991
558
-551
-552
-554
-555
-556
-557
-458
-468
-548
-568
-648
-658
-668
-518
-528
-538
-578
-598
-158
-358
-758
-858
-958
576
-572
-573
-574
-575
-579
-486
-586
-596
-676
-686
-696
-516
-526
-536
-566
-276
-376
-776
-876
-976
619
-611
-612
-613
-614
-615
-616
-617
-618
-419
-429
-439
-519
-529
-539
-629
-639
-649
-669
-679
-689
-699
-119
-319
-719
-819
-919
741
-742
-744
-745
-747
-748
-749
-751
-761
-841
-851
-861
-941
-951
-961
-711
-731
-771
-781
-241
-341
-541
-641
762
-763
-764
-765
-766
-767
-768
-769
-752
-842
-852
-862
-942
-952
-962
-712
-722
-732
-772
-782
-792
-162
-262
-362
-462
-562
-662
773
-774
-775
-778
-779
-783
-793
-873
-883
-893
-973
-983
-993
-713
-723
-733
-753
-173
-273
-373
-673
818
-811
-812
-813
-814
-815
-816
-817
-718
-728
-738
-828
-838
-918
-928
-938
798
-794
-795
-796
-797
-799
-878
-898
-978
-998
-848
-868
-118
-318
-418
678
-672
-674
-675
-698
-628
-638
839
-831
-832
-833
-834
-835
-836
-837
-729
-739
-829
-929
-939
789
-784
-785
-786
-787
-879
-889
-899
-979
-989
-999
-849
-869
329
-322
-323
-324
-325
-326
-327
-328
-139
-339
-379
-389
-399
428
-422
-424
-425
-426
-438
179
-172
-174
-175
-189
-199
-489
469
-464
-465
-466
-549
-569
949
-944
-945
-947
-948
968
-963
-964
-965
-966
-967
-969
348
-342
-344
-345
-347
-168
-368
138
-132
-133
-134
-135
-137
-338
-589
599
-592
-593
-594
-595
885
-881
-882
-884
-886
-887
-875
-895
-975
-985
-995
871
-872
-874
-971
-981
-825
-845
-855
-865
-271
261
-263
-264
-265
-267
-351
-361
651
-652
-654
-655
-656
-657
-561
-661
-631
-371
381
-382
-383
-384
-385
-386
-387
-185
-485
-585
-685
695
-692
-693
-694
-625
-635
-645
-665
986
-982
-984
-987
-896
-996
-916
-926
-936
-956
187
-182
-183
-184
-197
-297
-397
-117
-157
-167
-195
-295
-395
914
-911
-912
-913
-915
-917
931
-932
-933
-934
-935
-937
-714
-724
-734
-824
-924
754
-755
-756
-757
-844
847
-854
-864
-954
955
-953
-957
-857
-867
894
-892
-897
-974
972
-992
-994
997
822
-823
-826
-827
-922
923
-925
-927
511
-512
-513
-514
-515
-517
-531
-114
-214
-314
-414
-222
-522
-622
-223
-523
-623
-247
-547
-647
-154
-354
-454
-155
-355
-455
357
-352
-353
-367
-317
-337
-272
-372
-194
164
-163
-165
-244
-364
115
-112
-113
-215
-225
-235
-315
-335
-415
435
-432
-434
-436
-525
-535
484
-482
-584
-684
-715
725
-726
-727
-735
-564
-664
-294
-394
152
-153
-242
245
363
-365
-192
193
-293
-393
-275
274
-374
375
-224
-234
334
-332
-333
-336
-313
213
-212
-216
-217
-233
717
-716
736
-737
-534
-634
-236
-636
-545
565
-567
667
-666
456
-452
412
-416
-532
-632
626
-624
-627
524
-527
-544
542
-642
644
-582
583
682
-683
-533
537
633
-637
-312
316
232
-237
-226
227
-292
296
392
-396
853
-856
-863
866
