232
-231
-233
-234
-235
-236
-237
-238
-239
-112
-122
-132
-212
-222
-312
-322
-332
-242
-252
-262
-272
-282
-292
-432
-532
-632
-732
-832
-932
263
-261
-264
-265
-266
-267
-268
-269
-143
-153
-163
-243
-253
-343
-353
-363
-213
-223
-273
-283
-293
-463
-563
-663
-763
-863
-963
276
-271
-274
-275
-277
-278
-279
-176
-186
-196
-286
-296
-376
-386
-396
-216
-226
-246
-256
-476
-576
-676
-776
-876
-976
298
-291
-294
-295
-297
-299
-178
-188
-198
-288
-378
-388
-398
-218
-228
-248
-258
-498
-598
-698
-798
-898
-998
314
-311
-313
-315
-316
-317
-318
-319
-114
-124
-134
-214
-224
-324
-334
-344
-354
-364
-374
-384
-394
-414
-514
-614
-714
-814
-914
366
-361
-362
-365
-367
-368
-369
-146
-156
-166
-346
-356
-326
-336
-466
-566
-666
-766
-866
-966
382
-381
-383
-385
-387
-389
-172
-182
-192
-372
-392
-342
-352
-482
-582
-682
-782
-882
-982
391
-393
-395
-397
-399
-171
-181
-191
-281
-371
-321
-331
-341
-351
-491
-591
-691
-791
-891
-991
519
-511
-512
-513
-515
-516
-517
-518
-419
-429
-439
-529
-539
-619
-629
-639
-549
-559
-569
-579
-589
-599
-119
-219
-719
-819
-919
522
-521
-523
-524
-525
-526
-527
-528
-412
-422
-612
-622
-542
-552
-562
-572
-592
-722
-822
-922
535
-531
-533
-534
-536
-537
-538
-415
-425
-435
-615
-625
-635
-545
-555
-565
-575
-585
-595
-135
-335
-735
-835
-935
597
-593
-594
-596
-477
-487
-497
-577
-587
-677
-687
-697
-547
-557
-567
-197
-797
-897
-997
636
-631
-633
-634
-637
-638
-416
-426
-436
-616
-626
-646
-656
-686
-696
-136
-736
-836
-936
643
-641
-642
-644
-645
-647
-648
-649
-443
-453
-543
-553
-653
-613
-623
-673
-683
-693
-743
-843
-943
651
-652
-654
-655
-657
-658
-659
-441
-451
-461
-541
-551
-561
-661
-611
-621
-671
-681
-151
-251
-751
-851
-951
667
-662
-664
-665
-668
-669
-447
-457
-467
-617
618
-418
-428
-438
-628
-627
624
-424
-434
-674
-684
-694
-678
-688
-118
-718
-818
-918
-724
-824
-924
-167
-767
-867
-967
826
-821
-823
-825
-827
-828
-829
-716
-726
-816
-916
-926
-846
-856
-886
-896
116
-111
-113
-115
-117
-126
844
-841
-842
-845
-847
-848
-849
-744
-754
-764
-854
-864
-944
-954
-964
-834
-874
-884
-894
-144
-244
-444
-544
859
-852
-853
-855
-857
-858
-749
-759
-769
-869
-949
-959
-969
-839
-879
-889
-899
-159
-259
-359
-459
927
-921
-923
-925
-928
-929
-717
-727
-737
-817
-837
-917
-937
-947
-957
-977
-987
-127
-227
-327
-427
958
-952
-953
-955
-956
753
-752
-755
-756
-757
-758
747
-741
-742
-745
-746
-748
946
-941
-942
-945
-948
-768
-868
-968
-713
-723
-733
-773
-783
-793
-777
-787
-986
-996
-938
-978
-988
-446
-546
548
-448
-458
-468
-558
-568
564
-454
-464
-554
556
-456
-574
-584
-586
-578
-588
-147
-247
-347
-148
-348
-158
-358
168
-161
-162
-164
-165
-169
-128
-138
469
-462
-465
-449
-479
-489
-499
974
-971
-972
-973
-975
-979
-774
-784
-794
-984
-994
734
-731
-738
-739
-934
-174
-474
989
-981
-983
-985
-779
-789
-799
-999
729
-721
-725
-728
838
-831
-833
-939
-878
-888
328
-323
-325
-329
-338
-129
-229
-189
-289
249
-241
-245
141
-142
-145
-149
152
-154
-155
-157
254
-255
-257
357
-355
345
-349
-121
-131
-284
-375
-337
-377
442
-445
-452
455
-472
-492
-475
-485
-495
-689
685
-675
-695
-185
-285
287
-177
-187
137
-133
-139
-217
339
-333
123
-125
-173
-183
184
-194
-193
373
-379
417
-411
-413
-437
-423
421
-431
433
-471
-481
-473
478
-488
-483
-493
-221
225
211
-215
-711
-811
-911
931
-933
-961
-573
571
-581
583
-771
-871
-873
877
-872
-875
-887
-778
788
-781
-785
-786
881
-883
-885
796
-792
-795
761
-762
-765
-861
-484
486
494
-496
992
-993
-995
-772
775
-892
893
-895
712
-715
-812
-912
862
-865
-962
965
-813
815
913
-915
672
-679
-692
699
-175
179
195
-199
