145
-141
-142
-143
-144
-146
-147
-148
-149
-155
-165
-245
-255
-265
-345
-355
-365
-115
-125
-135
-175
-185
-195
-445
-545
-645
-745
-845
-945
228
-221
-222
-223
-224
-225
-226
-227
-229
-118
-128
-138
-218
-238
-318
-328
-338
-248
-258
-268
-278
-288
-298
-428
-528
-628
-728
-828
-928
236
-231
-232
-233
-234
-235
-237
-239
-116
-126
-136
-216
-316
-326
-336
-246
-256
-266
-276
-286
-296
-436
-536
-636
-736
-836
-936
243
-241
-242
-244
-247
-249
-153
-163
-253
-263
-343
-353
-363
-213
-273
-283
-293
-443
-543
-643
-743
-843
-943
252
-251
-254
-257
-259
-152
-162
-262
-342
-352
-362
-212
-272
-282
-292
-452
-552
-652
-752
-852
-952
332
-331
-333
-334
-335
-337
-339
-112
-122
-132
-312
-322
-372
-382
-392
-432
-532
-632
-732
-832
-932
358
-351
-354
-356
-357
-359
-158
-168
-348
-368
-378
-388
-398
-458
-558
-658
-758
-858
-958
367
-361
-364
-366
-369
-157
-167
-267
-347
-317
-327
-377
-387
-397
-467
-567
-667
-767
-867
-967
371
-373
-374
-375
-376
-379
-171
-181
-191
-271
-281
-291
-381
-391
-311
-321
-341
-471
-571
-671
-771
-871
-971
383
-384
-385
-386
-389
-173
-183
-193
-393
-313
-323
-483
-583
-683
-783
-883
-983
423
-421
-422
-424
-425
-426
-427
-429
-413
-433
-513
-523
-533
-613
-623
-633
-453
-463
-473
-493
-123
-723
-823
-923
444
-441
-442
-446
-447
-448
-449
-454
-464
-544
-554
-564
-644
-654
-664
-414
-434
-474
-484
-494
-344
-744
-844
-944
479
-472
-475
-476
-477
-478
-489
-499
-579
-589
-599
-679
-689
-699
-419
-439
-459
-469
-179
-279
-779
-879
-979
519
-511
-512
-514
-515
-516
-517
-518
-529
-539
-619
-629
-639
-549
-559
-569
-119
-219
-319
-719
-819
-919
538
-531
-534
-535
-537
-418
-438
-618
-638
-548
-568
-578
-588
-598
-738
-838
-938
577
-572
-573
-574
-575
-576
-487
-497
-587
-597
-677
-687
-697
-527
-547
-557
-177
-277
-777
-877
-977
594
-591
-592
-593
-595
-596
-584
-674
-684
-694
-524
-194
-294
-394
-794
-894
-994
631
-634
-635
-637
-411
-431
-521
-611
-621
-641
-651
-661
-681
-691
-131
-731
-831
-931
668
-662
-663
-665
-666
-669
-468
-648
-678
-688
-698
-768
-868
-968
682
-685
-686
-482
-492
-582
-672
-692
-612
-622
-642
-182
-782
-882
-982
727
-721
-722
-724
-725
-726
-729
-717
-737
-817
-827
-837
-917
-927
-937
-747
-757
-787
-797
-127
-627
733
-734
-735
-739
-713
-813
-833
-913
-933
-753
-763
-773
-793
113
-111
-114
-117
-133
742
-741
-746
-748
-749
-762
-842
-862
-942
-962
-712
-772
-792
-542
755
-751
-754
-756
-759
-765
-855
-865
-955
-965
-715
-775
-785
-795
-455
-555
-655
778
-774
-776
-788
-798
-878
-888
-898
-978
-988
-998
-718
-178
854
-851
-853
-856
-857
-859
-764
-864
-954
-964
-814
-824
-834
-874
-884
-154
866
-861
-863
-869
-766
-846
-946
-956
-966
-816
-826
-876
-886
-896
-166
-466
-566
872
-873
-875
-892
-972
-992
-812
-822
893
-891
-895
-897
-899
-973
-993
-172
192
-196
-197
-198
-199
188
-184
-186
-187
-189
137
-134
-139
-217
934
-935
-939
-714
-914
-924
784
-781
-786
-789
-974
-984
-437
435
-415
-525
-615
-625
-465
565
-561
-562
-563
462
-461
-412
522
-526
-485
-495
553
-551
-556
-653
-585
912
-911
-915
-916
-918
-922
818
-811
-815
-848
948
-941
-947
-949
-835
839
-829
-929
-849
-889
-953
963
-961
-969
673
-675
-676
-693
695
-696
-284
-488
498
-491
-496
-295
-395
-995
887
-881
-885
-987
-997
825
-821
-925
841
-847
-761
769
-951
957
-959
-799
-325
315
-314
-215
324
-329
-124
-214
211
-121
129
-159
-169
-261
-711
716
921
-926
791
-796
-981
-991
614
-616
-617
-624
626
-416
417
-457
-646
-656
-541
546
451
-456
-481
486
581
-586
-346
349
156
-151
161
-164
264
-269
174
-176
-274
275
-285
396
-399
647
-649
-657
659
-975
976
985
-986
-989
-996
999
-287
289
297
-299
