144
-141
-142
-143
-145
-146
-147
-148
-149
-154
-164
-244
-254
-264
-344
-354
-364
-114
-124
-134
-174
-184
-194
-444
-544
-644
-744
-844
-944
162
-161
-163
-165
-166
-167
-168
-169
-152
-242
-252
-262
-342
-352
-362
-112
-122
-132
-172
-182
-192
-462
-562
-662
-762
-862
-962
175
-171
-173
-176
-177
-178
-179
-185
-195
-275
-285
-295
-375
-385
-395
-115
-125
-135
-155
-475
-575
-675
-775
-875
-975
216
-211
-212
-213
-214
-215
-217
-218
-219
-116
-126
-136
-226
-236
-316
-326
-336
-246
-256
-266
-276
-286
-296
-416
-516
-616
-716
-816
-916
273
-271
-272
-274
-277
-278
-279
-183
-193
-283
-293
-373
-383
-393
-223
-233
-243
-253
-263
-473
-573
-673
-773
-873
-973
311
-312
-313
-314
-315
-317
-318
-319
-111
-121
-131
-221
-231
-321
-331
-341
-351
-361
-371
-381
-391
-411
-511
-611
-711
-811
-911
481
-482
-483
-484
-485
-486
-487
-488
-489
-471
-491
-571
-581
-591
-671
-681
-691
-421
-431
-441
-451
-461
-181
-281
-781
-881
-981
498
-492
-493
-494
-495
-496
-497
-499
-478
-578
-588
-598
-678
-688
-698
-418
-428
-438
-448
-458
-468
-198
-298
-398
-798
-898
-998
525
-521
-522
-523
-524
-526
-527
-528
-529
-415
-425
-435
-515
-535
-615
-625
-635
-545
-555
-565
-585
-595
-225
-325
-725
-825
-925
542
-541
-543
-546
-547
-548
-549
-442
-452
-552
-642
-652
-512
-532
-572
-582
-592
-742
-842
-942
619
-612
-613
-614
-617
-618
-419
-429
-439
-519
-539
-629
-639
-649
-659
-669
-679
-689
-699
-119
-719
-819
-919
686
-682
-683
-684
-685
-687
695
-692
-693
-694
-696
-697
-476
-576
-586
-596
-676
-645
-655
-665
-626
-636
-646
-656
-666
-186
-386
-786
-886
-986
-795
-895
-995
722
-721
-723
-724
-726
-727
-728
-729
-712
-732
-812
-822
-832
-912
-922
-932
-752
-772
-782
-792
412
-413
-414
-417
-422
-432
-622
-632
-472
672
-674
-677
-222
-322
-372
-872
-972
774
-771
-776
-777
-778
-779
-784
-794
-874
-884
-894
-974
-984
-994
-714
-734
-754
-764
-374
-474
-574
818
-813
-814
-815
-817
-718
-738
-828
-838
-918
-928
-938
-848
-858
-868
-878
-888
-118
-518
851
-852
-853
-854
-855
-856
-857
-859
-741
-751
-761
-841
-861
-941
-951
-961
952
-953
-954
-955
-956
-957
-958
-959
-821
-831
-871
-891
-982
-992
-151
191
-196
-197
-199
-291
156
-153
-157
-158
-159
-346
-356
-366
-251
-551
-651
-456
-556
-756
971
-976
-977
-978
-979
-791
-991
731
-733
-735
-736
-737
-739
-921
-931
621
-623
-624
-627
-628
-531
-631
561
-563
-564
-566
-567
-568
-569
-641
-661
536
-533
-534
-537
-538
-426
-436
638
-633
-634
-637
558
-553
-554
-557
-559
-648
-658
-668
-836
-936
-138
-238
-338
241
-245
-247
-248
-249
-261
-258
-358
-758
378
-376
-377
-379
396
-392
-394
-397
-399
-188
-288
-388
128
-123
-127
-129
-228
-328
268
-265
-267
-269
-348
-368
-768
-968
876
-877
-879
-796
-896
-996
-826
926
-923
-924
-927
-929
-846
-866
-946
-966
947
-943
-945
-948
-949
-747
-757
-767
-847
-867
-967
748
-743
-745
-746
-749
766
-763
-765
-769
-788
988
-983
-985
-987
-989
-917
-937
-997
446
-443
-445
-447
-449
-466
-347
-647
643
-453
-463
-653
-663
-343
-843
113
-117
-133
-323
-333
-513
-713
-913
137
-139
-227
-237
-327
-337
-187
189
-289
-299
-389
-437
-837
-589
-789
-889
224
-229
-234
-324
329
-334
-239
-339
-284
-294
384
-382
-387
259
-255
-257
-349
345
-355
-365
-359
-369
235
-232
332
-335
-424
-824
-829
-835
-935
-845
849
-759
-869
-969
799
-793
-797
-899
-999
993
-783
-883
-893
753
-755
-863
-963
-839
939
-933
-934
-353
357
363
-367
455
-454
-457
-459
-465
469
-464
-467
434
-433
423
-427
-514
517
477
-479
-577
579
-587
-597
-599
914
-915
-834
833
-823
827
715
-717
-785
787
885
-882
-887
892
-897
864
-865
-964
965
654
-657
-664
667
282
-287
-292
297
583
-584
-593
594
