138
-131
-132
-133
-134
-135
-136
-137
-139
-118
-128
-218
-228
-238
-318
-328
-338
-148
-158
-168
-178
-188
-198
-438
-538
-638
-738
-838
-938
177
-171
-172
-173
-174
-175
-176
-179
-187
-197
-277
-287
-297
-377
-387
-397
-117
-127
-147
-157
-167
-477
-577
-677
-777
-877
-977
212
-211
-213
-214
-215
-216
-217
-219
-112
-122
-222
-232
-312
-322
-332
-242
-252
-262
-272
-282
-292
-412
-512
-612
-712
-812
-912
248
-241
-243
-244
-245
-246
-247
-249
-258
-268
-348
-358
-368
-278
-288
-298
-448
-548
-648
-748
-848
-948
263
-261
-264
-265
-266
-267
-269
-143
-153
-163
-253
-343
-353
-363
-223
-233
-273
-283
-293
-463
-563
-663
-763
-863
-963
325
-321
-323
-324
-326
-327
-329
-115
-125
-225
-235
-315
-335
-345
-355
-365
-375
-385
-395
-425
-525
-625
-725
-825
-925
344
-341
-342
-346
-347
-349
-144
-154
-164
-254
-354
-364
-314
-334
-374
-384
-394
-444
-544
-644
-744
-844
-944
373
-371
-372
-376
-378
-379
-183
-193
-383
-393
-313
-333
-473
-573
-673
-773
-873
-973
418
-411
-413
-414
-415
-416
-417
-419
-428
-518
-528
-618
-628
-458
-468
-478
-488
-498
-718
-818
-918
462
-461
-464
-465
-466
-467
-469
-442
-452
-542
-552
-562
-642
-652
-662
-422
-432
-472
-482
-492
-162
-362
-762
-862
-962
481
-483
-484
-485
-486
-487
-489
-471
-491
-571
-581
-591
-671
-681
-691
-421
-431
-441
-451
-181
-281
-381
-781
-881
-981
543
-541
-545
-546
-547
-549
-443
-453
-553
-643
-653
-513
-523
-533
-583
-593
-743
-843
-943
555
-551
-554
-556
-557
-558
-559
-445
-455
-565
-645
-655
-665
-515
-535
-575
-585
-595
-155
-255
-755
-855
-955
574
-572
-576
-578
-579
-474
-494
-584
-594
-674
-684
-694
-514
-524
-534
-564
-274
-774
-874
-974
623
-621
-622
-624
-626
-627
-629
-423
-433
-613
-633
493
-495
-496
-497
-499
-683
-693
-123
113
-111
-114
-116
-119
-713
-813
-913
-723
-823
-923
-793
-893
-993
637
-631
-632
-634
-635
-636
-639
-427
-437
-517
-527
-537
-617
-647
-657
-667
-687
-697
-237
-337
-737
-837
-937
689
-682
-685
-686
-688
-479
-589
-599
-679
-699
-619
-649
-659
-669
-189
-289
-389
-789
-889
-989
726
-721
-722
-724
-727
-728
-729
-716
-736
-816
-826
-836
-916
-926
-936
-746
-756
-766
-776
-786
-796
-126
-226
-426
-526
791
-792
-794
-795
-797
-798
-799
-771
-871
-891
-971
-991
-711
-731
-741
-751
-761
271
-275
-276
-279
-191
-291
-391
-221
-231
-251
819
-811
-814
-815
-817
-719
-739
-829
-839
-919
-929
-939
-849
-859
-869
-879
-899
-319
-519
922
-921
-924
-927
-928
-732
-822
-832
-932
828
-821
-824
-827
-858
-868
-878
-888
-898
-942
-952
-972
-982
-992
-522
532
-531
-536
-539
-582
-592
227
-224
-229
-317
-257
959
-951
-953
-954
-956
-957
-958
-749
-759
-769
-949
-969
779
-772
-775
-778
-979
-999
-159
-259
256
-146
-156
-166
-356
-366
-236
-286
-296
-456
-656
-856
-359
-459
961
-964
-965
-966
-967
-968
-841
-851
-861
-941
831
-833
-834
-835
-911
-931
-331
-161
-361
-561
-661
985
-983
-984
-986
-987
-988
-785
-875
-885
-895
-975
-995
933
-934
-935
-733
-915
-945
-185
-285
284
-184
-194
-294
124
-121
-129
311
-316
-234
239
336
-339
295
-299
-195
-351
-386
-396
-511
516
-436
-616
521
-529
-611
-566
-586
-596
569
-567
-568
-449
-424
429
-439
149
-141
-142
-145
151
-152
352
-357
165
-169
367
-369
-199
399
-392
-398
388
-382
641
-646
-651
-752
-852
-765
-865
845
-842
-846
-847
742
-745
-747
-782
-767
-867
-784
-884
-588
587
-597
598
-678
-698
978
-976
-788
-998
-787
783
-883
-753
853
-854
-857
-887
897
-892
-894
-896
994
-996
-997
864
-866
-754
-764
768
946
-947
757
-758
-717
917
-914
-446
447
666
-664
-668
-457
454
-654
658
-434
435
614
-615
-475
476
-676
-696
-714
715
734
-735
675
-672
692
-695
872
-876
-882
886
182
-186
-192
196
