122
-121
-123
-124
-125
-126
-127
-128
-129
-112
-132
-212
-222
-232
-312
-322
-332
-142
-152
-162
-172
-182
-192
-422
-522
-622
-722
-822
-922
213
-211
-214
-215
-216
-217
-218
-219
-113
-133
-223
-233
-313
-323
-333
-243
-253
-263
-273
-283
-293
-413
-513
-613
-713
-813
-913
249
-241
-242
-244
-245
-246
-247
-248
-149
-159
-169
-259
-269
-349
-359
-369
-229
-239
-279
-289
-299
-449
-549
-649
-749
-849
-949
262
-261
-264
-265
-266
-267
-268
-252
-342
-352
-362
-272
-282
-292
-462
-562
-662
-762
-862
-962
278
-271
-274
-275
-276
-277
-178
-188
-198
-288
-298
-378
-388
-398
-228
-238
-258
-478
-578
-678
-778
-878
-978
297
-291
-294
-295
-296
-177
-187
-197
-287
-377
-387
-397
-227
-237
-257
-497
-597
-697
-797
-897
-997
319
-311
-314
-315
-316
-317
-318
-119
-139
-329
-339
-379
-389
-399
-419
-519
-619
-719
-819
-919
337
-331
-334
-335
-336
-338
-117
-137
-327
-347
-357
-367
-437
-537
-637
-737
-837
-937
344
-341
-343
-345
-346
-348
-144
-154
-164
-254
-354
-364
-324
-374
-384
-394
-444
-544
-644
-744
-844
-944
375
-371
-372
-373
-376
-175
-185
-195
-285
-385
-395
-325
-355
-365
-475
-575
-675
-775
-875
-975
393
-391
-392
-396
382
-381
-383
-386
-173
-183
-193
-353
-363
-482
-582
-682
-782
-882
-982
-493
-593
-693
-793
-893
-993
453
-451
-452
-454
-455
-456
-457
-458
-459
-443
-463
-543
-553
-563
-643
-653
-663
-423
-433
-473
-483
-153
-753
-853
-953
477
-471
-472
-474
-476
-479
-487
-577
-587
-677
-687
-417
-427
-447
-467
-777
-877
-977
499
-491
-492
-494
-495
-496
-498
-489
-579
-589
-599
-679
-689
-699
-429
-439
-469
-199
-799
-899
-999
557
-551
-552
-554
-555
-556
-558
-559
-547
-567
-647
-657
-667
-517
-527
-157
-757
-857
-957
611
-612
-614
-615
-616
-617
-618
-411
-421
-431
-511
-521
-531
-621
-631
627
-623
-624
-625
-626
-628
-629
-641
-651
-661
-671
-681
-691
-111
-711
-811
-911
-727
-827
-927
634
-632
-633
-635
-636
-638
-639
-414
-424
-434
-514
-524
-534
-654
-664
-674
-684
-694
-134
-234
-734
-834
-934
652
-655
-656
-658
-659
-442
-542
-642
-672
-692
669
-665
-666
-668
-569
-752
-852
-952
-769
-869
-969
712
-714
-715
-716
-717
-718
-732
-812
-832
-912
-932
-742
-772
-792
-412
432
-435
-436
-438
-512
-532
736
-731
-733
-735
-738
-739
-726
-816
-826
-836
-916
-926
-936
-746
-756
-766
-776
-786
-796
-136
-236
-536
765
-761
-763
-764
-767
-768
-745
-755
-845
-855
-865
-945
-955
-965
-725
-785
-795
-165
-465
-565
779
-771
-773
-774
-789
-879
-889
-979
-989
-729
-759
-179
189
-181
-184
-186
791
-794
-798
-781
-871
-881
-891
-971
-981
-991
-721
-741
-751
-191
-591
814
-815
-817
-818
-724
-824
-914
-924
917
-915
-918
-854
-864
-874
-884
-894
-947
-967
-987
-114
224
-221
-225
-226
-284
839
-831
-833
-835
-838
-829
-929
-939
-859
959
-951
-954
-956
-958
529
-523
-525
-526
-528
533
-535
-538
-539
-573
-583
-933
754
-758
-964
-784
848
-841
-842
-843
-846
-847
942
-941
-943
-946
-948
-748
-858
-868
-968
-828
-888
-898
-972
-992
-148
-448
-548
-648
861
-863
-866
-867
-851
856
-961
-966
963
-743
747
-787
887
-883
-885
-886
-821
-876
-896
-923
-973
-983
143
-141
-145
-146
-147
-163
167
-161
-166
-168
-156
-256
286
-281
171
-174
-176
194
-196
-131
-151
116
-115
-118
-326
-416
-516
426
-425
-428
-446
-466
-486
-356
366
-361
-368
-461
-561
-566
-571
-586
-686
-986
-594
-994
895
-892
872
-873
783
-788
-985
-995
-723
728
823
-825
-928
-938
925
-921
931
-935
321
-328
-231
235
-135
138
155
-158
-255
251
-351
358
-572
592
-595
-596
-598
673
-676
-683
-695
984
-988
-974
976
-996
998
574
-576
-484
-584
696
-698
464
-468
-564
568
546
-541
-545
441
-445
645
-646
-481
581
-585
-588
515
-518
-415
418
485
-488
-685
688
