146
-141
-142
-143
-144
-145
-147
-148
-149
-156
-166
-246
-256
-266
-346
-356
-366
-116
-126
-136
-176
-186
-196
-446
-546
-646
-746
-846
-946
178
-171
-172
-173
-174
-175
-177
-179
-188
-198
-278
-288
-298
-378
-388
-398
-118
-128
-138
-158
-168
-478
-578
-678
-778
-878
-978
192
-191
-193
-194
-195
-197
-199
-182
-272
-282
-292
-372
-382
-392
-112
-122
-132
-152
-162
-492
-592
-692
-792
-892
-992
231
-232
-233
-234
-235
-236
-237
-238
-239
-111
-121
-131
-211
-221
-311
-321
-331
-241
-251
-261
-271
-281
-291
-431
-531
-631
-731
-831
-931
244
-242
-243
-245
-247
-248
-249
-154
-164
-254
-264
-344
-354
-364
-214
-224
-274
-284
-294
-444
-544
-644
-744
-844
-944
317
-312
-313
-314
-315
-316
-318
-319
-117
-127
-137
-217
-227
-327
-337
-347
-357
-367
-377
-387
-397
-417
-517
-617
-717
-817
-917
426
-421
-422
-423
-424
-425
-427
-428
-429
-416
-436
-516
-526
-536
-616
-626
-636
-456
-466
-476
-486
-496
-226
-326
-726
-826
-926
479
-471
-472
-473
-474
-475
-477
-489
-499
-579
-589
-599
-679
-689
-699
-419
-439
-449
-459
-469
-279
-379
-779
-879
-979
551
-552
-553
-554
-555
-556
-557
-558
-559
-441
-451
-461
-541
-561
-641
-651
-661
-511
-521
-571
-581
-591
-151
-351
-751
-851
-951
563
-562
-564
-565
-566
-567
-568
-569
-443
-453
-463
-543
-643
-653
-663
-513
-523
-533
-573
-583
-593
-163
-263
-363
-763
-863
-963
615
-611
-612
-613
-614
-618
-619
-415
-435
-515
-525
-535
-625
-635
-645
-655
-665
-675
-685
-695
-115
-215
-715
-815
-915
657
-652
-654
-656
-658
-659
666
-662
-664
-667
-668
-669
-447
-457
-467
-547
-647
-676
-686
-696
-627
-637
-677
-687
-697
-157
-257
-757
-857
-957
-766
-866
-966
713
-711
-712
-714
-716
-718
-719
-723
-733
-813
-823
-833
-913
-923
-933
-743
-753
-773
-783
-793
-113
-213
-413
764
-761
-762
-765
-767
-768
-769
-754
-854
-864
-954
-964
-724
-734
-774
-784
-794
454
-452
-455
-458
-464
-414
-434
-484
-494
781
-782
-785
-786
-787
-788
-789
-771
-791
-871
-881
-891
-971
-981
-991
-721
-741
-181
161
-165
-167
-169
-341
-361
267
-262
-265
-268
-269
187
-183
-184
-185
-189
-277
-287
-297
-861
-961
-867
-967
-381
-481
-681
-487
-587
-887
-987
828
-821
-822
-824
-825
-827
-829
-728
-738
-818
-838
-918
-928
-938
-848
-858
-868
-888
-898
-228
-328
-528
-628
842
-841
-843
-845
-847
-849
941
-942
-943
-945
-947
-948
-949
-742
-752
-852
-862
-952
-962
747
-745
-748
-749
-727
-737
-777
-797
811
-812
-814
-816
-819
-911
-921
-832
-872
-882
-411
621
-622
-623
-624
-629
491
-493
-495
-497
-498
-671
-691
437
-432
-433
-438
633
-632
-634
-638
-639
-527
-537
483
-482
-485
-488
-673
-683
-693
649
-642
-648
-549
927
-922
-924
-925
-929
-837
-937
-977
-997
-133
-333
-342
-442
-542
462
-465
-468
-412
418
-518
-538
445
-448
-545
548
-588
-598
-218
338
-332
-334
-335
-336
-339
216
-212
-219
-276
-286
-296
258
-252
-253
-255
-259
-348
-358
-368
222
-223
-225
-229
-322
-916
-522
-722
343
-345
-349
-153
-353
123
-124
-125
-129
-323
-373
-383
-393
352
-355
-359
-362
-758
798
-795
-796
-799
-988
-998
-958
968
-965
-969
371
-374
-375
-376
-391
-283
-883
-983
688
-682
-684
-698
694
-574
-584
-594
-674
672
-572
-582
-772
732
-735
-736
-739
-912
-932
512
-514
-519
-532
-972
982
-984
-985
-986
-989
-394
384
-385
-386
-389
396
-395
-399
-324
524
-529
-534
539
-139
-839
-939
-884
-894
-994
-596
-896
-996
-114
119
134
-135
325
-329
155
-159
-365
369
914
-919
-834
-934
729
-725
-759
874
-873
-875
-876
-877
-974
897
-893
-895
-899
853
-855
-856
-859
-953
-755
756
-956
775
-776
-885
-975
-995
-955
959
865
-869
-835
836
935
-936
-886
889
976
-973
993
-999
273
-275
-293
-575
-576
577
586
-585
595
-597
285
-289
-295
299
