121
-122
-123
-124
-125
-126
-127
-128
-129
-111
-131
-211
-221
-231
-311
-321
-331
-141
-151
-161
-171
-181
-191
-421
-521
-621
-721
-821
-921
146
-142
-143
-144
-145
-147
-148
-149
-156
-166
-246
-256
-266
-346
-356
-366
-116
-136
-176
-186
-196
-446
-546
-646
-746
-846
-946
165
-162
-163
-164
-167
-168
-169
-155
-245
-255
-265
-345
-355
-365
-115
-135
-175
-185
-195
-465
-565
-665
-765
-865
-965
214
-212
-213
-215
-216
-217
-218
-219
-114
-134
-224
-234
-314
-324
-334
-244
-254
-264
-274
-284
-294
-414
-514
-614
-714
-814
-914
278
-271
-272
-273
-275
-276
-277
-279
-178
-188
-198
-288
-298
-378
-388
-398
-228
-238
-248
-258
-268
-478
-578
-678
-778
-878
-978
292
-291
-293
-295
-296
-297
-299
-172
-182
-192
-282
-372
-382
-392
-222
-232
-242
-252
-262
-492
-592
-692
-792
-892
-992
412
-411
-413
-415
-416
-417
-418
-419
-422
-432
-512
-522
-532
-612
-622
-632
-442
-452
-462
-472
-482
-112
-312
-712
-812
-912
437
-431
-433
-434
-435
-436
-438
-439
-427
-517
-527
-537
-617
-627
-637
-447
-457
-467
-477
-487
-497
-137
-237
-337
-737
-837
-937
454
-451
-453
-455
-456
-458
-459
-444
-464
-544
-554
-564
-644
-654
-664
-424
-474
-484
-494
-154
-354
-754
-854
-954
545
-541
-542
-543
-547
-548
-549
-445
-555
-645
-655
-515
-525
-535
-575
-585
-595
-745
-845
-945
581
-582
-583
-584
-586
-587
-588
-589
-471
-481
-491
-571
-591
-671
-681
-691
-511
-531
-551
-561
-281
-381
-781
-881
-981
618
-611
-613
-615
-616
-619
631
-633
-634
-635
-636
-638
-639
-428
-518
-528
-538
-628
-641
-651
-661
-648
-658
-668
-688
-698
-118
-318
-718
-818
-918
-731
-831
-931
723
-722
-724
-725
-726
-727
-728
-729
-713
-733
-813
-823
-833
-913
-923
-933
-743
-753
-763
-773
-783
-793
-223
-323
-423
-523
-623
789
-782
-784
-785
-786
-787
-788
-779
-799
-879
-889
-899
-979
-989
-999
-719
-739
-749
-759
-769
-189
-289
-389
-489
-689
852
-851
-853
-855
-856
-857
-858
-859
-742
-752
-762
-842
-862
-942
-952
-962
-822
-832
-872
-882
-152
132
-133
-138
-139
-322
-332
158
-153
-157
-159
-348
-358
-368
922
-924
-925
-926
-927
-928
-929
-732
-932
772
-771
-774
-775
-776
-777
-972
-982
-352
-552
-652
-558
-758
-958
-572
562
-563
-566
-567
-568
-569
-642
-662
598
-593
-594
-596
-597
-599
-488
-498
342
-341
-343
-344
-347
-349
-362
364
-361
-363
-367
-369
-374
-384
-394
-764
-864
-964
-672
682
-683
-684
-685
-686
-687
-798
-898
-998
877
-871
-873
-874
-875
-876
-797
-887
-897
-977
-987
-997
-817
-827
-847
-867
-177
-377
-577
557
-553
-556
-559
-647
-657
-667
-257
-357
-757
-957
-677
697
-693
-694
-695
-696
-699
-197
-397
943
-941
-944
-947
-948
-949
-843
-863
-953
-963
-973
-983
-993
-243
-443
-643
649
-449
-469
-659
-669
-629
-679
-249
-849
113
-117
-119
-233
-313
-333
-173
-183
-193
187
-184
-287
-387
-513
533
-534
-536
-539
-573
-174
179
194
-199
-379
-399
-479
-579
499
-493
-495
-496
-429
-794
-894
-994
-225
226
-227
-229
-236
-316
-326
-336
-286
-426
425
-625
-475
-485
675
-673
-674
-676
574
-576
-524
624
-626
-824
-325
-825
-526
529
516
-519
-716
-816
-916
-826
327
-328
-329
-317
338
-335
-339
828
-829
-738
-838
-938
-848
-868
-888
988
-984
-985
-986
-968
-974
884
-883
-885
-886
893
-891
-895
-896
-834
-844
841
-741
-751
-761
-861
-951
-961
744
-747
-748
768
-766
-767
967
-966
-969
-734
934
-935
-936
-939
717
-711
-715
-917
791
-795
-796
-971
-991
-811
911
-915
-919
959
-955
-956
755
-756
866
-869
-735
736
-836
-241
247
-267
-441
448
461
-463
-466
-468
656
-653
663
-666
-259
-359
269
-261
-263
251
-253
-351
353
283
-285
-373
-383
-393
235
-239
-315
319
815
-819
-835
839
371
-375
-376
-391
473
-476
-483
486
-975
976
995
-996
385
-386
-395
396
