122
-121
-123
-124
-125
-126
-127
-128
-129
-112
-132
-212
-222
-232
-312
-322
-332
-142
-152
-162
-172
-182
-192
-422
-522
-622
-722
-822
-922
145
-141
-143
-144
-146
-147
-148
-149
-155
-165
-245
-255
-265
-345
-355
-365
-115
-135
-175
-185
-195
-445
-545
-645
-745
-845
-945
156
-151
-153
-154
-157
-158
-159
-166
-246
-256
-266
-346
-356
-366
-116
-136
-176
-186
-196
-456
-556
-656
-756
-856
-956
174
-171
-173
-177
-178
-179
-184
-194
-274
-284
-294
-374
-384
-394
-114
-134
-164
-474
-574
-674
-774
-874
-974
211
-213
-214
-215
-216
-217
-218
-219
-111
-131
-221
-231
-311
-321
-331
-241
-251
-261
-271
-281
-291
-411
-511
-611
-711
-811
-911
314
-313
-315
-316
-317
-318
-319
-224
-234
-324
-334
-344
-354
-364
-414
-514
-614
-714
-814
-914
337
-333
-335
-336
-338
-339
-117
-137
-227
-237
-327
-347
-357
-367
-377
-387
-397
-437
-537
-637
-737
-837
-937
351
-352
-353
-358
-359
-161
-341
-361
-371
-381
-391
-451
-551
-651
-751
-851
-951
442
-441
-443
-444
-446
-447
-448
-449
-452
-462
-542
-552
-562
-642
-652
-662
-412
-432
-472
-482
-492
-242
-342
-742
-842
-942
479
-471
-473
-475
-476
-477
-478
-489
-499
-579
-589
-599
-679
-689
-699
-419
-429
-439
-459
-469
-279
-379
-779
-879
-979
483
-481
-484
-485
-486
-487
-488
-493
-573
-583
-593
-673
-683
-693
-413
-423
-433
-453
-463
-183
-283
-383
-783
-883
-983
518
-512
-513
-515
-516
-517
-519
-418
-428
-438
-528
-538
-618
-628
-638
-548
-558
-568
-578
-588
-598
-118
-718
-818
-918
531
-532
-533
-534
-535
-536
-539
-421
-431
-521
-621
-631
-541
-561
-571
-581
-591
-731
-831
-931
543
-544
-546
-547
-549
-553
-563
-643
-653
-663
-523
-243
-343
-743
-843
-943
569
-564
-565
-566
-567
-559
-649
-659
-669
-529
-169
-269
-369
-769
-869
-969
572
-575
-576
-577
-582
-592
-672
-682
-692
-272
-372
-772
-872
-972
596
-594
-595
-597
-496
-586
-676
-686
-696
-526
-296
-396
-796
-896
-996
623
-624
-625
-626
-627
-629
-613
-633
-223
-323
-723
-823
-923
639
-632
-634
-635
-636
612
-615
-616
-617
-619
-712
-812
-912
-139
-239
-739
-839
-939
661
-664
-665
-666
-667
-668
-461
-641
491
-494
-495
-497
-498
-671
-681
-691
646
-644
-647
-648
-466
-746
-846
-946
-761
-861
-961
-191
181
-187
-188
-189
-781
-881
-981
-791
-891
-991
755
-752
-753
-754
-757
-758
-759
-765
-855
-865
-955
-965
-715
-725
-735
-775
-785
-795
-455
-555
-655
465
-464
-467
-468
-415
-425
-435
525
-524
-527
458
-454
-457
-658
-585
-225
-325
235
-233
-236
-238
-275
-285
-295
-825
-925
-835
-935
-258
-858
-958
771
-773
-776
-777
-778
-871
-971
-721
-741
799
-792
-793
-794
-797
-798
-789
-889
-899
-989
-999
-719
-729
-749
-199
119
-113
133
-138
-229
-329
-163
-193
-819
-919
-733
-833
-933
-299
-399
897
-892
-893
-894
-895
-898
-787
-877
-887
-977
-987
-997
-817
-827
-847
-857
-867
-197
198
-278
-288
-298
-378
-388
-398
167
-168
-247
-257
-267
-767
-967
-297
-697
-698
-998
932
-934
-936
-938
-732
-832
-952
-962
-982
-992
953
-954
-957
-959
-763
-853
-863
-963
713
-716
-717
-813
-913
873
-875
-876
-878
-973
-993
-253
-273
-373
964
-966
-968
-744
-764
-844
-854
-864
-944
-924
-984
-994
995
-885
-975
-985
815
-816
-915
244
-248
-249
-254
-264
694
-695
-584
587
-684
-677
-687
554
-557
-654
657
277
-276
-287
-395
986
-988
-786
-886
-976
978
-788
-888
-916
917
-727
-927
747
-748
-947
-926
-928
-948
416
-417
-426
-436
434
-424
427
-734
-834
376
-375
385
-382
-386
-389
-286
289
-282
226
-228
-326
328
268
-262
-263
363
-362
-368
252
-259
-348
349
-292
293
392
-393
-726
-826
-728
724
-824
-784
782
-882
884
-762
-828
848
-841
-849
941
-949
-768
766
-866
-868
862
-852
859
-736
738
836
-838
821
-829
-921
929
675
-678
-685
688
