133
-131
-132
-134
-135
-136
-137
-138
-139
-113
-123
-213
-223
-233
-313
-323
-333
-143
-153
-163
-173
-183
-193
-433
-533
-633
-733
-833
-933
168
-161
-162
-164
-165
-166
-167
-169
-148
-158
-248
-258
-268
-348
-358
-368
-118
-128
-178
-188
-198
-468
-568
-668
-768
-868
-968
181
-182
-184
-185
-186
-187
-189
-171
-191
-271
-281
-291
-371
-381
-391
-111
-121
-141
-151
-481
-581
-681
-781
-881
-981
215
-211
-212
-214
-216
-217
-218
-219
-115
-125
-225
-235
-315
-325
-335
-245
-255
-265
-275
-285
-295
-415
-515
-615
-715
-815
-915
242
-241
-243
-244
-246
-247
-249
-142
-152
-252
-262
-342
-352
-362
-222
-232
-272
-282
-292
-442
-542
-642
-742
-842
-942
259
-251
-253
-254
-256
-257
-149
-159
-269
-349
-359
-369
-229
-239
-279
-289
-299
-459
-559
-659
-759
-859
-959
311
-312
-314
-316
-317
-318
-319
-221
-231
-321
-331
261
-263
-264
-266
-267
-341
-351
-361
-411
-511
-611
-711
-811
-911
-461
-561
-661
-761
-861
-961
365
-363
-364
-366
-367
-145
-155
-345
-355
-375
-385
-395
-465
-565
-665
-765
-865
-965
378
-372
-373
-374
-376
-377
-379
-278
-288
-298
-388
-398
-328
-338
-478
-578
-678
-778
-878
-978
389
-382
-383
-384
-386
-387
-179
-199
-399
-329
-339
-489
-589
-689
-789
-889
-989
439
-431
-432
-434
-435
-436
-437
-438
-419
-429
-519
-529
-539
-619
-629
-639
-449
-469
-479
-499
-739
-839
-939
487
-482
-483
-484
-485
-486
-488
-477
-497
-577
-587
-597
-677
-687
-697
-417
-427
-447
-457
-467
-287
-787
-887
-987
525
-521
-522
-523
-524
-526
-527
-528
-425
-535
-625
-635
-545
-555
-575
-585
-595
-725
-825
-925
558
-551
-552
-553
-554
-556
-557
-448
-458
-548
-648
-658
-518
-538
-588
-598
-758
-858
-958
584
-582
-583
-586
-474
-494
-574
-594
-674
-684
-694
-514
-534
-544
-564
-284
-784
-884
-984
624
-621
-622
-623
-626
-627
-628
-414
-424
-614
-634
-644
-654
-664
-124
-224
-324
-724
-824
-924
671
-672
-673
-675
-676
-679
-471
-491
-571
-591
-691
-631
-641
-651
-771
-871
-971
685
-682
-683
-686
-688
-475
-495
-695
-645
-655
-785
-885
-985
723
-721
-722
-726
-727
-728
-729
-713
-813
-823
-913
-923
-743
-753
-763
-773
-783
-793
-423
732
-731
-734
-735
-736
-737
-738
-712
-812
-822
-832
-912
-922
-932
-752
-762
-772
-782
-792
-332
-532
-632
747
-741
-744
-745
-746
-748
-749
-757
-767
-847
-857
-867
-947
-957
-967
-717
-777
-797
-147
-347
-547
-647
791
-794
-795
-796
-798
-799
-891
-991
-751
855
-851
-852
-853
-854
-856
-755
-845
-945
-955
775
-774
-776
-779
-875
-895
-975
-995
-835
935
-931
-934
-936
-937
-938
445
-441
-443
-444
-446
-455
-175
195
-192
-194
-196
-197
866
-862
-863
-864
-869
-756
754
-764
-844
-944
-954
-964
-766
769
-846
-946
-956
-966
-849
-949
-969
-714
-719
-816
-826
-836
-876
-886
-896
-154
-354
-454
464
-462
-463
-466
-566
-666
-569
-669
893
-892
-894
-897
-898
-899
-873
-883
-973
-983
-993
-843
283
-286
-273
-293
-393
-493
-593
-693
926
-921
-927
-928
-929
-716
718
-916
-818
-828
-838
-918
786
-788
-976
-986
-996
-418
-618
-126
-226
-326
-426
943
-941
-948
-953
-963
962
-952
951
-841
848
-888
882
-872
-972
-982
988
-992
-998
541
-543
-546
-549
-451
649
-643
-646
421
-422
-428
-531
638
-636
-637
498
-492
-496
-698
-699
-821
831
-834
-837
228
-227
-238
-343
353
-356
-357
157
-156
-117
-127
-177
-453
-653
-657
-562
-662
974
-977
-979
-874
-994
814
-817
-819
-914
-114
-174
144
-146
-344
346
-336
-396
-274
-112
116
-119
-236
129
-122
322
-327
172
-176
-392
-416
-516
-616
536
-537
-576
-596
919
-917
827
-829
-877
879
997
-999
-472
-572
277
-276
296
-294
-297
394
-397
234
-237
-334
337
476
-473
573
-579
-696
692
-592
599
413
-412
-513
-613
452
-456
-652
656
512
-517
-612
617
-563
567
663
-667
