131
-132
-133
-134
-135
-136
-137
-138
-139
-111
-121
-211
-221
-231
-311
-321
-331
-141
-151
-161
-171
-181
-191
-431
-531
-631
-731
-831
-931
155
-152
-153
-154
-156
-157
-158
-159
-145
-165
-245
-255
-265
-345
-355
-365
-115
-125
-175
-185
-195
-455
-555
-655
-755
-855
-955
227
-222
-223
-224
-225
-226
-228
-229
-117
-127
-217
-237
-317
-327
-337
-247
-257
-267
-277
-287
-297
-427
-527
-627
-727
-827
-927
252
-251
-253
-254
-256
-258
-259
-142
-162
-242
-262
-342
-352
-362
-212
-232
-272
-282
-292
-452
-552
-652
-752
-852
-952
294
-291
-293
-295
-296
-298
-299
-174
-184
-194
-274
-284
-374
-384
-394
-214
-234
-244
-264
-494
-594
-694
-794
-894
-994
336
-332
-333
-334
-335
-338
-339
-116
-126
-216
-236
-316
-326
-346
-356
-366
-376
-386
-396
-436
-536
-636
-736
-836
-936
348
-341
-343
-344
-347
-349
-148
-168
-248
-268
-358
-368
-318
-328
-378
-388
-398
-448
-548
-648
-748
-848
-948
363
-361
-364
-367
-369
-143
-163
-243
-263
-353
-313
-323
-373
-383
-393
-463
-563
-663
-763
-863
-963
429
-421
-422
-423
-424
-425
-426
-428
-419
-439
-519
-529
-539
-619
-629
-639
-449
-459
-469
-479
-489
-499
-129
-329
-729
-829
-929
435
-432
-433
-434
-437
-438
-415
-515
-525
-535
-615
-625
-635
-445
-465
-475
-485
-495
-235
-735
-835
-935
453
-451
-454
-456
-457
-458
-443
-543
-553
-643
-653
-413
-473
-483
-493
-753
-853
-953
461
-462
-464
-466
-467
-468
-441
-541
-551
-561
-641
-651
-661
-411
-471
-481
-491
-261
-761
-861
-961
534
-532
-533
-537
-538
-414
-514
-524
-614
-624
-634
-544
-554
-564
-574
-584
-734
-834
-934
571
-572
-573
-575
-576
-577
-578
-579
-581
-591
-671
-681
-691
-511
-521
-271
-371
-771
-871
-971
642
-644
-645
-646
-647
-649
-442
-542
-562
-662
-612
-622
-632
-672
-682
-692
-742
-842
-942
656
-654
-657
-658
-659
-446
-546
-556
-566
-666
-616
-626
-676
-686
-696
-756
-856
-956
675
-673
-674
-677
-678
-679
-585
-595
-685
-695
-665
-275
-375
-775
-875
-975
744
-741
-743
-745
-746
-747
-749
-754
-764
-844
-854
-864
-944
-954
-964
-714
-724
-774
-784
-144
-444
447
664
-667
-668
-669
-547
-557
-567
-417
-477
-487
-497
-684
-147
-847
-947
354
-351
-357
-359
241
-246
-249
-164
167
-166
-169
-177
-187
-197
-281
-314
-324
-841
-941
-767
-867
-967
768
-762
-765
-766
-769
-758
-858
-868
-958
-968
-718
-728
-738
-778
-788
-798
558
-559
-568
-518
-528
-588
-598
776
-772
-773
-777
-779
-786
-796
-876
-886
-896
-976
-986
-996
-716
-726
-176
-276
-476
813
-811
-812
-814
-815
-816
-817
-818
-819
-713
-723
-733
-823
-833
-913
-923
-933
-843
943
-945
-946
-949
-873
-883
-893
-973
-983
-993
-113
-213
-513
-613
857
-851
-859
-757
-957
-837
-877
-887
-897
889
-881
-882
-884
-885
-888
-789
-799
-879
-899
-979
-989
-999
-839
-849
-869
-189
-289
-389
-589
-689
699
-693
-697
-698
-599
-199
-399
959
-951
751
-759
-969
-711
-721
-781
-791
-919
-939
978
-972
-974
-977
-878
-898
-988
-998
-918
-928
-938
377
-372
-379
-387
-397
319
-312
-315
-119
-219
-239
-719
739
-732
-737
-178
-278
-478
-112
-114
118
124
-122
-123
-128
322
-325
233
-238
215
-218
-188
-198
288
-283
-285
-286
-273
279
-179
149
-146
266
-269
-382
-392
914
-911
-912
-915
-916
-917
-824
-924
874
-872
-984
611
-617
-618
-621
-715
-418
-522
-722
725
-825
-925
-785
-795
-822
-922
-633
846
-845
-866
-966
-826
926
-921
821
-828
838
-832
-891
-526
523
-623
628
-638
637
-517
-583
-593
683
-687
-688
717
-712
932
-937
-787
-797
-962
965
862
-865
-892
895
-985
-995
-982
-992
545
-549
-565
569
173
-172
-183
-193
472
-474
-482
-492
-582
-592
484
-486
-488
498
-496
-412
416
512
-516
-783
782
-792
793
-182
186
192
-196
385
-381
391
-395
981
-987
-991
997
-586
587
596
-597
