287
-281
-282
-283
-284
-285
-286
-288
-289
-177
-187
-197
-277
-297
-377
-387
-397
-217
-227
-237
-247
-257
-267
-487
-587
-687
-787
-887
-987
323
-321
-322
-324
-325
-326
-327
-328
-329
-113
-123
-133
-213
-223
-233
-313
-333
-343
-353
-363
-373
-383
-393
-423
-523
-623
-723
-823
-923
334
-331
-332
-335
-336
-337
-338
-339
-114
-124
-134
-214
-224
-234
-314
-344
-354
-364
-374
-384
-394
-434
-534
-634
-734
-834
-934
359
-351
-352
-355
-356
-357
-358
-149
-159
-169
-249
-259
-269
-349
-369
-319
-379
-389
-399
-459
-559
-659
-759
-859
-959
382
-381
-385
-386
-388
-172
-182
-192
-272
-292
-372
-392
-312
-342
-362
-482
-582
-682
-782
-882
-982
391
-395
-396
-398
-171
-181
-191
-271
-291
-371
-311
-341
-361
-491
-591
-691
-791
-891
-991
433
-431
-432
-435
-436
-437
-438
-439
-413
-513
-533
-613
-633
-443
-453
-463
-473
-483
-493
-733
-833
-933
454
-451
-452
-455
-456
-457
-458
-444
-464
-544
-554
-564
-644
-654
-664
-414
-424
-474
-484
-494
-154
-254
-754
-854
-954
529
-521
-522
-524
-525
-526
-527
-528
-419
-429
-519
-539
-619
-629
-639
-549
-569
-579
-589
-599
-129
-229
-729
-829
-929
537
-531
-532
-535
-536
-538
-417
-427
-517
-617
-627
-637
-547
-557
-567
-577
-597
-137
-737
-837
-937
548
-541
-542
-543
-545
-546
-448
-468
-558
-568
-648
-658
-668
-518
-578
-588
-598
-148
-248
-348
-748
-848
-948
621
-622
-624
-625
-626
-628
-411
-421
-511
-611
-631
-641
-651
-661
-671
-681
-121
-221
-721
-821
-921
673
-672
-674
-675
-676
-677
-678
-679
-573
-583
-593
-683
-693
-643
-653
-663
-173
-273
-773
-873
-973
688
-684
-685
-686
-689
-478
-488
-498
-698
-618
-638
-188
-788
-888
-988
761
-762
-763
-764
-765
-766
-767
-768
-769
-741
-751
-841
-851
-861
-941
-951
-961
-711
-731
-771
-781
-161
-261
-461
-561
783
-784
-785
-786
-789
-793
-883
-893
-983
-993
-713
-743
-753
-183
826
-822
-824
-825
-827
-828
-716
-726
-736
-816
-836
-916
-926
-936
-846
-856
-866
-876
-886
-896
-126
-226
-426
845
-842
-843
-844
-847
-849
-745
-755
-855
-865
-945
-955
-965
-815
-835
-875
-885
-895
-145
-245
-345
-445
-645
894
-892
-897
-898
-899
-774
-794
-874
-884
-974
-984
-994
-814
-864
-194
-294
-594
-694
614
-612
-615
-616
-514
-714
-914
918
-911
-912
-913
-915
-917
-919
813
-811
-812
-817
-818
-819
-718
-728
-738
-838
-928
-938
-853
-863
-958
-968
-978
-998
-118
-218
-318
-418
428
-422
-425
-128
-228
946
-942
-943
-944
-947
-949
-746
-756
-956
-966
-976
-986
-996
-146
-246
-346
347
-147
-157
-167
-367
-317
-446
-646
-447
-647
-747
963
-962
-964
-967
-969
-953
744
-742
-749
869
-862
-867
-868
-724
924
-922
-925
-927
-839
-879
-889
881
-871
-971
-981
-831
832
931
-932
-935
-939
-712
-722
-732
-852
-872
-131
-231
-132
-232
-632
-144
-244
-163
-263
-563
553
-551
-552
-555
-556
441
-442
-449
-471
-481
-141
-241
649
-642
-469
-669
-699
-153
-253
571
-572
-574
-575
-576
-581
584
-585
-586
-184
975
-972
-977
-979
-775
-795
-985
989
-995
-779
-799
-999
-175
-275
-375
-475
-189
-489
997
-992
-777
-797
-877
878
-778
-798
758
-752
-757
952
-957
857
-858
-152
-252
-652
-657
-158
-258
477
-472
-476
-479
-497
-697
499
-492
-495
-496
-467
667
-662
-665
-666
692
-695
-696
-592
772
-776
-792
796
-178
-278
-378
376
-176
-186
185
-195
-295
-196
-276
-296
-115
-125
-135
-155
-165
-316
315
-215
-225
222
-112
-122
127
-212
-235
-117
-242
243
-143
142
-162
-262
193
-198
-199
-293
298
-299
-238
138
-136
-139
-168
-268
368
-365
-366
-415
-515
635
-636
-655
656
-466
-566
-715
717
-719
-727
725
-735
739
236
-239
-116
-216
-256
-266
255
-251
151
-156
-265
264
-164
166
-111
119
211
-219
174
-179
-274
279
-485
486
595
-596
465
-462
562
-565
412
-416
-512
516
