136
-131
-132
-133
-134
-135
-137
-138
-139
-116
-126
-216
-226
-236
-316
-326
-336
-146
-156
-166
-176
-186
-196
-436
-536
-636
-736
-836
-936
149
-141
-142
-143
-144
-145
-147
-148
-159
-169
-249
-259
-269
-349
-359
-369
-119
-129
-179
-189
-199
-449
-549
-649
-749
-849
-949
172
-171
-173
-174
-175
-177
-178
-182
-192
-272
-282
-292
-372
-382
-392
-112
-122
-152
-162
-472
-572
-672
-772
-872
-972
227
-221
-222
-223
-224
-225
-228
-229
-117
-127
-217
-237
-317
-327
-337
-247
-257
-267
-277
-287
-297
-427
-527
-627
-727
-827
-927
281
-283
-284
-285
-286
-288
-289
-181
-191
-271
-291
-371
-381
-391
-211
-231
-241
-251
-261
-481
-581
-681
-781
-881
-981
338
-331
-332
-333
-334
-335
-339
-118
-128
-218
-238
-318
-328
-348
-358
-368
-378
-388
-398
-438
-538
-638
-738
-838
-938
356
-351
-352
-353
-354
-355
-357
-246
-256
-266
-346
-366
-376
-386
-396
-456
-556
-656
-756
-856
-956
387
-383
-384
-385
-389
-187
-197
-377
-397
-347
-367
-487
-587
-687
-787
-887
-987
393
-394
-395
-399
-183
-193
-273
-293
-373
-313
-323
-343
-363
-493
-593
-693
-793
-893
-993
432
-431
-433
-434
-435
-437
-439
-412
-422
-512
-522
-532
-612
-622
-632
-442
-452
-462
-482
-492
-232
-732
-832
-932
451
-453
-454
-455
-457
-458
-459
-441
-461
-541
-551
-561
-641
-651
-661
-411
-421
-471
-491
-151
-751
-851
-951
476
-473
-474
-475
-477
-478
-479
-486
-496
-576
-586
-596
-676
-686
-696
-416
-426
-446
-466
-276
296
-294
-295
-298
-299
-776
-876
-976
-796
-896
-996
484
-483
-485
-488
-489
-494
-574
-584
-594
-674
-684
-694
-414
-424
-444
-464
-184
-784
-884
-984
548
-542
-543
-544
-545
-546
-547
-448
-468
-558
-568
-648
-658
-668
-518
-528
-578
-588
-598
-248
-748
-848
-948
566
-562
-563
-564
-565
-567
-569
-646
-666
-516
-526
-766
-866
-966
626
-621
-623
-624
-625
-628
-629
-616
-726
-826
-926
637
-631
-633
-634
-635
-639
-417
-517
-537
-617
-647
-657
-667
-677
-697
-737
-837
-937
654
-652
-653
-655
-659
-554
-644
-664
-614
-154
-254
-754
-854
-954
673
-671
-675
-678
-679
-573
-583
-683
-613
-643
-663
-773
-873
-973
715
-711
-712
-713
-714
-716
-717
-718
-719
-725
-735
-815
-825
-835
-915
-925
-935
-745
-755
-765
-775
-785
-795
-115
-215
-315
-415
-515
-615
722
-721
-723
-724
-728
-729
-812
-822
-912
-922
-742
-752
-762
-782
-792
-322
757
-753
-758
-759
-747
-767
-847
-857
-867
-947
-957
-967
-777
-797
447
-443
-445
-467
-557
-497
-157
167
-161
-163
-164
-165
-168
778
-771
-774
-779
-788
-798
-878
-888
-898
-978
-988
-998
-768
-278
829
-821
-823
-824
-828
-739
-819
-839
-919
-929
-939
-859
-869
-879
-889
-899
-329
-429
-529
883
-882
-885
-886
-783
-983
-813
-833
-843
-853
-863
934
-931
-933
-734
-814
-834
831
-731
733
-811
-911
-921
-913
-923
-914
-924
928
-818
-918
-743
-763
-841
-861
-871
-891
-944
-964
-974
-994
-958
-968
-428
-531
-233
-533
-234
-534
965
-961
-962
-963
-969
-845
-855
-865
-945
-955
-975
-985
-995
-265
-365
-465
-665
971
-977
-979
-791
-991
-941
-571
111
-113
-114
-121
-311
-321
-511
-611
521
-523
-524
-525
514
-513
-519
-591
691
-692
-695
-698
-699
553
-552
-555
-559
-463
469
645
-642
662
-669
-419
-499
-682
-685
-214
-314
-245
-345
-153
123
-124
-125
-213
324
-325
235
-239
194
-195
-198
-274
-374
188
-185
155
-158
-255
-275
279
375
-379
-219
212
-312
319
-242
-252
-262
-344
-364
413
-418
-423
425
-535
539
618
-619
-495
498
-688
689
-579
-589
-599
-253
258
-268
-953
943
-942
-946
-243
244
263
-264
-744
-844
-858
852
-842
846
-862
-952
959
-746
741
-761
868
-864
764
-769
-794
799
-789
786
-986
-989
982
-892
-992
-999
997
-877
-897
-816
817
916
-917
-341
342
361
-362
874
-875
-894
895
-575
577
-597
-582
585
592
-595
