133
-131
-132
-134
-135
-136
-137
-138
-139
-113
-123
-213
-223
-233
-313
-323
-333
-143
-153
-163
-173
-183
-193
-433
-533
-633
-733
-833
-933
158
-151
-152
-154
-155
-156
-157
-159
-148
-168
-248
-258
-268
-348
-358
-368
-118
-128
-178
-188
-198
-458
-558
-658
-758
-858
-958
179
-171
-172
-174
-175
-176
-177
-189
-199
-279
-289
-299
-379
-389
-399
-119
-129
-149
-169
-479
-579
-679
-779
-879
-979
221
-222
-224
-225
-226
-227
-228
-229
-111
-121
-211
-231
-311
-321
-331
-241
-251
-261
-271
-281
-291
-421
-521
-621
-721
-821
-921
239
-232
-234
-235
-236
-237
-238
-219
-319
-329
-339
-249
-259
-269
-439
-539
-639
-739
-839
-939
244
-242
-243
-245
-246
-247
-144
-164
-254
-264
-344
-354
-364
-214
-274
-284
-294
-444
-544
-644
-744
-844
-944
265
-262
-263
-266
-267
-145
-165
-255
-345
-355
-365
-215
-275
-285
-295
-465
-565
-665
-765
-865
-965
288
-282
-283
-286
-287
-278
-298
-378
-388
-398
-218
-488
-588
-688
-788
-888
-988
356
-351
-352
-353
-357
-359
-146
-166
-256
-346
-366
-316
-326
-336
-376
-386
-396
-456
-556
-656
-756
-856
-956
374
-371
-372
-373
-375
-377
-184
-194
-384
-394
-314
-324
-334
-474
-574
-674
-774
-874
-974
412
-411
-413
-414
-415
-416
-417
-418
-419
-422
-432
-512
-522
-532
-612
-622
-632
-442
-452
-462
-472
-482
-492
-112
-212
-312
-712
-812
-912
425
-423
-424
-426
-427
-428
-429
-435
-515
-525
-535
-615
-625
-635
-445
-455
-475
-485
-495
-125
-325
-725
-825
-925
449
-441
-443
-446
-447
-448
-459
-469
-549
-559
-569
-649
-659
-669
-489
-499
-349
369
-361
-362
-363
-367
-749
-849
-949
-769
-869
-969
457
-451
-453
-454
-467
-547
-557
-567
-647
-657
-667
-437
-477
-487
-497
-257
-757
-857
-957
651
-652
-653
-654
-655
-461
-541
-551
-561
-641
-661
-611
-631
-671
-681
-691
-751
-851
-951
662
-663
-664
-666
-668
-542
-552
-562
-642
-672
-682
-692
-162
-762
-862
-962
686
-683
-684
-685
-687
-689
-476
-486
-496
-576
-586
-596
-676
-696
-616
-626
-636
-646
-186
-786
-886
-986
699
-693
-694
-695
-697
-698
-589
-599
-619
-629
-799
-899
-999
736
-731
-732
-734
-735
-737
-738
-716
-726
-816
-826
-836
-916
-926
-936
-746
-766
-776
-796
-436
466
-463
-464
-468
-546
-566
-536
-866
-966
754
-752
-753
-755
-759
-764
-854
-864
-954
-964
-714
-724
-784
-794
-554
564
-563
-568
-514
-524
-534
-584
-594
824
-822
-823
-827
-828
-829
-814
-834
-914
-924
-934
-884
-894
-124
114
-115
-116
-117
-614
-624
634
-637
-638
-434
842
-841
-843
-845
-846
-847
-848
-742
-852
-942
-952
946
-941
-943
-945
-947
-948
-832
-872
-882
-892
-976
-996
-142
-342
252
-253
343
-341
-347
-272
-292
-383
-393
-543
-643
553
-555
-513
-523
-573
-583
-593
-743
-853
-953
861
-863
-867
-868
-741
-761
-961
-811
-831
-871
-881
-891
141
-147
-161
167
-181
-191
-127
-187
-197
747
-745
-748
-767
-967
-717
-727
-777
-787
-797
876
-873
-875
-877
-878
-896
-276
887
-883
-885
-889
-897
-977
-987
-997
-817
-837
-387
-587
938
-931
-932
-935
-937
-718
-728
-818
-838
835
-715
-815
-915
-918
-928
-855
859
955
-959
-895
898
-893
-778
-798
-978
-998
768
-763
963
-968
813
-819
-713
-723
-913
-923
-973
-983
-993
-975
-985
-995
-613
623
-627
-628
-673
315
-317
-318
-335
-385
-395
332
-337
-338
-122
126
-322
-216
217
-327
328
-196
296
-293
-297
273
-277
397
-391
-392
381
-382
516
-511
-517
-518
-519
-526
529
-527
-528
-617
618
537
-531
-538
431
-438
-471
-481
-491
-577
-597
677
-675
-678
645
-648
-545
548
-578
-598
-917
927
-922
-929
722
-729
-772
-782
-792
-473
478
-498
-773
-581
-781
-981
971
-972
-771
775
-791
-991
-785
-795
793
-783
789
-989
711
-719
-911
919
-571
591
-592
-595
572
-575
-582
585
483
-484
-493
494
984
-982
992
-994
182
-185
-192
195
