136
-131
-132
-133
-134
-135
-137
-138
-139
-116
-126
-216
-226
-236
-316
-326
-336
-146
-156
-166
-176
-186
-196
-436
-536
-636
-736
-836
-936
145
-141
-142
-143
-144
-147
-148
-149
-155
-165
-245
-255
-265
-345
-355
-365
-115
-125
-175
-185
-195
-445
-545
-645
-745
-845
-945
177
-171
-172
-173
-174
-178
-179
-187
-197
-277
-287
-297
-377
-387
-397
-117
-127
-157
-167
-477
-577
-677
-777
-877
-977
262
-261
-263
-264
-266
-267
-268
-269
-152
-162
-242
-252
-342
-352
-362
-212
-222
-232
-272
-282
-292
-462
-562
-662
-762
-862
-962
289
-281
-283
-284
-285
-286
-288
-189
-199
-279
-299
-379
-389
-399
-219
-229
-239
-249
-259
-489
-589
-689
-789
-889
-989
313
-311
-312
-314
-315
-317
-318
-319
-113
-123
-213
-223
-233
-323
-333
-343
-353
-363
-373
-383
-393
-413
-513
-613
-713
-813
-913
327
-321
-322
-324
-325
-328
-329
-217
-227
-237
-337
-347
-357
-367
-427
-527
-627
-727
-827
-927
375
-371
-372
-374
-376
-378
-275
-295
-385
-395
-335
-475
-575
-675
-775
-875
-975
418
-411
-412
-414
-415
-416
-417
-419
-428
-438
-518
-528
-538
-618
-628
-638
-448
-458
-468
-478
-488
-498
-118
-218
-718
-818
-918
456
-451
-452
-453
-454
-455
-457
-459
-446
-466
-546
-556
-566
-646
-656
-666
-426
-476
-486
-496
-256
-356
-756
-856
-956
495
-491
-492
-493
-494
-497
-499
-485
-585
-595
-685
-695
-425
-435
-465
-795
-895
-995
519
-511
-512
-514
-515
-516
-517
-429
-439
-529
-539
-619
-629
-639
-549
-559
-569
-579
-599
-119
-719
-819
-919
541
-542
-543
-544
-547
-548
-441
-461
-551
-561
-641
-651
-661
-521
-531
-571
-581
-591
-241
-341
-741
-841
-941
564
-563
-565
-567
-568
-444
-464
-554
-644
-654
-664
-524
-534
-574
-584
-594
-164
-364
-764
-864
-964
597
-592
-593
-596
-598
-487
-587
-687
-697
-537
-557
-797
-897
-997
611
-612
-614
-615
-616
-617
-421
-431
-621
-631
-671
-681
-691
-111
-211
-711
-811
-911
659
-652
-653
-655
-657
-658
-449
-469
-649
-669
479
-471
-472
-473
-474
481
-482
-483
-484
-679
-699
-159
-359
-759
-859
-959
-779
-879
-979
-181
-381
-781
-881
-981
665
-663
-667
-668
-555
-625
-635
-765
-865
-965
698
-692
-693
-694
-696
-578
-588
-678
-688
558
-552
-553
-648
-158
-258
-358
-758
-858
-958
-198
-298
-398
-798
-898
-998
735
-731
-732
-733
-734
-737
-738
-739
-715
-725
-815
-825
-835
-915
-925
-935
-755
-785
215
-214
-225
-235
525
-522
-523
-526
-535
626
-622
-623
-624
-676
-686
-726
-826
-926
787
-782
-783
-784
-786
-788
-887
-987
-717
-747
-757
-767
791
-792
-793
-794
-796
-799
-771
-871
-891
-971
-991
-721
-751
-761
271
-273
-274
-276
-278
-191
-291
-391
-221
-231
-251
823
-821
-822
-824
-828
-829
-723
-833
-923
-933
-843
-853
-863
-873
-883
-893
-423
844
-842
-846
-847
-848
-849
-744
-754
-854
-944
-954
-814
-834
-874
-884
-894
-244
-344
932
-931
-934
-937
-938
-939
-712
-722
-812
-832
-912
-922
-942
-952
-972
-982
-992
112
-114
-122
-332
-182
-192
422
-424
-432
-532
533
-632
-433
-633
-442
642
-643
-647
434
-437
-634
637
-573
-583
-672
-682
-234
238
-128
-228
224
-124
-334
-338
-254
-294
-248
-724
-924
-837
-838
-742
967
-961
-963
-966
-968
-969
-857
-867
-947
-957
817
-816
-917
257
-253
-247
447
-443
463
-467
-163
-763
973
-974
-976
-978
-773
-983
-993
-943
-953
-673
674
683
-684
-774
714
-716
-914
916
-946
-986
-996
-183
-121
129
331
-339
-169
-351
354
-154
-361
-384
-394
921
-928
-929
-831
839
728
-729
-748
-768
-778
-869
-899
999
-994
984
-985
-988
885
-882
-886
-888
878
-872
-876
-855
955
-951
-868
948
-949
-348
-184
188
194
-193
293
-296
-388
153
-151
161
-168
-243
246
-346
349
-366
368
-369
743
-746
-749
-753
752
-852
851
-861
866
-766
769
-772
776
892
-896
572
-576
-582
586
382
-386
-392
396
