123
-121
-122
-124
-125
-126
-127
-128
-129
-113
-133
-213
-223
-233
-313
-323
-333
-143
-153
-163
-173
-183
-193
-423
-523
-623
-723
-823
-923
189
-181
-182
-184
-185
-186
-187
-188
-179
-199
-279
-289
-299
-379
-389
-399
-119
-139
-149
-159
-169
-489
-589
-689
-789
-889
-989
216
-211
-212
-214
-215
-217
-218
-219
-116
-136
-226
-236
-316
-326
-336
-246
-256
-266
-276
-286
-296
-416
-516
-616
-716
-816
-916
251
-252
-253
-254
-255
-257
-258
-259
-141
-151
-161
-241
-261
-341
-351
-361
-221
-231
-271
-281
-291
-451
-551
-651
-751
-851
-951
348
-342
-343
-344
-345
-346
-347
-349
-148
-158
-168
-248
-268
-358
-368
-318
-328
-338
-378
-388
-398
-448
-548
-648
-748
-848
-948
392
-391
-393
-394
-395
-396
-397
-172
-192
-272
-282
-292
-372
-382
-312
-322
-332
-352
-362
-492
-592
-692
-792
-892
-992
458
-452
-453
-454
-455
-456
-457
-459
-468
-558
-568
-658
-668
-418
-428
-438
-478
-488
-498
-758
-858
-958
476
-471
-472
-473
-474
-475
-477
-479
-486
-496
-576
-586
-596
-676
-686
-696
-426
-436
-446
-466
-176
-376
-776
-876
-976
491
-493
-494
-495
-497
-499
-481
-571
-581
-591
-671
-681
-691
-411
-421
-431
-441
-461
-191
-791
-891
-991
534
-531
-532
-533
-535
-536
-537
-538
-539
-414
-424
-434
-514
-524
-614
-624
-634
-544
-554
-564
-574
-584
-594
-134
-234
-334
-734
-834
-934
577
-572
-573
-575
-578
-579
-487
-587
-597
-677
-687
-697
-517
-527
-547
-557
-567
-177
-277
-377
-777
-877
-977
629
-621
-622
-625
-626
-627
-628
-419
-429
-439
-519
-529
-619
-639
-649
-659
-669
-679
-699
599
-593
-595
-598
-549
-559
-569
-229
-329
-729
-829
-929
-799
-899
-999
749
-741
-742
-743
-744
-745
-746
-747
-759
-769
-849
-859
-869
-949
-959
-969
-719
-739
-779
-249
-449
469
-462
-463
-464
-465
-467
359
-353
-354
-355
-356
-357
-269
-369
239
-232
-235
-237
-238
-319
-339
-839
-939
764
-761
-762
-763
-765
-766
-767
-768
-754
-844
-854
-864
-944
-954
-964
-714
-724
-774
-784
-794
-164
-264
-364
-664
785
-781
-782
-783
-786
-787
-788
-775
-795
-875
-885
-895
-975
-985
-995
-715
-725
-735
-755
-285
-385
-485
-585
-685
811
-812
-813
-814
-815
-817
-818
-819
-711
-721
-731
-821
-831
-911
-921
-931
919
-912
-913
-914
-915
-917
-918
771
-772
-773
-778
-871
-881
-971
-981
-841
-861
879
-872
-873
-874
-878
-979
-111
-311
-511
-611
-171
131
-132
-135
-137
-138
-321
-331
521
-522
-525
-526
-528
-631
636
-632
-633
-635
-637
-638
-541
-561
-646
-656
-666
-736
-836
-936
-371
381
-383
-384
-386
-387
196
-194
-195
-197
-198
-146
-156
-166
366
-363
-365
-367
373
-374
-375
-273
-283
-293
-566
-866
-966
-673
-973
-796
-896
-996
942
-941
-943
-945
-946
-947
961
-962
-963
-965
-967
-968
-752
-842
-852
-862
-952
868
-863
-865
-867
-828
-838
-888
-898
-922
-932
-972
-982
882
-883
-884
-886
-887
986
-983
-984
-987
-988
-822
-832
-926
-956
641
-642
-643
-644
-645
-647
-661
-142
-242
-442
-542
672
-674
-675
-678
-482
-582
-682
695
-693
-694
-698
-612
-652
-662
-615
-655
-665
287
-284
-288
-297
-227
-247
-267
-295
112
-114
-115
-117
-118
-222
228
-224
-225
-152
-162
262
-263
-265
243
-244
-245
178
-174
-175
275
-274
-278
294
-298
-412
-512
-712
314
-315
-317
-324
-728
-928
-443
-543
-843
552
-553
-555
-556
-562
546
-545
-846
974
-978
-894
-994
824
-825
-826
-827
-924
726
-722
-727
732
-733
-737
-738
-756
856
-853
-855
-857
422
-425
-427
-432
938
-933
-935
-937
-718
798
-793
-797
-998
144
-145
-147
-154
-444
654
-653
-657
484
-483
-684
155
-157
-165
167
-955
845
-847
-835
925
-927
-325
327
335
-337
-435
-445
447
565
-563
663
-667
415
-413
-417
-515
433
-437
-513
518
-613
617
-618
583
-588
-683
688
713
-717
-833
837
-753
757
953
-957
893
-897
-993
997
