122
-121
-123
-124
-125
-126
-127
-128
-129
-112
-132
-212
-222
-232
-312
-322
-332
-142
-152
-162
-172
-182
-192
-422
-522
-622
-722
-822
-922
186
-181
-183
-184
-185
-187
-188
-189
-176
-196
-276
-286
-296
-376
-386
-396
-116
-136
-146
-156
-166
-486
-586
-686
-786
-886
-986
253
-251
-252
-254
-255
-256
-257
-258
-259
-143
-153
-163
-243
-263
-343
-353
-363
-213
-223
-233
-273
-283
-293
-453
-553
-653
-753
-853
-953
274
-271
-272
-275
-277
-278
-279
-174
-194
-284
-294
-374
-384
-394
-214
-224
-234
-244
-264
-474
-574
-674
-774
-874
-974
311
-313
-314
-315
-316
-317
-318
-319
-111
-131
-211
-221
-231
-321
-331
-341
-351
-361
-371
-381
-391
-411
-511
-611
-711
-811
-911
347
-342
-344
-345
-346
-348
-349
-147
-157
-167
-247
-267
-357
-367
-327
-337
-377
-387
-397
-447
-547
-647
-747
-847
-947
425
-421
-423
-424
-426
-427
-428
-429
-415
-435
-515
-525
-535
-615
-625
-635
-445
-455
-465
-475
-485
-495
-225
-325
-725
-825
-925
446
-441
-442
-443
-444
-448
-449
-456
-466
-546
-556
-566
-646
-656
-666
-416
-436
-476
-496
-246
-746
-846
-946
462
-461
-463
-464
-467
-468
-469
-452
-542
-552
-562
-642
-652
-662
-412
-432
-472
-482
-492
-262
-362
-762
-862
-962
573
-571
-572
-575
-576
-577
-578
-579
-473
-483
-493
-583
-593
-673
-683
-693
-513
-523
-533
-543
-563
-173
-373
-773
-873
-973
591
-592
-594
-595
-596
-597
-598
-599
-471
-481
-491
-581
-671
-681
-691
-521
-531
-541
-551
-561
-191
-291
-791
-891
-991
713
-712
-714
-715
-716
-717
-718
-719
-723
-733
-813
-823
-833
-913
-923
-933
-743
-763
-783
-793
-113
-413
433
-431
-434
-437
-438
-439
-613
-623
-633
451
-454
-457
-458
-459
-641
-651
-661
323
-324
-326
-328
-329
-133
-333
193
-195
-197
-198
-199
-383
-393
-151
-751
-851
-951
-893
-993
734
-731
-732
-735
-736
-737
-738
-739
-724
-814
-824
-834
-914
-924
-934
-744
-754
-764
-784
-794
-134
-334
114
-115
-117
-118
-119
-144
-154
-164
-414
-514
-614
-534
-634
755
-752
-756
-757
-758
-759
-745
-765
-845
-855
-865
-945
-955
-965
-775
-785
-795
-155
-355
-555
-655
844
-841
-842
-843
-848
-849
-854
-864
-944
-954
-964
-884
-894
-544
-644
882
-881
-883
-885
-887
-888
-889
-772
-782
-792
-872
-892
-972
-982
-992
983
-981
-984
-985
-987
-988
-989
994
-995
-996
-997
-998
-999
742
-741
-748
-749
-852
-942
-952
-812
-832
863
-861
-866
-867
-868
-869
-943
-963
-242
352
-354
-356
-358
-359
364
-365
-366
-368
-369
266
-261
-265
-268
-269
-216
-226
-236
336
-335
-338
-339
-372
-382
-392
-536
-636
-836
-936
643
-645
-648
-649
-663
-564
-664
-766
-966
672
-675
-676
-677
-678
-679
-582
-682
-692
696
-694
-695
-697
-698
-699
-612
-632
-616
-626
-282
292
-295
-297
-298
-299
-494
484
-487
-488
-489
-584
-684
-796
-896
918
-912
-915
-916
-917
-919
932
-931
-935
-937
-938
-939
-728
-818
-828
-838
-928
975
-971
-976
-977
-978
-979
-875
-895
-948
-958
-968
512
-516
-517
-518
-519
-532
526
-524
-527
-528
-529
624
-621
-627
-628
-629
631
-637
-638
-639
554
-557
-558
-559
-654
816
-815
-817
-819
835
-831
-837
-839
-726
-826
-926
776
-771
-777
-778
-779
-876
-856
956
-957
-959
215
-217
-218
-219
-135
-235
-245
-285
-418
-618
538
-537
-539
-548
-568
-588
228
-227
-229
-138
-238
-248
-288
148
-141
-145
-149
165
-161
-168
-169
241
-249
-158
159
171
-175
-177
-178
-179
-281
287
-289
137
-139
-237
239
-941
949
-769
-859
-969
-929
545
-549
-565
-665
-585
685
-687
-688
-689
-659
-871
781
-787
-788
-789
-721
-761
961
-967
821
-827
-829
-921
927
-727
729
-799
-375
-385
395
-398
-399
-587
589
-479
-499
419
-417
617
-619
567
-569
-657
658
-667
-668
669
857
-858
-767
768
797
-798
-877
-897
477
-478
-497
498
388
-389
-378
379
878
-879
-898
899
