123
-121
-122
-124
-125
-126
-127
-128
-129
-113
-133
-213
-223
-233
-313
-323
-333
-143
-153
-163
-173
-183
-193
-423
-523
-623
-723
-823
-923
136
-131
-132
-134
-135
-137
-138
-139
-116
-216
-226
-236
-316
-326
-336
-146
-156
-166
-176
-186
-196
-436
-536
-636
-736
-836
-936
169
-161
-162
-164
-165
-167
-168
-149
-159
-249
-259
-269
-349
-359
-369
-119
-179
-189
-199
-469
-569
-669
-769
-869
-969
185
-181
-182
-184
-187
-188
-175
-195
-275
-285
-295
-375
-385
-395
-115
-145
-155
-485
-585
-685
-785
-885
-985
191
-192
-194
-197
-198
-171
-271
-281
-291
-371
-381
-391
-111
-141
-151
-491
-591
-691
-791
-891
-991
219
-211
-212
-214
-215
-217
-218
-229
-239
-319
-329
-339
-279
-289
-299
-419
-519
-619
-719
-819
-919
261
-262
-263
-264
-265
-266
-267
-268
-241
-251
-341
-351
-361
-221
-231
-461
-561
-661
-761
-861
-961
311
-312
-314
-315
-317
-318
-321
-331
-411
-511
-611
-711
-811
-911
328
-322
-324
-325
-327
-118
-228
-238
-338
-348
-358
-368
-378
-388
-398
-428
-528
-628
-728
-828
-928
347
-342
-343
-344
-345
-346
-147
-157
-247
-257
-357
-367
-337
-377
-387
-397
-447
-547
-647
-747
-847
-947
432
-431
-433
-434
-435
-437
-438
-439
-412
-422
-512
-522
-532
-612
-622
-632
-442
-452
-462
-472
-482
-492
-232
-332
-732
-832
-932
483
-481
-484
-486
-487
-488
-489
-473
-493
-573
-583
-593
-673
-683
-693
-413
-443
-453
-463
-283
-383
-783
-883
-983
529
-521
-524
-525
-526
-527
-429
-539
-629
-639
-549
-559
-579
-589
-599
-729
-829
-929
545
-541
-542
-543
-544
-546
-548
-445
-455
-465
-555
-565
-645
-655
-665
-515
-535
-575
-595
-245
-745
-845
-945
566
-562
-563
-564
-567
-568
-446
-456
-466
-556
-646
-656
-666
-516
-576
-586
-596
-366
-766
-866
-966
581
-582
-584
-587
-588
-471
-571
-671
-681
-531
-551
-781
-881
-981
625
-621
-624
-626
-627
-415
-425
-615
-635
-675
-695
-225
-725
-825
-925
677
-672
-674
-676
-678
-679
-477
-497
-577
-597
-687
-697
-617
-637
-657
-667
-177
117
-112
-114
222
-224
-227
-237
-242
-252
-272
-282
-292
-417
-517
-717
-817
-917
-722
-822
-922
-277
-777
-877
-977
768
-762
-763
-764
-765
-767
-748
-758
-848
-858
-868
-948
-958
-968
-718
-738
-778
-788
-798
-468
-668
782
-784
-786
-787
-789
-772
-792
-872
-882
-892
-972
-982
-992
-712
-742
-752
-382
-682
793
-794
-795
-796
-797
-799
-773
-873
-893
-973
-993
-713
-733
-743
-753
-293
-393
849
-841
-842
-843
-844
-846
-749
-759
-859
-949
-959
-839
-879
-889
-899
-449
-649
897
-894
-895
-896
-898
-887
-987
-997
-827
-837
-857
-867
287
-284
-286
-288
-297
913
-912
-914
-915
-916
-918
812
-813
-814
-815
-816
-818
-833
-933
-852
-862
-943
-953
-963
-513
-613
715
-714
-716
-735
-835
-935
-755
-775
926
-921
-924
-927
-726
-826
-946
-956
-976
-986
-996
-426
942
-941
-944
-952
-962
-142
-642
975
-971
-974
-978
-979
-875
-995
-955
-965
-475
495
-494
-496
-498
-499
989
-984
-988
-779
-999
739
-731
-734
-737
-939
-389
-689
144
-148
-154
-244
-254
-354
-364
-174
-444
-644
-744
-152
158
-248
-258
172
-178
-372
-392
-458
-558
-658
-572
-234
235
334
-335
-255
-374
-384
386
-276
-296
-376
-396
-394
399
-379
373
-273
-353
-363
-356
-534
-634
-834
-934
479
-474
-476
-478
-699
416
-414
-418
-616
448
-441
-648
-459
659
-651
-652
-653
-654
-686
696
-692
-694
-698
592
-594
-598
-552
662
-663
-664
352
-355
-362
365
855
-851
-853
-854
-856
863
-864
-865
-886
876
-871
-874
-878
771
-774
-776
-721
-741
746
-756
-751
951
-954
-957
-931
641
-643
-451
553
-554
-557
421
-424
-427
-631
537
-533
-538
633
-638
-821
824
831
-838
-724
727
-937
938
754
-757
-964
967
-884
888
994
-998
243
-246
-253
256
-454
457
464
-467
684
-688
-574
578
514
-518
-614
618
274
-278
-294
298
