144
-141
-142
-143
-145
-146
-147
-148
-149
-154
-164
-244
-254
-264
-344
-354
-364
-114
-124
-134
-174
-184
-194
-444
-544
-644
-744
-844
-944
162
-161
-163
-165
-166
-167
-168
-169
-152
-242
-252
-262
-342
-352
-362
-112
-122
-132
-172
-182
-192
-462
-562
-662
-762
-862
-962
198
-191
-193
-195
-196
-197
-199
-178
-188
-278
-288
-298
-378
-388
-398
-118
-128
-138
-158
-498
-598
-698
-798
-898
-998
217
-211
-212
-213
-214
-215
-216
-218
-219
-117
-127
-137
-227
-237
-317
-327
-337
-247
-257
-267
-277
-287
-297
-417
-517
-617
-717
-817
-917
231
-232
-233
-234
-235
-236
-238
-239
-111
-121
-131
-221
-311
-321
-331
-241
-251
-261
-271
-281
-291
-431
-531
-631
-731
-831
-931
446
-441
-442
-443
-445
-447
-448
-449
-456
-466
-546
-556
-566
-646
-656
-666
-416
-426
-436
-476
-486
-496
-246
-346
-746
-846
-946
471
-472
-473
-474
-475
-477
-478
-479
-481
-491
-571
-581
-591
-671
-681
-691
-411
-421
-451
-461
-171
-371
-771
-871
-971
485
-482
-483
-484
-487
-488
-489
-495
-575
-585
-595
-675
-685
-695
-415
-425
-435
-455
-465
-185
-285
-385
-785
-885
-985
528
-521
-522
-523
-524
-525
-526
-527
-529
-418
-428
-438
-518
-538
-618
-628
-638
-548
-558
-568
-578
-588
-228
-328
-728
-828
-928
542
-541
-543
-545
-547
-549
-452
-552
-642
-652
-512
-532
-572
-582
-592
-742
-842
-942
677
-672
-673
-674
-676
-678
-679
-497
-577
-587
-597
-687
-697
688
-682
-683
-684
-686
-689
-627
-637
-647
-657
-667
-648
-658
-668
-177
-377
-777
-877
-977
-788
-888
-988
724
-721
-722
-723
-725
-726
-727
-729
-714
-734
-814
-824
-834
-914
-924
-934
-754
-764
-774
-784
-794
-224
-324
-424
-624
773
-772
-775
-776
-778
-779
-783
-793
-873
-883
-893
-973
-983
-993
-713
-733
-743
-753
-763
-173
-273
-373
-573
782
-781
-786
-787
-789
-792
-872
-882
-892
-972
-982
-992
-712
-732
-752
-282
-382
796
-791
-795
-797
-799
-876
-886
-896
-976
-986
-996
-716
-736
-756
-766
-296
-396
-596
-696
815
-811
-812
-813
-816
-818
-819
-715
-735
-825
-835
-915
-925
-935
-845
-855
-865
-875
-895
-115
-315
-515
-615
851
-852
-853
-854
-856
-857
-858
-859
-741
-751
-761
-841
-861
-941
-951
-961
952
-953
-954
-955
-956
-957
-958
-959
711
-718
-719
-821
-911
-921
-881
-891
-912
-922
-932
-511
-611
621
-622
-623
-625
-626
-629
-641
-651
-661
341
-343
-345
-347
-348
-349
-151
-351
-361
181
-183
-186
-187
-189
-381
-391
157
-153
-155
-156
-159
-357
-367
-551
561
-563
-564
-565
-567
-569
-457
-557
467
-463
-464
-468
-469
458
-453
-454
-459
-427
-437
537
-533
-534
-535
-536
-539
635
-632
-633
-634
-636
-639
555
-553
-554
-559
-645
-655
-665
616
-612
-613
-614
-619
-516
692
-693
-694
-699
-492
-116
-316
-916
-135
-335
-737
-837
-937
654
-653
-659
-664
-255
-355
-755
-757
-258
-358
-758
759
-749
-769
-849
-869
-949
-969
-739
738
-838
-918
-938
-748
-768
318
-312
-313
-314
-319
334
-332
-333
-336
-338
-339
-374
-384
-394
-368
412
-413
-414
-419
-422
-432
514
-513
-519
-434
494
-493
-499
-574
-584
-594
832
-833
-836
-839
-822
-259
-359
-767
765
-745
747
-945
-965
-847
-867
-947
-967
245
-243
-248
-249
-265
-365
268
-263
-266
-269
369
-363
-366
-225
-275
-295
-329
-379
-389
-399
649
-643
663
-669
-863
-963
-868
-968
-981
991
-994
-995
-997
-999
975
-974
-978
-979
878
-874
-879
-848
843
-943
948
-823
274
-272
-276
-279
-284
-294
372
-375
-376
-292
-392
222
-223
-226
-229
-322
-175
395
-393
-397
387
-383
-386
125
-123
-126
-129
-325
-887
-987
897
-894
-899
-827
927
-923
-926
-929
-113
119
-139
133
-136
-323
326
176
-179
-286
256
-253
353
-356
913
-919
-933
423
-429
-433
439
-826
829
936
-939
866
-864
964
-966
884
-889
-984
989
-576
579
586
-583
-589
593
-599
283
-289
-293
299
