131
-132
-133
-134
-135
-136
-137
-138
-139
-111
-121
-211
-221
-231
-311
-321
-331
-141
-151
-161
-171
-181
-191
-431
-531
-631
-731
-831
-931
198
-192
-193
-194
-195
-196
-197
-199
-178
-188
-278
-288
-298
-378
-388
-398
-118
-128
-148
-158
-168
-498
-598
-698
-798
-898
-998
214
-212
-213
-215
-216
-217
-218
-219
-114
-124
-224
-234
-314
-324
-334
-244
-254
-264
-274
-284
-294
-414
-514
-614
-714
-814
-914
267
-261
-262
-263
-265
-266
-268
-269
-147
-157
-167
-247
-257
-347
-357
-367
-227
-237
-277
-287
-297
-467
-567
-667
-767
-867
-967
353
-351
-352
-354
-355
-356
-358
-359
-143
-153
-163
-243
-253
-343
-363
-313
-323
-333
-373
-383
-393
-453
-553
-653
-753
-853
-953
413
-411
-412
-415
-416
-417
-418
-419
-423
-433
-513
-523
-533
-613
-623
-633
-443
-463
-473
-483
-493
-113
-713
-813
-913
472
-471
-474
-475
-476
-477
-478
-479
-482
-492
-572
-582
-592
-672
-682
-692
-422
-432
-442
-452
-462
-172
-272
-372
-772
-872
-972
526
-521
-522
-524
-525
-527
-528
-529
-426
-436
-516
-536
-616
-626
-636
-546
-556
-566
-576
-586
-596
-126
-226
-326
-726
-826
-926
548
-541
-542
-543
-544
-545
-547
-549
-448
-458
-468
-558
-568
-648
-658
-668
-518
-538
-578
-588
-248
-348
-748
-848
-948
641
-642
-643
-644
-645
-646
-647
-649
-441
-451
-461
-551
-561
-651
-661
-611
-621
-671
-681
-691
-241
-341
-741
-841
-941
725
-721
-722
-723
-724
-727
-728
-729
-715
-735
-815
-825
-835
-915
-925
-935
-745
-755
-765
-775
-785
-795
-125
-225
-325
-425
-625
773
-771
-774
-776
-777
-778
-779
-783
-793
-873
-883
-893
-973
-983
-993
-733
-743
-763
-173
-273
-573
-673
787
-781
-782
-784
-786
-788
-789
-797
-877
-887
-897
-977
-987
-997
-717
-737
-747
-757
-187
-387
-487
-587
-687
838
-832
-833
-834
-836
-837
-839
-718
-738
-818
-828
-918
-928
-938
-858
-868
-878
-888
-238
-338
-438
-638
845
-842
-843
-844
-846
-847
-849
-855
-865
-945
-955
-965
-875
-885
-895
943
-942
-944
-946
-947
-949
-863
-963
823
-821
-822
-824
-827
-829
-923
-933
-123
183
-182
-184
-185
-186
-189
-283
-293
-223
233
-232
-235
-236
-239
-145
-245
-345
-445
447
-444
-446
-449
-457
-557
-657
-427
-437
-497
-583
-683
886
-881
-882
-884
-889
-796
-876
-896
-976
-986
-996
-816
-856
-866
-286
-386
-486
-686
974
-971
-975
-978
-979
-794
-874
-894
-984
-994
988
-981
-982
-985
-989
995
-991
-992
-999
-924
-934
734
-732
-736
-739
-744
-754
-764
-954
-964
-958
-968
-434
-534
-634
-174
-374
-574
-674
678
-675
-676
-677
-679
-488
-688
428
-421
-424
-429
511
-512
-515
-517
-519
624
-622
-627
-628
-629
-618
-571
-581
-591
-654
-664
-684
-694
-711
-811
-911
921
-922
-927
-929
-951
-961
318
-312
-315
-316
-317
-319
-228
-328
258
-251
-252
-255
-256
-259
361
-362
-364
-365
-366
-368
-369
-371
-381
-391
-758
768
-761
-762
-766
-769
-861
-295
-395
-495
-595
-695
-112
-115
335
-332
-336
-337
-339
116
-117
-119
-146
-156
-166
-176
-375
-385
615
-612
-617
-619
-435
439
-535
-635
-539
-639
-459
-469
-489
-499
-655
-665
-685
689
-579
-589
-599
-699
-659
-669
-716
-916
936
-932
-937
-939
-956
-966
-289
-389
-122
-127
129
327
-322
-329
222
-229
177
-175
-179
-377
-397
-149
-159
-169
-242
-282
-292
-577
575
-485
-585
584
-484
481
-491
-494
496
-594
-696
-456
-466
-554
-564
-555
-565
666
-662
-663
563
-562
-569
-656
652
-552
559
532
-537
-632
637
-593
597
693
-697
-152
-752
-852
-952
756
-751
-759
851
-854
-857
-859
864
-862
-869
-746
957
-959
791
-792
-799
-871
879
-891
892
-899
-812
817
-819
-917
-164
-464
465
454
-455
-154
155
-165
162
-142
144
-342
-344
742
-749
-962
969
-712
719
912
-919
271
-275
-276
-279
-281
285
-291
376
-379
-296
299
-396
-399
246
-249
-346
349
382
-384
-392
394
