147
-141
-142
-143
-144
-145
-146
-148
-149
-157
-167
-247
-257
-267
-347
-357
-367
-117
-127
-137
-177
-187
-197
-447
-547
-647
-747
-847
-947
155
-151
-152
-153
-154
-156
-158
-159
-165
-245
-255
-265
-345
-355
-365
-115
-125
-135
-175
-185
-195
-455
-555
-655
-755
-855
-955
199
-191
-192
-193
-194
-196
-198
-179
-189
-279
-289
-299
-379
-389
-399
-119
-129
-139
-169
-499
-599
-699
-799
-899
-999
213
-211
-212
-214
-215
-216
-217
-218
-219
-113
-123
-133
-223
-233
-313
-323
-333
-243
-253
-263
-273
-283
-293
-413
-513
-613
-713
-813
-913
274
-271
-272
-275
-276
-277
-278
-174
-184
-284
-294
-374
-384
-394
-224
-234
-244
-254
-264
-474
-574
-674
-774
-874
-974
342
-341
-343
-344
-346
-348
-349
-162
-242
-252
-262
-352
-362
-312
-322
-332
-372
-382
-392
-442
-542
-642
-742
-842
-942
414
-411
-412
-415
-416
-417
-418
-419
-424
-434
-514
-524
-534
-614
-624
-634
-444
-454
-464
-484
-494
-114
-314
-714
-814
-914
459
-451
-452
-453
-456
-457
-458
-449
-469
-549
-559
-569
-649
-659
-669
-429
-439
-479
-489
-259
-359
-759
-859
-959
496
-491
-492
-493
-495
-497
-498
-476
-486
-576
-586
-596
-676
-686
-696
-426
-436
-446
-466
-296
-396
-796
-896
-996
548
-541
-543
-544
-545
-546
-448
-468
-558
-568
-648
-658
-668
-518
-528
-538
-578
-588
-598
-248
-748
-848
-948
587
-581
-582
-583
-584
-585
-589
-477
-487
-577
-597
-677
-687
-697
-517
-527
-537
-557
-567
-287
-387
-787
-887
-987
611
-612
-615
-616
-617
-618
-619
-421
-431
-511
-521
-531
-621
-631
-641
-651
-661
-671
-681
-691
-111
-311
-711
-811
-911
727
-721
-722
-723
-724
-725
-726
-728
-729
-717
-737
-817
-827
-837
-917
-927
-937
-757
-767
-777
-797
317
-315
-316
-318
-319
-227
-237
-327
-337
297
-291
-292
-295
-298
-377
-397
-427
-627
-897
-997
782
-781
-783
-784
-785
-786
-788
-789
-772
-792
-872
-882
-892
-972
-982
-992
-712
-732
-752
-762
-182
-282
172
-171
-173
-176
-178
-112
-122
-132
-472
-572
-672
-482
-682
864
-861
-862
-863
-865
-866
-867
-868
-869
-744
-754
-764
-844
-854
-944
-954
-964
-824
-834
-884
-894
644
-643
-645
-646
-554
-564
-654
-664
594
-591
-592
-593
-595
692
-693
-694
-695
-698
-684
-622
-632
-652
-662
354
-351
-353
-356
-358
-164
-364
-324
-334
984
-981
-983
-985
-986
-988
-989
-794
-994
734
-731
-733
-735
-736
-738
-739
-924
-934
124
-121
-126
-128
-134
871
-873
-875
-876
-877
-878
-879
-771
-791
-881
-891
-971
-991
977
-973
-975
-976
-978
-979
-821
-831
-841
-851
857
-852
-853
-856
-858
-957
-967
-657
-371
-471
-571
481
-483
-485
-488
-441
-461
-181
-281
-381
391
-393
-395
-398
-321
-331
-361
925
-921
-922
-923
-926
-928
-929
931
-932
-933
-935
-936
-938
-939
-715
-815
-825
-835
-915
-941
-951
-961
-945
-965
-995
515
-512
-516
-519
-425
-435
-525
-535
-625
-635
-565
-575
221
-222
-225
-226
-228
-229
-131
-231
232
-235
-236
-238
-239
161
-163
-166
-168
-241
-251
-261
363
-366
-368
-369
183
-186
-188
-373
-383
285
-286
-288
-375
-385
-325
335
-336
-338
-339
329
-326
-328
-529
-629
-829
-432
-532
-832
741
-743
-745
-746
-749
-751
-761
551
-552
-553
-556
-561
952
-953
-956
-958
-962
-912
812
-816
-818
-819
-822
-463
-563
-663
-763
-963
-683
-883
-685
-885
-116
118
136
-138
-718
-918
-536
-636
-836
-246
249
-269
-849
-949
256
-258
-266
268
-656
653
-443
445
-465
-665
-475
675
-673
-678
-679
-623
-633
-845
765
-766
-768
-769
969
-966
-968
758
-753
-756
-775
-795
895
-893
-898
-778
-798
793
-773
-993
998
-888
943
-946
-843
846
-826
-886
889
776
-779
-716
719
916
-919
-839
-376
378
386
-388
-478
473
-573
579
688
-689
-423
-433
-539
533
-523
639
-637
-638
437
-438
-467
462
-562
566
-666
667
-422
428
522
-526
626
-628
823
-828
-833
838
