123
-121
-122
-124
-125
-126
-127
-128
-129
-113
-133
-213
-223
-233
-313
-323
-333
-143
-153
-163
-173
-183
-193
-423
-523
-623
-723
-823
-923
157
-151
-152
-154
-155
-156
-158
-159
-147
-167
-247
-257
-267
-347
-357
-367
-117
-137
-177
-187
-197
-457
-557
-657
-757
-857
-957
182
-181
-184
-185
-186
-188
-189
-172
-192
-272
-282
-292
-372
-382
-392
-112
-132
-142
-162
-482
-582
-682
-782
-882
-982
191
-194
-195
-196
-198
-199
-171
-271
-281
-291
-371
-381
-391
-111
-131
-141
-161
-491
-591
-691
-791
-891
-991
229
-221
-222
-224
-225
-226
-227
-228
-119
-139
-219
-239
-319
-329
-339
-249
-259
-269
-279
-289
-299
-429
-529
-629
-729
-829
-929
232
-231
-234
-235
-236
-237
-238
-212
-312
-322
-332
-242
-252
-262
-432
-532
-632
-732
-832
-932
311
-314
-315
-316
-317
-318
-211
-321
-331
-341
-351
-361
-411
-511
-611
-711
-811
-911
342
-343
-344
-345
-346
-348
-349
-352
-362
-442
-542
-642
-742
-842
-942
383
-384
-385
-386
-387
-388
-389
-273
-283
-293
-373
-393
-353
-363
-483
-583
-683
-783
-883
-983
434
-431
-433
-435
-436
-437
-438
-439
-414
-424
-514
-524
-534
-614
-624
-634
-444
-454
-464
-474
-484
-494
-134
-334
-734
-834
-934
449
-441
-443
-445
-446
-447
-448
-459
-469
-549
-559
-569
-649
-659
-669
-419
-479
-489
-499
-149
-749
-849
-949
466
-461
-462
-463
-465
-467
-468
-456
-546
-556
-566
-646
-656
-666
-416
-426
-476
-486
-496
-166
-266
-366
-766
-866
-966
487
-481
-485
-488
-477
-497
-577
-587
-597
-677
-687
-697
-417
-427
-287
-787
-887
-987
519
-512
-513
-515
-516
-517
-518
-539
-619
-639
-579
-589
-599
-719
-819
-919
592
-593
-594
-595
-596
-598
-472
-492
-572
-672
-692
-522
-552
-562
-792
-892
-992
627
-621
-622
-625
-626
-628
-527
-537
-617
-637
-647
-667
-327
-727
-827
-927
645
-641
-643
-644
-648
-455
-545
-555
-565
-655
-665
-615
-635
-675
-685
-695
-145
-245
-745
-845
-945
663
-661
-662
-664
-668
-453
-543
-553
-563
-653
-613
-633
-673
-693
-263
-763
-863
-963
678
-671
-674
-676
-679
-478
-498
-578
-588
-688
-698
-618
-638
-658
-178
-278
-378
-778
-878
-978
722
-721
-724
-725
-726
-728
-712
-812
-822
-912
-922
-752
-762
-772
-422
767
-761
-764
-765
-768
-769
-747
-847
-867
-947
-967
-717
-737
-777
-797
547
-541
-544
-548
-567
795
-793
-794
-796
-798
-799
-775
-785
-875
-885
-895
-975
-985
-995
-715
-735
-755
-295
-395
-495
493
-473
-573
-413
533
-531
-535
-536
-538
-733
-833
-933
-893
-993
874
-871
-872
-873
-876
-877
-879
972
-971
-973
-974
-976
-977
-979
773
-771
-774
-776
-779
-784
-884
-894
-984
-994
-713
-743
-753
-814
-824
-844
-854
-864
-952
-962
862
-861
-865
-868
-869
-852
-174
-274
-374
-574
888
-881
-886
-889
-788
-898
-988
-998
-818
-828
-838
-848
-858
-288
915
-913
-914
-916
-917
-918
813
-815
-816
-817
-825
-835
-925
-935
-843
-853
855
-851
-856
-859
-955
-965
-115
-215
-415
217
-214
-216
-218
-337
-277
-297
-255
-355
377
-375
-376
-379
-397
179
-175
-176
-399
-169
924
-921
-926
-928
-714
-944
-954
-964
114
-116
-118
-324
-144
-164
959
-951
-953
-956
-958
943
-941
-946
-948
-759
-969
-939
-989
-999
-243
253
-251
-254
-256
-258
-359
369
-364
-365
-368
981
-986
-781
-931
-961
968
-748
-758
-938
-168
165
-265
-135
335
-336
-338
-325
-268
-568
-581
-681
136
-138
-326
328
-146
148
-248
-358
298
-294
-296
-398
-428
-528
418
-412
612
-616
452
-451
-458
-652
558
-551
-554
716
-718
-736
-826
821
-731
-831
-836
-936
937
-837
839
738
-739
-746
-756
846
-841
-786
789
-899
-896
897
996
-997
-421
425
-525
471
-475
-571
-521
526
631
-636
561
-564
-651
654
584
-585
-586
-684
-694
575
-576
-246
356
-354
394
-396
-284
751
-754
-741
744
241
-244
-261
264
-275
276
285
-286
686
-689
-696
699
