124
-121
-122
-123
-125
-126
-127
-128
-129
-114
-134
-214
-224
-234
-314
-324
-334
-144
-154
-164
-174
-184
-194
-424
-524
-624
-724
-824
-924
187
-181
-182
-183
-185
-186
-188
-189
-177
-197
-277
-287
-297
-377
-387
-397
-117
-137
-147
-157
-167
-487
-587
-687
-787
-887
-987
195
-191
-192
-193
-196
-198
-199
-175
-275
-285
-295
-375
-385
-395
-115
-135
-145
-155
-165
-495
-595
-695
-795
-895
-995
251
-252
-253
-254
-255
-256
-257
-258
-259
-141
-151
-161
-241
-261
-341
-351
-361
-211
-221
-231
-271
-281
-291
-451
-551
-651
-751
-851
-951
264
-262
-263
-265
-266
-267
-268
-269
-244
-344
-354
-364
-274
-284
-294
-464
-564
-664
-764
-864
-964
292
-293
-296
-298
-299
-172
-272
-282
-372
-382
-392
-212
-222
-232
-242
-492
-592
-692
-792
-892
-992
331
-332
-333
-335
-336
-337
-338
-339
-111
-131
-311
-321
171
-173
-176
-178
-179
-371
-381
-391
-431
-531
-631
-731
-831
-931
-471
-571
-671
-771
-871
-971
356
-352
-353
-355
-357
-358
-359
-146
-156
-166
-246
-346
-366
-316
-326
-376
-386
-396
-456
-556
-656
-756
-856
-956
373
-374
-378
-379
-273
-283
-383
-393
-313
-323
-343
-363
-473
-573
-673
-773
-873
-973
384
-388
-389
-394
-484
-584
-684
-784
-884
-984
442
-441
-443
-444
-445
-446
-447
-448
-449
-452
-462
-542
-552
-562
-642
-652
-662
-412
-422
-432
-472
-482
-142
-342
-742
-842
-942
465
-461
-463
-466
-467
-468
-469
-455
-545
-555
-565
-645
-655
-665
-415
-425
-435
-475
-485
-365
-765
-865
-965
483
-481
-486
-488
-489
-493
-583
-593
-683
-693
-413
-423
-433
-453
-783
-883
-983
494
-491
-496
-497
-498
-499
-474
-574
-594
-674
-694
-414
-434
-454
-794
-894
-994
615
-611
-612
-613
-614
-616
-617
-618
-619
-515
-525
-535
-625
-635
-675
-685
-215
-315
-715
-815
-915
646
-641
-643
-644
-647
-648
-649
-546
-566
-666
-626
-636
-676
-686
-696
-746
-846
-946
669
-661
-663
-667
-668
-459
-549
-559
-569
-659
-629
-639
-679
-689
-699
-169
-369
-769
-869
-969
727
-721
-722
-723
-725
-726
-728
-729
-717
-737
-817
-827
-837
-917
-927
-937
-747
-757
-767
-777
-797
-227
-327
-427
-527
-627
738
-732
-733
-734
-735
-736
-739
-718
-818
-828
-838
-918
-928
-938
-748
-758
-768
-778
-788
-798
-138
-238
-438
-538
-638
752
-753
-754
-755
-759
-762
-852
-862
-952
-962
-712
-772
-782
-152
774
-775
-776
-779
-874
-974
-714
-744
816
-811
-812
-813
-814
-819
-716
-826
-836
-916
-926
-936
-866
-876
-886
-896
-116
136
-132
-133
-139
-216
-226
-236
-416
-516
-436
-536
848
-841
-843
-844
-845
-847
-849
-858
-868
-948
-958
-968
-878
-888
-898
-148
-248
-348
-548
859
-853
-854
-855
-857
-749
-949
-959
834
-832
-833
-835
-839
-914
-934
-829
-879
-889
-899
514
-511
-512
-513
-517
-518
-519
-534
-634
-544
-554
654
-653
-657
-658
944
-941
-943
-945
-947
-954
955
-953
-957
-745
785
-781
-786
-789
-875
-885
-975
-985
825
-821
-822
-823
-925
-935
-225
-325
235
-233
-237
-239
-245
345
-347
-349
-159
575
-572
-576
-577
-578
-579
-585
912
-911
-913
-919
-922
-932
-972
-982
-112
162
-163
-168
-362
-312
322
-328
-329
-522
-622
921
-923
-929
-711
-961
-981
-991
411
-417
-418
-419
-421
-521
-621
989
-986
-988
-799
-979
-999
719
-713
933
-939
-963
-993
-119
149
-143
-249
-219
-319
229
-223
-228
-279
-289
399
-398
-429
-529
-533
-633
623
-628
-523
479
-476
-477
-478
-589
-599
426
-428
-526
528
458
-457
-558
-568
437
-439
-537
-637
632
-532
539
582
-581
-586
-588
-672
-682
596
-591
-597
-598
557
-553
-547
-567
247
-243
153
-158
-367
368
-113
118
213
-217
-218
317
-318
872
-877
-882
881
-791
-891
-861
-681
688
691
-697
-698
677
-678
-977
286
-288
-276
278
976
-978
-796
793
-893
897
-996
-997
998
-743
741
-761
-763
766
863
-867
-966
967
-541
543
561
-563
