138
-131
-132
-133
-134
-135
-136
-137
-139
-118
-128
-218
-228
-238
-318
-328
-338
-148
-158
-168
-178
-188
-198
-438
-538
-638
-738
-838
-938
147
-141
-142
-143
-144
-145
-146
-149
-157
-167
-247
-257
-267
-347
-357
-367
-117
-127
-177
-187
-197
-447
-547
-647
-747
-847
-947
163
-161
-162
-164
-165
-166
-169
-153
-243
-253
-263
-343
-353
-363
-113
-123
-173
-183
-193
-463
-563
-663
-763
-863
-963
192
-191
-194
-195
-196
-199
-172
-182
-272
-282
-292
-372
-382
-392
-112
-122
-152
-492
-592
-692
-792
-892
-992
211
-212
-213
-214
-215
-216
-217
-219
-111
-121
-221
-231
-311
-321
-331
-241
-251
-261
-271
-281
-291
-411
-511
-611
-711
-811
-911
233
-232
-234
-235
-236
-237
-239
-223
-313
-323
-333
-273
-283
-293
-433
-533
-633
-733
-833
-933
314
-312
-315
-316
-317
-319
-114
-124
-224
-324
-334
-344
-354
-364
-374
-384
-394
-414
-514
-614
-714
-814
-914
349
-341
-342
-345
-346
-348
-159
-249
-259
-269
-359
-369
-329
-339
-379
-389
-399
-449
-549
-649
-749
-849
-949
352
-351
-355
-356
-358
-242
-252
-262
-362
222
-225
-226
-227
-229
-322
-332
-422
-522
-622
-722
-822
-922
-452
-552
-652
-752
-852
-952
426
-421
-423
-424
-425
-427
-428
-429
-416
-436
-516
-526
-536
-616
-626
-636
-446
-456
-466
-476
-486
-496
-126
-326
-726
-826
-926
431
-432
-434
-435
-437
-439
-521
-531
-621
-631
-441
-451
-461
-471
-481
-491
-731
-831
-931
443
-442
-444
-445
-448
-453
-543
-553
-643
-653
-413
-473
-483
-493
-743
-843
-943
535
-532
-534
-537
-539
-415
-515
-525
-615
-625
-635
-545
-555
-565
-575
-585
-595
-335
-735
-835
-935
573
-571
-572
-574
-576
-577
-578
-579
-583
-593
-673
-683
-693
-513
-523
-373
-773
-873
-973
665
-661
-662
-664
-666
-667
-668
-669
-455
-465
-645
-655
-675
-685
-695
-265
-365
-765
-865
-965
677
-671
-672
-674
-676
-678
-679
-477
-487
-497
-587
-597
-687
-697
-617
-627
-637
-657
-277
-377
-777
-877
-977
681
-682
-684
-686
-688
-689
-581
-591
-691
-641
-651
-181
-381
-781
-881
-981
759
-751
-753
-754
-755
-756
-757
-758
-769
-859
-869
-959
-969
-719
-729
-739
-779
-789
-799
-459
-559
-659
767
-761
-762
-764
-766
-768
-857
-867
-957
-967
-717
-727
-737
-787
-797
-467
-567
793
-791
-794
-795
-796
-798
-783
-883
-893
-983
-993
-713
-723
383
-385
-386
-387
-388
-393
875
-871
-872
-874
-876
-878
-879
-775
-785
-885
-895
-975
-985
-995
-815
-825
-845
-855
-175
-275
-375
-475
894
-891
-896
-897
-898
-899
-774
-784
-884
-974
-984
-994
-824
-834
-844
-854
-864
-294
-494
-594
-694
917
-912
-913
-915
-916
-918
-919
-817
-827
-837
-927
-937
887
-882
-886
-888
-889
-987
-997
-417
457
-454
-458
-557
-517
527
-524
-528
-529
-327
325
-115
-125
129
337
-336
116
-119
-156
-176
-186
-179
-189
-395
-397
715
-712
-716
-718
-725
-925
-745
-816
-629
-829
-929
-287
297
-295
-296
-298
-299
495
-498
-499
-485
946
-941
-942
-944
-945
-948
955
-951
-953
-954
-956
-958
853
-851
-856
-858
-746
-846
-866
-966
-813
-823
923
-921
-924
-928
836
-832
-839
-736
-936
819
-812
-818
-939
-976
-986
-996
613
-612
-618
-619
-623
-419
-519
639
-632
-634
624
-628
642
-644
-646
-648
-462
-542
-562
-654
-699
-724
-742
-842
862
-861
-868
-962
245
-244
-246
-248
-155
-255
185
-184
-285
-546
968
-961
-964
744
-741
-748
841
-848
-734
732
-932
934
-772
-782
-821
828
721
-728
-771
-978
-988
-998
-541
-544
548
-468
-558
-568
-658
656
-556
-566
-518
512
-412
418
-478
-488
-582
-588
-598
698
-696
-256
258
-254
-268
-368
-278
-288
788
-786
776
-778
-276
-376
378
-371
-398
979
-971
-972
991
-999
982
-989
171
-174
-391
396
-286
-151
154
361
-366
-264
266
551
-554
-561
472
-474
-479
-482
274
-279
-284
289
586
-584
-589
484
-489
-596
599
-464
469
564
-569
