146
-141
-142
-143
-144
-145
-147
-148
-149
-156
-166
-246
-256
-266
-346
-356
-366
-116
-126
-136
-176
-186
-196
-446
-546
-646
-746
-846
-946
157
-151
-152
-153
-154
-155
-158
-159
-167
-247
-257
-267
-347
-357
-367
-117
-127
-137
-177
-187
-197
-457
-557
-657
-757
-857
-957
184
-181
-182
-183
-185
-188
-189
-174
-194
-274
-284
-294
-374
-384
-394
-114
-124
-134
-164
-484
-584
-684
-784
-884
-984
198
-191
-192
-193
-195
-199
-178
-278
-288
-298
-378
-388
-398
-118
-128
-138
-168
-498
-598
-698
-798
-898
-998
277
-271
-272
-273
-275
-276
-279
-287
-297
-377
-387
-397
-217
-227
-237
-477
-577
-677
-777
-877
-977
293
-291
-292
-295
-296
-299
-173
-283
-373
-383
-393
-213
-223
-233
-243
-253
-263
-493
-593
-693
-793
-893
-993
328
-321
-322
-323
-324
-325
-326
-327
-329
-218
-228
-238
-318
-338
-348
-358
-368
-428
-528
-628
-728
-828
-928
334
-331
-332
-333
-335
-336
-337
-339
-214
-224
-234
-314
317
-311
-312
-313
-315
-316
-319
-344
-354
-364
-417
-517
-617
-717
-817
-917
-434
-534
-634
-734
-834
-934
389
-381
-382
-385
-386
-179
-289
-379
-399
-349
-359
-369
-489
-589
-689
-789
-889
-989
415
-411
-412
-413
-414
-416
-418
-419
-425
-435
-515
-525
-535
-615
-625
-635
-445
-455
-465
-475
-485
-495
-115
-215
-715
-815
-915
437
-431
-432
-433
-436
-438
-439
-427
-527
-537
-627
-637
-447
-467
-487
-497
-737
-837
-937
469
-461
-462
-463
-464
-466
-468
-449
-459
-549
-559
-569
-649
-659
-669
-429
-479
-499
-169
-269
-769
-869
-969
474
-471
-472
-473
-476
-478
-494
-574
-594
-674
-694
-424
-444
-454
-774
-874
-974
541
-542
-543
-544
-545
-547
-548
-441
-451
-551
-561
-641
-651
-661
-511
-521
-531
-571
-581
-591
-241
-341
-741
-841
-941
564
-562
-563
-565
-566
-567
-568
-554
-644
-654
-664
-514
-524
-264
-764
-864
-964
638
-631
-632
-633
-636
-639
-518
-538
-618
-648
-658
-668
-678
-688
-738
-838
-938
643
-642
-645
-647
-443
-453
-553
-653
-663
667
-662
-665
-666
-613
-623
-673
-683
-687
-697
-343
-743
-843
-943
-767
-867
-967
675
-671
-672
-676
-679
-575
-585
-595
-685
-695
555
-552
-556
-558
-655
-255
-355
-755
-855
-955
-175
-375
-775
-875
-975
699
-691
-692
-696
-579
-599
-619
-629
-799
-899
-999
722
-721
-723
-724
-725
-726
-727
-729
-712
-732
-812
-822
-832
-912
-922
-932
-742
-752
-762
-772
-782
-792
-122
-222
-422
-522
-622
773
-771
-776
-778
-779
-783
-873
-883
-973
-983
-713
-733
-753
-763
-573
785
-781
-786
-787
-788
-795
-885
-895
-985
-995
-735
-745
-765
-285
395
-391
-392
-396
-345
342
-162
-242
-252
-262
-352
-362
-372
-365
376
-371
-286
-442
448
-458
-488
-842
-942
-248
-748
-848
-948
-576
-876
-976
813
-811
-814
-816
-818
-819
-823
-833
-913
-923
-933
-853
-863
-113
-513
835
-831
-836
-839
-825
-925
-935
-845
-865
-135
-235
918
-911
-914
-916
-919
-718
-958
-968
-978
-988
921
-924
-926
-927
-929
-711
-731
-821
-931
827
-824
-826
-829
714
-716
-719
-744
-754
-794
-847
-887
-897
-951
-961
-971
-981
-991
-614
624
-621
-626
-121
-221
-421
611
-612
-616
-681
-111
-211
959
-952
-953
-954
-956
963
-962
-965
-966
945
-944
-947
-949
747
-749
-759
-849
844
-854
-859
-797
739
-736
936
-939
-894
994
-992
-996
-997
987
-982
-986
879
-871
-872
-878
888
-881
-882
-886
-979
972
-892
-858
-868
-236
-536
-139
-239
-539
-244
254
-251
-258
-259
268
-261
-265
249
-245
165
-161
-163
-125
225
-226
-229
216
-212
-219
-516
353
-351
361
-363
758
-751
-756
-768
851
-852
-856
-761
766
-861
862
-866
791
-796
-891
896
171
-172
-281
282
-131
231
-232
-572
578
-588
481
-482
-483
-486
-491
583
-582
-586
-587
597
-592
-596
423
-426
-523
-533
532
-512
519
526
-529
112
-119
-132
133
-123
129
-682
686
492
-496
-452
456
652
-656
