147
-141
-142
-143
-144
-145
-146
-148
-149
-157
-167
-247
-257
-267
-347
-357
-367
-117
-127
-137
-177
-187
-197
-447
-547
-647
-747
-847
-947
156
-151
-152
-153
-154
-155
-158
-159
-166
-246
-256
-266
-346
-356
-366
-116
-126
-136
-176
-186
-196
-456
-556
-656
-756
-856
-956
172
-171
-173
-174
-175
-178
-179
-182
-192
-272
-282
-292
-372
-382
-392
-112
-122
-132
-162
-472
-572
-672
-772
-872
-972
242
-241
-243
-244
-245
-248
-249
-252
-262
-342
-352
-362
-212
-222
-232
-442
-542
-642
-742
-842
-942
269
-261
-263
-264
-265
-268
-169
-259
-349
-359
-369
-219
-229
-239
-279
-289
-299
-469
-569
-669
-769
-869
-969
295
-291
-293
-294
-296
-297
-298
-185
-195
-275
-285
-375
-385
-395
-215
-225
-235
-255
-495
-595
-695
-795
-895
-995
317
-311
-312
-313
-314
-315
-316
-318
-319
-217
-227
-237
-327
-337
-377
-387
-397
-417
-517
-617
-717
-817
-917
353
-351
-354
-355
-358
-163
-253
-343
-363
-323
-333
-373
-383
-393
-453
-553
-653
-753
-853
-953
388
-381
-384
-386
-389
-188
-198
-278
-288
-378
-398
-328
-338
-348
-368
-488
-588
-688
-788
-888
-988
391
-394
-396
-399
-181
-191
-271
-281
-371
-321
-331
-341
-361
-491
-591
-691
-791
-891
-991
424
-421
-422
-423
-425
-426
-427
-428
-429
-414
-434
-514
-524
-534
-614
-624
-634
-444
-454
-464
-474
-484
-494
-124
-224
-324
-724
-824
-924
499
-492
-493
-496
-497
-498
-479
-489
-579
-589
-599
-679
-689
-699
-419
-439
-449
-459
-199
-799
-899
-999
537
-531
-532
-533
-535
-536
-538
-539
-437
-527
-627
-637
-557
-567
-577
-587
-597
-737
-837
-937
575
-571
-573
-574
-576
-578
-475
-485
-585
-675
-685
-515
-525
-545
-555
-565
-775
-875
-975
612
-611
-613
-615
-616
-618
-619
-412
-432
-512
-522
-622
-632
-652
-662
-682
-692
-712
-812
-912
686
-681
-683
-684
-687
-476
-486
-586
-596
-676
-696
-626
-636
-646
-666
-286
-786
-886
-986
711
-713
-714
-715
-716
-718
-719
-721
-731
-811
-821
-831
-911
-921
-931
-741
-751
-761
-771
-781
-111
-211
-411
-511
726
-722
-723
-725
-727
-728
-729
-736
-816
-826
-836
-916
-926
-936
-746
-766
-776
-796
-226
-326
-526
758
-752
-754
-755
-757
-759
-748
-768
-848
-858
-868
-948
-958
-968
-738
-778
-798
-258
168
-161
-164
-165
251
-254
-118
-128
-138
-221
-231
-451
-551
-651
-851
-951
-458
-558
-658
-468
-568
-668
794
-792
-793
-797
-774
-784
-874
-884
-894
-974
-984
-994
-734
-744
-764
-194
193
-183
-273
-283
-113
-123
-133
-593
-693
-893
-993
-594
-694
819
-813
-814
-815
-818
-739
-829
-839
-919
-929
-939
-849
-859
-879
-889
-119
-519
846
-841
-843
-844
-845
-866
-946
-966
-876
-896
-446
-546
996
-992
-997
-998
-976
863
-861
-862
-864
-865
-867
-743
-763
-943
-963
-823
-833
-873
-883
-463
-563
-663
938
-932
-933
-934
-935
-828
-838
-918
-928
-978
-238
-438
-638
955
-952
-954
-957
-959
-745
749
-765
-855
-945
-965
-949
-779
-789
-915
-925
-985
-549
-649
-455
-655
964
-961
-962
-967
941
-944
-854
834
-832
-835
-914
913
-733
-923
-971
-981
-973
-983
-213
-413
-513
-134
-234
-334
-441
-541
-641
-364
365
344
-345
-374
-325
-335
-544
-644
-564
-664
-465
-665
114
-115
-214
-184
189
-379
376
-276
-129
-139
-336
415
-416
-418
-435
-625
-635
-445
645
-643
-648
979
-977
-989
-121
125
131
-135
-825
735
-732
-785
885
-881
-882
-887
871
-877
-878
898
-892
-897
-431
-631
332
-339
-322
329
-529
559
-552
-554
654
-657
-659
584
-581
-582
-583
-674
-629
639
-633
-471
-671
481
-482
-483
-487
592
-598
-461
-562
274
-277
-284
287
783
-782
-787
982
-987
-773
777
762
-767
-852
857
822
-827
-922
927
452
-457
-462
-477
467
-466
566
-561
661
-667
436
-433
-516
518
-528
-628
521
-523
-621
623
543
-548
-443
448
473
-478
-673
216
-218
-236
233
-223
228
-677
678
697
-698
