122
-121
-123
-124
-125
-126
-127
-128
-129
-112
-132
-212
-222
-232
-312
-322
-332
-142
-152
-162
-172
-182
-192
-422
-522
-622
-722
-822
-922
144
-141
-143
-145
-146
-147
-148
-149
-154
-164
-244
-254
-264
-344
-354
-364
-114
-134
-174
-184
-194
-444
-544
-644
-744
-844
-944
177
-171
-173
-175
-176
-178
-179
-187
-197
-277
-287
-297
-377
-387
-397
-117
-137
-157
-167
-477
-577
-677
-777
-877
-977
199
-191
-193
-195
-196
-198
-189
-279
-289
-299
-379
-389
-399
-119
-139
-159
-169
-499
-599
-699
-799
-899
-999
218
-211
-213
-214
-215
-216
-217
-219
-118
-138
-228
-238
-318
-328
-338
-248
-258
-268
-278
-288
-298
-418
-518
-618
-718
-818
-918
252
-251
-253
-255
-256
-257
-259
-242
-262
-342
-352
-362
-272
-282
-292
-452
-552
-652
-752
-852
-952
284
-281
-283
-285
-286
-274
-294
-374
-384
-394
-224
-234
-484
-584
-684
-784
-884
-984
357
-351
-353
-355
-356
-358
-359
-247
-267
-347
-367
-317
-327
-337
-457
-557
-657
-757
-857
-957
372
-371
-373
-375
-376
-378
-382
-392
-472
-572
-672
-772
-872
-972
412
-411
-413
-414
-415
-416
-417
-419
-432
-512
-532
-612
-632
-442
-462
-482
-492
-712
-812
-912
446
-441
-443
-445
-447
-448
-449
-456
-466
-546
-556
-566
-646
-656
-666
-426
-436
-476
-486
-496
-246
-346
-746
-846
-946
471
-473
-474
-475
-478
-479
-481
-491
-571
-581
-591
-671
-681
-691
-421
-431
-451
-461
-271
-771
-871
-971
523
-521
-524
-525
-526
-527
-528
-529
-423
-433
-513
-533
-613
-623
-633
-543
-553
-563
-573
-583
-593
-223
-323
-723
-823
-923
589
-582
-585
-586
-587
-588
-489
-579
-679
-689
-519
-539
-549
-559
-569
-789
-889
-989
631
-634
-635
-636
-637
-638
-639
-511
-531
-611
-621
-641
-651
-661
-131
-231
-331
-731
-831
-931
669
-662
-663
-664
-665
-667
-668
-459
-469
-649
-659
-619
-629
-269
-369
-769
-869
-969
697
-692
-693
-694
-695
-696
-698
-487
-497
-597
-687
-617
-627
-647
-797
-897
-997
739
-732
-733
-734
-735
-736
-737
-738
-719
-729
-819
-829
-839
-919
-929
-939
-749
-759
-779
319
-311
-313
-314
-315
-316
-229
-239
-329
-339
249
-241
-243
-245
-349
429
-424
-425
-427
-428
-439
-849
-949
756
-751
-753
-754
-755
-758
-766
-856
-866
-956
-966
-716
-726
-776
-786
-796
-156
821
-824
-825
-826
-827
-828
-711
-721
-811
-911
-921
-841
-851
-861
-881
-891
111
-113
-115
-116
-221
-321
-151
-161
-181
853
-854
-855
-858
-859
-743
-763
-843
-863
-943
-953
-963
959
-951
-954
-955
-958
-813
-833
-873
-883
-893
879
-874
-875
-876
-878
-979
551
-554
-555
-558
-541
-561
-153
-453
-653
894
-892
-895
-896
-898
-774
-794
-974
-994
-814
-834
-864
-494
-594
915
-913
-914
-916
-917
-715
-725
-815
-835
-925
-935
-945
-965
-975
-985
-995
713
-714
-717
-933
-773
-783
-793
-515
-615
932
-934
-936
-937
-938
-832
-942
-962
-982
-992
964
-961
-967
-968
-764
724
-727
-728
-924
-324
334
-333
-335
-336
-624
-434
-534
-464
454
-455
-458
-564
-654
987
-981
-983
-986
-988
-787
-887
-927
-947
227
-225
-226
-237
133
-135
-136
-233
-163
-183
155
-158
-165
-265
-345
-365
-185
-655
658
-468
-548
-568
-648
-628
-678
-688
928
-926
-838
-948
941
-741
-761
-991
-978
-998
-341
166
-168
-266
-366
-186
188
-388
-398
-488
-788
-888
-235
236
325
-326
-276
-296
-385
-395
-625
626
-516
-536
-616
614
-514
517
-437
-537
467
-463
-465
643
-642
-645
-547
-567
574
-575
-576
-578
-674
596
-592
-595
-598
682
-683
-685
-686
-676
498
-493
-495
483
-485
-673
675
435
-438
-535
538
816
-817
-836
837
-886
-847
-867
-343
348
-368
747
-742
-745
-748
-767
-848
868
-862
-865
-768
-275
273
-293
-383
-393
295
-291
261
-263
-361
363
-973
976
993
-996
-775
778
-798
-782
-882
885
792
-791
-795
781
-785
-762
765
842
-845
-542
545
562
-565
-381
386
391
-396
