139
-131
-132
-133
-134
-135
-136
-137
-138
-119
-129
-219
-229
-239
-319
-329
-339
-149
-159
-169
-179
-189
-199
-439
-539
-639
-739
-839
-939
174
-171
-172
-173
-175
-176
-177
-178
-184
-194
-274
-284
-294
-374
-384
-394
-114
-124
-144
-154
-164
-474
-574
-674
-774
-874
-974
212
-211
-213
-214
-215
-216
-217
-218
-112
-122
-222
-232
-312
-322
-332
-242
-252
-262
-272
-282
-292
-412
-512
-612
-712
-812
-912
276
-271
-273
-275
-277
-278
-279
-186
-196
-286
-296
-376
-386
-396
-226
-236
-246
-256
-266
-476
-576
-676
-776
-876
-976
289
-281
-283
-285
-287
-288
-299
-379
-389
-399
-249
-259
-269
-489
-589
-689
-789
-889
-989
353
-351
-352
-354
-355
-356
-357
-358
-359
-143
-153
-163
-243
-253
-263
-343
-363
-313
-323
-333
-373
-383
-393
-453
-553
-653
-753
-853
-953
365
-361
-362
-364
-366
-367
-368
-369
-145
-155
-165
-245
-255
-265
-345
349
-341
-342
-344
-346
-347
-348
-315
-325
-335
-375
-385
-395
-449
-549
-649
-749
-849
-949
-465
-565
-665
-765
-865
-965
382
-381
-387
-388
-182
-192
-372
-392
-482
-582
-682
-782
-882
-982
426
-421
-422
-423
-424
-425
-427
-428
-429
-416
-436
-516
-526
-536
-616
-626
-636
-446
-456
-466
-486
-496
-126
-326
-726
-826
-926
445
-441
-442
-443
-444
-447
-448
-455
-545
-555
-645
-655
-415
-435
-475
-485
-495
-745
-845
-945
451
-452
-454
-457
-458
-459
-461
-541
-551
-561
-641
-651
-661
-411
-431
-471
-481
-491
-151
-251
-751
-851
-951
492
-493
-494
-497
-498
-499
-472
-572
-592
-672
-692
-432
-462
-792
-892
-992
532
-531
-533
-534
-535
-537
-538
-522
-622
-632
-542
-552
-562
-732
-832
-932
546
-543
-544
-547
-548
-556
-566
-646
-656
-666
-586
-596
-146
-746
-846
-946
567
-563
-564
-568
-569
-467
-557
-647
-657
-667
-517
-527
-577
-587
-597
-167
-267
-767
-867
-967
578
-571
-573
-575
-579
-478
-488
-588
-598
-678
-688
-698
-518
-528
-558
-378
-778
-878
-978
614
-611
-613
-615
-617
-618
-619
-414
-434
-514
-524
-624
-634
-644
-654
-664
-684
-694
-314
-714
-814
-914
652
-658
-659
-642
-662
-152
-752
-852
-952
663
-668
-669
-463
-643
648
-468
-623
-633
-673
-683
-693
-628
-638
-148
-248
-748
-848
-948
-763
-863
-963
686
-681
-685
-687
-696
-786
-886
-986
728
-721
-722
-723
-724
-725
-727
-729
-718
-738
-818
-828
-838
-918
-928
-938
-758
-768
-788
-798
-128
-228
-328
747
-741
-742
-743
-744
-757
-847
-857
-947
-957
-717
-737
-777
-787
-797
-147
-247
755
-754
-756
-759
-855
-955
-715
-735
-775
-785
-795
823
-821
-822
-824
-825
-827
-829
922
-921
-923
-924
-925
-927
-929
-713
-733
-813
-833
-913
-933
-843
943
-941
-942
-944
-873
-883
-893
-962
-972
-973
-983
-993
-123
-223
-523
837
-831
-834
-835
-836
-817
-917
-937
-877
-887
-897
-237
-337
-437
-637
899
-891
-894
-895
-896
-898
-779
-799
-879
-979
-999
-819
-859
-869
-599
-699
934
-931
-935
-936
-734
-954
-964
-984
-994
-234
-334
324
-321
-327
-224
971
-975
-977
-771
-781
-791
-871
-881
-981
-991
-911
-961
-371
377
-187
-197
-297
-397
-317
-671
-477
-677
-111
-113
233
-231
-235
-238
-293
-433
438
-418
635
-631
-515
-525
-625
-675
679
-479
473
-483
-583
-593
-413
513
-511
-519
-695
-629
529
-521
621
-627
417
-419
-487
484
-584
-594
697
-691
-464
469
554
-559
-117
-121
-221
-338
-254
-854
959
-956
-958
-769
-969
719
-711
-716
-919
-773
772
-872
875
-885
-985
-995
-762
-815
915
-916
-115
-784
783
-793
-183
193
-191
-195
-198
-884
888
794
-796
996
-997
-998
987
-988
-764
-858
856
-766
761
-841
-861
-866
-966
968
-868
-731
736
811
-816
-311
331
-336
-391
398
-188
-298
316
-318
-116
118
-158
-168
-156
157
166
-161
-162
142
-141
-257
258
-268
181
-185
-291
295
125
-127
-225
227
241
-244
-261
264
-842
844
862
-864
-581
585
591
-595
