137
-131
-132
-133
-134
-135
-136
-138
-139
-117
-127
-217
-227
-237
-317
-327
-337
-147
-157
-167
-177
-187
-197
-437
-537
-637
-737
-837
-937
165
-161
-162
-163
-164
-166
-168
-169
-145
-155
-245
-255
-265
-345
-355
-365
-115
-125
-175
-185
-195
-465
-565
-665
-765
-865
-965
181
-182
-183
-184
-186
-188
-189
-171
-191
-271
-281
-291
-371
-381
-391
-111
-121
-141
-151
-481
-581
-681
-781
-881
-981
233
-231
-232
-234
-235
-236
-238
-239
-113
-123
-213
-223
-313
-323
-333
-243
-253
-263
-273
-283
-293
-433
-533
-633
-733
-833
-933
244
-241
-242
-246
-247
-248
-249
-144
-154
-254
-264
-344
-354
-364
-214
-224
-274
-284
-294
-444
-544
-644
-744
-844
-944
292
-295
-296
-297
-298
-299
-172
-192
-272
-282
-372
-382
-392
-212
-222
-252
-262
-492
-592
-692
-792
-892
-992
311
-312
-314
-315
-316
-318
-319
-211
-221
-321
-331
-341
-351
-361
-411
-511
-611
-711
-811
-911
339
-332
-334
-335
-336
-338
-119
-129
-219
-229
-329
-349
-359
-369
-379
-389
-399
-439
-539
-639
-739
-839
-939
363
-362
-366
-367
-368
-143
-153
-343
-353
-373
-383
-393
-463
-563
-663
-763
-863
-963
375
-374
-376
-377
-378
-275
-285
-385
-395
-325
-475
-575
-675
-775
-875
-975
394
-396
-397
-398
-174
-194
-384
-324
-494
-594
-694
-794
-894
-994
414
-412
-413
-415
-416
-417
-418
-419
-424
-434
-514
-524
-534
-614
-624
-634
-454
-464
-474
-484
-114
124
-122
-126
-128
-714
-814
-914
-724
-824
-924
468
-461
-462
-466
-467
-469
-448
-458
-548
-558
-568
-648
-658
-668
-428
-438
-478
-488
-498
-268
-768
-868
-968
472
-471
-473
-476
-477
-479
-482
-572
-582
-672
-682
-422
-432
-442
-452
-772
-872
-972
555
-551
-552
-553
-554
-556
-557
-559
-445
-455
-545
-645
-655
-515
-525
-535
-585
-595
-755
-855
-955
638
-631
-632
-635
-636
-518
-528
-538
-618
-628
-678
-688
-698
-738
-838
-938
647
-641
-642
-643
-646
-649
-447
-457
-547
-567
-657
-667
-617
-627
-677
-687
-697
-347
-747
-847
-947
696
-691
-693
-695
-699
-486
-496
-576
-586
-596
-676
-686
-616
-626
-656
-666
-196
-796
-896
-996
717
-712
-713
-715
-716
-718
-719
-727
-817
-827
-917
-927
-757
-767
-777
-787
-797
-517
734
-731
-732
-735
-736
-834
-934
-754
-764
-774
-784
746
-741
-742
-743
-745
-748
-749
-756
-766
-846
-856
-866
-946
-956
-966
-726
-776
-786
-146
-346
-446
-546
771
-773
-778
-779
-791
-871
-891
-971
-991
-721
-751
-761
-571
-671
793
-795
-798
-799
-783
-873
-883
-893
-973
-983
-993
-723
-753
-193
173
-176
-178
-179
-573
-673
-493
-593
818
-812
-813
-815
-816
-819
-728
-828
-918
-928
-848
-858
-878
-888
-898
-118
-218
864
-861
-862
-867
-869
-854
-954
-964
-874
-884
654
-651
-652
-653
-659
-564
-664
-674
679
-489
-499
-579
-589
-599
-689
-684
-619
-629
-669
-279
-879
-979
876
-877
-886
-976
-986
-826
-836
-276
926
-921
-922
-923
-925
-929
-916
-936
-226
-326
-426
-526
941
-942
-943
-945
-948
-949
-841
-851
-951
-961
845
-842
-843
-849
-825
-835
-885
-895
-931
-441
-541
978
-974
-977
984
-982
-985
-987
-988
-989
-788
-998
758
-752
-759
-958
-158
-258
-358
574
-577
-578
-584
277
-278
-287
-387
-257
-267
357
-352
-356
386
-388
-286
-857
-957
967
-962
-969
-997
-112
116
322
-328
-216
215
-225
228
-156
-288
289
198
-199
-148
348
-342
-259
-269
-615
-915
-516
-522
-622
-722
-822
588
-583
-587
-598
-789
-889
142
-149
-152
159
-542
-459
-859
-959
769
-762
782
-785
-882
887
995
-999
-897
899
725
-729
-935
932
-832
831
-821
-912
852
-853
-952
953
823
-829
-913
919
-519
-423
-523
-623
-425
-625
621
-421
-431
-521
-531
435
-436
536
-532
-485
-495
685
-683
483
-487
-443
449
-549
543
-453
-569
456
-451
-566
491
-497
-591
597
427
-429
-527
529
561
-562
-661
662
512
-513
-612
613
251
-256
-261
266
