137
-131
-132
-133
-134
-135
-136
-138
-139
-117
-127
-217
-227
-237
-317
-327
-337
-147
-157
-167
-177
-187
-197
-437
-537
-637
-737
-837
-937
181
-182
-183
-184
-185
-186
-188
-189
-171
-191
-271
-281
-291
-371
-381
-391
-111
-121
-141
-151
-161
-481
-581
-681
-781
-881
-981
194
-192
-193
-195
-196
-198
-199
-174
-274
-284
-294
-374
-384
-394
-114
-124
-144
-154
-164
-494
-594
-694
-794
-894
-994
221
-222
-223
-224
-225
-226
-228
-229
-211
-231
-311
-321
-331
-241
-251
-261
-421
-521
-621
-721
-821
-921
298
-292
-293
-295
-296
-297
-299
-178
-278
-288
-378
-388
-398
-218
-238
-248
-258
-268
-498
-598
-698
-798
-898
-998
345
-341
-342
-343
-344
-346
-347
-348
-349
-145
-155
-165
-245
-255
-265
-355
-365
-315
-325
-335
-375
-385
-395
-445
-545
-645
-745
-845
-945
363
-361
-362
-364
-366
-367
-368
-369
351
-352
-353
-354
-356
-357
-358
-359
-143
-153
-163
-243
-253
-263
-313
-323
-333
-373
-383
-393
-451
-551
-651
-751
-851
-951
-463
-563
-663
-763
-863
-963
387
-382
-386
-389
-277
-287
-377
-397
-487
-587
-687
-787
-887
-987
434
-431
-432
-433
-435
-436
-438
-439
-414
-424
-514
-524
-534
-614
-624
-634
-444
-454
-464
-474
-484
-234
-334
-734
-834
-934
467
-461
-462
-465
-466
-468
-469
-447
-457
-547
-557
-567
-647
-657
-667
-417
-427
-477
-497
-267
-767
-867
-967
493
-491
-492
-495
-496
-499
-473
-483
-573
-583
-593
-673
-683
-693
-413
-423
-443
-453
-793
-893
-993
522
-523
-525
-526
-527
-528
-529
-412
-422
-512
-532
-612
-622
-632
-542
-552
-562
-572
-582
-592
-122
-322
-722
-822
-922
549
-541
-543
-544
-546
-548
-449
-459
-559
-569
-649
-659
-669
-519
-539
-579
-589
-599
-149
-249
-749
-849
-949
576
-571
-574
-575
-577
-578
-476
-486
-586
-596
-676
-686
-696
-516
-536
-556
-566
-176
-276
-376
-776
-876
-976
636
-631
-633
-635
-638
-639
-416
-426
-616
-626
-646
-656
-666
-236
-336
-736
-836
-936
684
-682
-685
-688
-689
-584
-674
-644
-654
-664
-784
-884
-984
727
-723
-724
-725
-726
-728
-729
-717
-817
-827
-917
-927
-747
-757
-777
-797
-627
735
-731
-732
-733
-738
-739
-715
-815
-825
-835
-915
-925
-935
-755
-765
-775
-785
-795
-235
-535
783
-782
-786
-788
-789
-773
-873
-883
-973
-983
-713
-743
-753
-283
847
-841
-842
-843
-844
-846
-848
-857
-947
-957
-877
-897
-247
257
-252
-254
-256
-259
869
-861
-862
-864
-865
-866
-868
-759
-769
-859
-959
-969
-819
-829
-839
-879
-889
-899
159
-152
-156
-158
-169
-269
-119
-129
-179
896
-891
-892
-895
-796
-886
-986
-996
-816
-826
-856
286
-282
-285
-289
-396
-216
-246
-266
933
-931
-932
-938
-939
-813
-823
-833
-913
-923
853
-852
-854
-855
-858
-943
-953
-233
-533
643
-641
-642
-648
-553
-653
513
-511
-515
-517
-518
-613
-623
617
-611
-615
-618
-619
597
-591
-595
-677
-697
-113
-213
123
-125
-126
-128
-173
273
-272
-275
-279
175
-172
-115
215
-212
-214
-219
239
-232
-319
-329
-339
-415
-475
-675
-875
885
-882
-888
-975
-985
-995
977
-971
-972
-974
-978
-979
-997
-485
-585
588
695
-691
-692
-699
-478
-488
-678
-538
531
-411
-561
-558
-568
-625
425
-428
-429
-455
-655
-665
-831
-988
962
-961
-964
-965
-966
-968
-742
-752
-762
-942
-952
955
-954
-956
-958
-912
-982
989
-779
-799
-999
719
-711
-712
-714
-716
-718
-919
-929
-992
991
-771
-791
792
-871
-772
-872
811
-812
-814
-818
-911
832
-838
-941
-419
418
-628
629
-448
-458
-679
-118
-318
-918
-332
338
-328
-555
554
-564
565
-754
-162
-262
264
-244
242
-142
112
-116
-312
-442
-662
-764
482
-489
-472
-672
671
-471
479
441
-446
-661
668
456
-452
652
-658
-741
761
-766
-768
-756
758
-748
-948
746
-744
944
-946
774
-778
-874
878
824
-828
-914
916
-924
-926
928
314
-316
-324
326
-146
148
166
-168
372
-379
-392
399
