122
-121
-123
-124
-125
-126
-127
-128
-129
-112
-132
-212
-222
-232
-312
-322
-332
-142
-152
-162
-172
-182
-192
-422
-522
-622
-722
-822
-922
249
-241
-242
-243
-244
-245
-246
-247
-248
-149
-159
-169
-259
-269
-349
-359
-369
-219
-229
-239
-279
-289
-299
-449
-549
-649
-749
-849
-949
296
-291
-292
-293
-294
-295
-297
-298
-176
-186
-196
-276
-286
-376
-386
-396
-216
-226
-236
-256
-266
-496
-596
-696
-796
-896
-996
315
-311
-313
-314
-316
-317
-318
-319
-115
-135
-215
-225
-235
-325
-335
-345
-355
-365
-375
-385
-395
-415
-515
-615
-715
-815
-915
333
-331
-334
-336
-337
-338
-339
-113
-133
-213
-223
-233
-323
-343
-353
-363
-373
-383
-393
-433
-533
-633
-733
-833
-933
342
-341
-344
-346
-347
-348
-252
-262
-352
-362
-372
-382
-392
-442
-542
-642
-742
-842
-942
364
-361
-366
-367
-368
-144
-154
-164
-254
-264
-354
-324
-374
-384
-394
-464
-564
-664
-764
-864
-964
388
-381
-387
-389
-178
-188
-198
-278
-288
-378
-398
-328
-358
-488
-588
-688
-788
-888
-988
391
-397
-399
-171
-181
-191
-271
-281
-371
-321
-351
-491
-591
-691
-791
-891
-991
468
-461
-462
-463
-465
-466
-467
-469
-448
-458
-548
-558
-568
-648
-658
-668
-418
-428
-438
-478
-498
-168
-268
-768
-868
-968
495
-492
-493
-494
-497
-499
-475
-485
-575
-585
-595
-675
-685
-695
-425
-435
-445
-455
-195
-795
-895
-995
553
-551
-552
-554
-555
-556
-557
-559
-443
-453
-543
-563
-643
-653
-663
-513
-523
-573
-583
-593
-153
-253
-753
-853
-953
567
-561
-562
-565
-566
-569
-447
-457
-547
-647
-657
-667
-517
-527
-537
-577
-587
-597
-167
-267
-767
-867
-967
582
-581
-584
-586
-589
-472
-482
-572
-592
-672
-682
-692
-512
-532
-282
272
-273
-274
-275
-277
-772
-872
-972
-782
-882
-982
631
-632
-634
-635
-636
-637
-638
-639
-411
-421
-431
-511
-521
-531
-611
-621
-641
-651
-661
-671
-681
-131
-231
-731
-831
-931
676
-673
-674
-677
-678
-679
-476
-486
-576
-686
-616
-626
-646
-656
-666
-776
-876
-976
694
-693
-697
-698
-699
-474
-484
-574
-594
-684
-614
-624
-644
645
-545
-655
-665
-654
-625
-145
-745
-845
-945
-194
-794
-894
-994
739
-732
-734
-735
-736
-737
-738
-719
-729
-819
-829
-839
-919
-929
-939
-759
-769
-779
-789
-799
-139
-439
-539
773
-771
-774
-775
-777
-778
-783
-793
-873
-883
-893
-973
-983
-993
-713
-723
-743
-763
-173
-473
193
-197
-199
-183
-283
-143
-163
263
-261
-265
-863
-963
817
-811
-812
-813
-814
-816
-818
-717
-727
-827
-837
-917
-927
-937
-847
-857
-877
-887
-897
-117
-217
-417
-617
865
-861
-862
-866
-869
-755
-765
-855
-955
-965
-825
-835
-875
-885
-165
926
-921
-923
-924
-925
-928
-716
-726
-826
-836
-916
-936
-946
-956
-966
-986
-326
356
-357
-146
-156
-166
161
-141
-151
-251
-111
-426
-526
-456
-756
-856
-761
-961
766
-762
-746
-846
-786
886
-881
-884
-889
958
-951
-952
-954
-957
-959
-748
-758
-848
-858
-948
-918
-938
-978
-998
148
-147
-158
-258
-118
-138
992
-997
-999
-792
-892
-912
-932
-962
969
-859
-979
-989
662
-669
-452
-652
659
-459
-612
-619
-629
-689
797
-798
-787
-977
-987
-747
-757
947
-941
-943
-944
843
-841
-844
-823
913
-911
-914
-413
-613
618
-518
-528
-538
-628
-218
-718
728
-721
-724
-725
935
-934
-828
-838
785
-781
-784
-975
-985
525
-524
-529
-535
-228
238
-234
-237
175
-174
-177
-179
-185
-285
-155
157
255
-257
-137
-187
437
-432
-434
-436
412
-414
-416
-419
-427
-627
623
-423
483
-481
-487
-489
-683
687
-477
446
-441
-444
-546
-712
832
-834
752
-751
-754
-852
377
-379
-287
284
-184
189
-119
329
-327
227
-221
-224
211
-214
-711
714
821
-824
741
-744
-851
854
-871
-874
-114
116
134
-136
-514
-516
519
536
-534
424
-429
-454
451
-541
544
-471
479
571
-578
-579
598
-599
-971
974
981
-984
878
-879
-898
899
