147
-141
-142
-143
-144
-145
-146
-148
-149
-157
-167
-247
-257
-267
-347
-357
-367
-117
-127
-137
-177
-187
-197
-447
-547
-647
-747
-847
-947
159
-151
-152
-153
-154
-155
-156
-158
-169
-249
-259
-269
-349
-359
-369
-119
-129
-139
-179
-189
-199
-459
-559
-659
-759
-859
-959
181
-182
-183
-184
-185
-186
-188
-171
-191
-271
-281
-291
-371
-381
-391
-111
-121
-131
-161
-481
-581
-681
-781
-881
-981
222
-221
-223
-224
-225
-226
-227
-228
-229
-112
-122
-132
-212
-232
-312
-322
-332
-242
-252
-262
-272
-282
-292
-422
-522
-622
-722
-822
-922
276
-273
-274
-275
-277
-278
-279
-176
-196
-286
-296
-376
-386
-396
-216
-236
-246
-256
-266
-476
-576
-676
-776
-876
-976
411
-412
-413
-414
-415
-416
-417
-418
-419
-421
-431
-511
-521
-531
-611
-621
-631
-441
-451
-461
-471
-491
-211
-311
-711
-811
-911
473
-472
-474
-475
-477
-478
-479
-483
-493
-573
-583
-593
-673
-683
-693
-423
-433
-443
-453
-463
-173
-373
-773
-873
-973
485
-482
-484
-486
-487
-488
-489
-495
-575
-585
-595
-675
-685
-695
-425
-435
-445
-455
-465
-285
-385
-785
-885
-985
499
-492
-494
-496
-497
-498
-579
-589
-599
-679
-689
-699
-429
-439
-449
-469
-299
-399
-799
-899
-999
524
-523
-525
-526
-527
-528
-529
-424
-434
-514
-534
-614
-624
-634
-544
-554
-564
-574
-584
-594
-124
-324
-724
-824
-924
542
-541
-543
-545
-546
-548
-549
-442
-452
-462
-552
-562
-642
-652
-662
432
-436
-437
-438
-512
-532
-612
-632
-572
-582
-592
-732
-832
-932
-342
-742
-842
-942
566
-561
-563
-565
-567
-568
-569
-446
-456
-466
-556
-646
-656
-666
426
-427
-428
-516
-536
-616
-626
-636
-586
-596
-126
-326
-726
-826
-926
-166
-366
-766
-866
-966
715
-712
-713
-714
-716
-717
-718
-719
-725
-735
-815
-825
-835
-915
-925
-935
-745
-755
-765
-775
-795
-115
-215
-315
-515
-615
739
-731
-733
-734
-736
-737
-738
-729
-819
-829
-839
-919
-929
-939
-749
-769
-779
-789
-239
-339
-539
519
-513
-517
-518
-619
-629
-639
-219
289
-283
-284
-287
-288
-379
-389
-319
329
-321
-323
-325
-327
-328
-889
-989
753
-751
-752
-754
-756
-757
-758
-743
-763
-843
-853
-863
-943
-953
-963
-723
-783
-793
-253
-353
-553
533
-535
-537
-538
-613
-623
-633
555
-551
-557
-558
-645
-655
-665
-133
-233
-333
-833
-933
-653
-255
-355
-855
-955
848
-841
-844
-845
-846
-849
-748
-768
-858
-868
-948
-958
-968
-818
-828
-838
-878
-888
-898
-248
-348
-448
444
-454
-464
-644
-654
-664
-244
-344
-744
-944
-648
872
-871
-874
-875
-877
-879
-772
-782
-792
-882
-892
-972
-982
-992
979
-971
-974
-975
-977
-978
762
-761
-764
-767
-852
-862
-952
-962
-812
912
-913
-914
-916
-917
-918
869
-861
-864
-865
-867
-949
-969
895
-891
-893
-894
-896
-897
-995
649
-641
-643
663
-661
-667
-668
-669
651
-657
-658
-671
-691
-251
-351
-851
-951
352
-354
-356
-358
-162
-362
346
-341
-343
-345
-372
-382
-392
-316
-336
243
-241
-245
-163
-263
-363
-213
-293
945
-941
-946
-965
741
-746
-961
-721
-771
-791
991
-993
-994
-996
-997
-998
-921
-931
821
-823
-827
-831
571
-577
-578
-591
-172
192
-193
-194
-195
-198
-672
682
-684
-686
-687
-688
-692
696
-694
-697
-698
674
-677
-678
-174
-374
-774
393
-394
-395
-397
-398
-383
-313
-295
-796
786
-784
-787
-788
-886
-986
794
-797
-798
-884
-984
384
-387
-388
-294
-314
-334
-364
113
-114
-116
-118
-123
136
-134
-135
-138
164
-165
-168
-254
258
-264
-268
-368
-218
-238
-298
297
-377
-217
214
-234
-237
-813
923
-927
-928
883
-887
-983
-814
816
-817
-836
-936
-856
956
-954
-957
854
-857
-964
967
-834
837
934
-937
-938
-727
728
777
-778
-987
988
627
-625
-628
635
-637
-638
-617
618
317
-318
-337
125
-128
-235
231
-331
-335
338
-175
178
375
-378
-261
265
361
-365
457
-458
-467
468
587
-588
-597
598
