137
-131
-132
-133
-134
-135
-136
-138
-139
-117
-127
-217
-227
-237
-317
-327
-337
-147
-157
-167
-177
-187
-197
-437
-537
-637
-737
-837
-937
161
-162
-163
-164
-165
-166
-168
-169
-141
-151
-241
-251
-261
-341
-351
-361
-111
-121
-171
-181
-191
-461
-561
-661
-761
-861
-961
219
-211
-212
-213
-214
-215
-216
-218
-119
-129
-229
-239
-319
-329
-339
-249
-259
-269
-279
-289
-299
-419
-519
-619
-719
-819
-919
222
-221
-223
-224
-225
-226
-228
-112
-122
-232
-312
-322
-332
-242
-252
-262
-272
-282
-292
-422
-522
-622
-722
-822
-922
244
-243
-245
-246
-247
-248
-144
-154
-254
-264
-344
-354
-364
-234
-274
-284
-294
-444
-544
-644
-744
-844
-944
258
-253
-255
-256
-257
-148
-158
-268
-348
-358
-368
-238
-278
-288
-298
-458
-558
-658
-758
-858
-958
276
-271
-273
-275
-277
-176
-186
-196
-286
-296
-376
-386
-396
-236
-266
-476
-576
-676
-776
-876
-976
297
-291
-293
-295
-287
-377
-387
-397
-267
-497
-597
-697
-797
-897
-997
316
-311
-313
-314
-315
-318
-116
-126
-326
-336
-346
-356
-366
-416
-516
-616
-716
-816
-916
359
-352
-353
-355
-357
-149
-159
-349
-369
-379
-389
-399
-459
-559
-659
-759
-859
-959
433
-431
-432
-434
-435
-436
-438
-439
-413
-423
-513
-523
-533
-613
-623
-633
-443
-453
-463
-473
-483
-493
-233
-333
-733
-833
-933
462
-464
-465
-466
-467
-468
-469
-442
-452
-542
-552
-562
-642
-652
-662
-412
-472
-482
-492
-362
-762
-862
-962
485
-481
-484
-486
-487
-488
-489
-475
-495
-575
-585
-595
-675
-685
-695
-415
-425
-445
-455
-185
-285
-385
-785
-885
-985
517
-511
-512
-514
-515
-518
-417
-427
-527
-617
-627
-547
-557
-567
-577
-587
-717
-817
-917
596
-591
-592
-593
-594
-598
-599
-496
-586
-686
-696
-526
-536
-546
-556
-566
-796
-896
-996
625
-621
-624
-626
-628
-629
-525
-535
-615
-635
-645
-655
-665
-125
-325
-725
-825
-925
641
-643
-646
-647
-648
-649
-441
-451
-541
-551
-651
-611
-631
-671
-681
-691
-741
-841
-941
672
-673
-674
-677
-678
-679
-572
-582
-682
-692
532
-531
-534
-538
-539
-612
-632
-732
-832
-932
-172
-372
-772
-872
-972
742
-743
-745
-746
-747
-748
-749
-752
-842
-852
-942
-952
-712
-782
-792
-142
-342
152
-153
-155
-156
146
-143
-145
-182
-192
-446
-846
-946
751
-753
-754
-755
-756
-757
-851
-951
-711
-721
-731
-771
-781
-791
795
-793
-794
-798
-799
-775
-875
-895
-975
-995
-715
-735
-765
-195
-395
812
-811
-813
-814
-815
-818
-912
-882
-892
831
-834
-835
-836
-838
-839
-821
-911
-921
-931
-871
-881
-891
411
-414
-418
-421
-521
-471
-491
321
-323
-324
-328
-231
235
-331
-115
-335
175
-173
-174
-178
-179
-375
281
-283
-371
-381
-391
263
-265
-343
-363
915
-913
-914
-918
-935
-945
-955
-965
-563
-663
-763
-863
-963
-581
571
-573
-574
-578
-579
-971
-981
991
-992
-993
-994
-998
-999
982
-983
-984
-986
-987
-988
-989
-382
392
-393
-394
-398
854
-853
-855
-856
-857
-764
-864
-954
-964
-824
-874
-884
-894
-454
-554
-654
555
-553
-545
-565
867
-865
-866
-868
-869
845
-843
-847
-848
-849
-767
-947
-957
-967
-827
-877
-887
-345
347
365
-367
-447
-667
886
-883
-888
-889
-786
-826
899
-893
-898
-779
-789
-879
-979
-829
479
-474
-477
-478
687
-683
-684
-688
-689
-499
-589
-699
457
-456
-657
426
-424
-428
-429
-636
494
-498
-584
-694
448
-449
-548
-568
-668
-726
-926
-948
-787
189
-183
-184
-188
-199
-194
949
-943
953
-956
-769
-969
-923
-973
-929
-939
543
-549
-653
656
-666
-583
588
693
-698
-528
-388
-788
-193
198
-378
-118
-128
338
-334
-638
618
-614
-718
-738
-938
978
-974
-977
777
-773
-774
-778
784
-783
873
-878
-714
713
-723
-823
828
-728
-928
-724
-734
-727
729
927
-924
934
-936
736
-739
-766
768
966
-968
-113
114
123
-124
524
-529
-634
639
-564
569
664
-669
-373
374
383
-384
