185
-181
-182
-183
-184
-186
-187
-188
-189
-175
-195
-275
-285
-295
-375
-385
-395
-115
-125
-135
-145
-155
-165
-485
-585
-685
-785
-885
-985
226
-221
-222
-223
-224
-225
-227
-228
-229
-116
-126
-136
-216
-236
-316
-326
-336
-246
-256
-266
-276
-286
-296
-426
-526
-626
-726
-826
-926
242
-241
-243
-244
-245
-247
-248
-249
-142
-152
-162
-252
-262
-342
-352
-362
-212
-232
-272
-282
-292
-442
-542
-642
-742
-842
-942
261
-263
-264
-265
-267
-268
-269
-141
-151
-161
-251
-341
-351
-361
-211
-231
-271
-281
-291
-461
-561
-661
-761
-861
-961
333
-331
-332
-334
-335
-337
-338
-339
-113
-123
-133
-213
-233
-313
-323
-343
-353
-363
-373
-383
-393
-433
-533
-633
-733
-833
-933
369
-364
-365
-366
-367
-368
-149
-159
-169
-259
-349
-359
-319
-329
-379
-389
-399
-469
-569
-669
-769
-869
-969
387
-381
-382
-384
-386
-388
-177
-197
-277
-287
-297
-377
-397
-317
-327
-347
-357
-487
-587
-687
-787
-887
-987
417
-411
-412
-413
-414
-415
-416
-418
-419
-427
-437
-517
-527
-537
-617
-627
-637
-447
-457
-467
-477
-497
-117
-217
-717
-817
-917
434
-431
-432
-435
-436
-438
-439
-424
-514
-524
-534
-614
-624
-634
-444
-454
-464
-474
-484
-494
-134
-234
-734
-834
-934
451
-452
-453
-455
-456
-458
-459
-441
-541
-551
-641
-651
-421
-471
-481
-491
-751
-851
-951
498
-492
-493
-495
-496
-499
-478
-488
-578
-588
-598
-678
-688
-698
-428
-448
-468
-198
-298
-398
-798
-898
-998
529
-521
-522
-523
-525
-528
-429
-519
-539
-619
-629
-639
-549
-559
-579
-589
-599
-129
-729
-829
-929
536
-531
-532
-535
-538
-516
-616
-636
-546
-556
-566
-576
-586
-596
-736
-836
-936
553
-552
-554
-555
-557
-558
-443
-463
-543
-563
-643
-653
-663
-513
-573
-583
-593
-153
-253
-753
-853
-953
577
-571
-572
-574
-575
-597
-677
-697
-547
-567
-777
-877
-977
581
-582
-584
-591
-671
-681
-691
-511
-781
-881
-981
618
-611
-612
-613
-615
-518
-628
-638
-648
-658
-668
-118
-218
-318
-718
-818
-918
652
-654
-655
-656
-657
-659
-462
-562
-662
-622
-632
-672
-682
-692
-752
-852
-952
679
-673
-674
-675
-676
-479
-489
-689
-699
449
-445
-446
-649
-749
-849
-949
-179
-279
-779
-879
-979
684
-683
-686
-594
-694
-644
-664
-284
-784
-884
-984
695
-693
-696
-475
-595
592
-472
-482
422
-423
-425
-512
515
623
-621
-625
631
-635
465
-466
-545
-565
-645
-665
-215
-315
-715
-815
-915
-122
-322
-722
-822
-922
-723
-823
-923
-131
-731
-831
-931
-765
-865
-965
-192
-392
-792
-892
-992
-795
-895
-995
727
-721
-724
-725
-728
-737
-827
-837
-927
-937
-747
-757
-767
-797
-127
746
-741
-743
-744
-745
-748
-756
-766
-846
-856
-866
-946
-956
-966
-716
-776
-786
-796
-146
-346
-646
647
666
-667
-147
-847
-947
-166
771
-772
-773
-774
-775
-778
-791
-871
-891
-971
-991
-711
-171
-371
843
-841
-844
-845
-848
941
-943
-944
-945
-948
-763
-863
-963
-813
-873
-883
-893
-911
-921
-143
163
-164
-167
-168
-173
-193
345
-344
-348
-255
-355
235
-237
-238
-239
-325
137
-132
-138
-139
-157
257
-254
-258
-735
755
-754
-758
-759
-855
-955
-835
-935
-857
-957
867
-862
-864
-868
-967
-897
997
-993
-994
-996
-999
889
-882
-886
-888
-789
-799
-899
-989
-819
-839
-859
959
-954
-958
-919
-939
739
-732
-738
-719
-289
924
-925
-928
-714
-814
-824
-914
825
-821
-828
811
-812
-816
916
-912
-913
713
-712
-783
-793
794
-874
-894
896
-974
-876
-976
-986
-764
854
-858
-964
-875
975
-972
-973
-978
983
-982
-988
-111
-311
-124
-324
-154
-354
144
-148
-114
-174
-194
-544
548
564
-568
782
-788
-872
878
-762
768
962
-968
832
-838
-932
938
-178
-278
288
-283
-378
-483
486
473
-476
-273
274
293
-294
-299
-374
-394
199
-191
-196
391
-396
121
-128
-321
328
158
-156
356
-358
176
-172
372
-376
112
-119
-312
314
-214
219
