146
-141
-142
-143
-144
-145
-147
-148
-149
-156
-166
-246
-256
-266
-346
-356
-366
-116
-126
-136
-176
-186
-196
-446
-546
-646
-746
-846
-946
155
-151
-152
-153
-154
-157
-158
-159
-165
-245
-255
-265
-345
-355
-365
-115
-125
-135
-175
-185
-195
-455
-555
-655
-755
-855
-955
181
-182
-183
-184
-187
-188
-189
-171
-191
-271
-281
-291
-371
-381
-391
-111
-121
-131
-161
-481
-581
-681
-781
-881
-981
222
-221
-223
-224
-225
-226
-227
-228
-229
-112
-122
-132
-212
-232
-312
-322
-332
-242
-252
-262
-272
-282
-292
-422
-522
-622
-722
-822
-922
243
-241
-244
-247
-248
-249
-163
-253
-263
-343
-353
-363
-213
-233
-273
-283
-293
-443
-543
-643
-743
-843
-943
319
-311
-313
-314
-315
-316
-317
-318
-119
-129
-139
-219
-239
-329
-339
-349
-359
-369
-379
-389
-399
-419
-519
-619
-719
-819
-919
428
-421
-423
-424
-425
-426
-427
-429
-418
-438
-518
-528
-538
-618
-628
-638
-448
-458
-468
-478
-488
-498
-128
-328
-728
-828
-928
473
-471
-472
-474
-475
-476
-477
-479
-483
-493
-573
-583
-593
-673
-683
-693
-413
-433
-453
-463
-173
-373
-773
-873
-973
492
-491
-494
-495
-496
-497
-499
-482
-572
-582
-592
-672
-682
-692
-412
-432
-442
-452
-462
-192
-392
-792
-892
-992
554
-551
-552
-553
-556
-557
-558
-559
-444
-454
-464
-544
-564
-644
-654
-664
-514
-524
-534
-574
-584
-594
-254
-354
-754
-854
-954
561
-562
-563
-565
-566
-567
-568
-569
-441
-451
-461
-541
-641
-651
-661
-511
-521
-531
-571
-591
-261
-361
-761
-861
-961
711
-712
-713
-714
-715
-716
-717
-718
-721
-731
-811
-821
-831
-911
-921
-931
-741
-751
-771
-791
-211
-411
431
-434
-435
-436
-437
-439
-611
-621
-631
321
-323
-324
-325
-326
-327
-231
-331
251
-257
-258
-259
-341
-351
-851
-951
735
-732
-733
-734
-736
-737
-738
-739
-725
-815
-825
-835
-915
-925
-935
-745
-765
-775
-785
-795
-235
-335
215
-214
-216
-217
-218
-275
-285
-295
-415
-515
-615
-535
-635
787
-782
-783
-784
-786
-788
-789
-777
-797
-877
-887
-897
-977
-987
-997
-727
-747
-757
-767
-287
-387
-487
-587
-687
842
-841
-844
-845
-847
-848
-849
941
-942
-944
-945
-947
-948
-949
-742
-752
-762
-852
-862
-952
-962
772
-774
-776
-778
-779
-872
-882
-972
-982
-812
-832
-971
-991
-342
-542
-642
-172
162
-164
-167
-168
-169
-352
-362
269
-264
-267
-268
-279
-289
-299
652
-653
-656
-657
-658
-659
-662
663
-665
-666
-667
-668
-669
-612
-632
-613
-623
-633
-763
-863
-963
-469
-769
-869
-969
-372
382
-383
-384
-385
-386
-388
875
-871
-874
-876
-878
-879
891
-893
-894
-895
-896
-898
-899
-885
-975
-985
-995
-865
965
-964
-966
-967
-968
-465
671
-674
-675
-676
-677
-678
-679
-691
-375
395
-393
-394
-396
-397
-398
193
-194
-197
-198
-199
179
-174
-177
-178
-113
-123
-133
333
-334
-336
-337
-338
236
-234
-237
-238
-276
-286
-296
376
-374
-377
-378
-533
-833
-933
-536
-636
-836
-936
-575
-576
-976
-579
-979
-793
-993
-595
-695
914
-912
-913
-916
-917
-918
932
-934
-937
-938
-939
-724
-814
-824
-834
-924
-974
978
-798
-888
-988
-998
-984
-994
-958
512
-513
-516
-517
-532
523
-525
-526
-527
-529
625
-624
-626
-627
-629
-645
-685
813
-816
-817
-818
-723
-823
-923
838
-837
-839
753
-756
-758
-759
-853
-953
-883
983
-986
-989
-858
-868
-114
-414
484
-485
-486
-489
-684
-694
585
-586
-588
-589
445
-447
-449
-545
459
-456
-457
466
-467
-549
-649
-416
417
616
-614
-617
634
-637
-639
-537
539
596
-597
-598
-599
-686
-696
-117
118
-138
124
-127
-134
137
749
-744
-748
768
-764
-766
864
-866
-867
-859
-959
794
-796
-799
-884
726
-729
-826
-926
344
-347
-348
-364
358
-357
367
-368
274
-277
-278
-284
288
-294
297
-298
577
-578
-697
-547
548
647
-648
886
-889
-996
999
-856
857
956
-957
-827
829
927
-929
-688
689
698
-699
