176
-171
-172
-173
-174
-175
-177
-178
-179
-186
-196
-276
-286
-296
-376
-386
-396
-116
-126
-136
-146
-156
-166
-476
-576
-676
-776
-876
-976
188
-181
-182
-183
-184
-185
-187
-189
-198
-278
-288
-298
-378
-388
-398
-118
-128
-138
-148
-158
-168
-488
-588
-688
-788
-888
-988
242
-241
-243
-244
-245
-246
-247
-248
-249
-142
-152
-162
-252
-262
-342
-352
-362
-212
-222
-232
-272
-282
-292
-442
-542
-642
-742
-842
-942
268
-261
-263
-264
-265
-266
-267
-269
-258
-348
-358
-368
-218
-228
-238
-468
-568
-668
-768
-868
-968
285
-281
-283
-284
-287
-289
-195
-275
-295
-375
-385
-395
-215
-225
-235
-255
-485
-585
-685
-785
-885
-985
293
-291
-294
-297
-299
-193
-273
-373
-383
-393
-213
-223
-233
-253
-493
-593
-693
-793
-893
-993
341
-343
-344
-345
-346
-347
-349
-141
-151
-161
-251
-351
-361
-311
-321
-331
-371
-381
-391
-441
-541
-641
-741
-841
-941
377
-372
-374
-379
-197
-277
-387
-397
-317
-327
-337
-357
-367
-477
-577
-677
-777
-877
-977
392
-394
-399
-192
-382
-312
-322
-332
-492
-592
-692
-792
-892
-992
434
-431
-432
-433
-435
-436
-437
-438
-439
-414
-424
-514
-524
-534
-614
-624
-634
-444
-454
-464
-474
-484
-494
-134
-234
-334
-734
-834
-934
458
-451
-452
-453
-455
-456
-457
-459
-448
-548
-558
-648
-658
-418
-428
-478
-498
-758
-858
-958
473
-471
-472
-475
-479
-483
-573
-583
-673
-683
-413
-423
-443
-463
-773
-873
-973
511
-512
-513
-515
-516
-517
-518
-519
-411
-421
-521
-531
-611
-621
-631
-551
-561
-571
-581
-591
-111
-211
-711
-811
-911
523
-522
-525
-526
-527
-528
-529
-533
-613
-623
-633
-543
-553
-563
-123
-323
-723
-823
-923
555
-552
-554
-556
-557
-559
-445
-465
-545
-565
-645
-655
-665
-535
-575
-595
-155
-355
-755
-855
-955
586
-582
-584
-587
-589
-486
-496
-596
-686
-696
-536
-546
-566
-786
-886
-986
599
-594
-597
-598
-489
-499
-579
-679
-689
-699
-539
-549
-569
-199
-799
-899
-999
635
-632
-636
-637
-638
-639
-415
-425
-615
-625
495
-491
-497
-675
-695
-135
-335
-735
-835
-935
-795
-895
-995
652
-651
-653
-654
-656
-657
-659
-462
-562
-662
-612
-622
-672
-682
-752
-852
-952
674
-671
-678
-574
-684
-694
-644
-664
-274
-774
-874
-974
713
-712
-714
-715
-716
-717
-718
-719
-733
-813
-833
-913
-933
-743
-753
-763
-783
-113
-313
739
-731
-732
-736
-737
-738
-729
-819
-829
-839
-919
-929
-939
-749
-759
-769
-779
-789
-139
-239
-339
764
-761
-762
-765
-766
-767
-744
-754
-844
-854
-864
-944
-954
-964
-724
-784
-794
-164
-364
-564
567
544
-547
-447
-467
-647
-667
-537
-144
-167
-867
-967
817
-812
-814
-815
-816
-818
-727
-827
-837
-917
-927
-937
-847
-857
-887
-897
-117
-217
-417
-617
825
-821
-822
-824
-826
-828
-725
-915
-925
-845
-865
-875
-125
-325
843
-846
-848
-849
-853
-863
-943
-953
-963
-883
983
-981
-982
-984
-987
-989
-143
-643
663
-661
-666
-669
461
-466
-469
-481
-861
-961
-163
-363
862
-866
-869
-962
-832
-872
-882
924
-921
-922
-926
-928
-914
-994
-124
-224
-324
936
-931
-932
-938
-726
-836
-916
-946
-956
-966
-996
-236
-336
366
-365
-369
-256
-356
315
-314
-316
-318
-319
-115
-326
-112
-114
119
214
-216
-219
226
-221
-227
-229
-129
-329
328
-338
333
-133
153
-154
-157
-159
-353
194
-191
271
-279
-384
389
-149
-169
165
-145
147
-257
-127
-137
237
-231
-254
259
354
-359
-419
-619
-426
-626
-628
-728
-747
-947
-859
-959
-965
969
-949
-979
-771
-871
-971
879
-878
-889
884
-881
-894
-121
122
131
-132
721
-722
-831
838
912
-918
-751
-781
-791
-898
-972
-412
416
-616
618
-538
532
-422
482
-487
-572
578
-698
-446
449
646
-649
427
-429
-627
629
-746
772
-775
-778
-782
787
975
-978
-797
-997
745
-748
-945
948
-757
756
-856
851
-951
957
-796
798
896
-891
991
-998
681
-687
-691
697
