121
-122
-123
-124
-125
-126
-127
-128
-129
-111
-131
-211
-221
-231
-311
-321
-331
-141
-151
-161
-171
-181
-191
-421
-521
-621
-721
-821
-921
142
-143
-144
-145
-146
-147
-148
-149
-152
-162
-242
-252
-262
-342
-352
-362
-112
-132
-172
-182
-192
-442
-542
-642
-742
-842
-942
195
-193
-194
-196
-197
-198
-199
-175
-185
-275
-285
-295
-375
-385
-395
-115
-135
-155
-165
-495
-595
-695
-795
-895
-995
236
-232
-233
-234
-235
-237
-238
-239
-116
-136
-216
-226
-316
-326
-336
-246
-256
-266
-276
-286
-296
-436
-536
-636
-736
-836
-936
249
-241
-243
-244
-245
-247
-248
-159
-169
-259
-269
-349
-359
-369
-219
-229
-279
-289
-299
-449
-549
-649
-749
-849
-949
268
-261
-263
-264
-265
-267
-158
-168
-258
-348
-358
-368
-218
-228
-278
-288
-298
-468
-568
-668
-768
-868
-968
282
-281
-283
-284
-287
-272
-292
-372
-382
-392
-212
-222
-482
-582
-682
-782
-882
-982
291
-293
-294
-297
-271
-371
-381
-391
-251
-491
-591
-691
-791
-891
-991
315
-312
-313
-314
-317
-318
-319
-215
-225
-325
-335
255
-253
-254
-257
-345
-355
-365
-415
-515
-615
-715
-815
-915
-455
-555
-655
-755
-855
-955
343
-341
-344
-346
-347
-153
-163
-353
-363
-323
-333
-373
-383
-393
-443
-543
-643
-743
-843
-943
376
-374
-377
-378
-379
-176
-186
-386
-396
-356
-366
-476
-576
-676
-776
-876
-976
388
-384
-387
-389
-178
-188
-398
-328
-338
-488
-588
-688
-788
-888
-988
496
-492
-493
-494
-497
-498
-499
-486
-586
-596
-686
-696
-416
-426
-446
-456
-466
-796
-896
-996
526
-522
-523
-524
-525
-527
-528
-529
-516
-616
-626
-546
-556
-566
-726
-826
-926
554
-551
-552
-553
-557
-558
-559
-444
-454
-464
-544
-564
-644
-654
-664
-514
-534
-574
-584
-594
-154
-354
-754
-854
-954
581
-583
-585
-587
-589
-471
-481
-571
-671
-681
-511
-531
-541
-561
-781
-881
-981
618
-611
-612
-613
-614
-617
-619
-418
-428
-438
-518
-538
-628
-638
-648
-658
-678
-698
-118
138
-133
-134
-137
-139
-718
-818
-918
-738
-838
-938
684
-683
-685
-687
-689
-474
-484
-674
-694
-624
-634
-184
-784
-884
-984
728
-722
-723
-724
-725
-727
-729
-828
-928
-748
-758
-778
-798
735
-731
-732
-733
-734
-737
-739
-825
-835
-925
-935
-745
-765
-775
-785
-435
-535
-635
766
-761
-762
-763
-764
-767
-769
-746
-756
-846
-856
-866
-946
-956
-966
-716
-786
646
-641
-645
-647
-656
-666
156
-157
-166
793
-792
-794
-797
-799
-773
-783
-873
-883
-893
-973
-983
-993
-713
-753
-593
-693
816
-811
-812
-813
-814
-817
-819
-916
-886
986
-985
-987
-989
824
-822
-823
-827
-829
-714
-834
-914
-924
-934
-844
-864
-874
-894
-224
-324
-424
841
-845
-847
-848
-741
-751
-851
-861
-941
-951
-961
-831
-871
-441
867
-862
-863
-865
-869
-747
744
-944
-964
-757
-857
-947
-957
-967
-774
-837
-877
-887
-897
-167
164
-364
-114
-174
-367
361
-351
357
-327
-337
-397
-457
-657
-461
-661
-467
-567
-667
872
-875
-878
-879
-772
-892
-972
-992
-832
-852
885
-889
-975
-472
-572
-672
-485
917
-911
-912
-913
-919
-717
-927
-937
-977
-997
-117
-217
227
-223
-277
-417
-517
-427
-627
963
-962
-965
-969
-853
-953
945
-948
833
-839
-923
-933
-433
-533
-633
-445
-545
-463
-563
-663
-113
119
213
-214
334
-332
-339
322
-329
-179
-189
399
-394
274
-273
-413
-513
573
-575
-577
-578
-579
-473
-483
-673
565
-562
-569
-465
-665
414
-411
-412
-419
-434
711
-712
-719
-931
-771
971
-974
-978
-979
994
-998
-999
898
-899
752
-759
-952
-858
859
958
-959
512
-519
-422
-432
-532
-622
-632
-592
692
-697
-699
-652
-662
669
-459
-469
462
-452
-659
-629
-639
-679
-922
929
932
-939
-429
-458
-173
177
183
-187
-477
-677
675
-475
425
-423
623
-625
453
-451
651
-653
431
-437
-439
-631
637
-537
539
-599
-777
779
787
-789
478
-479
-598
597
-487
489
447
-448
-547
548
