122
-121
-123
-124
-125
-126
-127
-128
-129
-112
-132
-212
-222
-232
-312
-322
-332
-142
-152
-162
-172
-182
-192
-422
-522
-622
-722
-822
-922
134
-131
-133
-135
-136
-137
-138
-139
-114
-214
-224
-234
-314
-324
-334
-144
-154
-164
-174
-184
-194
-434
-534
-634
-734
-834
-934
141
-143
-145
-146
-147
-148
-149
-151
-161
-241
-251
-261
-341
-351
-361
-111
-171
-181
-191
-441
-541
-641
-741
-841
-941
167
-163
-165
-166
-168
-169
-157
-247
-257
-267
-347
-357
-367
-117
-177
-187
-197
-467
-567
-667
-767
-867
-967
189
-183
-185
-186
-188
-179
-199
-279
-289
-299
-379
-389
-399
-119
-159
-489
-589
-689
-789
-889
-989
244
-242
-243
-245
-246
-248
-249
-254
-264
-344
-354
-364
-274
-284
-294
-444
-544
-644
-744
-844
-944
256
-252
-253
-255
-258
-259
-156
-266
-346
-356
-366
-216
-226
-236
-276
-286
-296
-456
-556
-656
-756
-856
-956
283
-281
-282
-285
-287
-288
-173
-193
-273
-293
-373
-383
-393
-213
-223
-233
-263
-483
-583
-683
-783
-883
-983
418
-411
-412
-413
-414
-415
-416
-417
-419
-428
-438
-518
-528
-538
-618
-628
-638
-448
-458
-468
-478
-488
-498
-118
-218
-318
-718
-818
-918
443
-442
-445
-446
-447
-449
-453
-463
-543
-553
-563
-643
-653
-663
-423
-433
-473
-493
-343
-743
-843
-943
459
-451
-452
-454
-455
-457
-469
-549
-559
-569
-649
-659
-669
-429
-439
-479
-499
-359
-759
-859
-959
475
-471
-472
-474
-476
-477
-485
-495
-575
-585
-595
-675
-685
-695
-425
-435
-465
-175
-275
-375
-775
-875
-975
482
-481
-484
-486
-487
-492
-572
-582
-592
-672
-682
-692
-432
-462
-382
-782
-882
-982
515
-511
-512
-513
-514
-516
-517
-519
-525
-535
-615
-625
-635
-545
-555
-565
-115
-215
-315
-715
-815
-915
537
-531
-532
-533
-536
-539
-427
-437
-527
-617
-627
-637
497
-491
-494
-496
-577
-587
-597
-677
-687
-697
-547
-557
-237
-337
-737
-837
-937
-297
-397
-797
-897
-997
579
-571
-573
-574
-576
-578
-599
-679
-699
-529
-779
-879
-979
584
-581
-586
-588
-594
-674
-684
-694
-524
-554
-564
-384
-784
-884
-984
621
-623
-624
-626
-629
-421
-431
436
-521
-611
-631
-426
424
-614
-526
523
-613
-633
-616
-636
461
-464
-466
-551
-561
-651
-661
591
-593
-596
-598
-671
-681
-691
-221
-321
-721
-821
-921
-323
-723
-823
-923
-724
-824
-924
-336
-736
-836
-936
-761
-861
-961
-291
-391
-791
-891
-991
719
-711
-712
-713
-714
-716
-717
-729
-739
-819
-829
-839
-919
-929
-939
-749
-769
-799
-219
-319
-619
612
-632
639
-642
-652
-662
-812
-912
-239
-339
745
-742
-746
-747
-748
-755
-765
-845
-855
-865
-945
-955
-965
-725
-735
-785
-795
-345
-645
763
-762
-764
-766
-768
-753
-853
-863
-953
-963
-733
-773
-793
-363
771
-772
-774
-776
-777
-778
-781
-871
-881
-971
-981
-731
-751
-271
-371
381
-385
-386
-387
-388
-311
-331
792
-794
-796
-798
-872
-892
-972
-992
-732
738
-728
-828
-838
-928
-938
-752
754
-757
-758
-854
-864
-954
-964
-788
-238
-338
-654
664
-665
-666
-668
655
-657
-658
647
-646
-648
-847
-947
-155
195
-196
-198
-295
-395
-355
-292
298
-178
176
-376
-396
-278
-378
-398
-116
113
-313
-333
335
-225
-235
231
-211
217
-325
-227
-317
316
-326
-327
-153
158
353
-352
-358
-268
-348
-368
265
-262
-269
-365
272
-277
-372
-392
394
-374
377
-228
229
328
-329
-813
-913
-816
-916
-817
-917
-831
-931
-835
-935
-558
552
-542
-562
-852
-952
-858
-958
-676
-876
-976
-877
-977
-894
-994
-895
-995
-698
-898
-998
826
-825
-827
925
-926
-927
-726
727
786
-787
-886
-896
-986
-996
885
-887
-888
-985
987
-988
-846
-866
857
-851
951
-957
811
-814
-911
914
874
-873
-878
-974
978
-973
-948
-968
673
-678
-693
696
-686
688
849
-842
-848
868
-862
-869
-949
-969
832
-833
-932
933
893
-899
-993
999
548
-546
566
-568
946
-942
962
-966
342
-349
-362
369
