147
-141
-142
-143
-144
-145
-146
-148
-149
-157
-167
-247
-257
-267
-347
-357
-367
-117
-127
-137
-177
-187
-197
-447
-547
-647
-747
-847
-947
168
-161
-162
-163
-164
-165
-166
-169
-158
-248
-258
-268
-348
-358
-368
-118
-128
-138
-178
-188
-198
-468
-568
-668
-768
-868
-968
196
-191
-192
-193
-194
-195
-199
-176
-186
-276
-286
-296
-376
-386
-396
-116
-126
-136
-156
-496
-596
-696
-796
-896
-996
231
-232
-233
-234
-235
-236
-237
-238
-239
-111
-121
-131
-211
-221
-311
-321
-331
-241
-251
-261
-271
-281
-291
-431
-531
-631
-731
-831
-931
253
-252
-254
-255
-256
-259
-153
-243
-263
-343
-353
-363
-213
-223
-273
-283
-293
-453
-553
-653
-753
-853
-953
277
-272
-274
-275
-278
-279
-287
-297
-377
-387
-397
-217
-227
-477
-577
-677
-777
-877
-977
288
-282
-284
-285
-289
-298
-378
-388
-398
-218
-228
-488
-588
-688
-788
-888
-988
333
-332
-334
-335
-336
-337
-338
-339
-113
-123
-133
-313
-323
-373
-383
-393
-433
-533
-633
-733
-833
-933
374
-371
-372
-375
-379
-174
-184
-294
-384
-394
-314
-324
-344
-354
-364
-474
-574
-674
-774
-874
-974
439
-432
-434
-435
-436
-437
-438
-419
-429
-519
-529
-539
-619
-629
-639
-449
-459
-469
-479
-489
-499
-139
-739
-839
-939
451
-452
-454
-455
-456
-457
-458
-441
-461
-541
-551
-561
-641
-651
-661
-411
-421
-471
-481
-491
-151
-351
-751
-851
-951
485
-482
-483
-484
-486
-487
-475
-495
-575
-585
-595
-675
-685
-695
-415
-425
-445
-465
-185
-385
-785
-885
-985
521
-522
-523
-524
-525
-526
-527
-528
-511
-611
-621
-571
-581
-591
-721
-821
-921
556
-552
-554
-555
-557
-558
-559
-446
-466
-546
-566
-646
-656
-666
-516
-536
-576
-586
-356
-756
-856
-956
583
-582
-584
-587
-589
-473
-493
-573
-593
-673
-683
-693
-513
-543
-563
-183
173
-171
-172
-175
-179
181
-182
-189
-381
-391
-773
-873
-973
-681
-781
-881
-981
-783
-883
-983
624
-622
-623
-625
-626
-627
-628
-414
-424
-514
-534
-614
-634
-644
-654
-664
-684
-694
-124
-224
-724
-824
-924
657
-652
-655
-658
-659
-467
-567
-667
-617
-637
-687
-697
-757
-857
-957
737
-732
-734
-735
-736
-738
-717
-727
-817
-827
-837
-917
-927
-937
-767
-787
-797
-537
775
-771
-772
-776
-778
-779
-795
-875
-895
-975
-995
-715
-725
-745
-755
-765
825
-822
-823
-826
-828
-829
-815
-835
-915
-925
-935
-845
-855
-865
-125
-225
-325
836
-832
-834
-838
-716
-726
-816
-916
-926
-936
-846
-866
-876
-886
-636
859
-852
-854
-858
-749
-759
-769
-849
-869
-949
-959
-969
-819
-879
-889
-899
-159
-359
872
-871
-878
-782
-792
-882
-892
-972
-982
-992
-812
-842
-862
-472
-572
-672
919
-911
-912
-913
-914
-918
-719
-729
-929
-979
-989
-999
-119
129
-122
-219
-229
-319
-329
946
-941
-942
-943
-944
-945
-948
-746
-766
-966
786
-784
-789
-976
-986
799
-791
-793
-794
-798
-246
-346
-686
-299
-399
389
-382
-349
-369
682
-689
-492
-592
-692
-612
-632
-642
-662
-599
-699
961
-962
-963
-964
-965
-967
-741
-761
-841
-861
955
-952
-954
-958
867
-863
-864
711
-712
-713
-714
-718
-811
891
-893
-894
-897
-898
-971
978
-991
993
-994
-997
-998
-887
884
-984
987
-814
934
-932
-938
-844
922
-923
-928
-722
-222
226
-216
-316
-326
-266
366
-361
-362
-365
341
-342
-345
-322
-422
-426
-134
-155
-355
352
-152
154
-242
-262
-244
-264
-114
214
-212
-215
292
-295
-392
395
-312
-315
-752
-754
758
-748
-848
843
-743
-763
723
-728
-813
818
-318
317
-327
328
-417
-517
427
-423
-428
-497
597
-594
-598
494
-498
-444
-464
-418
-518
-618
-443
-643
671
-676
-678
-679
-691
698
476
-478
-578
579
-416
616
-613
-615
413
-412
-463
462
-442
448
-542
-562
663
-665
-669
-548
-648
538
-532
-535
512
-515
635
-638
-549
-569
649
-645
-112
115
132
-135
742
-744
-762
764
544
-545
-564
565
245
-249
-265
269
