134
-131
-132
-133
-135
-136
-137
-138
-139
-114
-124
-214
-224
-234
-314
-324
-334
-144
-154
-164
-174
-184
-194
-434
-534
-634
-734
-834
-934
153
-151
-152
-155
-156
-157
-158
-159
-143
-163
-243
-253
-263
-343
-353
-363
-113
-123
-173
-183
-193
-453
-553
-653
-753
-853
-953
176
-171
-172
-175
-177
-178
-179
-186
-196
-276
-286
-296
-376
-386
-396
-116
-126
-146
-166
-476
-576
-676
-776
-876
-976
222
-221
-223
-225
-226
-227
-228
-229
-112
-122
-212
-232
-312
-322
-332
-242
-252
-262
-272
-282
-292
-422
-522
-622
-722
-822
-922
256
-251
-254
-255
-257
-258
-259
-246
-266
-346
-356
-366
-216
-236
-456
-556
-656
-756
-856
-956
316
-311
-313
-315
-317
-318
-319
-326
-336
-416
-516
-616
-716
-816
-916
369
-361
-362
-364
-365
-367
-368
-149
-169
-249
-269
-349
-359
-329
-339
-379
-389
-399
-469
-569
-669
-769
-869
-969
372
-371
-373
-374
-375
-377
-378
-182
-192
-382
-392
-342
-352
-472
-572
-672
-772
-872
-972
383
-381
-384
-385
-387
-388
-273
-283
-293
-393
-323
-333
-483
-583
-683
-783
-883
-983
417
-411
-412
-413
-414
-415
-418
-419
-427
-437
-517
-527
-537
-617
-627
-637
-447
-457
-467
-477
-487
-497
-117
-217
-717
-817
-917
431
-432
-433
-435
-436
-438
-439
-421
-511
-521
-531
-611
-621
-631
-441
-451
-461
-471
-481
-491
-231
-331
-731
-831
-931
486
-482
-484
-485
-488
-489
-496
-586
-596
-686
-696
-426
-446
-466
-786
-886
-986
519
-512
-513
-514
-515
-518
-429
-529
-539
-619
-629
-639
-549
-559
-579
-589
-599
-119
-219
-719
-819
-919
544
-541
-542
-543
-545
-546
-547
-548
-444
-454
-464
-554
-564
-644
-654
-664
-524
-574
-584
-594
-244
-344
-744
-844
-944
567
-561
-562
-563
-565
-566
-568
-557
-647
-657
-667
-577
-587
-597
-167
-267
-767
-867
-967
592
-591
-593
-595
-598
-492
-582
-682
-692
-532
-552
-792
-892
-992
623
-624
-625
-626
-628
-423
-523
-533
-613
-633
573
-571
-575
-578
-473
-493
-673
-693
-643
-663
-723
-823
-923
-773
-873
-973
674
-671
-675
-677
-678
-679
-474
-494
-684
-694
424
-425
-428
-614
-724
-824
-924
-274
-774
-874
-974
697
-691
-695
-698
-699
-687
-197
-297
-397
-797
-897
-997
725
-721
-726
-727
-728
-729
-715
-735
-815
-825
-835
-915
-925
-935
-745
-755
-765
-775
-785
-795
-125
-325
-525
738
-732
-733
-736
-737
-739
-718
-818
-828
-838
-918
-928
-938
-748
-758
-768
-778
-788
-798
-238
-338
-538
-638
742
-741
-743
-746
-747
-749
-752
-762
-842
-852
-862
-942
-952
-962
-712
-782
-142
162
-161
-165
-168
-442
-642
-462
452
-455
-458
-459
-652
-662
796
-791
-793
-794
-799
-896
-996
-766
858
-851
-854
-855
-857
-859
-848
-868
-948
-958
-968
-878
-888
-898
-358
-558
-658
884
-881
-882
-885
-887
-889
982
-981
-984
-985
-987
-988
-989
-784
-894
-994
-814
-864
-912
-932
-284
939
-933
-936
-937
-829
-839
-929
-949
-959
-979
-999
129
-121
-127
-128
-239
-189
-199
954
-951
-955
-957
-754
-764
-964
714
-711
-713
-914
763
-761
-843
-863
-943
-963
443
-445
-448
-449
-463
-354
264
-261
-265
-268
-294
394
-391
-395
-398
975
-971
-977
-978
-875
-895
-995
998
-991
-993
893
-891
-899
-813
-833
913
-911
-945
-965
-213
233
-235
-237
-275
-475
-198
-298
-498
-111
115
-118
-215
-335
337
-327
-145
-185
-195
191
-181
-271
-281
-291
-141
-347
-357
-615
-837
757
-751
-759
-847
-947
849
-841
-845
-846
865
-861
-866
-777
-787
877
-871
-879
-827
927
-921
-926
-649
659
-651
-655
-689
-465
468
-648
-668
495
-499
-585
-685
479
-478
-665
771
-779
-781
789
-277
278
-279
-188
187
-287
-288
-147
148
247
-241
-245
-248
-348
211
-218
-321
328
-811
812
821
-826
-832
836
-612
618
632
-635
-636
535
-536
526
-528
-555
551
-641
-661
666
645
-646
-581
588
681
-688
-345
341
-351
355
-941
946
961
-966
285
-289
-295
299
