123
-121
-122
-124
-125
-126
-127
-128
-129
-113
-133
-213
-223
-233
-313
-323
-333
-143
-153
-163
-173
-183
-193
-423
-523
-623
-723
-823
-923
214
-211
-212
-215
-216
-217
-218
-219
-114
-134
-224
-234
-314
-324
-334
-244
-254
-264
-274
-284
-294
-414
-514
-614
-714
-814
-914
228
-221
-222
-225
-226
-227
-229
-118
-138
-238
-318
-328
-338
-248
-258
-268
-278
-288
-298
-428
-528
-628
-728
-828
-928
232
-231
-235
-236
-237
-239
-112
-132
-312
-322
-332
-242
-252
-262
-272
-282
-292
-432
-532
-632
-732
-832
-932
275
-271
-273
-276
-277
-279
-175
-185
-195
-285
-295
-375
-385
-395
-245
-255
-265
-475
-575
-675
-775
-875
-975
351
-352
-353
-354
-355
-356
-357
-358
-359
-141
-151
-161
-241
-251
-261
-341
-361
-311
-321
-331
-371
-381
-391
-451
-551
-651
-751
-851
-951
379
-372
-373
-374
-376
-377
-378
-179
-189
-199
-289
-299
-389
-399
-319
-329
-339
-349
-369
-479
-579
-679
-779
-879
-979
555
-552
-553
-554
-556
-557
-558
-559
-445
-455
-465
-545
-565
-645
-655
-665
-515
-525
-535
-585
-595
-155
-755
-855
-955
612
-611
-613
-615
-616
-617
-618
-619
-412
-422
-512
-522
-622
-642
-652
-662
-672
-682
-692
-712
-812
-912
635
-631
-633
-634
-636
-637
-638
-639
-415
-425
-435
-625
-685
-695
-135
-335
-735
-835
-935
649
-641
-643
-644
-646
-647
-648
-449
-459
-469
-549
-569
-659
-669
-629
-689
-699
-149
-249
-749
-849
-949
657
-653
-654
-656
-658
-447
-457
-467
-547
-567
-667
-627
-677
-687
-697
-157
-257
-757
-857
-957
668
-661
-663
-664
-666
-448
-458
-468
-548
-568
-678
-688
-698
-168
-368
-768
-868
-968
747
-741
-742
-743
-744
-745
-746
-748
-767
-847
-867
-947
-967
-717
-727
-737
-777
-787
-797
-147
-247
-347
769
-761
-762
-763
-764
-765
-766
-759
-859
-869
-959
-969
-719
-729
-739
-789
-799
-169
-269
259
-253
-256
-159
795
-791
-792
-793
-794
-796
-798
-785
-885
-895
-985
-995
-715
-725
485
-481
-482
-483
-484
-486
-487
-488
-489
-495
836
-831
-833
-834
-837
-838
-839
-716
-726
-736
-816
-826
-916
-926
-936
-846
-856
-866
-876
-886
-896
-136
-336
337
-117
-137
-317
-327
-367
-387
-397
-436
-536
-437
-537
-937
865
-861
-862
-863
-864
-845
-945
-965
-815
-825
-165
-365
878
-871
-872
-873
-874
-877
-778
-788
-888
-898
-978
-988
-998
-818
-848
-858
-178
-478
-578
882
-881
-883
-884
-887
-889
-772
-782
-892
-972
-982
-992
-822
-842
-852
-182
-382
-582
946
-941
-942
-943
-944
-948
-756
-956
-966
-976
-986
-996
-146
-246
243
-263
-343
-363
-283
-293
-443
-543
-843
-346
-446
-546
953
-952
-954
-958
-753
-853
854
-963
-754
-844
841
-961
-964
962
-752
758
722
-721
-724
-922
-718
-738
-811
-821
-891
-824
-894
-913
-933
-973
-983
-993
-441
-541
-453
-154
-454
-158
-162
-362
-462
-562
981
-984
-987
-989
-771
-781
-971
-991
-911
-921
-931
-181
-281
291
-296
-297
-171
-191
-581
-681
589
-583
-584
-586
-587
-588
-499
-599
-519
-529
-539
-491
-591
-691
997
-994
-999
-897
-977
974
-774
-784
899
-893
734
-731
-733
711
-713
813
-817
-819
-924
-934
827
-829
-917
-927
-111
131
-139
119
-115
-116
145
-142
-144
-148
-345
348
-342
-344
152
-156
-172
-192
392
-393
-394
-396
-398
383
-384
-386
-388
364
-366
-164
-411
-511
-413
-513
-419
-919
-427
-527
-431
-531
-434
-534
-452
456
-466
-566
-416
-426
-476
-496
-464
-564
-174
-474
-574
-674
-683
-783
786
773
-776
-473
-573
-673
693
-694
-696
-493
-593
-186
-286
287
-177
176
-196
-187
-197
-166
167
266
-267
-576
-676
671
-471
-571
-621
-686
684
-494
-594
596
-592
-597
-598
498
-492
-497
-418
417
-517
-477
472
-572
577
-442
444
542
-544
-424
-438
524
-521
-526
421
-429
-624
626
-516
518
-538
533
-433
439
-461
463
561
-563
316
-315
325
-326
915
-918
-925
929
938
-939
-184
188
194
-198
