144
-141
-142
-143
-145
-146
-147
-148
-149
-154
-164
-244
-254
-264
-344
-354
-364
-114
-124
-134
-174
-184
-194
-444
-544
-644
-744
-844
-944
152
-151
-153
-155
-156
-157
-158
-159
-162
-242
-252
-262
-342
-352
-362
-112
-122
-132
-172
-182
-192
-452
-552
-652
-752
-852
-952
196
-191
-193
-195
-197
-198
-199
-176
-186
-276
-286
-296
-376
-386
-396
-116
-126
-136
-166
-496
-596
-696
-796
-896
-996
221
-222
-223
-224
-225
-226
-227
-228
-229
-111
-121
-131
-211
-231
-311
-321
-331
-241
-251
-261
-271
-281
-291
-421
-521
-621
-721
-821
-921
268
-263
-265
-266
-267
-269
-168
-248
-258
-348
-358
-368
-218
-238
-278
-288
-298
-468
-568
-668
-768
-868
-968
284
-282
-283
-285
-287
-289
-274
-294
-374
-384
-394
-214
-234
-484
-584
-684
-784
-884
-984
341
-343
-345
-346
-347
-349
-161
-351
-361
-371
-381
-391
-441
-541
-641
-741
-841
-941
372
-373
-375
-377
-378
-379
-272
-292
-382
-392
-312
-322
-332
-472
-572
-672
-772
-872
-972
383
-385
-387
-388
-389
-173
-183
-273
-293
-393
-313
-323
-333
-353
-363
-483
-583
-683
-783
-883
-983
415
-411
-412
-413
-414
-416
-417
-418
-419
-425
-435
-515
-525
-535
-615
-625
-635
-445
-455
-465
-475
-485
-495
-115
-215
-315
-715
-815
-915
478
-471
-473
-474
-476
-477
-479
-488
-498
-578
-588
-598
-678
-688
-698
-428
-438
-448
-458
-178
-778
-878
-978
482
-481
-486
-487
-489
-492
-582
-592
-682
-692
-422
-432
-442
-462
-782
-882
-982
526
-522
-523
-524
-527
-528
-529
-426
-436
-516
-536
-616
-626
-636
-546
-556
-566
-576
-586
-326
-726
-826
-926
587
-581
-585
-589
-497
-577
-597
-677
-687
-697
-517
-537
-547
-557
-567
-187
-787
-887
-987
622
-623
-624
-627
-628
-629
-512
-532
-612
-632
-642
-662
-722
-822
-922
639
-631
-633
-634
-637
-638
-429
-439
-519
-539
-619
-649
-659
-669
-679
-689
-699
-139
-239
-339
-739
-839
-939
695
-691
-693
-694
-575
-595
-675
-685
-645
-655
-665
-295
-395
-795
-895
-995
728
-723
-724
-725
-727
-729
-718
-738
-818
-828
-838
-918
-928
-938
-748
-758
-788
-798
-128
-328
733
-731
-732
-734
-735
-736
-737
-713
-813
-823
-833
-913
-923
-933
-743
-753
-763
-773
-793
-133
-233
-433
-533
767
-761
-762
-764
-765
-766
-769
-747
-757
-847
-857
-867
-947
-957
-967
-717
-777
-797
-167
-367
-467
-667
825
-824
-827
-829
-835
-925
-935
-845
-855
-865
-875
-885
-125
-325
842
-843
-846
-848
-849
-742
-862
-942
-962
-812
-832
-892
-542
562
-561
-563
-564
-565
-569
881
-886
-888
-889
-771
-781
-791
-871
-891
-971
-981
-991
-811
-831
-851
-861
-181
171
-175
-177
-179
-571
-671
-681
686
-676
-646
-656
-666
-786
-986
916
-911
-912
-914
-917
-919
-716
-816
-836
-936
-946
-956
-966
-976
-216
-316
951
-953
-954
-955
-958
-959
-751
-961
711
-712
-714
-719
-931
932
-934
-937
792
-794
-799
-992
-511
-611
212
-213
-217
-219
-232
-451
-551
-651
661
-663
-664
-461
969
-963
-964
-965
-749
-759
-859
-869
-949
-929
819
-814
-817
-879
-899
-979
-989
-999
-119
-319
-169
-369
-469
113
-117
-118
-123
-163
165
-245
-255
-355
-365
366
-246
-256
-356
-135
-185
275
-277
-279
-235
335
-334
-336
-337
-338
236
-237
-513
-613
423
-424
-427
-443
-453
-463
-493
863
-864
-866
-853
-943
-873
-893
464
-466
-454
-554
-654
-434
-494
-775
-975
127
-129
-137
138
-317
-327
-318
314
-324
329
-188
189
398
-397
-399
297
-299
-247
-257
357
-359
-514
518
-538
-618
-548
-558
-614
617
534
-531
431
-437
-491
499
591
-593
-594
-599
-579
-449
-459
-574
573
-673
674
-543
-553
-647
-657
924
-927
-834
837
-877
-897
-974
-994
447
-446
456
-457
746
-745
-756
-856
-776
876
-874
-973
977
993
-997
-998
-774
779
894
-898
988
-985
785
-789
754
-755
-854
858
945
-948
-545
549
555
-559
648
-643
653
-658
243
-249
-253
259
