123
-121
-122
-124
-125
-126
-127
-128
-129
-113
-133
-213
-223
-233
-313
-323
-333
-143
-153
-163
-173
-183
-193
-423
-523
-623
-723
-823
-923
131
-132
-134
-135
-136
-137
-138
-139
-111
-211
-221
-231
-311
-321
-331
-141
-151
-161
-171
-181
-191
-431
-531
-631
-731
-831
-931
178
-172
-174
-175
-176
-177
-179
-188
-198
-278
-288
-298
-378
-388
-398
-118
-148
-158
-168
-478
-578
-678
-778
-878
-978
187
-182
-184
-185
-186
-189
-197
-277
-287
-297
-377
-387
-397
-117
-147
-157
-167
-487
-587
-687
-787
-887
-987
192
-194
-195
-196
-199
-272
-282
-292
-372
-382
-392
-112
-142
-152
-162
-492
-592
-692
-792
-892
-992
252
-251
-253
-254
-255
-256
-257
-258
-259
-242
-262
-342
-352
-362
-212
-222
-232
-452
-552
-652
-752
-852
-952
261
-263
-264
-265
-266
-267
-268
-269
-241
-341
-351
-361
-271
-281
-291
-461
-561
-661
-761
-861
-961
326
-322
-324
-325
-327
-328
-329
-116
-216
-226
-236
-316
-336
-346
-356
-366
-376
-386
-396
-426
-526
-626
-726
-826
-926
332
-334
-335
-337
-338
-339
-312
-432
-532
-632
-732
-832
-932
381
-383
-384
-385
-389
-371
-391
-481
-581
-681
-781
-881
-981
415
-411
-412
-413
-414
-416
-417
-418
-419
-425
-435
-515
-525
-535
-615
-625
-635
-445
-455
-465
-475
-485
-495
-115
-215
-315
-715
-815
-915
422
-421
-424
-427
-428
-429
-512
-522
-612
-622
-442
-462
-472
-482
-722
-822
-922
459
-451
-453
-454
-456
-457
-458
-449
-469
-549
-559
-569
-649
-659
-669
-439
-479
-489
-499
-159
-359
-759
-859
-959
491
-493
-494
-496
-497
-498
-471
-571
-591
-671
-691
-441
-791
-891
-991
527
-521
-524
-528
-529
-437
-517
-537
-617
-627
-637
-547
-557
-567
-577
-597
-227
-727
-827
-927
548
-541
-542
-543
-544
-545
-546
-448
-468
-558
-568
-648
-658
-668
-518
-538
-588
-598
-248
-348
-748
-848
-948
551
-553
-554
-555
-556
-641
-651
-511
-751
-851
-951
574
-572
-573
-575
-576
-579
-474
-484
-584
-594
-674
-684
-694
-514
-534
-564
-274
-374
-774
-874
-974
582
-583
-585
-586
-589
-672
-682
-562
-782
-882
-982
621
-624
-628
-629
-611
-721
-821
-921
642
-643
-644
-645
-646
-647
-662
-742
-842
-942
711
-712
-713
-714
-716
-717
-718
-719
-811
-911
-741
-771
739
-733
-734
-735
-736
-737
-738
-729
-819
-829
-839
-919
-929
-939
-749
-769
-779
-789
-799
229
-224
-225
-228
235
-234
-237
-238
-239
-119
114
-214
-314
-219
-319
-144
-154
-164
-245
-275
-285
-295
218
-217
317
-318
247
-243
-244
-246
-249
-347
-357
-367
-279
-289
-299
-614
-814
-914
-817
-917
-618
-818
-918
-835
-935
-539
-639
-447
-747
-847
-947
772
-773
-775
-776
-777
-872
-972
-762
844
-841
-843
-845
-846
-849
941
-943
-944
-945
-946
-949
-744
-754
-764
-854
-864
-954
-964
871
-873
-875
-876
-877
-879
-971
-824
-834
-884
-894
-344
-444
862
-863
-865
-866
-867
-868
-869
-962
969
-963
-965
-966
-967
-968
-812
912
-913
-916
-979
-989
-999
-169
149
-145
-146
-349
-369
886
-883
-885
-888
-889
-786
-796
-896
-976
-986
-996
899
-893
-895
-897
-898
-816
813
-833
-933
-853
-836
936
-934
-937
-938
837
-838
-856
-857
-956
-513
-613
-436
-536
533
-433
-633
-563
-593
-636
-286
-486
-686
689
-683
-685
-688
-599
-679
-699
519
-516
616
-619
-656
-666
-676
-696
379
-373
-375
395
-393
-394
-399
-345
343
-353
-363
-355
-365
-443
446
-466
-566
565
-655
-665
-476
596
-595
-743
745
-746
-755
-765
-855
858
-955
-758
-768
-958
-725
-785
-795
825
-828
-925
155
-156
-165
166
756
-753
-757
-766
-358
354
-364
368
-654
276
-273
-296
985
-983
-984
-988
-975
-995
675
-673
-677
-695
-283
284
293
-294
-784
-693
-793
-993
-434
438
634
-638
464
-463
-467
-664
477
-473
483
-488
-697
698
973
-977
-783
788
-798
-998
763
-767
-953
957
797
-794
994
-997
724
-728
-924
928
653
-657
-663
667
