123
-121
-122
-124
-125
-126
-127
-128
-129
-113
-133
-213
-223
-233
-313
-323
-333
-143
-153
-163
-173
-183
-193
-423
-523
-623
-723
-823
-923
162
-161
-164
-165
-166
-167
-168
-169
-142
-152
-242
-252
-262
-342
-352
-362
-112
-132
-172
-182
-192
-462
-562
-662
-762
-862
-962
175
-171
-174
-176
-177
-178
-179
-185
-195
-275
-285
-295
-375
-385
-395
-115
-135
-145
-155
-475
-575
-675
-775
-875
-975
199
-191
-194
-196
-197
-198
-189
-279
-289
-299
-379
-389
-399
-119
-139
-149
-159
-499
-599
-699
-799
-899
-999
224
-221
-222
-225
-226
-227
-228
-229
-114
-134
-214
-234
-314
-324
-334
-244
-254
-264
-274
-284
-294
-424
-524
-624
-724
-824
-924
235
-231
-232
-236
-237
-238
-239
-215
-315
-325
-335
-245
-255
-265
-435
-535
-635
-735
-835
-935
318
-311
-312
-316
-317
-319
-118
-138
-218
-328
-338
-348
-358
-368
-378
-388
-398
-418
-518
-618
-718
-818
-918
347
-341
-343
-344
-345
-346
-349
-147
-157
-247
-257
-267
-357
-367
-327
-337
-377
-387
-397
-447
-547
-647
-747
-847
-947
351
-353
-354
-355
-356
-359
-141
-151
-241
-251
-261
-361
365
-363
-364
-366
-369
-321
-331
-371
-381
-391
-451
-551
-651
-751
-851
-951
-465
-565
-665
-765
-865
-965
432
-431
-433
-434
-436
-437
-438
-439
-412
-422
-512
-522
-532
-612
-622
-632
-442
-452
-472
-482
-492
-332
-732
-832
-932
448
-441
-443
-444
-445
-446
-449
-458
-468
-548
-558
-568
-648
-658
-668
-428
-478
-488
-498
-148
-248
-748
-848
-948
489
-481
-483
-484
-485
-486
-487
-479
-579
-589
-679
-689
-419
-429
-459
-469
-789
-889
-989
519
-511
-513
-514
-515
-516
-517
-529
-539
-619
-629
-639
-549
-559
-569
-219
-719
-819
-919
521
-525
-526
-527
-528
-411
-421
-531
-611
-621
-631
-541
-561
-571
-581
-591
-721
-821
-921
585
-582
-583
-584
-586
-587
-588
-495
-595
-685
-695
-545
-555
-785
-885
-985
594
-592
-593
-596
-597
-598
-474
-494
-574
-674
-684
-694
-534
-544
-554
-564
-394
-794
-894
-994
628
-625
-626
-627
-538
-638
578
-572
-573
-576
-577
-678
-688
-698
-728
-828
-928
-278
-778
-878
-978
661
-663
-664
-666
-667
-669
-461
-641
-671
-681
-691
-761
-861
-961
672
-673
-676
-677
-682
-692
-642
-652
-272
-372
-772
-872
-972
752
-753
-754
-755
-756
-757
-758
-759
-742
-842
-852
-942
-952
-712
-722
-782
-792
542
-543
-546
-552
767
-763
-764
-766
-768
-769
-857
-867
-957
-967
-717
-727
-737
-777
-787
-797
-467
-567
795
-791
-793
-796
-798
-895
-995
-715
-725
-745
871
-873
-874
-876
-877
-879
-771
-781
-881
-891
-971
-981
-991
-811
-831
-841
-271
-471
491
-493
-496
-497
-291
883
-882
-884
-886
-887
-888
-773
-783
-893
-973
-983
-993
-813
-833
-843
-853
-863
-283
-383
-683
911
-912
-913
-914
-915
-916
-917
-711
-731
-931
741
-743
-744
-746
-749
-941
-111
-211
131
-136
-137
-181
281
-282
-286
-287
-288
939
-933
-934
-936
-937
-938
-729
726
-716
-736
-816
-826
-836
-926
-739
-829
-839
-929
-776
-786
779
-774
-979
-949
-959
-969
-326
-426
329
-322
212
-216
-217
117
-116
336
-339
-187
-292
-376
-386
-396
-812
-417
-617
-817
-536
-636
945
-943
-944
-946
-845
-855
-955
-925
-645
982
-984
-986
-987
-988
-892
-992
822
-825
-827
-922
927
815
-814
-837
897
-896
-898
-977
-997
-415
-615
425
-427
-455
655
-653
-654
-656
-657
-659
649
-643
-644
-646
243
-246
-249
-253
-263
-273
-293
-849
-382
384
392
-393
373
-374
-184
-473
693
-696
-697
-613
-633
974
-976
-784
788
996
-998
-738
838
-834
-858
-868
-954
-964
-956
-966
687
-686
476
-477
-416
616
-614
-456
-466
457
-453
-454
464
-463
-557
413
-414
-533
537
634
-637
-713
714
733
-734
-864
-276
277
-297
186
-188
-296
298
-146
144
-154
-156
158
-258
-268
-844
846
854
-856
-859
-866
869
-958
953
-963
968
-553
556
563
-566
-256
259
266
-269
