186
-181
-182
-183
-184
-185
-187
-188
-189
-176
-196
-276
-286
-296
-376
-386
-396
-116
-126
-136
-146
-156
-166
-486
-586
-686
-786
-886
-986
219
-211
-212
-213
-214
-215
-216
-217
-218
-119
-129
-139
-229
-239
-319
-329
-339
-249
-259
-269
-279
-289
-299
-419
-519
-619
-719
-819
-919
263
-261
-262
-264
-265
-266
-267
-268
-143
-153
-163
-243
-253
-343
-353
-363
-223
-233
-273
-283
-293
-463
-563
-663
-763
-863
-963
359
-351
-352
-354
-355
-356
-357
-358
-149
-159
-169
-349
-369
-379
-389
-399
-459
-559
-659
-759
-859
-959
377
-371
-372
-373
-374
-375
-378
-177
-197
-277
-287
-297
-387
-397
-317
-327
-337
-347
-367
-477
-577
-677
-777
-877
-977
394
-391
-392
-393
-395
-398
-174
-194
-274
-284
-294
-384
-314
-324
-334
-344
-364
-494
-594
-694
-794
-894
-994
436
-431
-432
-433
-434
-435
-437
-438
-439
-416
-426
-516
-526
-536
-616
-626
-636
-446
-456
-466
-476
-496
-236
-336
-736
-836
-936
471
-472
-473
-474
-475
-478
-479
-481
-491
-571
-581
-591
-671
-681
-691
-411
-421
-441
-451
-461
-171
-271
-771
-871
-971
499
-492
-493
-495
-497
-498
-489
-579
-589
-599
-679
-689
-699
-429
-449
-469
-199
179
-172
-173
-175
-178
-779
-879
-979
-799
-899
-999
527
-521
-522
-523
-524
-525
-528
-529
-417
-427
-517
-537
-617
-627
-637
-547
-557
-567
-587
-597
-127
-227
-727
-827
-927
558
-551
-552
-553
-554
-555
-556
-448
-458
-468
-548
-568
-648
-658
-668
-518
-538
-578
-588
-598
-158
-258
-758
-858
-958
574
-572
-573
-575
-576
-484
-584
-674
-684
-514
-534
-544
-564
-774
-874
-974
583
-582
-585
-483
-593
-673
-683
-693
-513
-533
-543
-383
193
-191
-192
-195
-198
-113
-123
-133
-783
-883
-983
-793
-893
-993
695
-692
-696
-697
-698
-485
-595
-675
-685
-615
-625
-635
-645
-655
-665
-295
-795
-895
-995
733
-731
-732
-734
-735
-737
-738
-739
-713
-723
-813
-823
-833
-913
-923
-933
-743
-753
-773
-333
-633
765
-761
-762
-764
-766
-767
-768
-769
-745
-755
-845
-855
-865
-945
-955
-965
-715
-725
-775
-785
-165
-365
-465
-565
791
-792
-796
-797
-798
-781
-881
-891
-981
-991
-711
-721
-741
-751
-291
824
-821
-822
-825
-826
-828
-829
-714
-724
-814
-834
-914
-924
-934
-844
-854
-864
-884
-124
-224
-424
-624
841
-842
-843
-846
-847
-848
-849
-851
-861
-941
-951
-961
-811
-831
-141
-241
-341
-541
-641
876
-872
-873
-875
-878
973
-972
-975
-976
-978
-776
-896
-996
853
-852
-856
-857
-943
-953
-816
-866
-453
-653
275
-272
-278
-285
-385
-225
-235
-245
-255
-676
596
-592
-546
-566
926
-921
-922
-925
-928
-929
-716
-726
-916
-946
-956
-966
316
-311
-312
-313
-315
-318
323
-321
-322
-325
-326
-328
-226
-346
-366
-423
-623
666
-661
-662
-664
-667
-669
-646
-656
944
-942
-947
-948
-949
-744
-754
-954
-964
784
-782
-787
-788
-789
-984
-144
-244
-444
-644
957
-952
-747
-757
-867
-967
717
-712
-718
-817
-837
-917
-937
-987
-997
-117
-157
-257
-457
-657
897
-892
-898
-887
-111
112
-114
-115
-118
-122
-132
-222
-232
-332
-142
-152
-162
-412
-512
-612
-812
-912
-121
125
-128
-135
-335
-145
-155
345
-342
-348
-425
-445
-545
455
-452
-454
-415
-131
-134
234
-231
-237
-238
137
-138
-147
148
-168
-248
-368
-167
247
-242
-246
256
-251
-252
-254
362
-361
-382
-634
746
-742
-748
-749
-756
752
-862
-962
-722
-772
778
-888
-988
-998
992
-882
-982
-728
729
-839
-939
832
-835
-838
-932
-629
-532
-632
-447
-647
467
-462
-464
654
-651
-652
561
-562
-569
414
-413
-418
613
-611
-614
-618
443
-442
-643
-487
687
-682
-688
-511
515
-535
-531
539
-639
542
-549
-642
649
911
-915
-918
-931
-815
818
935
-938
885
-889
-985
989
-868
869
968
-969
151
-154
-161
164
672
-678
-482
488
422
-428
-622
282
-281
-288
381
-388
-292
298
221
-228
-331
338
-621
628
631
-638
