144
-141
-142
-143
-145
-146
-147
-148
-149
-154
-164
-244
-254
-264
-344
-354
-364
-114
-124
-134
-174
-184
-194
-444
-544
-644
-744
-844
-944
165
-161
-162
-163
-166
-167
-168
-169
-155
-245
-255
-265
-345
-355
-365
-115
-125
-135
-175
-185
-195
-465
-565
-665
-765
-865
-965
188
-181
-182
-183
-186
-187
-189
-178
-198
-278
-288
-298
-378
-388
-398
-118
-128
-138
-158
-488
-588
-688
-788
-888
-988
213
-211
-212
-214
-215
-216
-217
-218
-219
-113
-123
-133
-223
-233
-313
-323
-333
-243
-253
-263
-273
-283
-293
-413
-513
-613
-713
-813
-913
222
-221
-224
-225
-226
-227
-228
-229
-112
-122
-132
-232
-312
-322
-332
-242
-252
-262
-272
-282
-292
-422
-522
-622
-722
-822
-922
457
-451
-452
-453
-454
-455
-456
-458
-459
-447
-467
-547
-557
-567
-647
-657
-667
-417
-427
-437
-477
-487
-497
-157
-257
-357
-757
-857
-957
473
-471
-472
-474
-475
-476
-478
-479
-483
-493
-573
-583
-593
-673
-683
-693
-423
-433
-443
-463
-173
-373
-773
-873
-973
491
-492
-494
-495
-496
-498
-499
-481
-571
-581
-591
-671
-681
-691
-411
-421
-431
-441
-461
-191
-291
-391
-791
-891
-991
529
-521
-523
-524
-525
-526
-527
-528
-419
-429
-439
-519
-539
-619
-629
-639
-549
-559
-569
-579
-589
-599
-129
-329
-729
-829
-929
534
-531
-532
-533
-535
-536
-537
-538
-414
-424
-434
-514
-614
-624
-634
-554
-564
-574
-584
-594
-234
-334
-734
-834
-934
672
-674
-675
-676
-677
-678
-679
-482
-572
-582
-592
-682
-692
-612
-632
-642
-652
-662
-172
-372
-772
-872
-972
716
-711
-712
-714
-715
-717
-718
-719
-726
-736
-816
-826
-836
-916
-926
-936
-746
-756
-766
-776
-786
-796
-116
-316
-416
-516
-616
735
-731
-732
-733
-737
-738
-739
-725
-815
-825
-835
-915
-925
-935
-745
-755
-775
-785
-795
-235
-335
-435
-635
784
-781
-782
-783
-787
-789
-774
-794
-874
-884
-894
-974
-984
-994
-724
-754
-764
-284
-384
-484
464
-462
-466
-468
-469
-654
-664
-864
-964
-684
694
-695
-696
-697
-698
-699
-294
274
-271
-275
-276
-277
-279
-374
-394
811
-812
-814
-817
-818
-819
-721
-821
-831
-911
-921
-931
-841
-851
-861
-871
-881
-111
-311
-511
-611
853
-852
-854
-855
-856
-858
-859
-743
-753
-763
-843
-863
-943
-953
-963
954
-951
-952
-955
-956
-958
-959
-823
-833
-883
-893
824
-827
-828
-914
-924
314
-315
-317
-318
-319
-324
325
-321
-326
-327
-328
-375
-385
-395
-425
-625
-153
193
-192
-196
-197
-199
-383
-393
152
-151
-156
-159
-342
-352
-362
-552
-752
-353
-553
-653
983
-981
-982
-985
-986
-987
-989
-793
-993
723
-727
-728
-923
-933
-623
633
-631
-636
-637
-638
621
-626
-627
-628
-641
-651
-661
-643
-663
-121
942
-941
-945
-946
-947
-948
-949
-742
-762
-842
-862
-962
845
-846
-847
-848
-849
792
-797
-798
-799
-882
-892
-992
832
-837
-838
-839
-912
-932
-875
-885
-895
-432
-442
412
-415
-418
-512
-542
562
-561
-563
-566
-568
543
-541
-545
-546
-548
551
-555
-556
-558
-343
363
-361
-366
-367
-368
-369
-445
485
-486
-489
-575
-585
-595
-685
689
-686
-687
449
-446
-448
-649
-659
-669
515
-517
-518
-615
617
-618
-117
119
-139
-239
-339
-179
-917
918
-919
-928
927
-937
-938
939
-967
-977
-997
-968
-978
-998
-969
-979
-999
-127
126
-136
-236
-336
-176
-426
428
436
-438
-645
655
-656
-658
-249
-349
-749
-251
-351
-751
975
-971
-976
771
-777
-778
-779
-995
996
-876
-886
-896
-741
-761
961
-966
866
-867
-868
-869
-261
-266
-666
668
646
-648
-246
-346
-268
-768
-171
177
-287
-297
-377
-387
-397
131
-137
-231
-331
-371
-577
-877
382
-381
-386
-389
281
-285
-286
-289
-392
295
-296
-299
-241
341
-347
-348
256
-258
-259
-356
269
-267
247
-248
358
-359
-237
238
337
-338
-747
748
767
-769
-758
759
586
-587
-576
578
-596
597
-598
376
-379
-396
399
-878
879
898
-897
-899
887
-889
