136
-131
-132
-133
-134
-135
-137
-138
-139
-116
-126
-216
-226
-236
-316
-326
-336
-146
-156
-166
-176
-186
-196
-436
-536
-636
-736
-836
-936
153
-151
-152
-154
-155
-157
-158
-159
-143
-163
-243
-253
-263
-343
-353
-363
-113
-123
-173
-183
-193
-453
-553
-653
-753
-853
-953
199
-191
-192
-194
-195
-197
-198
-179
-189
-279
-289
-299
-379
-389
-399
-119
-129
-149
-169
-499
-599
-699
-799
-899
-999
239
-231
-232
-233
-234
-235
-237
-238
-219
-229
-319
-329
-339
-249
-259
-269
-439
-539
-639
-739
-839
-939
262
-261
-264
-265
-266
-267
-268
-142
-162
-242
-252
-342
-352
-362
-212
-222
-272
-282
-292
-462
-562
-662
-762
-862
-962
271
-273
-274
-275
-276
-277
-278
-171
-181
-281
-291
-371
-381
-391
-211
-221
-241
-251
-471
-571
-671
-771
-871
-971
313
-311
-312
-314
-315
-317
-318
-213
-223
-323
-333
-373
-383
-393
-413
-513
-613
-713
-813
-913
372
-374
-375
-376
-377
-378
-172
-182
-382
-392
-322
-332
-472
-572
-672
-772
-872
-972
385
-384
-386
-387
-388
-175
-185
-285
-295
-395
-325
-335
-345
-355
-365
-485
-585
-685
-785
-885
-985
435
-431
-432
-433
-434
-437
-438
-415
-425
-515
-525
-535
-615
-625
-635
-445
-455
-465
-475
-495
-735
-835
-935
448
-441
-442
-443
-444
-446
-447
-449
-458
-468
-548
-558
-568
-648
-658
-668
-418
-428
-478
-488
-498
-148
-248
-348
-748
-848
-948
459
-451
-452
-454
-456
-457
-469
-549
-559
-569
-649
-659
-669
-419
-429
-479
-489
-359
-759
-859
-959
543
-541
-542
-544
-545
-546
-547
-463
-563
-643
-663
-523
-533
-573
-583
-593
-743
-843
-943
574
-575
-576
-577
-578
-579
-474
-484
-494
-584
-594
-674
-684
-694
-514
-524
-534
-554
-564
-174
-774
-874
-974
597
-591
-592
-595
-596
-598
-477
-487
-497
-587
-677
-687
-697
-517
-527
-537
-557
-567
-297
-397
-797
-897
-997
724
-721
-722
-723
-725
-726
-727
-728
-729
-714
-734
-814
-824
-834
-914
-924
-934
-744
-754
-764
-784
-794
-124
-224
-324
-424
-624
731
-732
-733
-737
-738
-711
-811
-821
-831
-911
-921
-931
-741
-751
-761
-781
-791
-331
-531
-631
827
-822
-823
-825
-826
-828
-829
-717
-817
-837
-917
-927
-937
-847
-857
-867
-877
-887
-127
-227
-327
-427
-627
844
-841
-842
-845
-846
-849
-854
-864
-944
-954
-964
-884
-894
-144
-244
-344
-644
891
-892
-893
-895
-896
-898
-881
-981
-991
-851
-861
-491
-691
945
-941
-942
-946
-947
-949
-745
-755
-765
-855
-865
-955
-965
-915
-925
-975
-995
-145
-245
-645
978
-973
-976
-977
-979
-778
-788
-798
-878
-888
-988
-998
-918
-928
-938
-958
-968
-178
177
-187
-287
-117
-147
141
-161
-341
-351
-361
-111
-121
321
-328
-167
-421
-521
-621
-641
-777
-678
993
-992
-994
-996
-773
-783
-793
-873
-883
-983
984
-982
-986
-987
-989
787
-782
-786
-789
763
-766
-767
-768
-769
-863
-963
-747
-757
833
-832
-838
-923
-933
932
-712
-812
-912
-922
-952
-532
538
-518
-528
-618
-628
-638
-588
-632
-633
-338
-184
188
-288
-298
-398
-118
-128
-168
228
-225
-218
-258
125
-122
112
-114
-115
-215
164
-165
-254
-354
-364
255
-256
-257
-412
-512
-612
654
-651
-652
-655
-656
-657
-464
-664
414
-411
-416
-417
-614
-634
637
-617
467
-461
-466
-647
-667
481
-482
-483
-486
-581
-681
-214
217
334
-337
-247
246
-346
-356
-366
-286
-296
396
-394
-646
642
-552
-622
-682
-692
-742
-746
749
-869
-969
-719
-779
347
-349
-357
358
-367
-368
369
-555
565
-561
-566
-665
957
-951
-956
961
-966
-967
551
-556
-661
666
-511
611
-616
-619
-626
-676
-686
-696
-758
718
-715
-716
815
-816
-818
-819
-875
-858
868
-866
-284
283
-293
294
-683
-688
689
698
-693
-695
675
-673
-679
-589
623
-629
-423
473
-476
-493
-775
776
795
-792
-796
882
-886
-889
-876
879
752
-756
-852
856
-582
586
492
-496
-422
426
522
-526
-529
-516
519
916
-919
-926
929
