148
-141
-142
-143
-144
-145
-146
-147
-149
-158
-168
-248
-258
-268
-348
-358
-368
-118
-128
-138
-178
-188
-198
-448
-548
-648
-748
-848
-948
175
-171
-172
-173
-174
-176
-177
-179
-185
-195
-275
-285
-295
-375
-385
-395
-115
-125
-135
-155
-165
-475
-575
-675
-775
-875
-975
223
-221
-222
-224
-225
-226
-227
-228
-229
-113
-123
-133
-213
-233
-313
-323
-333
-243
-253
-263
-273
-283
-293
-423
-523
-623
-723
-823
-923
231
-232
-234
-235
-236
-237
-238
-239
-111
-121
-131
-211
-311
-321
-331
-241
-251
-261
-271
-281
-291
-431
-531
-631
-731
-831
-931
451
-452
-453
-454
-455
-456
-457
-458
-459
-441
-461
-541
-551
-561
-641
-651
-661
-411
-421
-471
-481
-491
-151
-351
-751
-851
-951
469
-462
-463
-464
-465
-466
-467
-468
-449
-549
-559
-569
-649
-659
-669
-419
-429
-439
-479
-489
-499
-169
-269
-369
-769
-869
-969
487
-482
-483
-484
-485
-486
-488
-477
-497
-577
-587
-597
-677
-687
-697
-417
-427
-437
-447
-187
-287
-387
-787
-887
-987
557
-552
-553
-554
-555
-556
-558
-547
-567
-647
-657
-667
-517
-527
-537
-157
-257
-357
-757
-857
-957
576
-571
-572
-573
-574
-578
-579
-476
-496
-586
-596
-676
-686
-696
-516
-526
-536
-546
-566
-276
-376
-776
-876
-976
615
-611
-612
-613
-614
-616
-617
-618
-619
-415
-425
-435
-515
-525
-535
-625
-635
-645
-655
-665
-685
-695
-215
-315
-715
-815
-915
729
-721
-722
-724
-725
-726
-727
-728
-719
-739
-819
-829
-839
-919
-929
-939
-749
-759
-779
-789
-799
-129
-329
-529
-629
783
-781
-782
-784
-785
-786
-788
-773
-793
-873
-883
-893
-973
-983
-993
-713
-733
-743
-753
-763
-183
-383
-583
-683
791
-792
-794
-795
-796
-797
-798
-771
-871
-881
-891
-971
-981
-991
-711
-741
-761
-191
-391
-591
-691
818
-811
-812
-813
-814
-816
-817
-718
-738
-828
-838
-918
-928
-938
-858
-868
-878
-888
-898
-218
-318
-418
-518
845
-841
-842
-843
-844
-846
-847
-849
-745
-755
-765
-855
-865
-945
-955
-965
735
-732
-734
-736
-737
-825
-835
-925
-935
-885
-895
325
-322
-324
-326
-327
-328
-335
338
-332
-334
-336
-337
-339
-345
-355
-365
-378
-388
-398
-438
-538
-638
-245
-445
495
-492
-493
-494
-498
-585
-595
-545
565
-562
-563
-564
-568
255
-252
-254
-256
-259
-265
985
-982
-984
-986
-988
-989
-995
866
-861
-862
-863
-864
-867
-746
-756
-766
-856
-946
-956
-966
716
-712
-714
-717
-826
-836
-916
-926
-936
821
-822
-824
-827
-911
-921
-886
-896
996
-992
-994
-997
-998
-999
511
-512
-513
-514
-519
-521
-621
-581
-116
-216
-316
-416
-166
-266
-366
-666
-196
-296
-396
942
-941
-943
-944
-947
-949
961
-962
-963
-964
-967
-968
-742
-752
-762
-852
-952
772
-774
-777
-778
-872
-882
-892
-972
978
-974
-977
-979
832
-833
-834
-837
-912
-922
-932
853
-854
-859
-953
959
-954
-958
-132
-432
-532
-632
341
-342
-343
-344
-346
-347
-349
-161
-361
181
-182
-184
-186
-189
-371
-381
-242
-442
-542
-642
249
-244
-246
-247
-159
-359
286
-282
-284
-288
-289
-386
-219
-279
-299
356
-352
-353
-354
-156
747
-744
-767
-153
-653
-656
671
-672
-673
-674
-678
-679
-681
-272
-372
-472
-278
298
-292
-294
-297
-478
428
-422
-424
-426
-528
-628
412
-413
-414
-522
524
-622
-434
-534
-624
-634
-544
543
-443
-643
-663
-533
539
-639
-593
-584
-594
-589
-599
-112
-212
262
-264
-267
-152
154
-162
-362
-164
-364
-114
-124
-134
-194
-312
122
-126
-127
136
-137
-139
-192
913
-914
-917
-933
-924
927
934
-937
626
-627
-436
433
-633
-636
637
-473
474
693
-692
-694
-698
-699
-684
689
-682
-688
-444
446
-646
644
-654
-664
652
-658
-662
668
-754
758
764
-768
373
-374
-377
-379
-193
-393
163
-167
-363
367
-317
-397
-274
277
-197
199
-389
-399
117
-119
-217
214
-314
319
-874
-877
879
897
-894
-899
884
-889
-384
382
-392
394
-582
588
592
-598
