135
-131
-132
-133
-134
-136
-137
-138
-139
-115
-125
-215
-225
-235
-315
-325
-335
-145
-155
-165
-175
-185
-195
-435
-535
-635
-735
-835
-935
158
-151
-152
-153
-154
-156
-157
-159
-148
-168
-248
-258
-268
-348
-358
-368
-118
-128
-178
-188
-198
-458
-558
-658
-758
-858
-958
212
-211
-213
-214
-216
-217
-218
-219
-112
-122
-222
-232
-312
-322
-332
-242
-252
-262
-272
-282
-292
-412
-512
-612
-712
-812
-912
226
-221
-223
-224
-227
-228
-229
-116
-126
-236
-316
-326
-336
-246
-256
-266
-276
-286
-296
-426
-526
-626
-726
-826
-926
264
-261
-263
-265
-267
-269
-144
-164
-244
-254
-344
-354
-364
-234
-274
-284
-294
-464
-564
-664
-764
-864
-964
281
-283
-285
-287
-288
-289
-171
-181
-191
-271
-291
-371
-381
-391
-231
-241
-251
-481
-581
-681
-781
-881
-981
321
-323
-324
-327
-328
-329
-111
-121
-311
-331
-341
-351
-361
-421
-521
-621
-721
-821
-921
366
-362
-363
-365
-367
-369
-146
-166
-346
-356
-376
-386
-396
-466
-566
-666
-766
-866
-966
374
-372
-373
-375
-377
-378
-379
-174
-184
-194
-384
-394
-314
-334
-474
-574
-674
-774
-874
-974
433
-431
-432
-434
-436
-437
-438
-439
-413
-423
-513
-523
-533
-613
-623
-633
-443
-453
-463
-473
-483
-493
-233
-333
-733
-833
-933
497
-491
-492
-494
-495
-496
-498
-499
-477
-487
-577
-587
-597
-677
-687
-697
-417
-427
-447
-457
-467
-197
-297
-397
-797
-897
-997
516
-511
-514
-515
-517
-518
-519
-416
-536
-616
-636
-546
-556
-576
-586
-596
-716
-816
-916
583
-582
-584
-585
-588
-589
-573
-593
-673
-683
-693
-543
-553
-563
-183
-383
-783
-883
-983
595
-591
-592
-594
-598
-599
-475
-485
-575
-675
-685
-695
-525
-545
-555
-565
-295
-395
-795
-895
-995
618
-611
-614
-615
-617
-619
-418
-428
-528
-538
-628
-638
-648
-668
-678
-688
-698
-318
-718
-818
-918
624
-622
-625
-627
-629
-414
-424
-524
-534
-634
-644
-654
-684
-694
484
-482
-486
-488
-489
-444
-454
-124
114
-113
-117
-119
-714
-814
-914
-724
-824
-924
-784
-884
-984
649
-641
-642
-643
-645
-646
-647
-449
-459
-469
-549
-559
-569
-659
-669
-639
-679
-689
-699
-149
-249
-349
-749
-849
-949
741
-742
-743
-744
-745
-746
-747
-748
-751
-761
-841
-851
-861
-941
-951
-961
-711
-731
-771
-791
-141
161
-162
-163
-167
-169
-441
-541
-461
-561
-661
853
-852
-854
-855
-856
-857
-859
-753
-763
-843
-863
-943
-953
-963
-813
-823
-873
-893
-253
-353
-653
663
-662
-665
-667
655
-651
-652
-656
-657
-445
-455
-465
637
-631
-632
-527
-537
-237
-337
-737
-837
-937
-255
-355
-755
-955
891
-892
-894
-896
-898
-899
-871
-971
-991
-811
-831
-691
671
-672
-676
-471
-571
927
-922
-923
-925
-928
-929
-717
-727
-817
-827
-917
-947
-957
-967
-977
-987
317
-313
-319
123
-127
-129
-143
-173
-193
-347
-357
-387
-723
931
-932
-934
-936
-938
-939
-911
411
-415
-419
-531
425
-422
-429
-451
551
-552
-554
-557
544
-542
-547
-548
567
-562
-568
479
-472
-476
-478
578
-572
-579
-725
-825
-844
834
-832
-836
-838
-839
-734
736
-732
-738
-739
-756
-776
-786
-796
532
-539
-522
529
-729
-829
-944
-767
-867
-278
-778
-878
-978
-179
-279
-779
-879
-979
965
-962
-968
-969
-765
-845
-865
-945
-915
-975
-985
993
-992
-994
-996
-998
-999
-773
-793
-973
794
-792
-798
-799
713
-715
-719
-913
919
815
-819
-754
954
-952
-956
-959
-875
-885
-989
456
-452
-446
273
-275
-277
-293
-393
385
-382
-388
-389
-243
343
-342
-345
245
-247
257
-259
-147
142
-352
359
-172
-182
-192
392
-398
-399
298
-299
-238
239
338
-339
-442
448
462
-468
-842
-942
847
-846
-848
946
-948
-757
-877
-887
-976
972
-772
-782
-872
876
-882
-982
-886
-986
988
-788
-888
889
-789
-869
752
-759
-762
-862
868
-768
769
-722
728
822
-828
775
-777
-785
787
-176
177
-187
682
-686
-692
696
186
-189
-196
199
