137
-131
-132
-133
-134
-135
-136
-138
-139
-117
-127
-217
-227
-237
-317
-327
-337
-147
-157
-167
-177
-187
-197
-437
-537
-637
-737
-837
-937
144
-141
-142
-143
-145
-146
-148
-149
-154
-164
-244
-254
-264
-344
-354
-364
-114
-124
-174
-184
-194
-444
-544
-644
-744
-844
-944
228
-221
-222
-223
-224
-225
-226
-229
-118
-128
-218
-238
-318
-328
-338
-248
-258
-268
-278
-288
-298
-428
-528
-628
-728
-828
-928
236
-231
-232
-233
-234
-235
-239
-116
-126
-216
-316
-326
-336
-246
-256
-266
-276
-286
-296
-436
-536
-636
-736
-836
-936
249
-241
-242
-243
-245
-247
-159
-169
-259
-269
-349
-359
-369
-219
-279
-289
-299
-449
-549
-649
-749
-849
-949
275
-271
-272
-273
-274
-277
-175
-185
-195
-285
-295
-375
-385
-395
-215
-255
-265
-475
-575
-675
-775
-875
-975
324
-321
-322
-323
-325
-329
-214
-314
-334
-374
-384
-394
-424
-524
-624
-724
-824
-924
341
-342
-343
-345
-346
-347
-348
-151
-161
-251
-261
-351
-361
-311
-331
-371
-381
-391
-441
-541
-641
-741
-841
-941
397
-392
-393
-396
-398
-399
-287
-297
-377
-387
-357
-367
-497
-597
-697
-797
-897
-997
445
-442
-443
-446
-447
-448
-455
-465
-545
-555
-565
-645
-655
-665
-415
-425
-435
-485
-495
-745
-845
-945
454
-451
-452
-453
-456
-457
-458
-459
-464
-554
-564
-654
-664
-414
-434
-474
-484
-494
-754
-854
-954
496
-491
-492
-493
-498
-499
-476
-486
-576
-586
-596
-676
-686
-696
-416
-426
-466
-196
-796
-896
-996
514
-511
-512
-513
-515
-516
-517
-518
-519
-534
-614
-634
-574
-584
-594
-714
-814
-914
527
-521
-522
-523
-525
-526
-529
-417
-427
-617
-627
-547
-557
-567
-577
-587
-727
-827
-927
582
-581
-583
-585
-588
-589
-472
-482
-572
-592
-672
-682
-692
-532
-542
-552
-562
-182
-282
-382
-782
-882
-982
595
-591
-593
-598
-599
-685
-695
-535
-795
-895
-995
616
-611
-612
-613
-615
-618
-619
-626
-646
-656
-666
-716
-816
-916
652
-651
-653
-657
-658
-659
-462
-642
-662
-622
-632
-152
-252
-352
-752
-852
-952
667
-661
-663
-668
-669
-467
-647
-677
-687
-267
257
-253
-757
-857
-957
-767
-867
-967
715
-711
-712
-713
-717
-718
-719
-725
-735
-815
-825
-835
-915
-925
-935
-755
-765
-785
-115
-315
763
-761
-762
-764
-766
-768
-769
-743
-753
-843
-853
-863
-943
-953
-963
-723
-733
-773
-783
-793
-163
-263
262
-162
-362
-212
-292
-862
-962
-363
-463
-563
788
-781
-784
-786
-787
-789
-778
-798
-878
-888
-898
-978
-988
-998
-738
-748
-758
-188
-388
-488
-688
839
-831
-832
-833
-834
-838
-729
-739
-819
-829
-919
-929
-939
-859
-869
-879
-889
-899
-339
-439
-539
-639
868
-861
-864
-865
-866
964
-961
-965
-966
-968
-969
-848
-858
-948
-958
-818
-934
734
-731
-732
-774
-794
-974
-984
-994
-168
-368
-468
-568
873
-871
-872
-874
-876
-877
-883
-893
-973
-983
-993
-813
-823
-173
-373
-473
-573
-673
674
-671
-678
-679
-684
-694
886
-881
-884
-885
-887
894
-891
-892
985
-981
-986
-987
-989
-776
-976
855
-851
-856
-955
-826
-846
-155
-355
284
-281
-283
-294
-186
-386
487
-481
-483
-489
-477
979
-971
-972
-977
777
-771
-772
-779
-799
-999
-747
759
-751
-756
951
-956
-959
-911
-921
-931
-991
992
791
-792
-721
-912
-922
-932
-942
-551
-559
-179
-379
-479
-579
569
-561
-566
461
-469
-411
-421
-431
-471
478
-578
571
-681
-691
-698
-418
-438
-531
918
-913
-917
817
-811
-812
821
-822
722
-726
926
-923
933
-938
-742
746
842
-847
-946
947
-121
-621
631
-633
-635
-638
625
-623
-629
538
-533
-548
-558
648
-643
-122
-422
-125
335
-332
-333
165
-166
-365
366
-156
-356
176
-171
-172
-178
-376
432
-433
-412
543
-546
-553
556
372
-378
-192
198
-191
-193
-199
112
-111
-113
-119
211
-213
-312
181
-183
-189
-291
293
-383
389
-158
153
-353
358
-123
129
313
-319
-413
419
423
-429
683
-689
-693
699
