122
-121
-123
-124
-125
-126
-127
-128
-129
-112
-132
-212
-222
-232
-312
-322
-332
-142
-152
-162
-172
-182
-192
-422
-522
-622
-722
-822
-922
175
-171
-173
-174
-176
-177
-178
-179
-185
-195
-275
-285
-295
-375
-385
-395
-115
-135
-145
-155
-165
-475
-575
-675
-775
-875
-975
187
-181
-183
-184
-186
-188
-189
-197
-277
-287
-297
-377
-387
-397
-117
-137
-147
-157
-167
-487
-587
-687
-787
-887
-987
254
-251
-252
-253
-255
-256
-257
-258
-259
-144
-154
-164
-244
-264
-344
-354
-364
-214
-224
-234
-274
-284
-294
-454
-554
-654
-754
-854
-954
261
-262
-263
-265
-266
-267
-268
-269
-141
-151
-161
-241
-341
-351
-361
-211
-221
-231
-271
-281
-291
-461
-561
-661
-761
-861
-961
325
-321
-323
-324
-326
-327
-328
-329
-215
-225
-235
-315
-335
245
-242
-243
-246
-247
-248
-249
-345
-355
-365
-425
-525
-625
-725
-825
-925
-445
-545
-645
-745
-845
-945
427
-421
-423
-424
-426
-428
-429
-417
-437
-517
-527
-537
-617
-627
-637
-447
-457
-467
-477
-497
-227
-727
-827
-927
443
-441
-442
-444
-446
-448
-449
-453
-463
-543
-553
-563
-643
-653
-663
-413
-433
-473
-483
-493
-143
-343
-743
-843
-943
485
-481
-482
-484
-486
-488
-489
-495
-585
-595
-685
-695
-415
-435
-455
-465
-785
-885
-985
518
-511
-512
-513
-514
-515
-516
-519
-418
-438
-528
-538
-618
-628
-638
-548
-558
-568
-578
-588
-598
-118
-218
-318
-718
-818
-918
594
-591
-592
-593
-596
-597
-599
-474
-494
-574
-584
-674
-684
-694
-524
-534
-544
-564
-194
-394
-794
-894
-994
749
-741
-742
-744
-746
-747
-748
-759
-769
-849
-859
-869
-949
-959
-969
-719
-729
-739
-779
-789
-799
-149
-349
-549
-649
772
-771
-773
-774
-776
-777
-778
-782
-792
-872
-882
-892
-972
-982
-992
-712
-732
-752
-762
-272
-372
-472
-572
-672
814
-811
-812
-813
-815
-816
-817
-819
-714
-724
-734
-824
-834
-914
-924
-934
-844
-864
-874
-884
-114
134
-131
-133
-136
-138
-139
-314
-334
-414
-614
624
-621
-623
-626
-629
-434
-634
464
-462
-466
-468
-469
-644
-664
944
-941
-942
-946
-947
-948
-764
-964
784
-781
-783
-786
-788
-974
-984
374
-371
-373
-376
-378
-379
-384
858
-851
-852
-853
-855
-856
-857
-758
-768
-848
-868
-958
-968
-828
-838
-878
-888
-898
-158
-358
-458
-658
911
-912
-913
-915
-916
-917
-919
-711
-721
-731
-821
-831
-921
-931
-951
-971
-981
-991
-111
191
-193
-196
-198
-199
-381
-391
-311
331
-333
-336
-337
-338
-339
-411
-611
521
-523
-526
-529
-431
-531
-631
-541
-551
-571
-581
-491
-691
-791
751
-753
-755
-756
-757
-841
641
-642
-646
-647
-648
-451
-651
668
-662
-665
-666
-667
-669
471
-476
-478
-479
-671
-681
498
-492
-496
-499
-678
-688
-698
-168
148
-146
-348
-368
-871
881
-883
-886
-889
-891
-298
-398
388
-382
-383
-386
-389
-278
-288
978
-973
-976
-977
-979
-798
-988
-998
-928
-938
936
-932
-933
-935
-937
-939
832
-833
-835
-836
-837
-839
-716
-726
-736
-826
-926
-842
-862
-956
-966
-986
-996
226
-223
-228
-229
-116
-216
-236
-316
238
-233
-237
-239
-276
-286
-296
396
-392
-393
-399
217
-213
-219
-317
-346
-356
-366
-717
737
-733
-735
-738
715
-713
728
-723
-765
-795
-767
-797
-615
-432
-532
-632
-436
439
-419
-539
-619
-639
-459
-536
-636
-696
-796
793
-873
-893
-983
989
-993
-879
-899
-999
-763
766
-846
847
-866
-867
-957
-967
-877
876
-896
-897
895
-995
997
-865
863
-953
-963
-823
829
923
-929
546
-542
-547
-456
452
-552
-562
-652
-556
-566
-656
-412
416
612
-613
-616
582
-583
-586
-589
-682
-692
-576
342
-347
-352
-362
-952
955
962
-965
-555
-655
565
-567
-569
-535
533
-633
635
-573
156
-153
-159
-166
353
-357
-359
-163
169
-363
367
-369
113
-119
-313
319
-676
686
-683
-689
-282
292
-293
-299
283
-289
-273
279
673
-677
-679
-693
577
-579
-697
699
-557
559
657
-659
