146
-141
-142
-143
-144
-145
-147
-148
-149
-156
-166
-246
-256
-266
-346
-356
-366
-116
-126
-136
-176
-186
-196
-446
-546
-646
-746
-846
-946
173
-171
-172
-174
-175
-177
-178
-179
-183
-193
-273
-283
-293
-373
-383
-393
-113
-123
-133
-153
-163
-473
-573
-673
-773
-873
-973
189
-181
-182
-184
-185
-187
-188
-199
-279
-289
-299
-379
-389
-399
-119
-129
-139
-159
-169
-489
-589
-689
-789
-889
-989
221
-222
-223
-224
-225
-226
-227
-228
-229
-111
-121
-131
-211
-231
-311
-321
-331
-241
-251
-261
-271
-281
-291
-421
-521
-621
-721
-821
-921
242
-243
-244
-245
-247
-248
-249
-152
-162
-252
-262
-342
-352
-362
-212
-232
-272
-282
-292
-442
-542
-642
-742
-842
-942
317
-312
-313
-314
-315
-316
-318
-319
-117
-127
-137
-217
-237
-327
-337
-347
-357
-367
-377
-387
-397
-417
-517
-617
-717
-817
-917
415
-411
-412
-413
-414
-416
-418
-419
-425
-435
-515
-525
-535
-615
-625
-635
-445
-455
-465
-475
-485
-495
-115
-215
-715
-815
-915
458
-451
-452
-453
-454
-456
-457
-459
-448
-468
-548
-558
-568
-648
-658
-668
-428
-438
-478
-488
-498
-158
-258
-358
-758
-858
-958
467
-461
-462
-463
-464
-466
-469
-447
-547
-557
-567
-647
-657
-667
-427
-437
-477
-487
-497
-167
-267
-767
-867
-967
526
-522
-523
-524
-527
-528
-529
-426
-436
-516
-536
-616
-626
-636
-556
-566
-576
-586
-596
-326
-726
-826
-926
581
-582
-583
-584
-585
-587
-588
-471
-481
-491
-571
-591
-671
-681
-691
-511
-531
-541
-551
-561
-381
-781
-881
-981
714
-711
-712
-713
-716
-718
-719
-724
-734
-814
-824
-834
-914
-924
-934
-744
-754
-764
-774
-784
-794
-114
-214
-514
-614
775
-771
-772
-776
-777
-778
-779
-785
-795
-875
-885
-895
-975
-985
-995
-725
-735
-745
-755
-765
-275
-375
-575
-675
877
-871
-872
-874
-876
-878
-879
-787
-797
-887
-897
-977
-987
-997
-827
-837
-847
-857
-277
-577
-677
898
-891
-892
-893
-894
-896
-899
-788
-798
-888
-978
-988
-998
-818
-828
-838
-848
-868
-198
-298
-398
-598
-698
922
-923
-925
-927
-928
-929
-722
-732
-812
-822
-832
-912
-932
-952
-962
-972
-982
-992
-122
-322
-422
-622
941
-943
-944
-945
-947
-948
-949
-741
-751
-761
-841
-851
-861
-951
-961
-911
-931
-971
-991
791
-792
-793
-796
-799
-731
-341
-441
431
-432
-433
-434
-439
-611
-631
811
-813
-816
-819
-831
-641
747
-743
-748
-749
-757
-957
-727
-737
937
-933
-935
-936
-938
-939
627
-623
-624
-628
-629
-537
-637
597
-592
-593
-594
-595
-599
-687
-697
348
-343
-344
-345
-349
-168
-268
-368
-328
-338
-378
-388
371
-372
-374
-376
-191
-391
-351
-361
287
-284
-285
-286
-288
-197
-297
278
-274
-276
157
-151
-154
-155
161
-164
-165
-257
-218
-238
651
-652
-653
-654
-655
-656
-659
-661
666
-662
-663
-664
-665
-669
-676
-686
-696
-766
-866
-966
-578
-678
688
-682
-683
-684
-685
695
-692
-693
-694
-699
-645
-618
-638
385
-382
-384
-386
-195
-295
-395
-325
-335
-355
-365
-112
118
-128
-138
-518
538
-532
-533
-534
-539
-918
968
-963
-964
-965
-969
-768
955
-953
-954
-956
-959
-845
-855
-865
728
-723
-729
-738
545
-543
-544
-549
-555
-565
-255
265
-263
-264
-269
-235
-124
125
-135
-825
835
-833
-836
-839
-132
134
332
-333
-334
-336
-339
-234
-324
192
-194
-392
396
-394
294
-296
-254
424
-423
-429
-634
-444
-474
-484
-494
-632
-492
-994
-496
-996
-213
216
-219
-236
-916
736
-733
-739
-756
856
-852
-853
-854
-859
-786
-886
-233
239
323
-329
253
-259
-353
-363
-823
829
913
-919
-849
-869
-983
-993
999
-979
-513
-613
633
-639
-643
-553
563
-562
-564
-569
552
-554
-559
-443
449
644
-649
-479
-499
493
-483
-512
519
612
-619
-572
574
-579
-674
679
-672
843
-844
-753
-763
-863
864
-862
783
-782
882
-883
-884
-752
759
762
-769
354
-359
-364
369
472
-476
-482
486
-974
976
984
-986
