133
-131
-132
-134
-135
-136
-137
-138
-139
-113
-123
-213
-223
-233
-313
-323
-333
-143
-153
-163
-173
-183
-193
-433
-533
-633
-733
-833
-933
162
-161
-164
-165
-166
-167
-168
-169
-142
-152
-242
-252
-262
-342
-352
-362
-112
-122
-172
-182
-192
-462
-562
-662
-762
-862
-962
211
-212
-214
-215
-216
-217
-218
-219
-111
-121
-221
-231
-311
-321
-331
-241
-251
-261
-271
-281
-291
-411
-511
-611
-711
-811
-911
248
-243
-244
-245
-246
-247
-249
-148
-158
-258
-268
-348
-358
-368
-228
-238
-278
-288
-298
-448
-548
-648
-748
-848
-948
282
-283
-284
-285
-286
-287
-289
-272
-292
-372
-382
-392
-222
-232
-482
-582
-682
-782
-882
-982
325
-322
-324
-326
-327
-328
-329
-115
-125
-225
-235
-315
-335
-345
-355
-365
-375
-385
-395
-425
-525
-625
-725
-825
-925
334
-332
-336
-337
-338
-339
312
-314
-316
-317
-318
-319
-114
-124
-224
-234
-344
-354
-364
-374
-384
-394
-412
-512
-612
-712
-812
-912
-434
-534
-634
-734
-834
-934
398
-391
-393
-396
-397
-399
-178
-188
-198
-378
-388
-498
-598
-698
-798
-898
-998
421
-422
-423
-424
-426
-427
-428
-429
-431
-521
-531
-621
-631
-441
-451
-461
-471
-481
-491
-721
-821
-921
443
-442
-444
-445
-446
-447
-449
-453
-463
-543
-553
-563
-643
-653
-663
-413
-473
-483
-493
-343
-743
-843
-943
456
-452
-454
-455
-457
-458
-459
-466
-546
-556
-566
-646
-656
-666
-416
-436
-476
-486
-496
-156
-256
-356
-756
-856
-956
484
-485
-487
-488
-489
-474
-494
-574
-584
-594
-674
-684
-694
-414
-464
-184
-784
-884
-984
536
-532
-535
-537
-538
-539
-516
-526
-616
-626
-636
-576
-586
-596
-236
-736
-836
-936
552
-551
-554
-555
-557
-558
-559
-542
-642
-652
-522
-572
-592
-752
-852
-952
578
-571
-573
-575
-577
-579
-478
-588
-678
-688
-518
-528
-568
-778
-878
-978
624
-622
-623
-627
-628
-629
-514
-524
-614
-644
-654
-664
-724
-824
-924
658
-651
-655
-657
-659
-468
-668
-618
-638
-758
-858
-958
665
-661
-667
-669
-465
-545
-565
-645
-615
-635
-675
-685
-695
-265
-765
-865
-965
681
-683
-686
-687
-689
-581
-591
-671
-691
-641
-181
-381
-781
-881
-981
719
-713
-714
-715
-716
-717
-718
-729
-739
-819
-829
-839
-919
-929
-939
-749
-759
-769
-779
-789
-799
-119
-419
-519
-619
777
-771
-772
-773
-774
-775
-776
-787
-797
-877
-887
-897
-977
-987
-997
-727
-737
-747
-757
-767
-177
-277
-377
-477
-677
785
-783
-786
-788
-795
-875
-885
-895
-975
-985
-995
-735
-745
-755
-185
-585
822
-823
-826
-827
-828
-722
-732
-832
-922
-932
-842
-872
-892
869
-861
-863
-864
-866
-867
-868
-849
-859
-949
-959
-969
-879
-889
-899
-269
-369
-469
467
-547
-567
-647
649
-549
-569
-417
-437
-497
-639
-679
-699
-149
-349
-267
-367
-967
896
-891
-893
-894
-796
-876
-886
-976
-986
-996
-816
-846
-196
-296
-696
676
-672
-673
-176
-276
-376
945
-941
-942
-944
-946
-947
742
-741
-744
-746
-845
-855
-955
-792
-915
-935
-145
971
-972
-973
-974
-979
-791
-871
-991
992
-993
-994
-999
989
-983
-988
888
-883
-818
-838
-931
-951
-961
-171
-371
191
-194
-195
-197
-199
-141
-151
472
-475
-479
-492
-692
-432
632
-637
-189
-389
-589
-116
916
-913
-914
-917
-918
814
-813
-815
-817
835
-831
-837
731
-738
-726
-926
-751
-761
766
-763
-764
-768
-966
968
-963
-964
728
-723
923
-927
-928
937
-938
-844
-854
-874
873
-793
794
753
-754
-853
-953
954
-957
-523
-128
118
-117
-418
415
-435
-515
438
-439
529
-527
-495
499
595
-593
-597
-599
-129
-229
239
-237
-259
-279
-299
-253
-353
-154
-254
-266
226
-227
-126
127
-147
-157
-187
186
-386
-146
144
-264
263
-363
-174
-273
-293
-544
541
-561
564
-341
-841
847
851
-857
346
-347
-366
361
-351
-373
379
383
-387
297
-294
-295
274
-275
175
-179
-155
159
255
-257
357
-359
-583
587
693
-697
513
-517
-613
617
