131
-132
-133
-134
-135
-136
-137
-138
-139
-111
-121
-211
-221
-231
-311
-321
-331
-141
-151
-161
-171
-181
-191
-431
-531
-631
-731
-831
-931
147
-142
-143
-144
-145
-146
-148
-149
-157
-167
-247
-257
-267
-347
-357
-367
-117
-127
-177
-187
-197
-447
-547
-647
-747
-847
-947
174
-172
-173
-175
-176
-178
-179
-184
-194
-274
-284
-294
-374
-384
-394
-114
-124
-154
-164
-474
-574
-674
-774
-874
-974
219
-212
-213
-214
-215
-216
-217
-218
-119
-129
-229
-239
-319
-329
-339
-249
-259
-269
-279
-289
-299
-419
-519
-619
-719
-819
-919
244
-241
-242
-243
-245
-246
-248
-254
-264
-344
-354
-364
-224
-234
-444
-544
-644
-744
-844
-944
296
-291
-292
-293
-295
-297
-298
-186
-196
-276
-286
-376
-386
-396
-226
-236
-256
-266
-496
-596
-696
-796
-896
-996
324
-322
-323
-325
-326
-327
-328
-314
-334
-424
-524
-624
-724
-824
-924
333
-332
-335
-336
-337
-338
-113
-123
-223
-233
-313
-343
-353
-363
-373
-383
-393
-433
-533
-633
-733
-833
-933
369
-361
-362
-365
-366
-368
-159
-169
-349
-359
-379
-389
-399
-469
-569
-669
-769
-869
-969
392
-391
-395
-397
-398
-182
-192
-272
-282
-372
-382
-312
-342
-352
-492
-592
-692
-792
-892
-992
421
-422
-423
-425
-426
-427
-428
-429
-411
-511
-521
-611
-621
-441
-451
-461
-471
-481
-491
-721
-821
-921
452
-453
-454
-455
-456
-457
-458
-459
-442
-462
-542
-552
-562
-642
-652
-662
-412
-432
-472
-482
-152
-252
-752
-852
-952
498
-493
-494
-495
-497
-499
-478
-488
-578
-588
-598
-678
-688
-698
-418
-438
-448
-468
-198
-798
-898
-998
528
-522
-523
-525
-526
-527
-529
-518
-538
-618
-628
-638
-548
-558
-568
-128
-228
-728
-828
-928
546
-541
-543
-545
-549
-446
-466
-556
-566
-646
-656
-666
-516
-536
-576
-586
-346
-746
-846
-946
567
-561
-563
-564
-565
-467
-557
-657
-667
-517
-537
-577
-587
-597
-767
-867
-967
584
-581
-582
-583
-585
-589
-484
-594
-684
-694
-514
-534
-554
-784
-884
-984
614
-612
-613
-615
-616
-617
-414
-434
-634
464
-463
-465
-654
-664
-714
-814
-914
-764
-864
-964
658
-651
-653
-655
-659
-648
-668
-158
-258
-358
-758
-858
-958
687
-681
-682
-683
-685
-686
-689
-477
-487
-677
-697
-627
-637
-287
-387
-787
-887
-987
712
-711
-713
-715
-716
-717
-718
-722
-732
-812
-822
-832
-912
-922
-932
-742
-762
-772
-782
-112
-512
749
-741
-743
-745
-748
-759
-849
-859
-949
-959
-729
-739
-779
-789
-799
-449
-649
559
-551
-553
-555
-539
-579
-599
773
-771
-775
-776
-777
-778
-783
-793
-873
-883
-893
-973
-983
-993
-723
-753
-763
-273
-473
-573
-673
781
-785
-786
-788
-791
-871
-881
-891
-971
-981
-991
-751
-761
-281
-381
811
-813
-815
-816
-817
-818
-911
-841
-851
-861
865
-862
-863
-866
-868
-755
-765
-845
-855
-945
-955
-965
-825
-835
-875
-885
-895
-165
-265
-665
897
-894
-899
-797
-877
-977
-997
-827
-837
-857
939
-934
-935
-936
-937
-938
-829
-839
-929
-979
-989
-999
629
-622
-623
-625
-626
-439
-639
-679
-699
199
-193
-195
-189
963
-961
-962
-966
-968
-843
-853
-943
-953
823
-826
-913
-923
-163
-263
-663
661
-641
-671
-691
-261
591
-593
-595
-571
513
-515
-413
693
-695
-483
443
-445
-643
645
-635
-675
-345
976
-972
-975
-978
-876
-886
-986
-916
-926
-956
-476
-676
672
-572
575
-475
479
-485
486
-489
-416
-436
636
-632
532
-535
-232
-736
-836
726
-725
-727
-756
-766
768
856
-854
-848
842
-942
-948
941
-951
-738
-872
-882
982
-985
-988
834
-838
-734
918
-915
-917
-118
-318
238
-235
-237
-268
262
-162
122
-125
-126
-222
-278
-288
-341
348
-168
166
-156
-356
-116
115
-225
227
-315
316
-317
-155
153
-253
-183
283
-285
-185
188
-378
-388
385
-275
-375
255
-251
351
-355
271
-277
-371
377
-415
417
435
-437
925
-927
-735
737
795
-794
994
-995
754
-757
-954
957
878
-879
-888
889
