139
-131
-132
-133
-134
-135
-136
-137
-138
-119
-129
-219
-229
-239
-319
-329
-339
-149
-159
-169
-179
-189
-199
-439
-539
-639
-739
-839
-939
191
-192
-193
-194
-195
-196
-197
-198
-171
-181
-271
-281
-291
-371
-381
-391
-111
-121
-141
-151
-161
-491
-591
-691
-791
-891
-991
227
-221
-222
-223
-224
-225
-226
-228
-117
-127
-217
-237
-317
-327
-337
-247
-257
-267
-277
-287
-297
-427
-527
-627
-727
-827
-927
242
-241
-243
-244
-245
-246
-248
-249
-142
-152
-162
-252
-262
-342
-352
-362
-212
-232
-272
-282
-292
-442
-542
-642
-742
-842
-942
276
-273
-274
-275
-278
-279
-176
-186
-286
-296
-376
-386
-396
-216
-236
-256
-266
-476
-576
-676
-776
-876
-976
349
-341
-343
-344
-345
-346
-347
-348
-259
-269
-359
-369
-379
-389
-399
-449
-549
-649
-749
-849
-949
367
-361
-363
-364
-365
-366
-368
-147
-157
-167
-357
-377
-387
-397
-467
-567
-667
-767
-867
-967
385
-382
-383
-384
-388
-175
-185
-285
-295
-375
-395
-315
-325
-335
-355
-485
-585
-685
-785
-885
-985
394
-392
-393
-398
-174
-184
-284
-294
-374
-314
-324
-334
-354
-494
-594
-694
-794
-894
-994
443
-441
-444
-445
-446
-447
-448
-453
-463
-543
-553
-563
-643
-653
-663
-413
-423
-433
-473
-483
-493
-143
-743
-843
-943
471
-472
-474
-475
-477
-478
-479
-481
-571
-581
-671
-681
-411
-421
-431
-451
-461
-771
-871
-971
512
-511
-513
-514
-515
-516
-517
-518
-519
-412
-422
-432
-522
-532
-612
-622
-632
-552
-562
-572
-582
-592
-112
-312
-712
-812
-912
544
-541
-545
-546
-547
-548
-454
-464
-554
-564
-644
-654
-664
-524
-534
-574
-584
-144
-744
-844
-944
568
-561
-565
-566
-569
-458
-468
-558
-648
-658
-668
-528
-538
-578
-588
-598
-168
-268
-768
-868
-968
597
-593
-595
-596
-599
-487
-497
-577
-587
-677
-687
-697
-537
-557
-797
-897
-997
623
-621
-624
-625
-626
-628
-629
-523
-533
-613
-633
-673
-683
-693
-123
-323
-723
-823
-923
634
-631
-635
-636
-637
-638
-414
-424
-434
-614
484
-482
-486
-488
-489
-674
-684
-234
-734
-834
-934
-784
-884
-984
662
-661
-665
-666
-669
-452
-462
-652
492
-495
-496
-498
-499
-672
-682
-692
-762
-862
-962
-792
-892
-992
717
-711
-713
-714
-715
-716
-718
-719
-737
-817
-837
-917
-937
-747
-757
-777
-787
-417
-617
437
-435
-436
-438
-457
729
-721
-722
-724
-725
-726
-728
-819
-829
-919
-929
-759
-769
-779
-789
-799
-429
-529
748
-741
-745
-746
-758
-848
-858
-948
-958
-738
-778
-788
-798
-148
763
-761
-764
-765
-766
-753
-853
-863
-953
-963
-733
-773
-783
-793
-163
-263
832
-831
-833
-835
-836
-838
-732
-822
-922
-932
-852
-872
-882
-332
869
-861
-864
-865
-866
-859
-959
-969
-879
-889
-899
-469
888
-881
-883
-886
-887
-878
-898
-978
-988
-998
-818
-828
-188
-288
-688
915
-911
-913
-914
-916
-918
-735
-815
-825
-925
-935
-945
-955
-965
-975
-995
-115
-215
-415
-615
974
-972
-973
-977
-979
-774
-874
754
-751
-752
-755
-756
952
-951
-954
-956
-957
-854
-964
-982
-924
-154
-254
113
-114
-116
-118
-213
-233
-313
-333
-153
-173
-183
-813
933
-931
-936
-938
928
-921
-926
-983
-993
-128
-328
-428
418
-416
-419
-618
619
-611
-616
459
-455
-456
-559
-659
-679
-689
686
-586
-696
-646
-656
-699
-218
-318
579
-573
-575
583
-589
-283
289
-299
-786
-986
-989
999
-996
-122
322
-321
-326
-372
-124
214
-211
164
-165
-166
-264
-814
824
-821
-826
521
-525
-526
-531
-551
125
-126
-235
-145
146
-156
-356
-155
158
-258
-358
-178
-425
426
535
-536
465
-466
-555
556
-645
-655
845
-841
-846
-847
-855
-875
-895
-946
966
-961
-856
255
-251
-253
353
-351
261
-265
-231
238
-338
293
-298
-373
378
873
-877
-893
896
-796
795
-775
772
-782
781
-981
987
-731
736
811
-816
-851
857
941
-947
-311
316
331
-336
-641
647
651
-657
-172
177
182
-187
675
-678
-695
698
