131
-132
-133
-134
-135
-136
-137
-138
-139
-111
-121
-211
-221
-231
-311
-321
-331
-141
-151
-161
-171
-181
-191
-431
-531
-631
-731
-831
-931
145
-142
-143
-144
-146
-147
-148
-149
-155
-165
-245
-255
-265
-345
-355
-365
-115
-125
-175
-185
-195
-445
-545
-645
-745
-845
-945
257
-251
-252
-253
-254
-256
-258
-259
-157
-167
-247
-267
-347
-357
-367
-217
-227
-237
-277
-287
-297
-457
-557
-657
-757
-857
-957
278
-271
-272
-273
-274
-275
-276
-279
-178
-188
-198
-288
-298
-378
-388
-398
-218
-228
-238
-248
-268
-478
-578
-678
-778
-878
-978
415
-411
-412
-413
-414
-416
-417
-418
-419
-425
-435
-515
-525
-535
-615
-625
-635
-455
-465
-475
-485
-495
-215
-315
-715
-815
-915
481
-482
-483
-484
-486
-487
-488
-489
-471
-491
-571
-581
-591
-671
-681
-691
-421
-441
-451
-461
-281
-381
-781
-881
-981
496
-492
-493
-494
-497
-498
-499
-476
-576
-586
-596
-676
-686
-696
-426
-436
-446
-456
-466
-196
-296
-396
-796
-896
-996
517
-511
-512
-513
-514
-516
-518
-519
-427
-437
-527
-537
-617
-627
-637
-547
-567
-577
-587
-597
-117
-317
-717
-817
-917
552
-551
-553
-554
-555
-556
-558
-559
-442
-452
-462
-542
-562
-642
-652
-662
-522
-532
-572
-582
-592
-152
-352
-752
-852
-952
683
-682
-684
-685
-687
-688
-689
-473
-573
-583
-593
-673
-693
-613
-623
-633
-643
-653
-663
-183
-283
-383
-783
-883
-983
741
-742
-743
-744
-746
-747
-748
-749
-751
-761
-841
-851
-861
-941
-951
-961
-711
-721
-771
-791
-241
-341
-541
-641
769
-762
-763
-764
-765
-766
-767
-768
-759
-849
-859
-869
-949
-959
-969
-719
-729
-739
-779
-789
-799
-169
-269
-369
-469
-569
-669
793
-792
-794
-795
-797
-798
-773
-873
-893
-973
-993
-713
-723
-733
-753
-193
-293
-393
814
-811
-812
-813
-816
-818
-819
-714
-724
-734
-824
-834
-914
-924
-934
-844
-854
-864
-874
-884
-894
-114
-214
-314
-614
827
-821
-822
-823
-825
-826
-828
-829
-727
-737
-837
-927
-937
-847
-867
-877
-887
-897
-127
-327
337
-332
-333
-334
-335
-336
-338
-339
-377
-387
-397
872
-871
-875
-876
-879
-772
-782
-882
-892
-972
-982
-992
891
-895
-898
-899
-971
-991
-832
-842
-862
371
-372
-373
-374
-375
-376
-379
-291
-391
173
-172
-174
-176
-177
-179
-113
-123
-153
-163
261
-262
-263
-264
-266
-351
-361
651
-654
-655
-656
-658
-659
-561
-661
521
-523
-524
-526
-528
-529
-611
-621
911
-912
-913
-916
-918
-919
-921
-472
-672
692
-694
-695
-697
-698
-699
-612
-622
-632
-192
-292
-392
928
-922
-923
-925
-926
-929
-718
-728
-738
-838
-938
-948
-958
-968
-988
-998
-128
-328
-428
-628
598
-594
-595
-599
-588
-538
-548
-568
-112
-116
118
-119
-318
-158
-168
-618
-122
-124
-126
129
-219
-229
-239
-319
-329
-159
-189
-199
619
-616
-429
-439
-539
-629
-639
-649
-679
-154
156
-166
-246
-346
-356
-366
-186
-756
-856
-956
-162
164
-244
-344
-354
-364
182
-184
-187
-282
-382
197
-194
-464
-564
-664
-964
-997
-212
213
-216
-223
-233
-313
-323
-243
423
-422
-424
432
-433
-434
-438
-533
638
-634
-636
-443
-453
-463
-648
-668
-232
-732
-932
222
-224
-225
-226
-312
316
-322
-236
-326
-242
249
-349
-359
286
-284
-285
-289
-386
-299
712
-716
-722
-449
-549
459
-454
-458
-479
-786
-886
-986
234
-235
-324
325
-294
295
-385
-395
624
-626
-534
536
-546
-566
-644
-674
-725
726
-736
735
-835
-935
-836
-936
-755
-775
-785
-776
976
-974
-975
-977
-979
-946
-966
579
-574
-575
-589
675
-677
-585
584
-474
477
444
-447
-448
-544
543
-563
565
-665
468
-467
-343
-843
-943
-944
-865
-965
-368
-868
774
-777
-784
-984
-994
-754
758
954
-953
-955
855
-853
-858
-848
846
-866
863
-963
787
-788
-987
888
-885
-889
-833
839
933
-939
-646
647
666
-667
-947
942
-962
967
-342
348
362
-363
353
-358
-384
389
394
-399
985
-989
-995
999
