135
-131
-132
-133
-134
-136
-137
-138
-139
-115
-125
-215
-225
-235
-315
-325
-335
-145
-155
-165
-175
-185
-195
-435
-535
-635
-735
-835
-935
174
-171
-172
-173
-176
-177
-178
-179
-184
-194
-274
-284
-294
-374
-384
-394
-114
-124
-144
-154
-164
-474
-574
-674
-774
-874
-974
181
-182
-183
-186
-187
-188
-189
-191
-271
-281
-291
-371
-381
-391
-111
-121
-141
-151
-161
-481
-581
-681
-781
-881
-981
212
-211
-213
-214
-216
-217
-218
-219
-112
-122
-222
-232
-312
-322
-332
-242
-252
-262
-272
-282
-292
-412
-512
-612
-712
-812
-912
268
-261
-263
-264
-265
-266
-267
-269
-148
-158
-168
-248
-258
-348
-358
-368
-228
-238
-278
-288
-298
-468
-568
-668
-768
-868
-968
375
-372
-373
-376
-377
-378
-379
-275
-285
-295
-385
-395
-345
-355
-365
-475
-575
-675
-775
-875
-975
452
-451
-453
-454
-455
-456
-457
-458
-459
-442
-462
-542
-552
-562
-642
-652
-662
-422
-432
-472
-482
-492
-152
-352
-752
-852
-952
466
-461
-463
-464
-465
-467
-469
-446
-546
-556
-566
-646
-656
-666
-416
-426
-436
-476
-486
-496
-166
-366
-766
-866
-966
498
-491
-493
-494
-495
-497
-499
-478
-488
-578
-588
-598
-678
-688
-698
-418
-428
-438
-448
-198
-398
388
-382
-383
-386
-387
-389
-318
-328
-338
-788
-888
-988
-798
-898
-998
525
-521
-522
-523
-524
-526
-527
-528
-529
-415
-425
-515
-615
-625
-545
-555
-565
-585
-595
-725
-825
-925
534
-531
-532
-533
-536
-537
-538
-539
-414
-424
-434
-514
-614
-624
-634
-544
-554
-564
-584
-594
-234
-334
-734
-834
-934
653
-651
-654
-655
-657
-658
-659
-443
-543
-553
-563
-643
-663
-613
-623
-633
-673
-683
-693
-153
-253
-353
-753
-853
-953
716
-711
-713
-714
-715
-717
-718
-719
-726
-736
-816
-826
-836
-916
-926
-936
-746
-756
-776
-786
-796
-116
-316
-516
-616
723
-721
-722
-724
-727
-728
-729
-733
-813
-823
-833
-913
-923
-933
-743
-763
-773
-783
-793
-123
-223
-323
-423
844
-841
-842
-843
-845
-846
-847
-848
-849
-744
-754
-764
-854
-864
-944
-954
-964
-814
-824
-884
-894
-244
-344
-444
484
-483
-485
-487
-489
-684
-694
445
-441
-447
-449
-645
-665
-644
664
-661
-667
-669
-245
255
-251
-254
-256
-257
-259
224
-221
-226
-227
-229
-314
-324
914
-911
-915
-917
-918
-919
-924
815
-811
-817
-818
-819
-855
-865
-885
-895
-984
-994
-745
-945
354
-351
-356
-357
-359
-364
-755
-955
-784
794
-791
-792
-795
-797
-799
877
-871
-872
-873
-876
-878
-879
-777
-787
-887
-897
-977
-987
-997
-827
-837
-857
-867
-277
-477
-577
-677
941
-942
-943
-946
-947
-948
-949
-741
-751
-761
-851
-861
-951
-961
-921
-931
-971
-991
-241
231
-233
-236
-237
-239
-311
-321
-331
-431
-631
-731
771
-772
-778
-779
-891
978
-972
-973
-976
-979
-928
-938
-958
-831
821
-822
-828
-829
-421
-621
-341
361
-362
-363
-367
-369
-541
-641
551
-557
-558
-559
-561
-511
-571
-591
-471
411
-413
-417
-419
-611
-671
691
-692
-695
-696
-697
-699
685
-682
-686
-687
-689
-785
765
-762
-767
-769
-965
-985
995
-992
-993
-996
-999
-113
-117
-118
119
128
-126
-127
-129
-319
-329
-339
-149
-159
-169
-199
-519
-619
-628
-142
-143
146
-147
-156
157
-246
-346
-167
-247
-347
-196
-197
-757
-957
162
-163
-342
-192
193
392
-393
-396
-397
-399
-273
-283
-293
243
-249
-343
349
742
-747
-748
-749
-862
-962
967
-963
-969
863
-869
-732
-782
789
-889
-899
-989
737
-738
-739
-927
-937
838
-832
-839
758
-759
-858
-883
-893
983
-982
-986
859
-856
956
-959
-337
-437
427
-429
-517
-617
618
-627
-637
-518
513
-433
439
-638
-629
-639
473
-479
-573
-583
-593
548
-547
-549
-648
647
-649
-567
569
-579
-589
-599
679
-672
-676
-313
317
333
-336
326
-327
-626
622
-632
636
-922
929
932
-939
572
-576
-582
-592
276
-279
-286
-296
882
-886
-892
896
586
-587
-596
597
287
-289
-297
299
