131
-132
-133
-134
-135
-136
-137
-138
-139
-111
-121
-211
-221
-231
-311
-321
-331
-141
-151
-161
-171
-181
-191
-431
-531
-631
-731
-831
-931
148
-142
-143
-144
-145
-146
-147
-149
-158
-168
-248
-258
-268
-348
-358
-368
-118
-128
-178
-188
-198
-448
-548
-648
-748
-848
-948
213
-212
-214
-215
-216
-217
-218
-219
-113
-123
-223
-233
-313
-323
-333
-243
-253
-263
-273
-283
-293
-413
-513
-613
-713
-813
-913
239
-232
-234
-235
-236
-237
-238
-119
-129
-229
-319
-329
-339
-249
-259
-269
-279
-289
-299
-439
-539
-639
-739
-839
-939
252
-251
-254
-255
-256
-257
-152
-162
-242
-262
-342
-352
-362
-222
-272
-282
-292
-452
-552
-652
-752
-852
-952
274
-271
-275
-276
-277
-278
-174
-184
-194
-284
-294
-374
-384
-394
-224
-244
-264
-474
-574
-674
-774
-874
-974
328
-322
-324
-325
-326
-327
-228
-318
-338
-378
-388
-398
-428
-528
-628
-728
-828
-928
345
-341
-343
-344
-346
-347
-349
-155
-165
-245
-265
-355
-365
-315
-335
-375
-385
-395
-445
-545
-645
-745
-845
-945
397
-391
-392
-393
-396
-399
-177
-187
-197
-287
-297
-377
-387
-317
-337
-357
-367
-497
-597
-697
-797
-897
-997
423
-421
-422
-424
-425
-426
-427
-429
-433
-523
-533
-623
-633
-443
-453
-463
-473
-483
-493
-723
-823
-923
449
-441
-442
-444
-446
-447
-459
-469
-549
-559
-569
-649
-659
-669
-419
-479
-489
-499
-749
-849
-949
451
-454
-455
-456
-457
-458
-461
-541
-551
-561
-641
-651
-661
-411
-471
-481
-491
-351
-751
-851
-951
529
-521
-522
-524
-525
-526
-527
-519
-619
-629
-579
-589
-599
-729
-829
-929
582
-581
-583
-584
-585
-586
-587
-588
-472
-482
-492
-572
-592
-672
-682
-692
-512
-532
-542
-562
-182
-382
-782
-882
-982
655
-653
-654
-656
-657
-658
-465
-555
-565
-665
-615
-625
-635
-675
-685
-695
-755
-855
-955
663
-662
-664
-666
-667
-668
-543
-553
-563
-643
-673
-683
-693
-163
-363
-763
-863
-963
687
-681
-684
-686
-688
-689
-477
-487
-577
-677
-617
-627
-637
-647
-787
-887
-987
716
-711
-712
-714
-715
-717
-718
-719
-726
-736
-816
-826
-836
-916
-926
-936
-746
-756
-766
-776
-786
-796
-116
-316
-416
-516
-616
767
-761
-762
-764
-765
-768
-769
-747
-757
-847
-857
-867
-947
-957
-967
-727
-737
-777
-167
-267
-467
-567
784
-781
-783
-785
-788
-789
-794
-884
-894
-984
-994
-724
-734
-744
-754
-484
838
-832
-833
-834
-835
-837
-738
-818
-918
-938
-858
-868
-878
-888
-898
-438
-538
-638
856
-853
-854
-859
-846
-866
-946
-956
-966
-876
-886
-896
-156
-356
-556
877
-871
-872
-873
-875
-879
-977
-817
-827
893
-891
-892
-895
-899
-773
-793
-883
-973
-983
-993
-843
-193
-593
573
-571
-575
-576
-578
-173
-373
961
-962
-964
-965
-968
-969
-741
-841
-861
-941
865
-862
-864
-869
-815
-825
-885
-911
-921
-971
-981
-991
241
-246
-247
-261
266
-361
-166
-366
157
-153
-154
-159
353
-354
-359
183
-185
-186
-189
-383
-117
-127
227
-225
-226
-281
-291
-286
-296
-927
547
-544
-546
-557
-517
-537
646
-642
-644
462
-464
-466
-468
-566
-412
-432
-626
-636
-676
-696
126
-122
-124
-125
115
-112
-114
-336
164
-169
-364
369
-175
-195
-176
-196
-379
-389
-415
-515
-915
-753
-953
-564
568
554
-558
-514
-534
-594
-518
511
-611
-621
-591
-598
-811
-954
975
-972
-976
-978
-979
-775
-795
-985
-995
-925
-935
725
-721
-722
821
-822
-824
-735
-881
889
-779
-799
-989
-999
759
-758
958
-959
-819
919
-912
-914
-917
937
-932
-933
-934
733
-732
-743
742
-842
844
-942
943
-944
-772
-792
992
-996
-998
986
-988
812
-814
-922
924
-312
314
332
-334
-372
-612
-414
-614
618
-418
417
-437
-678
-698
622
-624
-632
634
-434
494
-495
-496
-498
-694
172
-179
-192
199
-475
679
-671
691
-699
381
-386
-371
376
771
-778
-791
798
-476
478
-488
-486
485
-595
596
-435
436
535
-536
-285
288
295
-298
