137
-131
-132
-133
-134
-135
-136
-138
-139
-117
-127
-217
-227
-237
-317
-327
-337
-147
-157
-167
-177
-187
-197
-437
-537
-637
-737
-837
-937
181
-182
-183
-184
-185
-186
-188
-189
-171
-191
-271
-281
-291
-371
-381
-391
-111
-121
-141
-151
-161
-481
-581
-681
-781
-881
-981
228
-221
-222
-223
-224
-225
-226
-229
-118
-128
-218
-238
-318
-328
-338
-248
-258
-268
-278
-288
-298
-428
-528
-628
-728
-828
-928
265
-261
-262
-263
-264
-266
-267
-269
-145
-155
-165
-245
-255
-345
-355
-365
-215
-235
-275
-285
-295
-465
-565
-665
-765
-865
-965
384
-382
-383
-385
-386
-387
-388
-389
-174
-194
-274
-284
-294
-374
-394
-314
-324
-334
-344
-354
-364
-484
-584
-684
-784
-884
-984
413
-411
-412
-414
-415
-416
-417
-418
-419
-423
-433
-513
-523
-533
-613
-623
-633
-443
-453
-463
-473
-483
-493
-113
-213
-313
-713
-813
-913
425
-421
-422
-424
-426
-427
-429
-435
-515
-525
-535
-615
-625
-635
-445
-455
-475
-485
-495
-125
-325
-725
-825
-925
472
-471
-474
-476
-477
-478
-479
-482
-492
-572
-582
-592
-672
-682
-692
-432
-442
-452
-462
-172
-272
-372
-772
-872
-972
541
-542
-543
-544
-545
-546
-547
-548
-549
-441
-451
-461
-551
-561
-641
-651
-661
-511
-521
-531
-571
-591
-241
-341
-741
-841
-941
678
-671
-673
-674
-675
-676
-677
-679
-488
-498
-578
-588
-598
-688
-698
-618
-638
-648
-658
-668
-178
-378
-778
-878
-978
736
-731
-732
-733
-734
-735
-738
-739
-716
-726
-816
-826
-836
-916
-926
-936
-746
-756
-766
-776
-786
-796
-236
-336
-436
-536
-636
744
-742
-743
-745
-747
-748
-749
-754
-764
-844
-854
-864
-944
-954
-964
-714
-724
-774
-794
-144
-244
-444
-644
751
-752
-753
-755
-757
-758
-759
-761
-851
-861
-951
-961
-711
-721
-771
-791
-251
-351
361
-362
-363
-366
-367
-368
-369
-311
-321
-331
812
-811
-814
-815
-817
-818
-819
-712
-722
-822
-832
-912
-922
-932
-842
-852
-862
-882
-892
-112
-212
-312
-512
-612
875
-871
-873
-874
-876
-877
-879
-775
-785
-795
-885
-895
-975
-985
-995
715
-717
-718
-719
-835
-915
-935
-845
-855
-115
-315
335
-332
-333
-339
-375
-395
971
-973
-974
-976
-977
-979
-891
-991
-911
-921
-931
574
-573
-575
-576
-577
-579
-494
-594
-694
-514
-524
-534
-554
-564
-175
195
-192
-193
-196
-198
-199
398
-392
-393
-396
-397
-399
-348
-358
-595
-695
-798
-898
-998
893
-894
-896
-897
-899
-773
-783
-793
-883
-983
-993
994
-992
-996
-997
-999
-823
-833
-843
-853
-863
-914
-924
-934
-293
-593
-693
947
-942
-943
-945
-946
-948
-949
955
-952
-953
-956
-957
-958
-959
-767
-847
-857
-867
-967
-917
-927
-987
645
-642
-643
-646
-647
-649
-555
-655
585
-583
-586
-587
-589
683
-685
-686
-687
-689
-653
-663
-247
-347
-447
-283
114
-116
-119
-124
-214
-234
-154
-164
254
-252
-253
-256
-257
-259
357
-352
-353
-356
-359
-377
-614
-454
-654
-457
-557
-657
122
-123
-126
-129
-232
-322
-142
-152
-162
342
-343
-346
-349
-242
-522
-622
143
-146
-148
-149
-153
-163
-243
-173
553
-552
-556
-558
-559
-563
652
-656
-659
-562
-662
532
-538
-539
-632
-156
-158
159
168
-166
-169
246
-249
176
-179
-276
-286
-296
-376
-216
-446
-846
-459
-859
-468
-568
518
-516
-517
-519
-438
617
-611
-616
-619
-527
-627
-667
-697
211
-219
-231
316
-319
-326
-918
919
-729
-829
-839
-929
923
-723
727
-933
-827
-939
938
-838
763
-762
-768
-769
962
-963
-966
-968
-969
-777
779
-789
-799
-889
-989
-787
-797
792
-782
788
-982
887
-886
-888
986
-988
-323
329
233
-239
-273
373
-379
-529
526
-626
-566
-596
-629
-868
277
-279
-287
-297
282
-289
-292
299
-486
-487
489
-499
-599
597
-497
-699
467
-464
-466
-469
664
-666
-669
456
-458
-567
569
448
-449
434
-431
-439
-624
621
-631
-634
639
491
-496
-691
696
-821
824
831
-834
-848
849
858
-856
866
-869
