146
-141
-142
-143
-144
-145
-147
-148
-149
-156
-166
-246
-256
-266
-346
-356
-366
-116
-126
-136
-176
-186
-196
-446
-546
-646
-746
-846
-946
174
-171
-172
-173
-175
-177
-178
-179
-184
-194
-274
-284
-294
-374
-384
-394
-114
-124
-134
-154
-164
-474
-574
-674
-774
-874
-974
182
-181
-183
-185
-187
-188
-189
-192
-272
-282
-292
-372
-382
-392
-112
-122
-132
-152
-162
-482
-582
-682
-782
-882
-982
215
-211
-212
-213
-214
-216
-217
-218
-219
-115
-125
-135
-225
-235
-315
-325
-335
-245
-255
-265
-275
-285
-295
-415
-515
-615
-715
-815
-915
231
-232
-233
-234
-236
-237
-238
-239
-111
-121
-131
-221
-311
-321
-331
-241
-251
-261
-271
-281
-291
-431
-531
-631
-731
-831
-931
343
-341
-342
-344
-345
-347
-348
-349
-153
-163
-243
-253
-263
-353
-363
-313
-323
-333
-373
-383
-393
-443
-543
-643
-743
-843
-943
451
-452
-453
-454
-455
-456
-457
-458
-459
-441
-461
-541
-551
-561
-641
-651
-661
-411
-421
-471
-481
-491
-151
-351
-751
-851
-951
468
-462
-463
-464
-465
-466
-467
-469
-448
-548
-558
-568
-648
-658
-668
-418
-428
-438
-478
-488
-498
-168
-268
-368
-768
-868
-968
517
-511
-512
-513
-514
-516
-518
-519
-417
-427
-437
-527
-537
-617
-627
-637
-547
-557
-567
-577
-587
-597
-117
-317
-717
-817
-917
555
-552
-553
-554
-556
-559
-445
-545
-565
-645
-655
-665
-525
-535
-575
-585
-595
-155
-355
-755
-855
-955
626
-621
-622
-623
-624
-625
-628
-629
-416
-426
-436
-526
-536
-616
-636
-656
-666
566
-562
-563
-564
-569
-576
-586
-596
-676
-686
-696
-226
-326
-726
-826
-926
-766
-866
-966
684
-681
-683
-685
-687
-688
-689
-484
-494
-584
-594
-694
-614
-634
-644
-654
-664
-784
-884
-984
778
-771
-772
-773
-775
-776
-777
-779
-788
-798
-878
-888
-898
-978
-988
-998
-718
-728
-738
-748
-758
-278
-378
-578
-678
795
-791
-792
-793
-794
-796
-797
-799
-785
-875
-885
-895
-975
-985
-995
-725
-735
-745
-765
-195
165
-161
-167
-169
361
-362
-364
-365
-367
-369
191
-193
-197
-198
-199
-371
-381
-391
-761
-861
-961
-865
-965
-591
-691
-891
-991
-395
-495
-695
822
-821
-823
-824
-825
-827
-828
-829
-712
-722
-732
-812
-832
-912
-922
-932
-842
-852
-862
-872
-892
-222
-322
-422
-522
847
-841
-844
-845
-848
-849
945
-941
-942
-944
-947
-948
-949
741
-742
-744
-747
-749
-757
-767
-857
-867
-957
-967
-711
-721
-781
835
-833
-834
-836
-837
-838
-839
-925
-935
-877
-887
-897
425
-423
-424
-429
-435
-635
-475
-485
675
-671
-672
-673
-677
-679
611
-612
-613
-618
-619
-521
-811
-911
921
-923
-924
-927
-928
-929
-971
-981
-247
-447
-647
248
-242
-244
-249
-158
-258
-358
-228
-288
-298
-375
385
-386
-387
-388
-389
398
-396
-397
-399
-318
-328
-338
588
-581
-583
-589
571
-572
-573
-579
-598
-698
-528
-538
638
-632
-633
-639
128
-123
-127
-129
-118
-138
-938
-871
881
-883
-886
-889
979
-972
-973
-976
-977
992
-993
-994
-996
-997
-999
894
-893
-896
-899
-789
-879
-989
-814
-854
-864
-952
-962
-919
-939
-959
-969
472
-473
-476
-477
-479
-492
-592
-692
-412
-432
532
-533
-534
-539
-442
-542
312
-314
-316
-319
-332
336
-334
-337
-339
-352
-376
-736
-936
642
-649
-652
-662
-279
-379
377
-277
-287
-297
-327
-357
113
-119
-133
-223
-413
-713
-813
-913
-137
139
227
-224
-229
324
-329
157
-159
-257
-267
-354
359
-259
-269
-524
544
-549
-444
449
-659
-669
-419
414
-434
-439
433
-523
529
-483
-493
-489
-499
593
-599
-693
699
-697
-714
-914
723
-724
-727
-729
-733
-933
-753
-763
-783
-739
-657
653
-663
667
-853
-953
-759
-859
289
-283
-286
-299
983
-986
-987
-873
876
-786
787
-737
734
-934
937
-754
-764
863
-869
-963
964
-954
769
-762
752
-756
716
-719
-816
-916
918
-818
819
-856
858
956
-958
-252
254
262
-264
273
-276
-293
296
486
-487
-496
497
