122
-121
-123
-124
-125
-126
-127
-128
-129
-112
-132
-212
-222
-232
-312
-322
-332
-142
-152
-162
-172
-182
-192
-422
-522
-622
-722
-822
-922
147
-141
-143
-144
-145
-146
-148
-149
-157
-167
-247
-257
-267
-347
-357
-367
-117
-137
-177
-187
-197
-447
-547
-647
-747
-847
-947
159
-151
-153
-154
-155
-156
-158
-169
-249
-259
-269
-349
-359
-369
-119
-139
-179
-189
-199
-459
-559
-659
-759
-859
-959
211
-213
-214
-215
-216
-217
-218
-219
-111
-131
-221
-231
-311
-321
-331
-241
-251
-261
-271
-281
-291
-411
-511
-611
-711
-811
-911
296
-292
-293
-294
-295
-297
-298
-299
-176
-186
-196
-276
-286
-376
-386
-396
-226
-236
-246
-256
-266
-496
-596
-696
-796
-896
-996
377
-371
-372
-373
-374
-375
-378
-379
-277
-287
-387
-397
-317
-327
-337
-477
-577
-677
-777
-877
-977
446
-441
-442
-443
-444
-445
-448
-449
-456
-466
-546
-556
-566
-646
-656
-666
-416
-426
-436
-476
-486
-346
-746
-846
-946
461
-462
-463
-464
-465
-467
-468
-469
-451
-541
-551
-561
-641
-651
-661
-421
-431
-471
-481
-491
-161
-361
-761
-861
-961
484
-482
-483
-485
-487
-488
-489
-474
-494
-574
-584
-594
-674
-684
-694
-414
-424
-434
-454
-184
-284
-384
-784
-884
-984
525
-521
-523
-524
-526
-527
-528
-529
-415
-425
-435
-515
-535
-615
-625
-635
-545
-555
-565
-575
-585
-595
-225
-325
-725
-825
-925
578
-571
-572
-573
-576
-579
-478
-498
-588
-598
-678
-688
-698
-518
-538
-548
-558
-568
-178
-278
-778
-878
-978
643
-642
-644
-645
-648
-649
-453
-543
-553
-563
-653
-663
-613
-623
-633
-673
-683
-693
-243
-343
-743
-843
-943
755
-751
-752
-753
-754
-756
-757
-758
-745
-765
-845
-855
-865
-945
-955
-965
-715
-735
-775
-785
-795
-255
-355
-455
-655
665
-662
-664
-667
-668
-669
-675
-685
-695
-165
-265
-365
772
-771
-773
-774
-776
-779
-782
-792
-872
-882
-892
-972
-982
-992
-712
-732
-742
-762
-272
-472
-672
789
-781
-783
-786
-787
-788
-799
-879
-889
-899
-979
-989
-999
-719
-729
-739
-749
-769
-289
-389
-589
-689
813
-812
-814
-815
-816
-817
-818
-819
-713
-723
-733
-823
-833
-913
-923
-933
-853
-863
-873
-883
-893
-113
-313
-413
-513
916
-912
-914
-915
-917
-918
-919
-716
-726
-736
-826
-836
-926
-936
766
-763
-764
-767
-768
-856
-866
-956
-966
793
-791
-794
-797
-798
-973
-983
-993
-976
-986
-116
-316
-516
-616
356
-351
-352
-353
-354
-358
341
-342
-344
-345
-348
245
-242
-244
-248
-166
-366
136
-133
-134
-135
-138
-326
-336
-235
-275
-285
-381
-391
626
-621
-624
-627
-628
-629
-536
-636
586
-581
-582
-583
-587
-676
-686
-741
-841
-941
876
-871
-874
-875
-886
-193
-393
-493
-593
473
-475
-479
495
-492
-497
-499
-423
-433
533
-531
-532
-534
-537
-539
631
-632
-634
-637
-638
-639
591
-592
-597
-599
-671
679
-681
-691
-699
-619
-731
721
-724
-727
-728
-821
-831
-921
-931
-233
-333
-173
-273
-279
274
-174
-194
-394
399
-392
-395
-398
-224
-234
-254
-264
-319
-329
-339
-974
-191
-891
-991
692
-697
-682
687
-612
-652
-617
-657
-887
-987
-195
198
-188
-288
-388
-118
-168
-895
-995
-898
-998
-114
115
-315
-335
164
-163
-364
183
-181
-185
171
-175
-283
282
-382
-383
385
-252
-262
362
-363
-368
323
-324
-328
-223
-562
-862
-962
-564
-864
-964
-971
975
-885
-985
835
-832
-834
-837
-838
-839
932
-934
-935
-937
-938
-939
-942
-952
-432
227
-228
-229
-237
239
-238
-427
-827
-927
-439
253
-258
-263
268
-953
963
-967
-968
-969
-868
-314
318
334
-338
-418
-618
614
-514
-654
658
-458
-714
-718
717
-737
-417
-517
437
-438
428
-429
-457
452
-542
-552
-412
419
512
-519
-828
-928
738
-734
744
-748
-844
-854
-944
-954
842
-848
-849
-852
-544
549
554
-557
567
-569
948
-949
-858
-958
869
-867
888
-881
981
-988
851
-857
-951
957
897
-894
994
-997
824
-829
-924
929
