134
-131
-132
-133
-135
-136
-137
-138
-139
-114
-124
-214
-224
-234
-314
-324
-334
-144
-154
-164
-174
-184
-194
-434
-534
-634
-734
-834
-934
143
-141
-142
-145
-146
-147
-148
-149
-153
-163
-243
-253
-263
-343
-353
-363
-113
-123
-173
-183
-193
-443
-543
-643
-743
-843
-943
216
-211
-212
-213
-215
-217
-218
-219
-116
-126
-226
-236
-316
-326
-336
-246
-256
-266
-276
-286
-296
-416
-516
-616
-716
-816
-916
285
-281
-282
-283
-284
-287
-288
-289
-175
-185
-195
-275
-295
-375
-385
-395
-225
-235
-245
-255
-265
-485
-585
-685
-785
-885
-985
381
-382
-383
-384
-386
-387
-388
-389
-171
-181
-191
-271
-291
-371
-391
-311
-321
-331
-341
-351
-361
-481
-581
-681
-781
-881
-981
442
-441
-444
-445
-446
-447
-448
-449
-452
-462
-542
-552
-562
-642
-652
-662
-412
-422
-432
-472
-482
-492
-242
-342
-742
-842
-942
474
-471
-473
-475
-476
-477
-478
-479
-484
-494
-574
-584
-594
-674
-684
-694
-414
-424
-454
-464
-274
-374
-774
-874
-974
498
-491
-493
-495
-496
-497
-499
-488
-578
-588
-598
-678
-688
-698
-418
-428
-438
-458
-468
-198
-298
-398
-798
-898
-998
515
-511
-512
-513
-514
-517
-518
-519
-415
-425
-435
-525
-535
-615
-625
-635
-545
-555
-565
-575
-595
-115
-315
-715
-815
-915
521
-522
-523
-524
-526
-527
-528
-529
-411
-421
-431
-531
-611
-621
-631
-541
-551
-561
-571
-591
-121
-221
-721
-821
-921
566
-563
-564
-567
-568
-569
-456
-466
-546
-556
-646
-656
-666
-536
-576
-586
-596
-166
-366
-766
-866
-966
617
-612
-613
-614
-618
-619
624
-622
-623
-626
-627
-628
-629
-417
-427
-437
-537
-637
-644
-654
-664
-647
-657
-667
-677
-687
-697
-117
-317
-717
-817
-917
-724
-824
-924
748
-741
-744
-745
-746
-747
-749
-758
-768
-848
-858
-868
-948
-958
-968
-718
-728
-738
-778
-788
-248
-348
-548
-648
754
-751
-752
-753
-755
-756
-757
-759
-764
-844
-854
-864
-944
-954
-964
-714
-784
-794
-254
-354
-554
544
-547
-549
-244
-344
779
-771
-772
-773
-775
-776
-777
-789
-799
-879
-889
-899
-979
-989
-999
-719
-729
-739
-769
-179
-279
-379
-579
-679
873
-871
-872
-875
-876
-877
-878
-783
-793
-883
-893
-973
-983
-993
-813
-823
-833
-853
-863
-273
-373
-573
-673
911
-912
-913
-914
-918
-919
-711
-731
-811
-831
-931
814
-812
-818
-819
-884
-894
-941
-951
-961
-971
-991
-111
231
-232
-233
-237
-238
-239
-241
-251
-261
671
-672
-675
-676
-691
695
-692
-693
-696
-699
-641
-651
-661
-645
649
-459
-469
-559
-659
-669
-655
-665
-639
-689
841
-845
-846
-847
-849
-761
-851
-861
791
-792
-795
-796
-797
-891
-249
247
-157
-167
-257
-267
-347
-357
-367
-227
-277
-297
-947
-349
-949
975
-972
-976
-977
-978
-895
-995
-925
-935
-945
946
-856
-956
-955
-965
-926
-936
-986
-996
345
-346
-155
-165
-355
-365
125
-122
-127
-128
-129
-325
-335
-725
-825
984
-982
-987
-988
-994
888
-882
-886
-887
-828
-838
-188
-112
118
-119
-228
-318
-328
-338
-158
-168
-178
928
-922
-923
-927
-929
-938
-151
161
-162
-169
451
-453
-455
-457
-461
465
-463
-467
557
-553
-558
487
-483
-486
-489
686
-682
-683
-577
572
-582
-592
-587
-597
-532
632
-633
-636
-638
538
-533
-539
-332
-732
-832
-932
855
-852
-857
-859
-765
-865
735
-733
-736
-737
-835
-957
-172
-272
278
-378
-258
-268
-372
583
-589
-593
599
-186
-786
896
-892
-897
726
-722
-723
-727
-826
-836
-426
436
-433
-439
-187
-787
782
-992
997
-712
713
822
-827
-829
-933
-762
-763
767
-867
-967
-862
869
-959
-969
837
-839
-937
939
312
-313
-319
-222
-322
-352
-362
-392
-413
419
423
-429
-223
229
-329
-339
293
-292
-294
-299
-393
394
-396
-397
-399
264
-262
-269
-364
252
-259
-152
-323
327
333
-337
-377
376
-176
177
-196
-197
156
-159
-356
-952
953
962
-963
-653
658
663
-668
-358
359
368
-369
-182
189
192
-199
