139
-131
-132
-133
-134
-135
-136
-137
-138
-119
-129
-219
-229
-239
-319
-329
-339
-149
-159
-169
-179
-189
-199
-439
-539
-639
-739
-839
-939
167
-161
-162
-163
-164
-165
-166
-168
-147
-157
-247
-257
-267
-347
-357
-367
-117
-127
-177
-187
-197
-467
-567
-667
-767
-867
-967
243
-241
-242
-244
-245
-246
-248
-249
-143
-153
-253
-263
-343
-353
-363
-213
-223
-233
-273
-283
-293
-443
-543
-643
-743
-843
-943
268
-261
-262
-264
-265
-266
-269
-148
-158
-258
-348
-358
-368
-218
-228
-238
-278
-288
-298
-468
-568
-668
-768
-868
-968
294
-291
-292
-295
-296
-297
-299
-174
-184
-194
-274
-284
-374
-384
-394
-214
-224
-234
-254
-494
-594
-694
-794
-894
-994
331
-332
-333
-334
-335
-336
-337
-338
-111
-121
-211
-221
-231
-311
-321
-341
-351
-361
-371
-381
-391
-431
-531
-631
-731
-831
-931
344
-342
-345
-346
-349
-144
-154
-354
-364
-314
-324
-444
-544
-644
-744
-844
-944
352
-355
-356
-359
-142
-152
-252
-362
-312
-322
-372
-382
-392
-452
-552
-652
-752
-852
-952
376
-373
-375
-377
-378
-379
-176
-186
-196
-276
-286
-386
-396
-316
-326
-366
-476
-576
-676
-776
-876
-976
395
-393
-397
-398
-399
-175
-185
-195
-275
-285
-385
-315
-325
-365
369
-259
-389
-469
-569
-669
-769
-869
-969
-495
-595
-695
-795
-895
-995
523
-521
-522
-524
-525
-526
-527
-528
-529
-413
-423
-433
-513
-533
-613
-623
-633
-553
-563
-573
-583
-593
-123
-323
-723
-823
-923
532
-534
-535
-536
-537
-538
-412
-422
-432
-512
-612
-622
-632
-542
-562
-572
-582
-592
-232
-732
-832
-932
555
-551
-554
-556
-557
-558
-559
-445
-455
-465
-545
-565
-645
-655
-665
-515
-575
-585
-155
-255
145
-141
-146
-115
-125
-745
-845
-945
-755
-855
-955
578
-571
-574
-577
-579
-478
-488
-498
-588
-598
-678
-688
-698
-518
-548
-178
-778
-878
-978
597
-591
-596
-599
-477
-487
-497
-587
-677
-687
-697
-517
-547
-797
-897
-997
675
-671
-672
-673
-674
-679
-475
-485
-685
-615
-625
-635
-775
-875
-975
714
-711
-712
-713
-715
-716
-717
-718
-719
-724
-734
-814
-824
-834
-914
-924
-934
-754
-764
-774
-784
-114
124
-122
-126
-128
-414
-514
-614
-424
-624
758
-751
-753
-756
-757
-759
-748
-848
-858
-948
-958
-728
-738
-788
-798
-458
-658
833
-835
-836
-837
-838
-733
-813
-913
-933
-853
-863
-873
-883
-893
884
-881
-882
-885
-886
-887
-888
-889
-874
-974
-984
-854
-864
474
-471
-472
-473
-479
-484
-584
-684
-434
634
-636
-637
-638
-454
-464
564
-561
-566
-654
-664
954
-951
-953
-956
-957
-959
-964
892
-891
-896
-898
-899
-772
-782
-792
-872
-972
-982
-992
-812
-822
-842
-862
-192
-492
-692
927
-921
-922
-925
-926
-928
-929
-727
-737
-817
-827
-917
-937
-947
-977
-987
-227
-327
328
-118
-318
-388
-427
-627
-428
-628
-828
818
-811
-815
-816
-819
-918
-938
-418
-618
438
-435
-436
-437
-448
648
-641
-642
-646
-647
-649
237
-235
-236
-217
-317
313
-113
-277
-287
387
-383
-787
963
-961
-962
-965
-966
-763
-973
-983
-993
-463
-663
986
-981
-985
-988
-989
785
-781
-783
-786
-789
-796
-996
998
-991
-999
-725
-735
736
-726
-826
-916
-936
935
-825
-915
-765
865
-861
-866
-746
-766
-946
-486
-586
-686
188
-181
-182
-183
-198
112
-116
-212
-222
-172
156
-151
251
-256
-271
-281
-912
722
-721
-729
-742
-762
761
-741
-841
-851
-941
942
-949
-771
-791
-442
-451
-651
-456
-656
-856
846
-847
-849
-446
-546
516
-511
-519
-416
-426
-616
-626
-216
215
-225
226
-415
425
-421
-429
-461
-661
272
-279
-282
289
-489
-589
581
-481
-491
-681
-691
-541
549
441
-447
-449
-459
-659
-411
747
-749
-857
859
-777
877
-871
-879
971
-979
821
-829
-911
919
611
-617
-619
-621
629
417
-419
-457
453
-653
657
-483
482
-682
-462
466
662
-666
-493
-496
499
696
-693
-699
683
-689
-171
173
191
-193
-773
779
793
-799
