124
-121
-122
-123
-125
-126
-127
-128
-129
-114
-134
-214
-224
-234
-314
-324
-334
-144
-154
-164
-174
-184
-194
-424
-524
-624
-724
-824
-924
152
-151
-153
-155
-156
-157
-158
-159
-142
-162
-242
-252
-262
-342
-352
-362
-112
-132
-172
-182
-192
-452
-552
-652
-752
-852
-952
171
-173
-175
-176
-177
-178
-179
-181
-191
-271
-281
-291
-371
-381
-391
-111
-131
-141
-161
-471
-571
-671
-771
-871
-971
239
-231
-232
-233
-235
-236
-237
-238
-119
-139
-219
-229
-319
-329
-339
-249
-259
-269
-279
-289
-299
-439
-539
-639
-739
-839
-939
266
-261
-263
-264
-265
-267
-268
-146
-166
-246
-256
-346
-356
-366
-216
-226
-276
-286
-296
-466
-566
-666
-766
-866
-966
277
-272
-273
-274
-275
-278
-187
-197
-287
-297
-377
-387
-397
-217
-227
-247
-257
-477
-577
-677
-777
-877
-977
325
-321
-322
-323
-326
-327
-328
-115
-135
-215
-225
-315
-335
-345
-355
-365
-375
-385
-395
-425
-525
-625
-725
-825
-925
361
-363
-364
-367
-368
-369
-241
-251
-341
-351
-311
-331
-461
-561
-661
-761
-861
-961
436
-431
-432
-433
-434
-435
-437
-438
-416
-426
-516
-526
-536
-616
-626
-636
-446
-456
-476
-486
-496
-136
-336
-736
-836
-936
451
-453
-454
-455
-457
-458
-459
-441
-541
-551
-641
-651
-411
-421
-481
-491
-751
-851
-951
465
-462
-463
-464
-467
-468
-469
-445
-545
-555
-565
-645
-655
-665
-415
-475
-485
-495
-165
-765
-865
-965
527
-521
-522
-523
-528
-529
-417
-427
-517
-537
-617
-627
-637
-547
-557
-567
-587
-597
-727
-827
-927
585
-581
-582
-583
-584
-586
-588
-589
-575
-595
-675
-685
-695
-515
-535
-185
-285
-785
-885
-985
649
-642
-643
-644
-646
-647
-648
-449
-549
-559
-569
-659
-669
-619
-629
-679
-689
-699
-149
-349
-749
-849
-949
657
-653
-654
-656
-658
-447
-667
-687
-697
-357
-757
-857
-957
676
-672
-673
-674
-678
-576
-596
-686
-696
-376
-776
-876
-976
743
-741
-742
-744
-745
-746
-747
-748
-753
-763
-843
-853
-863
-943
-953
-963
-713
-723
-733
-773
-783
-793
-143
-243
-343
-443
-543
772
-774
-775
-778
-779
-782
-792
-872
-882
-892
-972
-982
-992
-712
-722
-732
-762
-372
-472
-572
789
-781
-784
-786
-787
-788
-799
-879
-889
-899
-979
-989
-999
-719
-729
-759
-769
-189
-389
-489
834
-831
-832
-833
-835
-837
-838
-714
-734
-814
-914
-934
-844
-854
-864
-874
-884
-894
-534
-634
842
-841
-845
-846
-847
-848
941
-942
-944
-945
-946
-947
-948
-862
-962
-812
-822
-911
-921
-931
-981
-991
-442
-542
546
-544
-548
-556
875
-873
-878
-795
-895
-975
-995
-815
-855
938
-932
-933
-935
-937
-718
-728
-738
-818
-828
-918
-928
-958
-968
-978
-988
-998
-138
-338
-538
-638
954
-955
-956
-959
-754
-764
-964
755
-756
-758
856
-858
-859
794
-791
-796
-797
-798
-974
973
-883
-893
-983
-993
-984
-994
-715
-735
915
-912
-913
-916
-917
-919
922
-923
-926
-929
768
-767
-868
-816
-826
-886
-896
969
-967
867
-869
-817
-887
-897
-615
635
-631
-632
-633
-222
-422
-622
726
-721
-716
-254
-354
-554
-255
359
-353
-358
-169
199
-193
-195
-196
-198
295
-292
-293
-294
-298
-379
-399
145
-147
-148
-245
347
-344
-348
244
-248
-167
-284
-317
-337
-444
448
-558
553
-563
-663
-568
-668
-418
-428
-478
-488
-498
-513
-533
-573
-593
-253
258
163
-168
-113
-133
137
-117
-183
-218
-228
-288
717
-711
-737
731
-811
-821
628
-621
-623
-518
-618
-688
-698
221
-223
-211
-531
532
-412
-512
-612
-562
564
662
-664
-592
-514
-574
-594
-682
-692
-332
333
-213
212
-312
-313
-282
283
-373
-383
-393
-473
-483
-683
-394
-494
-694
-499
-599
986
-987
-996
997
-186
188
-378
374
-384
-388
-398
116
-118
-316
318
-474
479
-579
578
-598
591
-681
684
-691
693
-493
-484
414
-413
-419
-614
423
-429
-613
611
-511
519
813
-819
-823
829
881
-888
-891
898
-386
382
-392
396
-482
487
492
-497
