145
-141
-142
-143
-144
-146
-147
-148
-149
-155
-165
-245
-255
-265
-345
-355
-365
-115
-125
-135
-175
-185
-195
-445
-545
-645
-745
-845
-945
188
-181
-182
-183
-184
-186
-187
-189
-178
-198
-278
-288
-298
-378
-388
-398
-118
-128
-138
-158
-168
-488
-588
-688
-788
-888
-988
228
-221
-222
-223
-224
-225
-226
-227
-229
-218
-238
-318
-328
-338
-248
-258
-268
-428
-528
-628
-728
-828
-928
382
-381
-383
-384
-385
-386
-387
-389
-172
-192
-272
-282
-292
-372
-392
-312
-322
-332
-342
-352
-362
-482
-582
-682
-782
-882
-982
396
-391
-393
-394
-395
-397
-399
-176
-196
-276
-286
-296
-376
-316
-326
-336
-346
-356
-366
-496
-596
-696
-796
-896
-996
419
-411
-412
-413
-414
-415
-416
-417
-418
-429
-439
-519
-529
-539
-619
-629
-639
-449
-459
-469
-479
-489
-499
-119
-219
-319
-719
-819
-919
426
-421
-422
-423
-424
-425
-427
-436
-516
-526
-536
-616
-626
-636
-446
-456
-466
-476
-486
-126
-726
-826
-926
462
-461
-463
-464
-465
-467
-468
-442
-452
-542
-552
-562
-642
-652
-662
-432
-472
-492
-162
-262
-762
-862
-962
494
-491
-493
-495
-497
-498
-474
-484
-574
-584
-594
-674
-684
-694
-434
-444
-454
-194
-294
-794
-894
-994
525
-521
-522
-523
-524
-527
-435
-515
-535
-615
-625
-635
-555
-565
-575
-585
-595
-325
-725
-825
-925
559
-551
-553
-554
-556
-557
-558
-549
-569
-649
-659
-669
-579
-589
-599
-159
-259
-359
-759
-859
-959
581
-583
-586
-587
-471
-481
-571
-591
-671
-681
-691
-511
-531
-541
-561
-281
-781
-881
-981
612
-611
-613
-614
-617
-618
-512
-532
-622
-632
-672
-692
-112
-212
-712
-812
-912
676
-673
-675
-677
-678
-679
-576
-686
-646
-656
-666
-776
-876
-976
717
-711
-713
-714
-715
-716
-718
-727
-737
-817
-827
-837
-917
-927
-937
-747
-757
-767
-777
-787
-797
-117
-217
-317
-517
731
-732
-733
-734
-735
-736
-738
-739
-721
-811
-821
-831
-911
-921
-931
-741
-751
-761
-771
-791
-131
-231
-331
-431
-631
621
-623
-624
-627
-641
-651
-661
-121
-321
748
-742
-743
-744
-746
-749
-758
-768
-848
-858
-868
-948
-958
-968
-778
-798
-348
-448
-548
-648
766
-763
-764
-765
-769
-756
-846
-856
-866
-946
-956
-966
-786
-166
-266
-566
546
-543
-544
-547
-246
793
-792
-795
-799
-773
-783
-873
-883
-893
-973
-983
-993
-723
-753
-193
-293
-593
-693
863
-861
-864
-865
-867
-869
-843
-853
-943
-953
-963
-813
-823
-833
-163
-263
-363
-563
-663
913
-914
-915
-916
-918
-923
-933
-113
-213
-313
-513
955
-951
-952
-954
-957
-755
-855
-965
-935
-975
-985
-995
-455
-655
665
-664
-667
-668
-685
-695
964
-961
-967
-969
-754
752
-842
-852
-942
-844
-854
-944
-722
-772
-924
-934
-974
-984
242
-241
-243
-244
-247
-249
-152
-252
-232
-164
-264
-364
-564
992
-991
-997
-998
-999
-872
-892
-972
-922
929
-729
724
-814
-824
-834
-829
822
-832
-932
-839
-939
-774
-784
-949
849
-841
-847
-879
-889
-899
-979
-989
-122
132
-133
-134
-136
-137
-139
-124
-324
-129
-329
-349
572
-573
-577
-578
-592
533
-534
-537
-538
-433
-633
514
-518
-634
-114
-214
-314
818
-815
-816
835
-836
-838
936
-938
-875
-885
-895
886
-884
-887
874
-871
-877
-878
-986
987
-897
-977
857
-851
941
-947
891
-898
-971
978
-233
-333
-235
-335
-236
-341
-441
451
-453
-457
-458
-151
-251
-351
-157
-257
-357
-657
-174
154
-153
-156
-254
-344
-354
256
-253
116
-111
-216
644
-643
-647
-654
-274
-374
284
-283
-285
-287
-289
273
-271
-275
-277
-279
-173
-373
123
-127
-323
327
-237
-337
-234
239
334
-339
-269
-299
-347
343
-353
358
-368
-367
-377
-443
447
653
-658
-567
568
-437
438
637
-638
-477
-487
-478
597
-598
-687
-697
698
-699
689
-683
-473
475
483
-485
-375
295
-291
-297
-215
211
-311
315
-261
267
-167
-775
779
785
-789
177
-171
-179
-197
371
-379
-191
199
161
-169
-361
369
