121
-122
-123
-124
-125
-126
-127
-128
-129
-111
-131
-211
-221
-231
-311
-321
-331
-141
-151
-161
-171
-181
-191
-421
-521
-621
-721
-821
-921
143
-142
-144
-145
-146
-147
-148
-149
-153
-163
-243
-253
-263
-343
-353
-363
-113
-133
-173
-183
-193
-443
-543
-643
-743
-843
-943
155
-152
-154
-156
-157
-158
-159
-165
-245
-255
-265
-345
-355
-365
-115
-135
-175
-185
-195
-455
-555
-655
-755
-855
-955
179
-172
-174
-176
-177
-178
-189
-199
-279
-289
-299
-379
-389
-399
-119
-139
-169
-479
-579
-679
-779
-879
-979
214
-212
-213
-215
-216
-217
-218
-219
-114
-134
-224
-234
-314
-324
-334
-244
-254
-264
-274
-284
-294
-414
-514
-614
-714
-814
-914
256
-251
-252
-257
-258
-259
-166
-246
-266
-346
-356
-366
-226
-236
-276
-286
-296
-456
-556
-656
-756
-856
-956
362
-361
-364
-367
-368
-369
-162
-242
-262
-342
-352
-312
-322
-332
-372
-382
-392
-462
-562
-662
-762
-862
-962
371
-373
-374
-375
-376
-377
-378
-271
-281
-291
-381
-391
-341
-351
-471
-571
-671
-771
-871
-971
429
-422
-423
-424
-425
-426
-427
-428
-419
-439
-519
-529
-539
-619
-629
-639
-449
-459
-469
-489
-499
-229
-329
-729
-829
-929
431
-432
-433
-434
-435
-436
-437
-438
-411
-511
-531
-611
-631
-441
-451
-461
-481
-491
-731
-831
-931
447
-442
-444
-445
-446
-448
-457
-467
-547
-557
-567
-647
-657
-667
-417
-477
-487
-497
-247
-347
-747
-847
-947
488
-482
-483
-484
-485
-486
-478
-498
-578
-588
-598
-678
-688
-698
-418
-458
-468
-188
-288
-388
-788
-888
-988
496
-492
-493
-494
-495
-476
-576
-586
-596
-676
-686
-696
-416
-466
-196
-396
-796
-896
-996
558
-551
-552
-553
-554
-559
-548
-568
-648
-658
-668
-518
-528
-538
-358
-758
-858
-958
617
-612
-613
-615
-616
-618
-517
-527
-537
-627
-637
-677
-687
-697
-117
-317
-717
-817
-917
626
-622
-623
-624
-625
-628
-516
-526
-536
-636
638
-632
-633
-634
-635
-646
-666
-326
-726
-826
-926
-138
-238
-338
-738
-838
-938
669
-661
-663
-664
-665
-549
-569
-649
-659
-689
-699
-269
-769
-869
-969
675
-672
-673
-674
-475
-575
-585
-595
-685
-695
-645
-275
-775
-875
-975
684
-681
-682
-683
-474
-574
-584
-594
-694
-644
-654
-184
-384
-784
-884
-984
733
-732
-734
-735
-736
-737
-739
-713
-723
-813
-823
-833
-913
-923
-933
-753
-763
-773
-783
-793
-233
-333
-533
745
-741
-742
-744
-746
-748
-749
-765
-845
-865
-945
-965
-715
-725
-785
-795
-545
857
-851
-852
-853
-854
-859
-757
-767
-867
-957
-967
-827
-837
-877
-887
-897
-357
891
-892
-893
-894
-895
-898
-899
-781
-791
-881
-981
-991
-811
-841
-861
581
-582
-583
-587
-589
-591
-691
599
-592
-593
-597
577
-572
-573
-541
-561
-277
-777
-977
-799
-999
934
-932
-935
-936
-937
-939
-724
-824
-834
-924
-944
-954
-964
-974
-994
524
-522
-523
-525
-534
-544
-564
953
-951
-952
-959
-863
-963
-973
-983
-993
-453
-653
693
-692
472
-473
-412
-452
454
-464
-354
359
-249
-349
239
-232
-235
-237
-319
-339
-839
-754
-759
-272
-772
-872
-972
-293
-393
968
-961
-966
-768
-848
-868
-948
-918
-928
-978
976
-776
-786
-876
-886
-986
-916
-946
-998
-168
-268
985
-982
-987
-989
-885
-995
-915
-925
-285
-385
-112
-116
118
-228
-318
-328
-198
-718
-818
-132
222
-223
-225
-227
-282
-292
295
-297
-298
-395
-722
-822
-922
927
-727
728
-828
825
-815
-835
-778
774
-794
-874
-764
-798
878
-873
883
-882
-889
789
-782
-787
797
-792
992
-997
-719
-912
-942
323
-325
-327
-313
-383
273
-278
-283
287
-187
-197
-387
386
-186
182
-192
194
-394
-397
398
-164
167
344
-348
-267
261
-241
248
136
-137
-316
315
-335
-336
337
-415
413
-513
-463
465
563
-565
-566
546
-542
-515
512
-532
535
-712
752
-751
-842
-812
832
-836
642
-641
651
-652
941
-949
-761
766
-846
-866
864
-844
849
711
-716
-911
919
816
-819
