124
-121
-122
-123
-125
-126
-127
-128
-129
-114
-134
-214
-224
-234
-314
-324
-334
-144
-154
-164
-174
-184
-194
-424
-524
-624
-724
-824
-924
153
-151
-152
-155
-156
-157
-158
-159
-143
-163
-243
-253
-263
-343
-353
-363
-113
-133
-173
-183
-193
-453
-553
-653
-753
-853
-953
272
-271
-273
-274
-275
-276
-277
-278
-279
-172
-182
-192
-282
-292
-372
-382
-392
-212
-222
-232
-242
-252
-262
-472
-572
-672
-772
-872
-972
298
-291
-293
-294
-295
-296
-297
-299
-178
-188
-198
-288
-378
-388
-398
-218
-228
-238
-248
-258
-268
-498
-598
-698
-798
-898
-998
375
-371
-373
-374
-376
-377
-379
-175
-185
-195
-285
-385
-395
-315
-325
-335
-345
-355
-365
-475
-575
-675
-775
-875
-975
427
-421
-422
-423
-425
-426
-428
-429
-417
-437
-517
-527
-537
-617
-627
-637
-447
-457
-467
-477
-487
-497
-227
-327
-727
-827
-927
484
-481
-482
-483
-485
-486
-488
-489
-474
-494
-574
-584
-594
-674
-684
-694
-414
-434
-444
-454
-464
-284
-384
394
-391
-393
-396
-397
-399
-344
-354
-364
-784
-884
-984
-794
-894
-994
515
-511
-512
-513
-514
-516
-518
-519
-415
-435
-525
-535
-615
-625
-635
-545
-555
-565
-585
-595
-115
-215
-715
-815
-915
548
-541
-542
-543
-544
-546
-547
-549
-448
-458
-468
-558
-568
-648
-658
-668
-528
-538
-578
-588
-148
-348
-748
-848
-948
642
-641
-643
-644
-645
-646
-647
-649
-442
-452
-462
-552
-562
-652
-662
-612
-622
-632
-682
-692
-142
-342
-742
-842
-942
712
-711
-713
-714
-716
-717
-718
-719
-722
-732
-812
-822
-832
-912
-922
-932
-752
-762
-782
-792
-112
-312
-412
746
-741
-743
-744
-745
-747
-749
-756
-766
-846
-856
-866
-946
-956
-966
-726
-736
-776
-786
-796
-146
-246
-346
-446
771
-773
-774
-777
-778
-779
-781
-791
-871
-881
-891
-971
-981
-991
-721
-731
-751
-761
-171
-471
-571
-671
857
-851
-852
-854
-855
-858
-859
-757
-767
-847
-867
-947
-957
-967
-817
-837
-877
-887
-897
-257
-357
-557
-657
885
-882
-883
-886
-888
-889
-785
-795
-895
-985
-995
-825
-835
-845
-865
-685
936
-931
-933
-934
-935
-937
-938
-939
-816
-826
-836
-916
-926
-976
-986
-996
-136
-236
-336
-436
-536
-636
954
-951
-952
-955
-958
-959
-754
-764
-844
-864
-944
-964
734
-733
-735
-737
-738
-739
-814
-834
-914
917
-911
-913
-918
-919
874
-873
-876
-878
-879
-974
896
-892
-893
-899
862
-861
-863
-868
-869
-962
-977
-987
-997
614
-611
-613
-616
-618
-619
-534
-634
-654
-664
-117
-217
-317
244
-241
-245
-247
-249
-254
-264
352
-351
-356
-358
-359
-162
-362
132
-131
-135
-137
-138
-139
-322
-332
522
-521
-523
-526
-529
-432
-532
492
-491
-493
-495
-496
-499
-582
-592
695
-691
-693
-696
-697
-699
-655
-665
235
-231
-233
-237
-239
-225
337
-331
-333
-338
-339
-255
-265
-347
-367
-387
147
-141
-145
-149
165
-161
-166
-167
-168
-169
-267
368
-361
-366
-369
-177
-187
-197
287
-281
-283
-286
-289
383
-381
-386
-389
118
-111
-116
-119
-318
-328
-313
-323
-418
-818
-554
564
-561
-563
-566
-567
-569
667
-661
-663
-666
-669
-677
-687
758
-755
-759
-768
-968
-728
-788
455
-451
-456
-459
-445
-465
945
-941
-943
-949
-765
-965
725
-723
-729
-925
577
-573
-576
-579
-587
-597
982
-983
-988
-989
-992
978
-973
-979
-928
-478
438
-431
-433
-439
-628
-638
828
-821
-823
-829
-838
-678
688
-681
-683
-686
-689
-583
-783
-787
789
797
-793
-799
993
-999
763
-769
-843
-963
-923
443
-441
-449
-463
-413
-473
673
-676
-679
-593
533
-531
-539
-623
-633
223
-221
-226
-229
-213
813
-811
-819
-833
-189
-589
-196
-596
176
-179
-186
181
-191
199
-476
479
586
-581
591
-599
-419
-469
-551
-556
559
-659
-259
-211
-216
219
-319
-329
-269
349
-341
841
-849
-961
969
-831
839
921
-929
-321
326
311
-316
-411
416
-626
461
-466
-651
656
-621
629
631
-639
251
-256
-261
266
