135
-131
-132
-133
-134
-136
-137
-138
-139
-115
-125
-215
-225
-235
-315
-325
-335
-145
-155
-165
-175
-185
-195
-435
-535
-635
-735
-835
-935
172
-171
-173
-174
-176
-177
-178
-179
-182
-192
-272
-282
-292
-372
-382
-392
-112
-122
-142
-152
-162
-472
-572
-672
-772
-872
-972
228
-221
-222
-223
-224
-226
-227
-229
-118
-128
-218
-238
-318
-328
-338
-248
-258
-268
-278
-288
-298
-428
-528
-628
-728
-828
-928
255
-251
-252
-253
-254
-256
-257
-259
-245
-265
-345
-355
-365
-275
-285
-295
-455
-555
-655
-755
-855
-955
294
-291
-293
-296
-297
-299
-184
-194
-274
-284
-374
-384
-394
-214
-234
-244
-264
-494
-594
-694
-794
-894
-994
321
-322
-323
-324
-326
-327
-329
-111
-121
-211
-231
-311
-331
-341
-351
-361
-371
-381
-391
-421
-521
-621
-721
-821
-921
342
-343
-344
-346
-347
-348
-349
-242
-262
-352
-362
-312
-332
-442
-542
-642
-742
-842
-942
375
-373
-376
-377
-378
-379
-385
-395
-475
-575
-675
-775
-875
-975
414
-411
-412
-413
-415
-416
-417
-418
-419
-424
-434
-514
-524
-534
-614
-624
-634
-444
-454
-464
-474
-484
-114
-314
-714
-814
-914
427
-422
-423
-425
-426
-429
-437
-517
-527
-537
-617
-627
-637
-447
-457
-467
-477
-487
-497
-127
-727
-827
-927
481
-482
-483
-485
-486
-488
-489
-471
-491
-571
-581
-591
-671
-681
-691
-431
-441
-451
-461
-181
-281
-781
-881
-981
559
-551
-552
-553
-554
-556
-557
-558
-449
-459
-469
-549
-569
-649
-659
-669
-519
-529
-539
-579
-589
-599
-159
-359
-759
-859
-959
582
-583
-584
-585
-586
-587
-588
-492
-592
-682
-692
-512
-522
-532
-562
-782
-882
-982
666
-661
-662
-663
-664
-665
-667
-668
-446
-456
-466
-546
-566
-646
-656
-616
-626
-636
-676
-686
-696
-166
-266
-366
-766
-866
-966
697
-693
-695
-698
-699
-577
-597
-677
-687
-647
-657
-197
-397
-797
-897
-997
733
-731
-732
-734
-736
-737
-738
-739
-713
-723
-813
-823
-833
-913
-923
-933
-743
-753
-763
-773
-783
-793
-233
-333
-433
-533
-633
748
-741
-744
-745
-746
-747
-749
-758
-768
-848
-858
-868
-948
-958
-968
-718
-778
-788
-798
-148
-448
-548
-648
767
-761
-762
-764
-765
-769
-757
-847
-857
-867
-947
-957
-967
-717
-777
-787
-167
-267
-367
-567
547
-541
-543
-544
-545
-147
-247
816
-811
-812
-815
-817
-818
-819
-716
-726
-826
-836
-916
-926
-936
-846
-856
-876
-886
-896
-116
-216
-316
-516
825
-822
-824
-829
-715
-725
-915
-925
-845
-865
-885
-895
-525
-625
932
-931
-934
-937
-938
-939
-712
-722
-832
-912
-922
-952
-962
-992
622
-623
-629
-432
-612
-632
-652
212
-213
-217
-219
-232
963
-961
-964
-965
-969
-843
-853
-863
-943
-953
945
-941
-944
-946
-949
-973
-983
-993
-985
-995
-445
443
-453
-463
-563
-643
-653
-473
-493
-143
-243
-645
-163
-263
-363
989
-984
-986
-987
-988
-779
-789
-799
-879
-889
-899
-979
-999
-919
-929
924
-724
729
-834
-719
711
-831
-911
-839
-751
-771
-791
-954
-974
-511
-611
-124
334
-336
-337
-339
-354
-364
-129
-189
-289
-389
-689
991
-996
-998
-871
-891
-971
-951
956
-756
-976
-156
-356
271
-273
-276
-277
-279
-191
-241
-261
269
-149
-169
-249
246
-146
-369
368
-158
-168
-358
283
-286
-287
-183
-193
-383
-393
-236
126
-123
-186
-196
237
-239
-117
-317
-388
-398
917
-918
-837
838
-878
-888
-898
978
-977
523
-526
-513
-613
-573
-593
-438
-538
-638
849
-841
-844
-869
-468
-568
877
-873
-874
-887
673
-674
-678
-679
-683
-478
-578
479
-476
-499
-439
436
-536
531
-631
639
-619
-496
-561
-883
884
893
-892
792
-795
-796
-774
776
-784
785
-786
-752
754
-854
-864
-154
-654
574
-576
-684
596
-595
-598
-564
565
644
-641
651
-658
-465
462
-452
458
495
-498
-685
688
-515
518
615
-618
141
-144
-151
-161
164
-851
852
861
-862
386
-387
-396
399
187
-188
198
-199
-157
153
-353
357
-113
119
313
-319
