187
-181
-182
-183
-184
-185
-186
-188
-189
-177
-197
-277
-287
-297
-377
-387
-397
-117
-127
-137
-147
-157
-167
-487
-587
-687
-787
-887
-987
224
-221
-222
-223
-225
-226
-227
-228
-229
-114
-124
-134
-214
-234
-314
-324
-334
-244
-254
-264
-274
-284
-294
-424
-524
-624
-724
-824
-924
236
-231
-232
-233
-235
-237
-238
-239
-116
-126
-136
-216
-316
-326
-336
-246
-256
-266
-276
-286
-296
-436
-536
-636
-736
-836
-936
267
-261
-262
-263
-265
-268
-269
-247
-257
-347
-357
-367
-217
-467
-567
-667
-767
-867
-967
285
-281
-282
-283
-288
-289
-175
-195
-275
-295
-375
-385
-395
-215
-245
-255
-485
-585
-685
-785
-885
-985
317
-311
-312
-313
-315
-318
-319
-327
-337
-417
-517
-617
-717
-817
-917
361
-362
-363
-364
-365
-366
-368
-369
-141
-151
-161
-241
-251
-341
-351
-321
-331
-371
-381
-391
-461
-561
-661
-761
-861
-961
378
-372
-373
-374
-376
-379
-178
-198
-278
-298
-388
-398
-328
-338
-348
-358
-478
-578
-678
-778
-878
-978
439
-431
-432
-433
-434
-435
-437
-438
-419
-429
-519
-529
-539
-619
-629
-639
-449
-459
-469
-479
-489
-499
-139
-339
-739
-839
-939
454
-451
-452
-453
-455
-456
-457
-458
-444
-464
-544
-554
-564
-644
-654
-664
-414
-474
-484
-494
-154
-354
-754
-854
-954
466
-462
-463
-465
-468
-446
-546
-556
-566
-646
-656
-666
-416
-426
-476
-486
-496
-166
-766
-866
-966
513
-511
-512
-514
-515
-516
-518
-413
-423
-523
-533
-613
-623
-633
-543
-553
-563
-573
-583
-593
-113
-213
-713
-813
-913
538
-531
-532
-534
-535
-537
-418
-428
-528
-618
-628
-638
-548
-558
-568
-588
-598
-138
-738
-838
-938
579
-571
-572
-574
-575
-576
-577
-589
-599
-679
-689
-699
-549
-559
-569
-179
-279
-779
-879
-979
592
-591
-594
-595
-596
-597
-472
-482
-492
-582
-672
-682
-692
-522
-542
-552
-562
565
-445
-545
-555
-645
-655
-665
584
-581
-586
-674
-684
-694
-525
526
-521
-527
-616
-626
-726
-826
-926
-165
-765
-865
-965
-384
-784
-884
-984
-192
-292
-392
-792
-892
-992
642
-641
-643
-647
-648
-649
-442
-652
-662
-612
-622
-632
-142
-242
-342
-742
-842
-942
658
-651
-653
-657
-659
-448
-668
669
-663
443
-441
-447
-473
-483
-493
-688
-698
-143
-243
-343
-743
-843
-943
-158
-258
-758
-858
-958
-169
-769
-869
-969
671
-673
-675
-676
-677
-471
-481
488
-491
-681
-691
-498
-611
-621
-631
-171
-271
-771
-871
-971
-788
-888
-988
734
-731
-732
-733
-735
-737
-714
-814
-834
-914
-934
-744
-764
-774
-794
614
-615
-634
749
-741
-745
-746
-747
-748
-759
-849
-859
-949
-959
-719
-729
-789
-799
-149
-249
248
-148
-168
-218
-848
-948
-349
798
-791
-793
-795
-796
-797
-898
-998
-718
-728
-768
823
-821
-822
-825
-827
-828
-829
-723
-833
-923
-933
-853
-863
-873
-883
-893
-123
-323
847
-841
-844
-845
-846
-757
-857
-947
-957
-837
-877
-897
-547
541
-551
557
-941
872
-874
-875
-876
-772
-782
-882
-972
-982
-812
-832
-852
-862
-172
-272
273
382
-383
-386
-389
-173
-193
-293
-393
-253
-322
-332
-352
-773
-973
881
-886
-889
-781
-891
-981
-991
-811
-831
835
-715
-725
-815
-915
-925
-935
-851
-855
856
-756
-946
-956
-895
-816
-896
-135
-335
333
-133
-353
-635
637
-427
-627
625
-415
-425
-695
-697
115
-111
-112
-118
-119
-125
-325
329
128
-121
-122
-129
-219
-145
-155
-359
-399
-928
-929
-937
-156
-356
355
-345
945
-944
-755
-955
775
-776
-777
-975
-995
727
-721
-722
-927
-475
477
495
-497
-977
997
-993
-994
-996
-999
989
-983
-986
783
-786
976
-974
894
-899
-753
-763
762
-752
751
-951
-952
953
-962
-963
-711
-712
716
-916
-864
868
964
-968
-818
819
918
-911
-912
-919
-153
163
-162
-164
174
-176
-194
-394
396
-196
-144
146
344
-346
-683
686
693
-696
921
-922
-931
932
-421
422
411
-412
-211
212
131
-132
-191
199
291
-299
152
-159
-252
259
