135
-131
-132
-133
-134
-136
-137
-138
-139
-115
-125
-215
-225
-235
-315
-325
-335
-145
-155
-165
-175
-185
-195
-435
-535
-635
-735
-835
-935
164
-161
-162
-163
-166
-167
-168
-169
-144
-154
-244
-254
-264
-344
-354
-364
-114
-124
-174
-184
-194
-464
-564
-664
-764
-864
-964
252
-251
-253
-255
-256
-257
-258
-259
-142
-152
-242
-262
-342
-352
-362
-212
-222
-232
-272
-282
-292
-452
-552
-652
-752
-852
-952
281
-283
-284
-285
-286
-287
-288
-289
-171
-181
-191
-271
-291
-371
-381
-391
-211
-221
-231
-241
-261
-481
-581
-681
-781
-881
-981
326
-321
-322
-323
-324
-327
-328
-329
-116
-126
-216
-226
-236
-316
-336
-346
-356
-366
-376
-386
-396
-426
-526
-626
-726
-826
-926
383
-382
-384
-385
-387
-388
-389
-173
-183
-193
-273
-293
-373
-393
-313
-333
-343
-353
-363
-483
-583
-683
-783
-883
-983
434
-431
-432
-433
-436
-437
-438
-439
-414
-424
-514
-524
-534
-614
-624
-634
-444
-454
-474
-484
-494
-234
-334
-734
-834
-934
477
-471
-472
-473
-475
-476
-478
-479
-487
-497
-577
-587
-597
-677
-687
-697
-417
-427
-447
-457
-467
-177
-277
-377
-777
-877
-977
513
-511
-512
-515
-516
-517
-518
-519
-413
-423
-523
-533
-613
-623
-633
-543
-553
-563
-573
-593
-113
-213
-713
-813
-913
546
-541
-542
-544
-545
-547
-548
-549
-446
-456
-466
-556
-566
-646
-656
-666
-536
-576
-586
-596
-146
-246
-746
-846
-946
641
-642
-643
-644
-645
-647
-648
-649
-441
-451
-461
-551
-561
-651
-661
-611
-621
-631
-671
-691
-141
-341
-741
-841
-941
712
-711
-714
-715
-716
-717
-718
-719
-722
-732
-812
-822
-832
-912
-922
-932
-742
-762
-772
-782
-792
-112
-312
-412
-612
774
-771
-773
-775
-776
-778
-779
-784
-794
-874
-884
-894
-974
-984
-994
-724
-744
-754
-274
-374
-574
-674
798
-791
-793
-795
-796
-797
-799
-788
-878
-888
-898
-978
-988
-998
-728
-738
-748
-758
-768
-198
-298
-398
-498
-598
-698
821
-823
-824
-825
-827
-828
-829
-721
-731
-811
-831
-911
-921
-931
-851
-861
-871
-891
-121
-421
-521
847
-842
-843
-844
-845
-848
-849
-747
-757
-767
-857
-867
-947
-957
-967
-817
-837
-887
-897
944
-942
-943
-945
-948
-949
-854
-954
814
-815
-816
-818
-819
-914
-924
-214
-314
224
-223
-227
-228
-229
-294
394
-392
-395
-397
-399
442
-443
-445
-448
-449
-462
-562
-662
-422
-482
-492
-147
-247
-347
-594
-694
975
-971
-972
-973
-976
-979
991
-992
-993
-995
-996
-997
-999
-785
-875
-885
-895
-985
-951
-961
-915
-925
725
-723
-727
-729
-745
-755
-765
-955
-965
-425
-525
-625
571
-572
-575
-578
-579
-491
-591
411
-415
-416
-418
-419
-531
615
-616
-617
-618
-619
636
-632
-637
-638
-639
-655
-665
-675
-685
-695
-676
-686
-696
-111
151
-153
-156
-157
-158
-159
-351
-361
266
-263
-265
-267
-268
-269
-276
-296
-311
331
-332
-337
-338
-339
122
-123
-127
-128
-129
233
-237
-238
-239
-172
-182
-192
372
-375
-378
-379
143
-148
-149
-243
916
-917
-918
-919
-736
-836
-936
-956
-966
-986
-522
-622
532
-537
-538
-539
-582
-592
923
-927
-928
-929
-733
-833
-933
-953
-963
-743
749
-759
-769
-859
-869
-959
958
-858
-868
-968
-969
962
-862
-739
737
-937
-787
987
-982
-989
-789
786
-876
-886
-896
-756
-766
838
-839
-938
939
-249
-349
-751
753
761
-763
-853
-863
-453
-653
856
-855
865
-866
-358
-458
-558
-658
-365
-465
-565
-672
-872
-275
295
-297
-299
-245
248
-348
345
-355
-368
217
-218
-219
-117
-317
-278
279
-179
-189
-199
119
-118
318
-319
176
-178
-186
-196
197
-187
188
678
-673
-679
-488
-588
-688
-628
-668
873
-879
-893
-486
496
-493
-495
-499
693
-692
-699
682
-684
-689
584
-585
-589
463
-468
-469
-663
568
-567
-569
428
-429
-528
-554
654
-657
-659
-882
889
892
-899
485
-489
-595
599
-455
459
555
-557
-559
667
-669
527
-529
-627
629
357
-359
-367
369
