172
-171
-173
-174
-175
-176
-177
-178
-179
-182
-192
-272
-282
-292
-372
-382
-392
-112
-122
-132
-142
-152
-162
-472
-572
-672
-772
-872
-972
197
-191
-193
-194
-195
-196
-198
-199
-187
-277
-287
-297
-377
-387
-397
-117
-127
-137
-147
-157
-167
-497
-597
-697
-797
-897
-997
211
-212
-213
-214
-215
-216
-217
-218
-219
-111
-121
-131
-221
-231
-311
-321
-331
-241
-251
-261
-271
-281
-291
-411
-511
-611
-711
-811
-911
254
-252
-253
-255
-256
-257
-258
-259
-144
-154
-164
-244
-264
-344
-354
-364
-224
-234
-274
-284
-294
-454
-554
-654
-754
-854
-954
373
-371
-374
-375
-376
-378
-379
-183
-273
-283
-293
-383
-393
-313
-323
-333
-343
-353
-363
-473
-573
-673
-773
-873
-973
432
-431
-433
-434
-435
-436
-437
-438
-439
-412
-422
-512
-522
-532
-612
-622
-632
-442
-452
-462
-482
-492
-232
-332
-732
-832
-932
443
-441
-444
-445
-446
-447
-448
-449
-453
-463
-543
-553
-563
-643
-653
-663
-413
-423
-483
-493
-143
-243
-743
-843
-943
475
-471
-474
-476
-477
-478
-479
-485
-495
-575
-585
-595
-675
-685
-695
-415
-425
-455
-465
-275
-775
-875
-975
526
-521
-523
-524
-525
-527
-528
-529
-416
-426
-516
-536
-616
-626
-636
-546
-556
-566
-576
-586
-596
-126
-226
-326
-726
-826
-926
551
-552
-555
-557
-558
-559
-451
-461
-541
-561
-641
-651
-661
-531
-571
-581
-591
-151
-351
-751
-851
-951
624
-621
-623
-625
-627
-628
-629
-414
-424
-514
-534
-614
-634
-644
-664
-674
-684
-694
-124
-324
-724
-824
-924
659
-652
-655
-656
-657
-658
-459
-469
-549
-569
-649
-669
-619
-639
-679
-689
-699
-159
-359
-759
-859
-959
719
-712
-713
-714
-715
-716
-717
-718
-729
-739
-819
-829
-839
-919
-929
-939
-749
-769
-779
-789
-799
-119
-319
-419
-519
781
-782
-783
-784
-785
-786
-787
-788
-771
-791
-871
-881
-891
-971
-981
-991
-721
-731
-741
-761
671
-676
-677
-678
-481
-491
-681
-691
421
-427
-428
-429
-631
539
-533
-535
-537
-538
-579
-589
-599
-821
-921
-139
-239
-339
-181
-381
391
-394
-395
-396
-398
-399
-341
-361
833
-831
-834
-835
-836
-837
-838
931
-933
-934
-935
-936
-937
-938
-723
-733
-813
-823
-913
-923
-853
-863
-883
-893
-941
-961
-133
-233
-633
845
-841
-842
-844
-846
-847
-848
-849
861
-862
-864
-865
-866
-867
-868
-869
-745
-755
-765
-855
-945
-955
-965
-815
-825
-885
-895
141
-145
-146
-148
-149
-161
-245
-345
-545
-645
942
-944
-946
-947
-948
-949
-742
-752
-762
-852
-952
-962
969
-963
-964
-966
-967
-968
-912
-922
-982
-992
-979
-989
-999
-242
-342
-542
-642
352
-355
-356
-357
-358
-262
-362
222
-223
-225
-227
-228
-229
-312
-322
263
-265
-266
-267
-268
-269
-153
-163
812
-814
-816
-817
-818
-722
-822
792
-793
-794
-795
-796
-798
-882
-892
123
-125
-128
-129
-113
329
-325
-327
-328
-349
-369
-389
249
-246
-247
-248
-169
189
-184
-185
-186
-188
384
-385
-386
-388
-279
-289
-299
237
-235
-236
-238
-317
-337
-314
-334
-637
-737
155
-156
-158
-165
-365
-115
-135
-763
753
-756
-757
-758
-953
879
-874
-876
-877
-878
-889
-899
-484
-584
-884
894
-896
-898
-774
-974
-984
-994
914
-915
-916
-917
-918
-734
736
-735
-738
725
-727
-728
-925
-746
-766
-776
-114
134
-136
-138
-336
574
-577
-578
-494
-594
464
-466
-467
-468
-544
-564
744
-747
-748
-764
-489
499
-496
-498
-592
-692
-116
118
316
-315
-318
335
-338
166
-168
-346
-366
-418
417
-517
-617
-457
-487
-518
-618
638
-635
-648
-668
-688
-698
646
-647
-456
458
-666
-548
547
-567
-667
-568
486
-488
-686
-696
693
-583
-593
598
-683
-588
513
-515
-613
615
565
-562
662
-665
582
-587
-682
687
-347
348
367
-368
-858
-958
768
-767
777
-778
-887
-977
-987
983
-985
-986
-988
-993
995
-996
-998
285
-286
-288
-295
-886
888
976
-978
856
-857
-956
957
827
-828
-927
928
-276
278
296
-298
