146
-141
-142
-143
-144
-145
-147
-148
-149
-156
-166
-246
-256
-266
-346
-356
-366
-116
-126
-136
-176
-186
-196
-446
-546
-646
-746
-846
-946
173
-171
-172
-174
-175
-177
-178
-179
-183
-193
-273
-283
-293
-373
-383
-393
-113
-123
-133
-153
-163
-473
-573
-673
-773
-873
-973
194
-191
-192
-195
-197
-198
-199
-184
-274
-284
-294
-374
-384
-394
-114
-124
-134
-154
-164
-494
-594
-694
-794
-894
-994
212
-211
-213
-214
-215
-216
-217
-218
-219
-112
-122
-132
-222
-232
-312
-322
-332
-242
-252
-262
-272
-282
-292
-412
-512
-612
-712
-812
-912
268
-261
-263
-264
-265
-267
-269
-158
-168
-248
-258
-348
-358
-368
-228
-238
-278
-288
-298
-468
-568
-668
-768
-868
-968
371
-372
-375
-376
-377
-378
-379
-181
-271
-281
-291
-381
-391
-311
-321
-331
-341
-351
-361
-471
-571
-671
-771
-871
-971
452
-451
-453
-454
-455
-456
-457
-458
-459
-442
-462
-542
-552
-562
-642
-652
-662
-422
-432
-472
-482
-492
-152
-352
-752
-852
-952
467
-461
-463
-464
-465
-466
-469
-447
-547
-557
-567
-647
-657
-667
-417
-427
-437
-477
-487
-497
-167
-367
-767
-867
-967
485
-481
-483
-484
-486
-488
-489
-475
-495
-575
-585
-595
-675
-685
-695
-415
-425
-435
-445
-185
-285
-385
-785
-885
-985
523
-521
-522
-524
-525
-526
-527
-528
-529
-413
-423
-433
-513
-533
-613
-623
-633
-543
-553
-563
-583
-593
-223
-323
-723
-823
-923
531
-532
-534
-535
-536
-537
-538
-539
-411
-421
-431
-511
-611
-621
-631
-541
-551
-561
-581
-591
-131
-231
-731
-831
-931
717
-711
-713
-714
-715
-716
-718
-719
-727
-737
-817
-827
-837
-917
-927
-937
-747
-757
-777
-787
-797
-117
-317
-517
-617
754
-751
-753
-755
-756
-758
-759
-744
-764
-844
-854
-864
-944
-954
-964
-724
-734
-774
-784
-254
-354
-554
-654
782
-781
-783
-786
-788
-789
-772
-792
-872
-882
-892
-972
-982
-992
-722
-732
-742
-762
-182
162
-161
-165
-169
-342
-362
-862
-962
-382
392
-395
-396
-397
-398
-399
-582
-682
-592
572
-574
-576
-577
-578
-579
-672
-692
824
-821
-822
-825
-826
-828
-829
-814
-834
-914
-924
-934
-874
-884
-224
-324
-424
-624
843
-841
-842
-845
-847
-848
-849
942
-941
-943
-945
-947
-948
-949
-743
-763
-853
-863
-953
-963
832
-833
-835
-836
-838
-839
-922
-932
-813
-883
-893
622
-625
-626
-627
-628
-629
-632
637
-634
-635
-636
-638
-639
-677
-687
-697
-137
-237
-337
-243
-343
-443
493
-491
-496
-498
-499
-683
-693
441
-444
-448
-449
-641
-651
-661
-241
-741
-643
983
-981
-984
-986
-987
-988
-989
-793
-993
974
-975
-976
-977
-978
-979
733
-735
-736
-738
-739
-913
-933
313
-314
-315
-316
-318
-319
-233
-333
253
-251
-255
-257
-259
151
-155
-157
-159
-353
-363
-111
-121
221
-225
-226
-227
-229
-721
-921
-851
-951
-653
663
-664
-665
-666
-669
-474
-674
876
-875
-877
-878
-879
-776
-796
-886
-896
-996
-816
-856
-866
-276
-476
-676
277
-275
-279
295
-296
-297
-299
-187
-287
-387
127
-125
-128
-129
-327
-235
-245
-247
347
-344
-345
-349
-357
775
-778
-779
-795
-895
-995
-725
-745
-765
-115
135
-138
-139
-325
-335
925
-926
-928
-929
-815
-915
-935
-955
-965
-118
119
-239
-329
-339
188
-189
-388
-419
-519
-619
-819
-919
-588
-688
-888
234
-236
-334
-244
249
364
-365
-369
355
-359
286
-289
-386
389
-434
414
-416
-418
-514
-614
-549
-649
-749
748
-858
-958
-728
-798
-548
-648
-555
-655
-855
865
-861
-869
-564
-565
-586
-686
-589
-689
-889
-326
328
336
-338
-428
-436
426
-429
-516
-616
439
-438
478
-479
-598
-678
679
-698
-599
-699
-659
916
-911
-918
811
-818
-726
729
-936
938
-939
766
-761
-769
961
-966
-969
-956
791
-799
-881
887
-891
-991
-897
-997
-857
859
957
-959
898
-899
-998
999
-559
569
-566
681
-684
-691
696
584
-587
-596
597
-544
545
644
-645
-515
518
615
-618
556
-558
-656
658
