148
-141
-142
-143
-144
-145
-146
-147
-149
-158
-168
-248
-258
-268
-348
-358
-368
-118
-128
-138
-178
-188
-198
-448
-548
-648
-748
-848
-948
183
-181
-182
-184
-185
-186
-187
-189
-173
-193
-273
-283
-293
-373
-383
-393
-113
-123
-133
-153
-163
-483
-583
-683
-783
-883
-983
227
-221
-222
-223
-224
-225
-226
-228
-229
-117
-127
-137
-217
-237
-317
-327
-337
-247
-257
-267
-277
-287
-297
-427
-527
-627
-727
-827
-927
275
-271
-272
-274
-276
-278
-279
-175
-195
-285
-295
-375
-385
-395
-215
-235
-245
-255
-265
-475
-575
-675
-775
-875
-975
339
-331
-332
-333
-334
-335
-336
-338
-119
-129
-139
-219
-239
-319
-329
-349
-359
-369
-379
-389
-399
-439
-539
-639
-739
-839
-939
421
-422
-423
-424
-425
-426
-428
-429
-411
-431
-511
-521
-531
-611
-621
-631
-441
-451
-461
-471
-481
-491
-121
-321
-721
-821
-921
457
-452
-453
-454
-455
-456
-458
-459
-447
-467
-547
-557
-567
-647
-657
-667
-417
-437
-477
-487
-497
-157
-357
-757
-857
-957
466
-462
-463
-464
-465
-468
-469
-446
-546
-556
-566
-646
-656
-666
-416
-436
-476
-486
-496
-166
-266
-366
-766
-866
-966
515
-512
-513
-514
-516
-517
-518
-519
-415
-435
-525
-535
-615
-625
-635
-545
-555
-565
-585
-595
-115
-315
-715
-815
-915
588
-581
-582
-584
-586
-587
-589
-478
-488
-498
-578
-598
-678
-688
-698
-528
-538
-558
-568
-288
-388
-788
-888
-988
644
-641
-642
-643
-645
-649
-444
-544
-554
-564
-654
-664
-614
-624
-634
-674
-684
-694
-244
-344
-744
-844
-944
676
-671
-672
-673
-677
-679
-576
-596
-686
-696
-616
-626
-636
-176
-376
-776
-876
-976
718
-711
-712
-713
-714
-716
-717
-719
-728
-738
-818
-828
-838
-918
-928
-938
-758
-768
-778
-798
-218
-318
-418
438
-432
-433
-434
-618
-628
-638
328
-322
-323
-324
-325
-326
-238
298
-291
-292
-294
-296
-299
-378
-398
-898
-998
733
-731
-732
-734
-735
-736
-737
-723
-813
-823
-833
-913
-923
-933
-743
-753
-763
-773
-793
-233
-533
-633
742
-741
-745
-746
-747
-749
-752
-762
-842
-852
-862
-942
-952
-962
-722
-772
-782
-792
-242
-342
-442
-542
891
-892
-893
-894
-895
-896
-897
-899
-771
-781
-791
-871
-881
-971
-981
-991
-811
-831
-841
-851
-861
-191
-391
-591
-691
977
-972
-973
-974
-978
-979
-777
-787
-797
-877
-887
-987
-997
878
-872
-873
-874
-879
993
-992
-994
-995
-996
-999
767
-761
-764
-765
-769
-847
-867
-947
-967
751
-754
-755
-756
-759
-941
-951
-961
-858
-868
-943
-953
-963
-917
-937
347
-341
-343
-345
-346
-167
-367
-377
-387
-397
-151
-251
-351
-551
-651
-177
197
-192
-194
-196
-199
-577
687
-681
-682
-685
-689
571
-572
-573
-574
-579
-597
-697
-541
-561
661
-662
-663
-665
-668
-669
658
-652
-653
-655
-659
445
-443
-449
-485
-495
695
-692
-693
-699
537
-532
-534
-536
526
-522
-523
-524
-529
414
-412
-413
-419
-617
-637
632
-612
-622
-474
-484
-494
594
-592
-593
-599
-114
-214
-314
-814
-914
817
-812
-816
-819
-837
623
-629
-613
619
-919
-126
-726
-826
-926
-132
-232
-832
-932
241
-243
-246
-249
-161
-261
-361
-211
-231
-281
-845
-945
-958
968
-964
-965
-969
-171
-371
381
-382
-384
-386
-311
473
-472
-479
-493
-394
-794
-795
111
-112
-116
-131
-911
931
-934
-935
-936
-122
124
-125
-134
-234
236
135
-136
-216
-316
-154
-164
-174
-155
-165
156
-152
-159
-256
-356
-286
396
-392
916
-912
-836
-946
949
-849
-859
-869
-959
-956
-986
-929
-989
-724
-824
-924
834
-835
-854
-864
954
-955
-884
-984
846
-843
-856
-886
543
-549
-553
-563
-254
-354
786
-784
-785
-789
774
-779
-796
799
-889
725
-729
-825
-925
922
-822
829
882
-885
-982
985
-374
372
-172
179
-282
284
-289
162
-169
-252
-262
-352
-362
212
-213
-312
313
-264
364
-363
-365
355
-353
552
-559
-562
569
-855
853
-863
865
-253
259
263
-269
-482
489
492
-499
