135
-131
-132
-133
-134
-136
-137
-138
-139
-115
-125
-215
-225
-235
-315
-325
-335
-145
-155
-165
-175
-185
-195
-435
-535
-635
-735
-835
-935
187
-181
-182
-183
-184
-186
-188
-189
-177
-197
-277
-287
-297
-377
-387
-397
-117
-127
-147
-157
-167
-487
-587
-687
-787
-887
-987
222
-221
-223
-224
-226
-227
-228
-229
-112
-122
-212
-232
-312
-322
-332
-242
-252
-262
-272
-282
-292
-422
-522
-622
-722
-822
-922
286
-281
-283
-284
-285
-288
-289
-176
-196
-276
-296
-376
-386
-396
-216
-236
-246
-256
-266
-486
-586
-686
-786
-886
-986
354
-351
-352
-353
-355
-356
-357
-358
-359
-144
-154
-164
-244
-254
-264
-344
-364
-314
-324
-334
-374
-384
-394
-454
-554
-654
-754
-854
-954
361
-362
-363
-365
-366
-367
-368
-369
-141
-151
-161
-241
-251
-261
-341
-311
-321
-331
-371
-381
-391
-461
-561
-661
-761
-861
-961
446
-441
-442
-443
-444
-445
-447
-448
-449
-456
-466
-546
-556
-566
-646
-656
-666
-416
-426
-436
-476
-496
-146
-346
-746
-846
-946
482
-481
-483
-484
-485
-488
-489
-472
-492
-572
-582
-592
-672
-682
-692
-412
-432
-452
-462
-382
-782
-882
-982
514
-511
-512
-513
-515
-516
-517
-518
-519
-414
-424
-434
-524
-534
-614
-624
-634
-544
-564
-574
-584
-594
-114
-214
-714
-814
-914
573
-571
-575
-576
-577
-578
-579
-473
-493
-583
-593
-673
-683
-693
-523
-533
-543
-553
-563
-173
-273
-373
-773
-873
-973
625
-621
-623
-626
-627
-628
-629
-415
-425
-525
-615
-645
-655
-665
-675
-685
-695
-725
-825
-925
713
-711
-712
-715
-716
-717
-718
-719
-723
-733
-813
-823
-833
-913
-923
-933
-743
-753
-763
-783
-793
-113
-213
-313
-413
-613
771
-772
-774
-775
-776
-777
-778
-779
-781
-791
-871
-881
-891
-971
-981
-991
-721
-731
-741
-751
-171
-271
-471
-671
798
-792
-794
-795
-796
-797
-799
-788
-878
-888
-898
-978
-988
-998
-728
-738
-748
-758
-768
-198
-298
-398
-498
-598
-698
837
-831
-832
-834
-836
-838
-839
-727
-737
-817
-827
-917
-927
-937
-847
-857
-867
-877
-897
-237
-337
-437
-537
-637
845
-841
-842
-843
-844
-848
-849
-745
-755
-765
-855
-865
-945
-955
-965
785
-784
-789
-875
-885
-895
-975
-985
-995
-815
915
-911
-912
-916
-918
-919
-245
-345
-545
-385
-585
974
-972
-976
-977
-979
-874
-884
-894
-984
-994
997
-992
-993
-996
-999
-924
-934
-944
-964
-947
-957
-967
-174
-274
-474
-674
684
-681
-688
-689
-494
-694
464
-463
-465
-467
-468
-469
-644
-664
744
-742
-747
-749
-764
-864
-724
-734
824
-821
-826
-828
-829
-124
234
-231
-233
-238
-239
194
-191
-192
-193
-199
291
-293
-294
-295
-299
-211
581
-588
-589
-491
-591
-691
-521
-531
-541
-551
388
-383
-389
393
-392
-395
-399
-178
-278
-378
-323
-333
123
-121
-126
-128
-129
111
-116
-118
-119
-143
-153
-163
-343
375
-372
-379
172
-179
-275
279
-142
-152
-162
342
-347
-348
-349
-219
-249
-259
-269
-318
-328
-338
218
-217
-248
-258
-268
-411
-611
-811
851
-852
-853
-856
-858
-859
-941
-951
-418
-618
-818
868
-862
-863
-866
-869
-948
-958
-968
-423
641
-642
-643
-647
-648
-649
-451
-651
-631
-542
-942
-168
-568
-668
-872
892
-893
-896
-899
876
-879
-812
883
-889
-983
989
-816
819
-729
726
-736
-926
-936
-739
732
-932
-929
-939
-752
-762
-756
-766
-949
943
-953
-963
-959
-969
612
-616
-617
-619
-532
-632
-652
-662
316
-317
-319
-326
-336
339
327
-329
417
-419
-427
-527
-457
-477
-497
-526
-439
-539
-639
-243
247
-257
-267
-547
-475
-676
677
-678
-679
-597
-697
478
-479
-428
-438
-458
-657
-667
-148
149
158
-156
-159
166
-169
548
-549
-558
-658
-528
529
-429
421
-431
433
-633
-453
-538
536
-636
638
-596
696
-699
-559
-569
-599
595
-495
499
455
-459
-555
-565
-921
928
931
-938
-255
253
-263
265
-653
659
663
-669
956
-952
962
-966
552
-557
-562
567
757
-759
-767
769
