122
-121
-123
-124
-125
-126
-127
-128
-129
-112
-132
-212
-222
-232
-312
-322
-332
-142
-152
-162
-172
-182
-192
-422
-522
-622
-722
-822
-922
188
-181
-183
-184
-185
-186
-187
-189
-178
-198
-278
-288
-298
-378
-388
-398
-118
-138
-148
-158
-168
-488
-588
-688
-788
-888
-988
261
-262
-263
-264
-265
-266
-267
-268
-269
-141
-151
-161
-241
-251
-341
-351
-361
-211
-221
-231
-271
-281
-291
-461
-561
-661
-761
-861
-961
275
-272
-273
-274
-276
-277
-279
-175
-195
-285
-295
-375
-385
-395
-215
-225
-235
-245
-255
-475
-575
-675
-775
-875
-975
359
-352
-353
-354
-355
-356
-357
-358
-149
-159
-169
-249
-259
-349
-369
-319
-329
-339
-379
-389
-399
-459
-559
-659
-759
-859
-959
415
-411
-412
-413
-414
-416
-417
-418
-419
-425
-435
-515
-525
-535
-615
-625
-635
-445
-455
-465
-485
-495
-115
-315
-715
-815
-915
477
-471
-472
-473
-474
-476
-478
-479
-487
-497
-577
-587
-597
-677
-687
-697
-427
-437
-447
-457
-467
-177
-377
-777
-877
-977
491
-492
-493
-494
-496
-498
-499
-481
-571
-581
-591
-671
-681
-691
-421
-431
-441
-451
-191
-391
-791
-891
-991
526
-521
-523
-524
-527
-528
-529
-426
-436
-516
-536
-616
-626
-636
-546
-556
-566
-576
-586
-596
-226
-326
-726
-826
-926
642
-641
-643
-644
-645
-646
-647
-648
-649
-442
-452
-462
-542
-552
-562
-652
-662
-612
-632
-672
-682
-692
-242
-342
-742
-842
-942
711
-712
-713
-714
-716
-717
-718
-719
-721
-731
-811
-821
-831
-911
-921
-931
-741
-751
-771
-781
-111
-311
-511
-611
737
-732
-733
-734
-735
-736
-738
-739
-727
-817
-827
-837
-917
-927
-937
-747
-757
-767
-787
-797
-137
-237
-337
-537
-637
774
-772
-773
-776
-778
-779
-784
-794
-874
-884
-894
-974
-984
-994
-724
-744
-754
-764
-174
-374
-574
-674
846
-841
-843
-844
-845
-847
-848
-849
-746
-756
-766
-856
-866
-946
-956
-966
-816
-836
-876
-886
-896
-146
-246
-346
-446
852
-851
-853
-854
-855
-857
-858
-752
-762
-862
-952
-962
-812
-832
-872
-882
-892
-252
362
-363
-364
-365
-366
-367
-368
-372
-382
-392
883
-881
-885
-887
-889
-783
-793
-873
-893
-973
-983
-993
871
-878
-879
-971
-981
-813
-823
-833
-863
-171
131
-133
-134
-135
-136
-139
-321
-331
621
-623
-624
-627
-628
-629
-531
-631
-651
-371
381
-383
-384
-386
-387
-283
-483
-583
-683
948
-941
-943
-944
-945
-947
-949
951
-953
-954
-955
-957
-958
-748
-758
-768
-868
-968
-918
-928
-938
-978
-998
541
-543
-544
-545
-547
-548
-549
-551
-248
-348
258
-253
-254
-256
-257
-218
-228
-238
-448
-458
-558
-658
-113
-114
-116
-117
119
-219
-229
-239
-179
-199
-519
-619
-819
-919
-143
-144
145
-147
-155
-165
-345
-745
-153
154
-156
-157
-164
-244
-344
166
-163
-167
-194
-176
173
-193
-293
-373
376
-393
-196
197
-286
-296
-396
-287
-297
-397
394
-284
-294
-314
-324
-334
-316
-336
444
-443
-449
-454
-464
-554
-564
-654
-664
-424
-434
-484
749
-743
-769
-869
-969
-729
-789
-799
-466
-666
-573
-673
-676
-976
987
-982
-985
-986
-989
-897
-997
867
-864
-865
964
-963
-965
-967
-914
-924
-934
-567
-667
-594
-694
-213
-214
216
-217
-236
-916
936
-932
-933
-935
-939
912
-913
-972
979
-899
-999
-992
923
-925
-929
-723
995
-996
-785
-795
-895
898
-798
728
-725
-818
814
-824
-834
-828
-838
-512
-514
-614
-223
-323
-423
224
-227
-234
233
-313
-333
-243
247
343
-347
327
-325
-328
335
-338
-317
318
-518
-618
825
-829
-835
839
-428
429
-439
-539
-639
-469
-489
-433
-533
-633
572
-578
-579
-482
486
-582
-592
-686
-696
432
-438
-532
-456
453
-463
468
-553
-563
-653
-663
656
-655
-657
557
-555
-568
-668
-517
513
-613
617
-593
693
-695
-698
-699
-753
755
763
-765
678
-679
-598
538
-534
634
-638
584
-585
-589
-684
685
-689
-595
599
565
-569
-665
669
-786
782
-792
796
-282
289
292
-299
