121
-122
-123
-124
-125
-126
-127
-128
-129
-111
-131
-211
-221
-231
-311
-321
-331
-141
-151
-161
-171
-181
-191
-421
-521
-621
-721
-821
-921
158
-152
-153
-154
-155
-156
-157
-159
-148
-168
-248
-258
-268
-348
-358
-368
-118
-138
-178
-188
-198
-458
-558
-658
-758
-858
-958
175
-172
-173
-174
-176
-177
-179
-185
-195
-275
-285
-295
-375
-385
-395
-115
-135
-145
-165
-475
-575
-675
-775
-875
-975
214
-212
-213
-215
-216
-217
-218
-219
-114
-134
-224
-234
-314
-324
-334
-244
-254
-264
-274
-284
-294
-414
-514
-614
-714
-814
-914
265
-261
-262
-263
-266
-267
-269
-245
-255
-345
-355
-365
-225
-235
-465
-565
-665
-765
-865
-965
273
-271
-272
-276
-277
-278
-279
-183
-193
-283
-293
-373
-383
-393
-223
-233
-243
-253
-473
-573
-673
-773
-873
-973
292
-291
-296
-297
-298
-299
-182
-192
-282
-372
-382
-392
-222
-232
-242
-252
-492
-592
-692
-792
-892
-992
322
-323
-325
-326
-327
-328
-329
-112
-132
-312
-332
-342
-352
-362
-422
-522
-622
-722
-822
-922
347
-341
-343
-344
-346
-349
-147
-167
-247
-257
-357
-367
-317
-337
-377
-387
-397
-447
-547
-647
-747
-847
-947
354
-351
-353
-356
-359
-144
-164
-364
-374
-384
-394
-454
-554
-654
-754
-854
-954
398
-391
-396
-399
-288
-378
-388
-318
-338
-498
-598
-698
-798
-898
-998
468
-461
-462
-463
-464
-466
-467
-469
-448
-548
-568
-648
-668
-418
-428
-438
-478
-488
-768
-868
-968
484
-481
-482
-483
-485
-486
-487
-489
-474
-494
-574
-584
-594
-674
-684
-694
-424
-434
-444
-184
194
-196
-197
-199
-784
-884
-984
-794
-894
-994
518
-511
-512
-513
-515
-516
-517
-519
-528
-538
-618
-628
-638
-578
-588
-718
-818
-918
591
-593
-595
-596
-597
-599
-471
-491
-571
-581
-671
-681
-691
-531
-541
-551
-561
-791
-891
-991
625
-623
-624
-626
-627
-629
-415
-425
-435
-525
-535
-615
-635
-645
-655
-685
-695
-725
-825
-925
644
-641
-642
-643
-646
-649
-544
-564
-664
-634
-744
-844
-944
711
-712
-713
-715
-716
-717
-719
-731
-811
-831
-911
-931
-741
-751
-761
-771
-781
-411
-611
757
-752
-753
-755
-756
-759
-767
-857
-867
-957
-967
-727
-737
-777
-787
-797
-457
-557
-657
766
-762
-763
-764
-769
-746
-846
-856
-866
-946
-956
-966
-726
-736
-776
-786
-796
-166
-366
-566
-666
783
-782
-785
-788
-789
-793
-883
-893
-983
-993
-723
-733
-743
-583
-683
816
-812
-813
-815
-817
-819
-826
-836
-916
-926
-936
-876
-886
-896
-116
-316
-416
-616
838
-832
-833
-834
-835
-837
-839
-728
-738
-828
-928
-938
-848
-878
-888
228
-226
-227
-229
-238
842
-841
-843
-845
-849
-742
-852
-862
-942
-952
-962
-872
-882
-142
162
-163
-169
-442
-542
-562
-662
899
-895
-897
-779
-799
795
-885
-985
-995
-879
-889
-979
-989
-999
-735
-745
855
-851
-853
-859
-945
-955
-829
-869
-455
-555
585
-582
-586
-587
-589
-495
445
-441
-443
-446
-449
-545
-499
-699
934
-932
-933
-935
-937
-939
-724
729
-734
-824
-924
915
-912
-913
-917
-919
732
-739
-929
-772
774
-778
-874
-974
748
-749
-948
864
-861
-863
-964
823
-827
-923
927
-977
-987
-997
996
-976
-986
-315
335
-333
-336
-339
-423
-523
524
-526
-527
-529
-534
426
-427
-429
-436
-536
-636
-456
-476
-496
-432
-532
-632
-696
951
-953
-959
-941
-961
-971
-981
241
-246
-249
-251
-361
-281
-451
431
-433
-437
-439
-631
-651
661
-663
-667
-669
567
-563
-569
-537
-577
988
-982
972
-978
-472
-572
552
-553
-556
-559
-452
-652
412
-413
-417
-419
-612
-672
682
-686
-687
-688
-689
678
-676
-677
-679
576
-579
479
-477
497
-493
693
-697
453
-459
-543
-653
533
-539
-613
-633
-546
549
656
-659
-133
146
-143
-149
363
-369
-256
259
113
-117
-119
-313
319
-139
-239
-136
137
236
-237
-186
-187
189
287
-286
-289
-379
-389
617
-619
-637
639
943
-949
-963
969
-376
371
-381
386
-871
877
881
-887
