176
-171
-172
-173
-174
-175
-177
-178
-179
-186
-196
-276
-286
-296
-376
-386
-396
-116
-126
-136
-146
-156
-166
-476
-576
-676
-776
-876
-976
191
-192
-193
-194
-195
-197
-198
-199
-181
-271
-281
-291
-371
-381
-391
-111
-121
-131
-141
-151
-161
-491
-591
-691
-791
-891
-991
214
-211
-212
-213
-215
-216
-217
-218
-219
-114
-124
-134
-224
-234
-314
-324
-334
-244
-254
-264
-274
-284
-294
-414
-514
-614
-714
-814
-914
249
-241
-242
-243
-245
-246
-247
-248
-149
-159
-169
-259
-269
-349
-359
-369
-229
-239
-279
-289
-299
-449
-549
-649
-749
-849
-949
373
-372
-374
-375
-377
-378
-379
-183
-273
-283
-293
-383
-393
-313
-323
-333
-343
-353
-363
-473
-573
-673
-773
-873
-973
423
-421
-422
-424
-425
-426
-427
-428
-429
-413
-433
-513
-523
-533
-613
-623
-633
-443
-453
-463
-483
-493
-123
-223
-723
-823
-923
456
-451
-452
-454
-455
-457
-458
-459
-446
-466
-546
-556
-566
-646
-656
-666
-416
-436
-486
-496
-256
-356
-756
-856
-956
551
-552
-553
-554
-555
-557
-558
-559
-441
-461
-541
-561
-641
-651
-661
-511
-521
-531
-571
-581
-251
-351
-751
-851
-951
587
-582
-583
-584
-585
-586
-588
-589
-477
-487
-497
-577
-597
-677
-687
-697
-517
-527
-537
-547
-567
-187
-287
-387
-787
-887
-987
615
-611
-612
-616
-617
-618
-619
-415
-435
-515
-525
-535
-625
-635
-645
-655
-665
-675
-685
-695
-115
-315
-715
-815
-915
684
-681
-682
-683
-686
-688
-689
-474
-484
-494
-574
-594
-674
-694
-624
-634
-644
-654
-664
-184
-384
394
-392
-395
-397
-398
-399
-344
-354
-364
-784
-884
-984
-794
-894
-994
732
-731
-733
-734
-735
-736
-737
-738
-739
-712
-722
-812
-822
-832
-912
-922
-932
-742
-752
-762
-772
-782
-792
-132
-232
-332
-432
-532
-632
745
-741
-743
-744
-746
-747
-748
-755
-765
-845
-855
-865
-945
-955
-965
-725
-775
-785
-795
-145
-345
-445
-545
767
-761
-763
-764
-766
-768
-769
-757
-847
-857
-867
-947
-957
-967
-717
-727
-777
-797
-167
-267
-367
-467
-667
826
-821
-824
-825
-827
-828
-829
-716
-726
-816
-836
-916
-926
-936
-846
-866
-886
-896
-226
-326
-526
-626
878
-871
-872
-874
-875
-877
-879
-778
-788
-798
-888
-898
-978
-988
-998
-818
-838
-848
-858
-868
-278
-478
-578
-678
944
-941
-942
-943
-946
-948
-754
-844
-854
-864
-954
-964
966
-961
-962
-963
-968
-969
834
-831
-833
-835
-837
-839
-724
-924
-934
774
-771
-779
-974
-986
-996
524
-522
-528
-529
-434
-534
-544
-564
-144
-444
464
-462
-465
-468
-469
565
-562
-563
-568
-569
-575
-595
346
-341
-342
-347
-348
-266
-366
236
-231
-233
-235
-237
-238
-316
-336
516
-512
-518
-519
-536
-636
-596
696
-692
-693
-698
-699
593
-592
-598
-599
-543
841
-842
-843
-861
-811
-881
154
-152
-153
-155
-157
-158
-164
-165
-265
-365
786
-781
-783
-789
-796
-793
799
-889
-899
-979
-989
-999
-719
-729
-759
-893
-993
-499
-112
113
-117
-118
-119
-133
-143
-163
-713
753
-758
-853
-863
-953
958
-952
-959
-918
-928
-938
-813
883
-882
-885
-983
895
-892
-897
-975
-985
-995
817
-819
-917
-927
-937
-913
933
-931
-935
-939
925
-921
-929
919
-911
-317
-417
-319
-419
-125
-225
-325
643
-642
-647
-648
-653
-663
-253
263
-261
-262
-268
361
-362
-368
221
-222
-227
-228
-311
-321
-331
-621
-721
728
711
-718
-411
-128
-328
-628
-258
-358
-658
-295
-495
-122
-127
129
-139
-329
-339
-189
389
-382
-385
-388
-629
-489
-135
335
-337
-338
185
-182
-188
-275
-285
255
-252
-257
-355
318
-312
322
-327
137
-138
-147
357
-352
412
-418
-622
627
-437
-637
-442
-472
-482
-492
498
-488
447
-448
-657
-438
475
-471
-479
-485
481
-671
-431
439
631
-638
-639
538
-539
-548
542
-652
659
-662
668
-669
-572
579
672
-679
-142
148
162
-168
852
-859
-862
869
971
-972
-977
-981
982
-992
997
-272
277
-297
-282
288
292
-298
