136
-131
-132
-133
-134
-135
-137
-138
-139
-116
-126
-216
-226
-236
-316
-326
-336
-146
-156
-166
-176
-186
-196
-436
-536
-636
-736
-836
-936
145
-141
-142
-143
-144
-147
-148
-149
-155
-165
-245
-255
-265
-345
-355
-365
-115
-125
-175
-185
-195
-445
-545
-645
-745
-845
-945
151
-152
-153
-154
-157
-158
-159
-161
-241
-251
-261
-341
-351
-361
-111
-121
-171
-181
-191
-451
-551
-651
-751
-851
-951
187
-182
-183
-184
-188
-189
-177
-197
-277
-287
-297
-377
-387
-397
-117
-127
-167
-487
-587
-687
-787
-887
-987
192
-193
-194
-198
-199
-172
-272
-282
-292
-372
-382
-392
-112
-122
-162
-492
-592
-692
-792
-892
-992
212
-211
-213
-214
-215
-217
-218
-219
-222
-232
-312
-322
-332
-242
-252
-262
-412
-512
-612
-712
-812
-912
227
-221
-223
-224
-225
-228
-229
-237
-317
-327
-337
-247
-257
-267
-427
-527
-627
-727
-827
-927
319
-311
-313
-314
-315
-318
-119
-129
-239
-329
-339
-349
-359
-369
-379
-389
-399
-419
-519
-619
-719
-819
-919
344
-342
-343
-346
-347
-348
-164
-244
-254
-264
-354
-364
-324
-334
-374
-384
-394
-444
-544
-644
-744
-844
-944
367
-362
-363
-366
-368
352
-353
-356
-357
-358
-452
-552
-652
-752
-852
-952
-467
-567
-667
-767
-867
-967
418
-411
-413
-414
-415
-416
-417
-428
-438
-518
-528
-538
-618
-628
-638
-448
-458
-468
-478
-488
-498
-118
-718
-818
-918
439
-431
-432
-433
-434
-435
-437
-429
-529
-539
-629
-639
-449
-459
-469
-479
-489
-499
-739
-839
-939
441
-442
-443
-446
-447
-461
-541
-561
-641
-661
-421
-471
-481
-491
-741
-841
-941
484
-482
-483
-485
-486
-474
-494
-574
-584
-594
-674
-684
-694
-424
-454
-464
-284
-784
-884
-984
579
-571
-572
-573
-575
-576
-577
-578
-589
-599
-679
-689
-699
-549
-559
-569
-179
169
-163
-168
-249
-259
-269
-669
-769
-869
-969
-279
-779
-879
-979
598
-591
-593
-595
-596
-597
-588
-678
-688
-698
-548
-558
-568
-298
-398
-798
-898
-998
676
-671
-672
-673
-675
-677
-476
-496
-586
-686
-696
-616
-626
-646
-656
-666
-276
-376
-776
-876
-976
726
-721
-722
-723
-724
-725
-728
-729
-716
-816
-826
-916
-926
-746
-756
-766
-786
-796
516
-511
-513
-514
-515
-517
-426
-526
-546
-556
-566
783
-781
-782
-785
-788
-789
-773
-793
-873
-883
-893
-973
-983
-993
-713
-733
-743
-753
-763
-283
-383
-583
-683
815
-811
-813
-814
-817
-715
-735
-825
-835
-915
-925
-935
-855
-865
-875
-885
-895
-615
823
-821
-822
-824
-828
-829
-833
-913
-923
-933
929
-921
-922
-924
-928
-843
-853
-863
-949
-959
-989
-999
-123
-323
-423
-523
-623
832
-831
-834
-837
-838
-732
-932
-842
-862
-872
-882
-532
-632
866
-861
-864
-868
-846
-856
-946
-956
-966
-886
-896
246
-243
-248
-256
-266
-286
-296
456
-453
-455
-457
-466
965
-961
-962
-963
-964
-968
761
-762
-764
-765
-768
-755
-955
-711
-731
-771
-791
-975
-985
-995
-465
-565
-665
978
-971
-972
-974
-977
-778
-878
-888
-988
-938
738
-734
-737
-748
-758
-948
-958
-238
-338
-178
128
-124
-328
-278
-378
388
-381
-385
-386
396
-391
-393
-395
-288
986
-981
-982
772
-774
-775
-777
795
-794
-797
-799
-996
-742
942
-943
-947
953
-954
-957
-542
-642
-253
258
263
-268
-233
-273
-293
-553
-653
-658
-858
848
-847
-849
-648
668
-662
-663
-664
-463
462
-562
-422
425
-525
-535
-625
-635
-472
-475
-495
-325
321
-231
-331
-371
-521
-621
-563
564
-554
-654
-524
522
-622
624
-534
-614
-634
-582
682
-681
-685
-295
-695
585
-581
691
-693
-697
531
-533
-537
-611
-631
543
-547
-643
-555
557
655
-657
-659
-647
649
911
-914
-917
-931
-991
747
-749
-757
-857
-717
714
-934
937
-754
759
854
-859
-874
-894
994
-997
-114
113
-333
335
234
-235
-173
174
373
-375
-274
-294
-613
617
633
-637
-473
477
493
-497
275
-271
-285
871
-877
-881
889
-891
897
-899
281
-289
-291
299
