121
-122
-123
-124
-125
-126
-127
-128
-129
-111
-131
-211
-221
-231
-311
-321
-331
-141
-151
-161
-171
-181
-191
-421
-521
-621
-721
-821
-921
154
-152
-153
-155
-156
-157
-158
-159
-144
-164
-244
-254
-264
-344
-354
-364
-114
-134
-174
-184
-194
-454
-554
-654
-754
-854
-954
169
-162
-163
-165
-166
-167
-168
-149
-249
-259
-269
-349
-359
-369
-119
-139
-179
-189
-199
-469
-569
-669
-769
-869
-969
238
-232
-233
-234
-235
-236
-237
-239
-118
-138
-218
-228
-318
-328
-338
-248
-258
-268
-278
-288
-298
-438
-538
-638
-738
-838
-938
273
-271
-272
-274
-275
-276
-277
-279
-173
-183
-193
-283
-293
-373
-383
-393
-213
-223
-243
-253
-263
-473
-573
-673
-773
-873
-973
427
-422
-423
-424
-425
-426
-428
-429
-417
-437
-517
-527
-537
-617
-627
-637
-447
-457
-467
-477
-487
-497
-227
-327
-727
-827
-927
442
-441
-443
-444
-445
-446
-448
-449
-452
-462
-542
-552
-562
-642
-652
-662
-412
-432
-472
-482
-492
-142
-242
-342
-742
-842
-942
455
-451
-453
-456
-458
-459
-465
-545
-555
-565
-645
-655
-665
-415
-435
-475
-485
-495
-255
-355
-755
-855
-955
516
-511
-512
-513
-514
-515
-518
-519
-416
-436
-526
-536
-616
-626
-636
-546
-556
-566
-576
-586
-596
-116
-216
-316
-716
-816
-916
589
-581
-582
-583
-584
-585
-587
-588
-479
-489
-499
-579
-599
-679
-689
-699
-529
-539
-549
-559
-289
-389
-789
-889
-989
594
-591
-592
-593
-595
-597
-598
-474
-484
-494
-574
-674
-684
-694
-524
-534
-544
-564
-294
-394
-794
-894
-994
681
-682
-683
-685
-686
-687
-688
-471
-481
-491
-571
-671
-691
-611
-631
-641
-651
-661
-281
-381
-781
-881
-981
747
-741
-743
-744
-745
-746
-748
-749
-757
-767
-847
-857
-867
-947
-957
-967
-717
-737
-777
-787
-797
-147
-247
-347
-547
-647
775
-771
-772
-774
-776
-778
-779
-785
-795
-875
-885
-895
-975
-985
-995
-715
-725
-735
-765
-175
-375
-575
-675
695
-692
-693
-696
-697
-698
-615
-625
-635
-195
-295
-395
836
-831
-832
-833
-834
-835
-837
-839
-726
-736
-826
-926
-936
-846
-856
-866
-876
-886
-896
-136
-336
848
-841
-843
-844
-845
-849
-758
-768
-858
-868
-948
-958
-968
-818
-828
-878
-888
-898
-148
-348
-548
-648
914
-911
-912
-913
-915
-917
-918
-919
-714
-724
-734
-814
-824
-924
-934
-944
-964
-974
-984
-214
-314
-414
-614
644
-643
-646
-649
-464
-664
659
-653
-656
-657
-658
434
-431
-433
-439
-624
-634
419
-411
-413
-418
531
-532
-533
-535
525
-522
-523
-528
-619
-629
-639
461
-463
-466
-468
-541
543
-551
-561
-553
-563
-663
666
-667
-668
572
-577
-578
-672
677
-676
-678
-219
-319
-719
-819
-225
-325
-825
-925
-731
-931
-334
-143
-343
-943
949
-941
-945
-946
-759
-859
-959
-929
-939
-979
-999
-261
-361
-761
-861
-961
-266
-366
-766
-966
-172
-372
-872
-972
-177
-377
-877
-977
-112
113
-115
-117
-133
-313
-323
-333
-613
-713
-813
-132
-135
137
-217
-317
-337
-187
-197
817
-811
-812
-815
711
-712
-718
935
-932
-933
-937
-751
-791
865
-862
-863
-864
764
-762
-763
-965
-784
-887
-897
618
-612
-628
-335
-265
-365
-145
146
-246
-256
-346
-356
185
-182
-186
-188
-285
-385
192
-196
-198
-282
-292
-382
-392
-176
178
-378
-388
-398
-478
476
-486
-496
-376
-976
-978
971
-871
-891
-991
851
-852
-853
-951
-251
-351
-371
-792
-892
-992
-212
215
-315
312
-222
-322
-332
339
-229
-329
-245
241
-341
345
-291
391
-396
-397
-399
299
-296
-297
-379
374
-284
-384
224
-226
-324
326
286
-287
-386
387
-352
-362
-357
-367
-739
-874
879
884
-882
-883
-799
-899
893
-783
-793
-983
-993
729
-722
-723
-728
928
-922
-923
-829
822
-823
-732
733
-753
-988
-998
-622
623
632
-633
483
-488
-493
498
-786
-986
-987
982
-782
788
997
-996
796
-798
752
-756
-952
-962
963
-953
956
-252
257
262
-267
353
-358
-363
368
-557
558
567
-568
