177
-171
-172
-173
-174
-175
-176
-178
-179
-187
-197
-277
-287
-297
-377
-387
-397
-117
-127
-137
-147
-157
-167
-477
-577
-677
-777
-877
-977
181
-182
-183
-184
-185
-186
-188
-189
-191
-271
-281
-291
-371
-381
-391
-111
-121
-131
-141
-151
-161
-481
-581
-681
-781
-881
-981
217
-211
-212
-213
-214
-215
-216
-218
-219
-227
-237
-317
-327
-337
-247
-257
-267
-417
-517
-617
-717
-817
-917
229
-221
-222
-223
-224
-225
-226
-228
-119
-129
-139
-239
-319
-329
-339
-249
-259
-269
-279
-289
-299
-429
-529
-629
-729
-829
-929
261
-262
-263
-264
-265
-266
-268
-241
-251
-341
-351
-361
-231
-461
-561
-661
-761
-861
-961
288
-282
-283
-284
-285
-286
-198
-278
-298
-378
-388
-398
-238
-248
-258
-488
-588
-688
-788
-888
-988
294
-292
-293
-295
-296
-194
-274
-374
-384
-394
-234
-244
-254
-494
-594
-694
-794
-894
-994
321
-322
-323
-324
-325
-326
-328
-311
-331
-421
-521
-621
-721
-821
-921
334
-332
-333
-335
-336
-338
-114
-124
-134
-314
-344
-354
-364
-434
-534
-634
-734
-834
-934
352
-353
-355
-356
-357
-358
-359
-142
-152
-162
-242
-252
-342
-362
-312
-372
-382
-392
-452
-552
-652
-752
-852
-952
379
-373
-375
-376
-199
-389
-399
-349
-369
-479
-579
-679
-779
-879
-979
459
-451
-453
-454
-455
-456
-457
-458
-449
-469
-549
-559
-569
-649
-659
-669
-419
-439
-489
-499
-159
-759
-859
-959
476
-471
-472
-473
-474
-475
-478
-486
-496
-576
-586
-596
-676
-686
-696
-416
-426
-436
-446
-466
-276
-776
-876
-976
547
-541
-542
-543
-544
-545
-546
-548
-447
-467
-557
-567
-647
-657
-667
-527
-537
-587
-597
-347
367
-363
-365
-366
-368
-747
-847
-947
-767
-867
-967
568
-562
-563
-564
-565
-566
-448
-468
-558
-648
-658
-668
-518
-528
-538
-578
-598
-168
-768
-868
-968
632
-631
-633
-635
-636
-637
-638
-639
-412
-422
-432
-512
-522
-532
-612
-622
-642
-662
-672
-682
-692
-132
-232
272
-273
-275
-192
-732
-832
-932
-572
-772
-872
-972
651
-653
-654
-655
-656
-441
-551
-641
-611
-671
-691
-751
-851
-951
737
-731
-733
-735
-736
-738
-739
-727
-827
-837
-927
-937
-757
-787
-797
-437
758
-753
-754
-755
-756
-748
-848
-858
-948
-958
-718
-728
-778
-798
-158
774
-771
-773
-775
-784
-874
-884
-974
-984
-714
-724
-744
-764
-574
-674
782
-783
-785
-786
-789
-792
-882
-892
-982
-992
-712
-722
-742
-762
-482
-582
592
-591
-593
-595
-599
-492
812
-811
-813
-814
-815
-816
-818
-819
-822
-912
-922
-842
-862
-112
122
-123
-125
-126
-128
823
-824
-825
-826
-828
-713
-723
-833
-913
-923
-933
-843
-853
-863
-873
-883
-893
-423
-523
-623
849
-841
-844
-845
-846
-749
-769
-869
-949
-969
-839
-889
-899
-149
169
-163
-164
-165
-166
886
-885
-887
-796
-896
-986
-996
-836
-856
-866
-386
898
-891
-895
-897
-878
-978
-998
857
-854
-855
-957
864
-865
-944
-954
-964
-838
-464
-664
678
-673
-675
-498
-698
-618
-628
924
-925
-926
-928
-914
-424
-524
-624
428
-425
-427
627
-625
-626
-418
-438
-687
-697
931
-935
-936
-938
-939
-711
-831
835
-911
-715
-725
726
-915
-716
719
-916
918
-919
-746
-766
-799
871
-875
-791
-971
-991
741
-743
-745
-941
-118
-318
138
-133
-135
-136
-148
348
-343
-345
-346
-519
-619
539
-531
-533
-535
-536
-589
525
-526
-415
-435
-515
-615
-555
-575
-585
-431
433
-413
-513
-613
-443
-463
-483
-493
-233
-235
236
-116
-316
-246
-256
396
-393
-395
-196
-571
573
491
-495
-497
-583
584
-683
-693
-484
-684
487
-485
-411
414
511
-514
-516
-614
616
-444
-553
-554
556
644
-643
-645
-646
663
-665
-666
-144
154
-153
-155
-156
146
-143
-145
-946
-956
966
-962
-963
-965
942
-943
-945
-442
445
462
-465
243
-245
-253
255
953
-955
-763
765
793
-795
-973
975
-983
-993
-985
-995
383
-385
-193
195
113
-115
-313
315
685
-689
-695
699
-987
989
997
-999
