145
-141
-142
-143
-144
-146
-147
-148
-149
-155
-165
-245
-255
-265
-345
-355
-365
-115
-125
-135
-175
-185
-195
-445
-545
-645
-745
-845
-945
232
-231
-233
-234
-235
-236
-237
-238
-239
-112
-122
-132
-212
-222
-312
-322
-332
-242
-252
-262
-272
-282
-292
-432
-532
-632
-732
-832
-932
258
-251
-253
-254
-256
-257
-259
-158
-168
-248
-268
-348
-358
-368
-218
-228
-278
-288
-298
-458
-558
-658
-758
-858
-958
287
-281
-283
-284
-285
-286
-289
-177
-187
-197
-277
-297
-377
-387
-397
-217
-227
-247
-267
-487
-587
-687
-787
-887
-987
299
-291
-293
-294
-295
-296
-179
-189
-199
-279
-379
-389
-399
-219
-229
-249
-269
-499
-599
-699
-799
-899
-999
331
-333
-334
-335
-336
-337
-338
-339
-111
-121
-131
-211
-221
-311
-321
-341
-351
-361
-371
-381
-391
-431
-531
-631
-731
-831
-931
346
-342
-343
-344
-347
-349
-156
-166
-246
-266
-356
-366
-316
-326
-376
-386
-396
-446
-546
-646
-746
-846
-946
374
-372
-373
-375
-378
-174
-184
-194
-274
-384
-394
-314
-324
-354
-364
-474
-574
-674
-774
-874
-974
422
-421
-423
-424
-425
-426
-427
-428
-429
-412
-512
-522
-612
-622
-442
-452
-462
-472
-482
-492
-722
-822
-922
486
-481
-483
-484
-485
-488
-489
-476
-496
-576
-586
-596
-676
-686
-696
-416
-436
-456
-466
-186
-786
-886
-986
498
-491
-493
-494
-495
-497
-478
-578
-588
-598
-678
-688
-698
-418
-438
-448
-468
-198
-398
-798
-898
-998
521
-523
-524
-525
-526
-527
-528
-529
-411
-511
-611
-621
-541
-551
-561
-571
-581
-591
-721
-821
-921
553
-552
-554
-555
-556
-557
-559
-443
-453
-463
-543
-563
-643
-653
-663
-513
-533
-573
-583
-593
-153
-353
-753
-853
-953
589
-582
-584
-585
-479
-579
-679
-689
-519
-539
-549
-569
-789
-889
-989
613
-614
-615
-616
-617
-618
-619
-413
-433
-623
-633
473
-471
-475
-477
-673
-683
-693
-113
-213
-313
-713
-813
-913
-173
-273
-773
-873
-973
624
-625
-626
-627
-628
-629
-414
-434
-514
-534
-634
-644
-654
-664
-684
-694
594
-592
-595
-597
-544
-564
-124
-224
-724
-824
-924
-794
-894
-994
685
-681
-682
-575
-675
-695
-635
-655
-665
-385
-785
-885
-985
736
-733
-734
-735
-737
-738
-739
-716
-726
-816
-826
-836
-916
-926
-936
-756
-766
-776
-796
-136
-536
-636
516
-515
-517
-518
-566
-116
-216
769
-761
-762
-763
-764
-765
-767
-768
-749
-759
-849
-859
-869
-949
-959
-969
-719
-729
-779
-169
-369
-469
-669
778
-771
-772
-775
-777
-788
-878
-888
-978
-988
-718
-728
-748
-178
818
-811
-812
-814
-815
-817
-819
-828
-838
-918
-928
-938
-848
-868
-118
-318
827
-823
-825
-829
-717
-727
-837
-917
-927
-937
-847
-857
-867
-877
-897
-127
-327
852
-851
-854
-855
-856
-742
-752
-842
-862
-942
-952
-962
-872
-882
-892
-152
-352
-652
879
-871
-875
-876
-979
-839
965
-961
-963
-964
-966
-967
-968
-755
-865
-955
948
-941
-943
-944
-947
-915
-925
-935
-975
-995
-548
-648
455
-451
-454
-457
-459
-465
-565
-415
-435
535
-537
-538
638
-637
-639
568
-562
-567
-668
-835
895
-891
-893
-896
-795
866
-861
-863
-864
-956
-138
656
-651
-657
-659
-666
649
-641
-642
-647
-449
542
-547
-662
-572
577
-677
-697
667
-661
-447
-467
747
-741
-743
-744
843
-841
-844
-757
-957
-797
881
-883
-884
-781
-791
-971
-981
-991
-833
834
-714
-914
-934
-134
-243
-167
-367
275
-271
-276
-395
-215
214
-114
-244
241
-151
-161
-261
-264
263
-163
-363
362
-162
164
-154
-223
-225
226
-126
-382
-392
393
-183
-193
-383
388
-188
128
-123
-129
-328
133
-137
-139
-323
-933
939
-919
-929
923
-723
725
-715
-983
-993
315
-317
-319
-325
329
117
-119
-157
159
357
-359
-417
419
437
-439
-441
444
461
-464
-977
997
-992
-996
976
-972
-176
196
-191
-192
-181
182
171
-172
-671
672
691
-692
-782
-982
984
792
-793
783
-784
-712
711
-911
912
-751
754
951
-954
