122
-121
-123
-124
-125
-126
-127
-128
-129
-112
-132
-212
-222
-232
-312
-322
-332
-142
-152
-162
-172
-182
-192
-422
-522
-622
-722
-822
-922
137
-131
-133
-134
-135
-136
-138
-139
-117
-217
-227
-237
-317
-327
-337
-147
-157
-167
-177
-187
-197
-437
-537
-637
-737
-837
-937
143
-141
-144
-145
-146
-148
-149
-153
-163
-243
-253
-263
-343
-353
-363
-113
-173
-183
-193
-443
-543
-643
-743
-843
-943
161
-164
-165
-166
-168
-169
-151
-241
-251
-261
-341
-351
-361
-111
-171
-181
-191
-461
-561
-661
-761
-861
-961
249
-242
-244
-245
-246
-247
-248
-159
-259
-269
-349
-359
-369
-219
-229
-239
-279
-289
-299
-449
-549
-649
-749
-849
-949
266
-262
-264
-265
-267
-268
-156
-256
-346
-356
-366
-216
-226
-236
-276
-286
-296
-466
-566
-666
-766
-866
-966
278
-271
-272
-273
-274
-275
-277
-178
-188
-198
-288
-298
-378
-388
-398
-218
-228
-238
-258
-478
-578
-678
-778
-878
-978
313
-311
-314
-315
-316
-318
-319
-213
-223
-233
-323
-333
-373
-383
-393
-413
-513
-613
-713
-813
-913
352
-354
-355
-357
-358
-252
-342
-362
-372
-382
-392
-452
-552
-652
-752
-852
-952
375
-371
-374
-376
-377
-379
-175
-185
-195
-285
-295
-385
-395
-325
-335
-345
-365
-475
-575
-675
-775
-875
-975
419
-411
-412
-414
-415
-416
-417
-418
-429
-439
-519
-529
-539
-619
-629
-639
-459
-469
-479
-489
-499
-119
-719
-819
-919
427
-421
-423
-424
-425
-426
-428
-517
-527
-617
-627
-447
-457
-467
-477
-487
-497
-727
-827
-927
462
-463
-464
-465
-468
-442
-542
-562
-642
-662
-432
-472
-482
-492
-762
-862
-962
486
-481
-483
-484
-485
-488
-476
-496
-576
-586
-596
-676
-686
-696
-436
-446
-456
-186
-386
-786
-886
-986
621
-623
-624
-625
-626
-628
-431
-511
-521
-531
-611
-631
-641
-651
-671
-681
-691
-221
-321
-721
-821
-921
647
-644
-645
-646
-648
-547
-557
-567
-657
-667
-677
-687
-697
-347
-747
-847
-947
689
-682
-683
-684
-685
-688
-579
-589
-599
-679
-699
-659
-669
-189
184
-174
-194
-284
-294
-384
-394
-114
-154
-584
-784
-884
-984
-389
-789
-889
-989
698
-692
-693
-694
-695
-498
-588
-598
-618
-638
-658
-668
-798
-898
-998
733
-731
-732
-734
-735
-736
-738
-739
-723
-823
-833
-923
-933
-753
-763
-773
-783
-793
523
-524
-525
-526
-528
-433
-533
-633
-553
-563
-573
-583
-593
751
-754
-755
-756
-757
-758
-759
-741
-841
-851
-941
-951
-711
-771
-781
-791
-451
-551
799
-792
-794
-795
-796
-797
-779
-879
-899
-979
-999
-729
-769
179
-176
-199
196
-396
-399
-116
-896
-996
832
-831
-834
-835
-836
-838
-839
-712
-812
-912
-932
-842
-872
-882
-892
-532
-632
848
-844
-845
-846
-748
-768
-858
-868
-948
-958
-968
-818
-828
-888
-348
344
-254
-364
-324
-334
-444
-544
-744
-944
-448
-548
869
-863
-864
-865
-867
-859
-959
-969
-829
559
-554
-555
-556
-558
-569
963
-964
-965
-967
-853
-953
-973
-983
-993
-663
976
-971
-972
-974
-977
-776
-876
-916
-926
-936
-946
-956
987
-981
-982
-985
-988
-777
-787
-877
-887
-897
-997
788
-782
-785
-718
-728
-917
-957
577
-571
-572
-574
-587
-597
-287
-387
381
-281
-291
-391
397
-297
257
-255
155
-158
-367
368
-115
118
-328
-338
-331
-518
-918
928
-924
-925
-929
-938
939
-931
-934
-935
329
-326
336
-339
231
-234
-235
-211
-536
-636
-455
-655
-855
-955
954
-764
-854
-914
-994
-454
-654
-857
856
-746
767
-765
-717
817
-811
-814
-815
-816
911
-915
-826
-991
726
-724
-725
-716
546
-541
-545
441
-445
-656
653
-453
458
-568
-471
-491
-438
538
-534
-535
-516
616
-612
-614
-615
512
-514
-515
-582
-592
672
-673
-674
871
-873
-874
-881
-891
-772
774
992
-995
-894
742
-745
-942
945
-714
715
824
-825
214
-215
-224
225
473
-474
-493
-581
585
591
-594
-595
494
-495
-434
435
634
-635
564
-565
-664
665
282
-283
-292
293
883
-885
-893
895
