146
-141
-142
-143
-144
-145
-147
-148
-149
-156
-166
-246
-256
-266
-346
-356
-366
-116
-126
-136
-176
-186
-196
-446
-546
-646
-746
-846
-946
178
-171
-172
-173
-174
-175
-177
-179
-188
-198
-278
-288
-298
-378
-388
-398
-118
-128
-138
-158
-168
-478
-578
-678
-778
-878
-978
185
-181
-182
-183
-184
-187
-189
-195
-275
-285
-295
-375
-385
-395
-115
-125
-135
-155
-165
-485
-585
-685
-785
-885
-985
234
-231
-232
-233
-235
-236
-237
-238
-239
-114
-124
-134
-214
-224
-314
-324
-334
-244
-254
-264
-274
-284
-294
-434
-534
-634
-734
-834
-934
242
-241
-243
-245
-247
-248
-249
-152
-162
-252
-262
-342
-352
-362
-212
-222
-272
-282
-292
-442
-542
-642
-742
-842
-942
321
-322
-323
-325
-326
-327
-328
-329
-111
-121
-131
-211
-221
-311
-331
-341
-351
-361
-371
-381
-391
-421
-521
-621
-721
-821
-921
451
-452
-453
-454
-455
-456
-457
-458
-459
-441
-461
-541
-551
-561
-641
-651
-661
-411
-431
-471
-481
-491
-151
-251
-751
-851
-951
463
-462
-464
-465
-466
-467
-468
-469
-443
-543
-553
-563
-643
-653
-663
-413
-423
-433
-473
-483
-493
-163
-263
-363
-763
-863
-963
516
-511
-512
-513
-514
-515
-517
-518
-519
-416
-426
-436
-526
-536
-616
-626
-636
-556
-566
-576
-586
-596
-216
-316
-716
-816
-916
575
-571
-572
-573
-574
-577
-579
-475
-495
-595
-675
-695
-525
-535
-545
-555
-565
-775
-875
-975
654
-652
-655
-656
-657
-658
-659
-444
-544
-554
-564
-644
-664
666
-662
-665
-667
-668
-669
-614
-624
-674
-684
-694
-676
-686
-696
-154
-354
-754
-854
-954
-766
-866
-966
715
-711
-712
-713
-714
-717
-718
-719
-725
-735
-815
-825
-835
-915
-925
-935
-745
-755
-765
-795
-215
-315
-415
-615
747
-741
-743
-744
-748
-749
-757
-767
-847
-857
-867
-947
-957
-967
-727
-737
-777
-787
-797
-347
-447
-547
-647
782
-781
-783
-784
-786
-788
-789
-772
-792
-872
-882
-892
-972
-982
-992
-722
-732
-752
-762
-382
-482
-582
-682
833
-831
-832
-836
-837
-838
-839
-723
-733
-813
-823
-913
-923
-933
-843
-853
-873
-883
-893
-133
-333
-533
-633
891
-894
-895
-896
-897
-898
-899
-771
-791
-871
-881
-971
-981
-991
995
-993
-994
-996
-997
-998
-999
-811
-841
-861
-945
-955
-965
941
-943
-944
-948
-949
-761
-961
731
-736
-738
-739
-911
-931
611
-612
-613
-617
-618
-619
-531
-631
-671
-681
-691
343
-344
-345
-348
-349
-153
-253
-353
-313
-373
-383
-393
844
-845
-848
-849
-764
-864
-964
-814
-824
-874
-884
271
-273
-276
-277
-279
-191
-281
-291
161
-164
-167
-169
-261
364
-365
-367
-368
-369
194
-192
-193
-197
-199
-374
-384
-394
581
-583
-584
-587
-588
-589
-591
-494
-594
524
-522
-523
-527
-528
-529
623
-622
-625
-627
-628
-629
-414
-424
593
-592
-597
-598
-599
-673
-683
-693
914
-912
-917
-918
-919
-724
-924
-974
-984
-123
113
-112
-117
-119
-213
-223
484
-486
-487
-488
-489
-474
774
-773
-776
-779
-794
973
-976
-977
-979
-793
-983
753
-756
-758
-759
-953
283
-286
-287
-289
-293
922
-926
-927
-928
-929
-812
-822
-932
-952
-962
-122
132
-137
-139
-312
-332
412
-417
-418
-419
-422
-432
-532
-632
-472
-492
127
-129
-217
-227
-317
-337
-157
159
-259
-269
-359
817
-818
-819
-827
-937
-877
-887
987
-986
-988
-989
-427
-559
-859
-959
-387
-687
-218
219
-229
-319
318
-228
-338
-339
-299
-358
225
-226
-335
336
-255
-265
355
-357
296
-297
-376
-386
389
-396
-379
-399
-425
-936
956
-958
-856
-855
865
-862
-868
-869
852
-858
-552
562
-567
-568
-569
557
-558
-537
-257
258
267
-268
886
-888
-889
-796
-876
879
798
-799
726
-728
-729
-826
-768
769
968
-969
828
-829
-938
939
-428
429
-439
-539
538
-438
-638
-639
-449
-479
-499
-548
549
-649
476
-477
-496
-679
688
-689
-498
497
-677
672
-692
-697
-698
699
-437
435
-635
637
-445
448
645
-648
-372
377
392
-397
