123
-121
-122
-124
-125
-126
-127
-128
-129
-113
-133
-213
-223
-233
-313
-323
-333
-143
-153
-163
-173
-183
-193
-423
-523
-623
-723
-823
-923
192
-191
-194
-195
-196
-197
-198
-199
-172
-182
-272
-282
-292
-372
-382
-392
-112
-132
-142
-152
-162
-492
-592
-692
-792
-892
-992
232
-231
-234
-235
-236
-237
-238
-239
-212
-222
-312
-322
-332
-242
-252
-262
-432
-532
-632
-732
-832
-932
257
-251
-253
-254
-255
-256
-258
-259
-147
-157
-167
-247
-267
-347
-357
-367
-217
-227
-277
-287
-297
-457
-557
-657
-757
-857
-957
265
-261
-263
-264
-266
-268
-269
-145
-155
-165
-245
-345
-355
-365
-215
-225
-275
-285
-295
-465
-565
-665
-765
-865
-965
299
-291
-293
-294
-296
-298
-179
-189
-279
-289
-379
-389
-399
-219
-229
-249
-499
-599
-699
-799
-899
-999
327
-321
-324
-325
-326
-328
-329
-117
-137
-317
-337
-377
-387
-397
-427
-527
-627
-727
-827
-927
346
-341
-342
-343
-344
-348
-349
-146
-156
-166
-246
-356
-366
-316
-336
-376
-386
-396
-446
-546
-646
-746
-846
-946
368
-361
-362
-363
-364
-369
352
-351
-353
-354
-358
-359
243
-241
-244
-248
-148
-158
-168
-273
-283
-318
-338
-378
-388
-398
-443
-543
-643
-743
-843
-943
-452
-552
-652
-752
-852
-952
-468
-568
-668
-768
-868
-968
373
-371
-374
-375
-383
-393
-473
-573
-673
-773
-873
-973
425
-421
-422
-424
-426
-428
-429
-415
-435
-515
-525
-535
-615
-625
-635
-445
-455
-475
-485
-495
-725
-825
-925
453
-451
-454
-456
-458
-459
-463
-553
-563
-653
-663
-413
-433
-483
-493
-753
-853
-953
461
-462
-464
-466
-467
-469
-441
-541
-551
-561
-641
-651
-661
-411
-431
-471
-481
-491
-161
-761
-861
-961
521
-522
-524
-526
-528
-529
-511
-531
-611
-621
-631
-571
-581
-591
-221
-721
-821
-921
547
-542
-544
-545
-548
-549
-447
-567
-647
-667
-517
-537
-577
-587
-597
-747
-847
-947
569
-562
-564
-566
-449
-559
-649
-659
-669
-519
-539
-579
-589
-169
164
-144
-154
-114
-134
-174
-184
-664
-764
-864
-964
-769
-869
-969
582
-583
-584
-585
-586
-588
-472
-482
-572
-672
-682
-512
-782
-882
-982
642
-644
-645
-648
-442
-662
666
-556
-656
412
-414
-416
-417
-418
-419
-612
-622
-616
-626
-636
-676
-686
-696
-712
-812
-912
-742
-842
-942
-766
-866
-966
658
-654
-655
555
-554
-558
444
-448
-434
-474
-484
-494
-575
-595
-618
-628
-638
-678
-688
-698
-744
-844
-944
-755
-855
-955
-758
-858
-958
683
-681
-684
-685
-687
-689
-593
-693
-613
-633
-783
-883
-983
738
-731
-733
-734
-735
-736
-737
-739
-718
-728
-818
-828
-838
-918
-928
-938
-748
-778
-788
-798
228
-224
-226
-118
-138
-218
-278
-288
518
-513
-514
-516
533
-534
-536
-538
436
-437
-438
-439
-476
-486
-496
-578
-598
-833
-933
-136
-836
-936
749
-741
-745
-759
-849
-859
-949
-959
-719
-729
-779
-789
-149
141
-151
159
-111
-131
-171
-181
-119
-139
135
-115
116
-315
-335
-216
-175
-185
-176
-186
-716
-816
-916
-835
-935
-841
-941
763
-762
-767
-863
-963
-713
-793
784
-781
-785
-786
-787
-774
-794
-874
-884
-894
-974
-984
-994
-714
-724
-754
-284
-384
813
-811
-814
-815
-817
-819
-913
-893
993
-991
-995
-996
-997
-998
845
-848
-945
948
-875
-885
-895
-978
-988
854
-851
-856
-954
-824
-834
878
-871
-872
-876
-877
-879
-888
-898
-178
177
-187
188
-477
-677
-777
-977
-478
479
-489
-679
-979
-488
487
-497
498
-697
-887
-987
914
-911
-915
-917
-919
-924
-934
715
-711
-717
-775
-795
797
-791
-796
-897
-214
211
-311
-331
-271
-281
286
-276
274
-394
-314
319
334
-339
-614
617
-619
-637
624
-629
-634
639
-674
-694
-839
-939
-574
576
594
-596
-776
-976
-886
-986
896
-891
-826
985
-981
-989
-975
889
-881
831
-837
-931
937
867
-862
962
-967
822
-829
-722
726
-922
-926
929
772
-771
971
-972
751
-756
-951
956
-671
675
691
-695
381
-385
-391
395
