175
-171
-172
-173
-174
-176
-177
-178
-179
-185
-195
-275
-285
-295
-375
-385
-395
-115
-125
-135
-145
-155
-165
-475
-575
-675
-775
-875
-975
225
-221
-222
-223
-224
-226
-227
-228
-229
-215
-235
-315
-325
-335
-245
-255
-265
-425
-525
-625
-725
-825
-925
244
-241
-242
-243
-246
-247
-248
-249
-144
-154
-164
-254
-264
-344
-354
-364
-214
-234
-274
-284
-294
-444
-544
-644
-744
-844
-944
281
-282
-283
-286
-287
-288
-289
-181
-191
-271
-291
-371
-381
-391
-211
-231
-251
-261
-481
-581
-681
-781
-881
-981
299
-292
-293
-296
-297
-298
-189
-199
-279
-379
-389
-399
-219
-239
-259
-269
-499
-599
-699
-799
-899
-999
326
-321
-322
-323
-324
-327
-328
-329
-116
-126
-136
-216
-236
-316
-336
-346
-356
-366
-376
-386
-396
-426
-526
-626
-726
-826
-926
355
-351
-352
-353
-357
-358
-359
-345
-365
-455
-555
-655
-755
-855
-955
432
-431
-433
-434
-435
-436
-437
-438
-439
-412
-422
-512
-522
-532
-612
-622
-632
-442
-452
-462
-472
-482
-492
-132
-232
-332
-732
-832
-932
459
-451
-453
-454
-456
-457
-458
-449
-469
-549
-559
-569
-649
-659
-669
-419
-429
-479
-489
-159
-759
-859
-959
465
-461
-463
-464
-466
-467
-468
-445
-545
-565
-645
-665
-415
-485
-495
-765
-865
-965
478
-471
-473
-474
-476
-477
-488
-498
-578
-588
-598
-678
-688
-698
-418
-428
-448
-278
-378
-778
-878
-978
524
-521
-523
-527
-528
-529
-414
-424
-514
-534
-614
-624
-634
-554
-564
-574
-584
-594
-124
-724
-824
-924
548
-541
-542
-543
-546
-547
-558
-568
-648
-658
-668
-518
-538
-148
-348
-748
-848
-948
562
-561
-563
-566
-567
-552
-642
-652
-662
-572
-582
-592
-162
-262
-362
-762
-862
-962
586
-583
-585
-587
-589
-486
-496
-576
-596
-676
-686
-696
-516
-536
-556
-186
-786
-886
-986
637
-631
-633
-635
-636
-638
-639
-417
-427
-517
-537
-617
-627
-647
-657
-667
-677
-687
-697
-137
-237
-337
-737
-837
-937
643
-641
-646
-443
-553
-653
-663
-613
-623
-673
-683
-693
-143
-343
-743
-843
-943
656
-651
-654
664
-661
-666
-446
416
-411
-413
-616
-674
-684
-694
-716
-816
-916
-156
-256
-756
-856
-956
-764
-864
-964
679
-671
-672
-579
-689
-619
-629
-779
-879
-979
751
-752
-753
-754
-757
-758
-741
-761
-841
-851
-861
-941
-951
-961
-711
-721
-731
-771
-791
-151
-551
557
441
-447
-421
423
-513
-533
-491
-483
-493
-577
-597
-123
-723
-823
-923
-141
-341
-157
-257
-857
-957
784
-782
-783
-785
-787
-788
-789
-774
-794
-874
-884
-894
-974
-984
-994
-714
-734
374
-372
-373
-377
-184
-194
-384
-394
-314
-334
-484
487
494
-497
-187
-387
-887
-987
815
-811
-812
-813
-814
-817
-818
-819
-715
-735
-835
-915
-935
-845
-885
-895
-515
-615
535
-531
-539
519
-511
-595
-119
-319
-719
-919
821
-822
-827
-828
-829
-831
-911
-921
-931
-871
-891
-121
-621
628
611
-618
-691
-111
-311
-128
-728
-928
866
-863
-867
-868
-869
-746
-766
-846
-946
-966
-836
-876
-896
146
-142
-147
-149
-166
-266
-196
276
-272
-273
-277
-776
-976
888
-882
-883
-889
-798
-898
-988
-998
989
-982
-983
-985
-838
-858
-929
-939
-949
-969
685
-682
692
-695
-188
-388
-192
-392
-792
-892
-992
933
-934
-936
-938
-713
-733
-833
-913
736
-738
-739
-796
996
-991
-993
-995
-997
971
-972
-973
-977
795
-793
-797
-745
945
-942
-947
-953
-963
-133
-233
238
-118
-138
-218
-318
-338
-258
-268
-333
-571
573
591
-593
-773
763
-767
-768
-769
-853
718
-712
-717
-918
-163
-263
267
-167
-347
-367
-217
-363
-967
968
-958
158
-152
-153
253
-252
342
-349
-168
-368
-198
398
-393
-397
197
-193
-117
-127
317
-312
-313
212
-213
-112
-122
129
113
-114
134
-131
-139
331
-339
161
-169
-361
369
182
-183
-382
383
-912
914
-917
-834
839
-729
749
-742
-747
847
-842
-849
854
-852
952
-954
872
-873
-877
-772
777
893
-897
722
-727
-922
927
