133
-131
-132
-134
-135
-136
-137
-138
-139
-113
-123
-213
-223
-233
-313
-323
-333
-143
-153
-163
-173
-183
-193
-433
-533
-633
-733
-833
-933
149
-141
-142
-144
-145
-146
-147
-148
-159
-169
-249
-259
-269
-349
-359
-369
-119
-129
-179
-189
-199
-449
-549
-649
-749
-849
-949
172
-171
-174
-175
-176
-177
-178
-182
-192
-272
-282
-292
-372
-382
-392
-112
-122
-152
-162
-472
-572
-672
-772
-872
-972
184
-181
-185
-186
-187
-188
-194
-274
-284
-294
-374
-384
-394
-114
-124
-154
-164
-484
-584
-684
-784
-884
-984
221
-222
-224
-225
-226
-227
-228
-229
-111
-121
-211
-231
-311
-321
-331
-241
-251
-261
-271
-281
-291
-421
-521
-621
-721
-821
-921
264
-262
-263
-265
-266
-267
-268
-244
-254
-344
-354
-364
-214
-234
-464
-564
-664
-764
-864
-964
318
-312
-314
-315
-316
-317
-319
-118
-128
-218
-238
-328
-338
-348
-358
-368
-378
-388
-398
-418
-518
-618
-718
-818
-918
355
-351
-352
-353
-356
-357
-155
-165
-245
-255
-345
-365
-325
-335
-375
-385
-395
-455
-555
-655
-755
-855
-955
379
-371
-373
-376
-377
-279
-289
-299
-389
-399
-329
-339
-479
-579
-679
-779
-879
-979
414
-411
-412
-413
-415
-416
-417
-419
-424
-434
-514
-524
-534
-614
-624
-634
-444
-454
-474
-494
-714
-814
-914
488
-481
-482
-483
-485
-486
-487
-489
-478
-498
-578
-588
-598
-678
-688
-698
-428
-438
-448
-458
-468
-288
-788
-888
-988
527
-522
-523
-525
-526
-528
-529
-427
-437
-517
-537
-617
-627
-637
-547
-557
-567
-577
-587
-597
-127
-327
-727
-827
-927
543
-541
-542
-544
-545
-546
-548
-443
-453
-463
-553
-563
-643
-653
-663
-513
-573
-583
-593
-243
-343
-743
-843
-943
562
-561
-565
-566
-568
-569
-442
-452
-462
-552
-642
-652
-662
-512
-532
-582
-592
-362
-762
-862
-962
586
-581
-585
-589
-476
-496
-576
-596
-676
-686
-696
-516
-536
-556
-286
-386
-786
-886
-986
626
-622
-623
-625
-628
-629
-426
-436
-616
-636
-646
-656
-666
-126
125
-115
-215
-235
-195
-425
-725
-825
-925
-326
-726
-826
-926
697
-691
-692
-693
-694
-695
-699
-477
-497
-677
-687
-647
-657
-667
-197
-297
-397
-797
-897
-997
734
-731
-732
-735
-736
-737
-738
-739
-724
-824
-834
-924
-934
-744
-754
-774
-794
324
-322
-334
753
-751
-752
-756
-757
-758
-759
-763
-853
-863
-953
-963
-713
-723
-773
-783
-793
-253
363
-361
-366
-367
-383
-393
792
-791
-795
-796
-798
-799
-782
-882
-892
-982
-992
-712
-722
-742
682
-681
-683
-685
-689
-492
-612
-632
844
-841
-842
-845
-846
-847
-848
-854
-944
-954
-874
-894
-644
885
-881
-883
-887
-889
-775
-785
-875
-895
-975
-985
-995
-815
-835
-865
-285
922
-923
-928
-929
-812
-822
-832
-912
-932
852
-851
-856
-857
-858
-859
-942
-952
212
-216
-217
-219
-232
-332
239
-236
-237
-242
-252
342
-341
-346
-347
-422
432
-431
-435
-439
-539
-639
-839
-939
936
-931
-935
-937
-938
-716
-816
-836
-916
-946
-956
-966
-976
-996
116
-117
-336
337
-156
-166
-196
396
-391
-276
-296
381
-387
-191
198
-278
-298
-158
-168
-837
-781
-981
-896
-898
-998
969
-961
-965
-967
-968
-769
-869
-959
-919
-989
-999
-469
-669
789
-787
-899
-719
-729
728
-828
-838
831
-711
-811
-911
-748
-768
-778
-861
-871
-891
893
-873
-973
-983
987
-993
-777
-877
-977
-813
-823
829
913
-915
-917
715
-717
817
-819
-745
-765
945
-941
-947
-948
-867
-957
-613
423
-429
-473
-493
673
-671
-674
-675
654
-651
-658
-659
-554
619
-611
-615
-519
511
-515
-531
-631
-551
-571
-591
-445
-645
-273
277
-275
295
-293
283
-287
-247
-257
-495
-595
974
-971
-978
-994
991
-771
776
-876
878
-746
-766
866
-868
958
-951
-258
256
-246
248
446
-441
-447
-456
-466
747
-741
761
-767
641
-648
-451
-461
-661
151
-157
-161
167
457
-459
-467
465
-665
668
-558
559
-475
471
-491
499
575
-574
594
-599
-535
538
635
-638
