177
-171
-172
-173
-174
-175
-176
-178
-179
-187
-197
-277
-287
-297
-377
-387
-397
-117
-127
-137
-147
-157
-167
-477
-577
-677
-777
-877
-977
191
-192
-193
-194
-195
-196
-198
-199
-181
-271
-281
-291
-371
-381
-391
-111
-121
-131
-141
-151
-161
-491
-591
-691
-791
-891
-991
218
-211
-212
-213
-214
-215
-216
-217
-219
-118
-128
-138
-228
-238
-318
-328
-338
-248
-258
-268
-278
-288
-298
-418
-518
-618
-718
-818
-918
254
-251
-252
-253
-255
-256
-257
-259
-144
-154
-164
-244
-264
-344
-354
-364
-224
-234
-274
-284
-294
-454
-554
-654
-754
-854
-954
315
-311
-312
-313
-314
-316
-317
-319
-115
-125
-135
-225
-235
-325
-335
-345
-355
-365
-375
-385
-395
-415
-515
-615
-715
-815
-915
366
-361
-362
-363
-367
-368
-369
-146
-156
-166
-246
-266
-346
-356
-326
-336
-376
-386
-396
-466
-566
-666
-766
-866
-966
427
-421
-422
-423
-424
-425
-426
-428
-429
-417
-437
-517
-527
-537
-617
-627
-637
-447
-457
-467
-487
-497
-227
-327
-727
-827
-927
443
-441
-442
-444
-445
-446
-448
-449
-453
-463
-543
-553
-563
-643
-653
-663
-413
-433
-473
-483
-493
-143
-243
-343
-743
-843
-943
521
-522
-523
-524
-525
-526
-528
-529
-411
-431
-511
-531
-611
-621
-631
-541
-551
-561
-571
-581
-221
-321
-721
-821
-921
533
-532
-534
-535
-536
-538
-539
-513
-613
-623
-633
-573
-583
-593
-133
-233
-333
-733
-833
-933
658
-651
-652
-655
-656
-657
-659
-458
-468
-548
-558
-568
-648
-668
-628
-638
438
-432
-434
-435
-436
-439
-478
-488
-498
-678
-688
-698
-738
-838
-938
-158
-358
-758
-858
-958
686
-681
-682
-683
-684
-685
-687
-689
-476
-486
-496
-576
-586
-596
-676
-696
-616
-626
-636
-646
-186
-286
-786
-886
-986
722
-723
-724
-725
-726
-728
-729
-712
-732
-812
-822
-832
-912
-922
-932
-742
-752
-762
-772
-782
-792
-122
-222
-322
-622
747
-741
-744
-745
-746
-748
-749
-757
-767
-847
-857
-867
-947
-957
-967
-717
-737
-787
-797
-247
-347
-547
-647
814
-811
-813
-816
-817
-819
-714
-734
-824
-834
-914
-924
-934
-844
-864
-874
-884
-894
-114
-414
-514
-614
917
-911
-913
-916
-919
-837
-937
-987
-997
711
-713
-716
-719
-731
-831
-931
-751
-761
-771
-781
113
-112
-116
-119
-123
-223
-323
-153
-163
-183
885
-881
-882
-883
-887
-888
-889
-775
-785
-795
-875
-895
-975
-985
-995
897
-892
-893
-896
-898
-899
-825
-835
-845
-855
-865
-185
-285
-485
-585
587
-582
-584
-588
-589
-597
-697
-557
-567
667
-661
-662
-664
-665
-669
357
-351
-352
-353
-359
263
-261
-262
-265
-267
-269
-273
-283
-293
237
-231
-232
-236
-239
331
-332
-334
-337
-339
132
-134
-136
-139
-142
-152
-162
-182
126
-124
-129
324
-329
-226
229
184
-188
-189
-374
-384
-394
241
-242
-245
-249
-341
342
-348
-349
-279
-289
282
-272
-292
-372
-382
-392
-299
-624
634
-632
-635
-639
625
-629
-644
-674
-694
-645
-675
-695
-925
-826
-926
-829
-929
-641
671
-672
-673
-679
-471
-481
693
-692
-699
-841
-941
-542
-642
649
-459
-469
-549
-559
-569
612
-619
-412
-512
-842
-942
-149
-849
-949
-763
-863
-963
-871
-971
981
-982
-983
-984
-988
-989
-951
-961
-482
-484
489
-479
-499
-579
-599
-419
416
-516
519
-456
-784
-389
-789
-393
-793
-993
978
-972
-973
-974
-976
-979
-778
-788
783
-773
-873
-798
-878
-998
-753
768
-764
-765
-769
-848
846
-756
-856
-946
-956
-868
-948
-968
-836
839
-739
-939
-876
828
-823
923
-928
853
-851
-852
-859
861
-862
-869
-953
872
-879
-992
-546
556
-552
-555
148
-145
-168
451
-452
-455
-461
952
-955
-959
-962
-472
-572
373
-378
-379
-383
388
-398
399
-578
598
-592
-594
-595
492
-494
-495
-462
562
-564
-565
779
-774
-776
-799
-999
794
-796
-994
996
736
-735
935
-936
755
-759
-945
944
-964
-965
969
-544
545
464
-465
-474
475
574
-575
-155
159
165
-169
-275
276
295
-296
