121
-122
-123
-124
-125
-126
-127
-128
-129
-111
-131
-211
-221
-231
-311
-321
-331
-141
-151
-161
-171
-181
-191
-421
-521
-621
-721
-821
-921
159
-152
-153
-154
-155
-156
-157
-158
-149
-169
-249
-259
-269
-349
-359
-369
-119
-139
-179
-189
-199
-459
-559
-659
-759
-859
-959
164
-162
-163
-165
-166
-167
-168
-144
-244
-254
-264
-344
-354
-364
-114
-134
-174
-184
-194
-464
-564
-664
-764
-864
-964
225
-222
-223
-224
-226
-227
-228
-229
-115
-135
-215
-235
-315
-325
-335
-245
-255
-265
-275
-285
-295
-425
-525
-625
-725
-825
-925
239
-232
-233
-234
-236
-237
-238
-219
-319
-329
-339
-279
-289
-299
-439
-539
-639
-739
-839
-939
267
-261
-262
-263
-266
-268
-147
-247
-257
-347
-357
-367
-217
-277
-287
-297
-467
-567
-667
-767
-867
-967
328
-322
-323
-324
-326
-327
-118
-138
-218
-318
-338
-348
-358
-368
-378
-388
-398
-428
-528
-628
-728
-828
-928
352
-351
-353
-355
-356
-142
-242
-252
-342
-362
-312
-332
-372
-382
-392
-452
-552
-652
-752
-852
-952
424
-422
-423
-426
-427
-429
-414
-434
-514
-524
-534
-614
-624
-634
-444
-454
-474
-484
-494
-724
-824
-924
442
-441
-443
-445
-446
-447
-448
-449
-462
-542
-562
-642
-662
-412
-432
-472
-482
-492
-742
-842
-942
458
-451
-453
-455
-456
-457
-468
-548
-558
-568
-648
-658
-668
-418
-438
-478
-488
-498
-258
-758
-858
-958
473
-471
-475
-476
-477
-479
-483
-493
-573
-583
-593
-673
-683
-693
-413
-433
-463
-173
-273
-373
-773
-873
-973
515
-511
-512
-513
-516
-517
-518
-519
-415
-435
-535
-615
-635
-545
-555
-565
-575
-585
-595
-715
-815
-915
526
-522
-523
-527
-529
-416
-436
-536
-616
-626
-636
-546
-556
-566
-576
-586
-596
-726
-826
-926
588
-581
-582
-584
-587
-589
-578
-598
-678
-688
-698
-538
-188
-288
-788
-888
-988
597
-591
-592
-594
-599
-487
-497
-577
-677
-687
-697
-537
-547
-557
-197
-397
-797
-897
-997
638
-631
-632
-633
-637
-618
-738
-838
-938
657
-651
-653
-654
-655
-656
-647
-617
-627
-757
-857
-957
663
-661
-665
-666
-669
-543
-553
-563
-643
533
-531
-532
-613
-623
572
-571
-574
-579
-672
-682
-692
-133
-333
-733
-833
-933
-363
-763
-863
-963
-172
-272
-772
-872
-972
689
-681
-684
-685
-686
-489
-499
-679
-699
-619
-629
622
-612
611
-411
-431
437
-417
419
-469
-641
-671
-691
-649
-711
-811
-911
-719
-819
-919
-722
-822
-922
-137
-337
-737
-837
-937
-389
-789
-889
-989
753
-751
-754
-755
-756
-743
-843
-853
-943
-953
-713
-723
-783
-793
-253
787
-781
-782
-784
-785
-786
-777
-877
-887
-977
-987
-717
-727
729
-829
-929
-747
-749
-769
-779
-799
-187
-387
844
-841
-845
-846
-847
-848
-849
-744
-854
-944
-954
947
-941
-945
-946
-948
-949
-814
-834
-874
-884
-894
-917
-927
923
-813
-823
827
-913
-817
-983
-993
-544
554
-551
-644
549
-541
-569
561
-461
-361
-761
-861
-961
879
-871
-875
-876
-878
-899
-979
-999
-869
969
-962
-965
-966
-968
-379
399
-391
-393
-394
-395
-396
886
-881
-882
-883
-885
893
-891
-892
-895
-896
-898
-776
-796
-976
-986
-996
-816
-836
-856
-866
-186
-286
-386
-486
-193
-293
956
-951
-955
-746
-766
-916
-936
855
-851
741
-745
-748
-765
-865
-731
-771
-791
831
-832
-835
-931
-241
-341
251
-256
-271
-281
-291
985
-981
-982
-984
-775
-795
-975
-995
735
-732
-734
-736
-935
716
-712
-714
-718
-116
-216
-316
-185
-385
-485
481
-491
-381
371
-374
-375
-376
-377
177
-175
-176
-178
195
-192
-196
-198
-145
-117
317
-313
-314
148
-143
-146
-248
136
-132
-336
334
-214
-384
383
-183
182
-282
-292
-283
284
-274
-294
-112
113
212
-213
243
-246
-343
-812
818
-918
862
-868
-762
768
792
-794
-798
-992
774
-778
-974
-994
-912
914
932
-934
-971
978
991
-998
-674
694
-695
-696
675
-676
-495
496
465
-466
-645
646
345
-346
-365
366
276
-278
-296
298
