122
-121
-123
-124
-125
-126
-127
-128
-129
-112
-132
-212
-222
-232
-312
-322
-332
-142
-152
-162
-172
-182
-192
-422
-522
-622
-722
-822
-922
138
-131
-133
-134
-135
-136
-137
-139
-118
-218
-228
-238
-318
-328
-338
-148
-158
-168
-178
-188
-198
-438
-538
-638
-738
-838
-938
151
-153
-154
-155
-156
-157
-159
-141
-161
-241
-251
-261
-341
-351
-361
-111
-171
-181
-191
-451
-551
-651
-751
-851
-951
185
-183
-184
-186
-187
-189
-175
-195
-275
-285
-295
-375
-385
-395
-115
-145
-165
-485
-585
-685
-785
-885
-985
225
-221
-223
-224
-226
-227
-229
-215
-235
-315
-325
-335
-245
-255
-265
-425
-525
-625
-725
-825
-925
267
-262
-263
-264
-266
-268
-269
-147
-167
-247
-257
-347
-357
-367
-217
-237
-277
-287
-297
-467
-567
-667
-767
-867
-967
273
-271
-272
-274
-276
-278
-279
-173
-193
-283
-293
-373
-383
-393
-213
-233
-243
-253
-473
-573
-673
-773
-873
-973
344
-342
-343
-345
-346
-348
-349
-144
-164
-244
-254
-354
-364
-314
-324
-334
-374
-384
-394
-444
-544
-644
-744
-844
-944
371
-372
-376
-377
-378
-379
-281
-291
-381
-391
-311
-321
-331
-471
-571
-671
-771
-871
-971
399
-392
-396
-397
-398
-179
-199
-289
-299
-389
-319
-329
-339
-359
-369
-499
-599
-699
-799
-899
-999
428
-421
-423
-424
-426
-427
-429
-418
-518
-528
-618
-628
-448
-458
-468
-478
-488
-498
-728
-828
-928
477
-472
-474
-475
-476
-479
-487
-497
-577
-587
-597
-677
-687
-697
-417
-437
-447
-457
-177
-777
-877
-977
529
-521
-523
-524
-526
-527
-419
-439
-519
-539
-619
-629
-639
-549
-559
-569
-579
-589
-729
-829
-929
546
-541
-542
-543
-545
-547
-548
-446
-456
-466
-556
-566
-646
-656
-666
-516
-536
-576
-586
-596
-146
-246
-746
-846
-946
562
-561
-563
-564
-565
-568
-442
-452
-462
-552
-642
-652
-662
-512
-532
-572
-582
-592
-362
-762
-862
-962
583
-581
-584
-588
-483
-493
-593
-683
-693
-513
-533
-553
-783
-883
-983
635
-631
-632
-633
-634
-636
-637
-415
-435
-515
-535
-615
-645
-655
-665
-675
-695
-735
-835
-935
686
-681
-682
-684
-688
-689
-486
-496
-676
-696
-616
-626
-286
-386
-786
-886
-986
719
-711
-712
-713
-714
-715
-716
-717
-718
-739
-819
-839
-919
-939
-749
-759
-769
-779
-789
-119
-219
239
-231
-234
-236
211
-214
-216
114
-113
-116
-117
-174
176
-196
-296
-194
197
-387
-166
256
-252
-258
-259
-356
-366
-249
-411
-511
-611
-811
-911
-414
-514
517
-537
-617
-627
-557
-614
-814
-914
-317
-817
-917
-756
-856
-956
-776
-876
-976
-797
-897
-997
734
-731
-732
-733
-736
-737
-724
-824
-834
-924
-934
-754
-764
-774
-784
-794
624
-621
-623
-434
-534
531
-431
-591
-654
-664
-674
-694
-831
-931
761
-763
-765
-766
-768
-741
-841
-861
-941
-961
-721
-781
-791
-461
-661
832
-833
-836
-837
-812
-912
-932
-842
-852
-872
-882
-892
-432
848
-843
-845
-847
-849
-748
-758
-858
-868
-948
-958
-968
-818
918
-913
-915
-916
815
-813
-816
-855
-865
-875
-895
-878
-888
-898
-978
-988
-998
-248
242
-352
-282
-292
382
-388
-742
-942
-648
-482
-782
-982
884
-881
-887
-889
-874
879
-894
-974
-984
-994
-979
-989
-854
-864
-859
-869
574
-575
-578
-484
-494
-594
-554
-679
489
-481
-449
-459
-469
981
-987
-891
-991
787
-788
-727
-747
-757
821
-823
-826
-827
-921
857
-853
-947
-957
647
-641
-643
-649
441
-443
-445
-657
-491
691
-692
-698
-284
288
294
-298
927
-923
-926
-937
-327
337
-333
-336
954
-952
-953
-955
-959
752
-753
-755
-964
-772
-792
-454
464
-463
-465
659
-653
-658
-669
143
-149
-163
169
-353
-363
-743
745
-945
-965
-775
778
-798
-795
-943
949
-969
453
-455
-663
668
555
-558
-413
-433
436
613
-612
412
-416
-492
495
672
-678
-595
598
-313
316
323
-326
-723
726
933
-936
793
-796
-893
896
-993
-996
863
-866
-963
966
-355
358
365
-368
-972
975
992
-995
