137
-131
-132
-133
-134
-135
-136
-138
-139
-117
-127
-217
-227
-237
-317
-327
-337
-147
-157
-167
-177
-187
-197
-437
-537
-637
-737
-837
-937
145
-141
-142
-143
-144
-146
-148
-149
-155
-165
-245
-255
-265
-345
-355
-365
-115
-125
-175
-185
-195
-445
-545
-645
-745
-845
-945
174
-171
-172
-173
-176
-178
-179
-184
-194
-274
-284
-294
-374
-384
-394
-114
-124
-154
-164
-474
-574
-674
-774
-874
-974
182
-181
-183
-186
-188
-189
-192
-272
-282
-292
-372
-382
-392
-112
-122
-152
-162
-482
-582
-682
-782
-882
-982
236
-231
-232
-233
-234
-235
-238
-239
-116
-126
-216
-226
-316
-326
-336
-246
-256
-266
-276
-286
-296
-436
-536
-636
-736
-836
-936
264
-261
-262
-263
-267
-268
-269
-244
-254
-344
-354
-364
-214
-224
-464
-564
-664
-764
-864
-964
285
-281
-283
-287
-288
-289
-275
-295
-375
-385
-395
-215
-225
-485
-585
-685
-785
-885
-985
293
-291
-297
-298
-299
-193
-273
-373
-383
-393
-213
-223
-243
-253
-493
-593
-693
-793
-893
-993
358
-351
-352
-353
-356
-357
-359
-158
-168
-248
-258
-348
-368
-318
-328
-338
-378
-388
-398
-458
-558
-658
-758
-858
-958
448
-441
-442
-443
-444
-446
-447
-449
-468
-548
-568
-648
-668
-418
-428
-438
-478
-488
-498
-748
-848
-948
459
-451
-452
-453
-454
-455
-456
-457
-469
-549
-559
-569
-649
-659
-669
-419
-429
-439
-479
-489
-499
-159
-259
-759
-859
-959
475
-471
-472
-473
-476
-477
-495
-575
-595
-675
-695
-415
-425
-435
-465
-775
-875
-975
481
-483
-484
-486
-487
-491
-571
-581
-591
-671
-681
-691
-411
-421
-431
-461
-381
-781
-881
-981
497
-492
-494
-496
-577
-587
-597
-677
-687
-697
-417
-427
-467
-397
-797
-897
-997
552
-551
-553
-554
-555
-556
-557
-462
-542
-562
-642
-652
-662
-512
-522
-532
-572
-592
-252
-752
-852
-952
617
-611
-612
-613
-614
-615
-616
-618
-619
-517
-527
-627
-647
-657
-667
-717
-817
-917
623
-621
-622
-624
-625
-626
-628
-629
-413
-423
-433
-513
-523
-533
-633
463
-466
-543
-563
-643
-653
-663
-673
-683
-123
-323
-723
-823
-923
-163
-363
-763
-863
-963
638
-631
-632
-634
-635
-639
-518
-528
-538
-678
-688
-698
-738
-838
-938
655
-651
-654
-656
-565
-665
-755
-855
-955
661
-666
-541
-561
-641
-161
-361
-761
-861
-961
751
-753
-754
-756
-757
-741
-841
-851
-941
-951
-711
-721
-731
-771
-791
-151
-251
257
-247
-347
-367
-277
-857
-957
819
-811
-812
-813
-814
-815
-816
-818
-719
-729
-739
-829
-839
-919
-929
-939
-849
-869
-879
-889
-899
-119
-219
-319
-519
822
-821
-824
-825
-826
-827
-828
-712
-722
-732
-832
-912
-922
-932
-842
-862
-872
-892
-222
-322
-422
846
-843
-844
-847
-746
-766
-856
-866
-946
-956
-966
-876
-886
-896
-346
-546
-646
644
-544
547
566
-567
-516
-526
-576
-586
-596
-684
-694
-744
-944
-747
-947
156
-153
343
-341
-342
-349
241
-242
-249
362
-366
-369
-166
169
113
-111
-118
-313
-333
-196
-129
-199
-211
-221
-271
212
-218
-312
-332
-412
432
-434
-713
-913
-743
-943
-762
-962
-769
-969
877
-871
-873
-878
-777
-787
-887
-977
-987
-867
-377
387
-386
-389
927
-921
-924
-925
-926
-928
-727
767
-765
-768
-967
933
-931
-934
-935
-733
-833
-953
954
853
-854
-883
-973
-983
-914
-984
-994
968
-965
865
-868
-835
-895
-918
-978
-988
-998
718
-714
-715
-716
-728
-778
-788
-798
976
-971
-972
-979
-776
-786
-796
-986
989
-996
-779
-789
-799
-999
726
-724
-725
-916
749
-742
942
-949
-992
416
-414
-426
424
-514
-524
-534
314
-311
-315
-324
-334
371
-376
-379
-191
198
-391
396
-399
-278
279
121
-128
-321
-331
228
-229
-521
-676
578
-573
-579
583
-584
-588
-589
594
-598
-599
773
-772
792
-794
-795
-783
784
-884
888
-894
995
-991
891
-898
-734
735
834
-831
911
-915
-511
515
531
-535
-539
-525
529
325
-329
-335
339
672
-679
-692
686
-689
-696
699
