122
-121
-123
-124
-125
-126
-127
-128
-129
-112
-132
-212
-222
-232
-312
-322
-332
-142
-152
-162
-172
-182
-192
-422
-522
-622
-722
-822
-922
177
-171
-173
-174
-175
-176
-178
-179
-187
-197
-277
-287
-297
-377
-387
-397
-117
-137
-147
-157
-167
-477
-577
-677
-777
-877
-977
254
-251
-252
-253
-255
-256
-257
-258
-259
-144
-154
-164
-244
-264
-344
-354
-364
-214
-224
-234
-274
-284
-294
-454
-554
-654
-754
-854
-954
353
-351
-352
-355
-356
-357
-358
-359
-143
-153
-163
-243
-263
-343
-363
-313
-323
-333
-373
-383
-393
-453
-553
-653
-753
-853
-953
421
-423
-424
-425
-426
-427
-428
-429
-411
-431
-511
-521
-531
-611
-621
-631
-441
-451
-461
-471
-481
-491
-221
-321
-721
-821
-921
442
-443
-444
-445
-446
-447
-448
-449
-452
-462
-542
-552
-562
-642
-652
-662
-412
-432
-472
-482
-492
-242
-342
-742
-842
-942
476
-473
-474
-475
-478
-479
-486
-496
-576
-586
-596
-676
-686
-696
-416
-436
-456
-466
-276
-376
-776
-876
-976
517
-512
-513
-514
-515
-516
-518
-519
-417
-437
-527
-537
-617
-627
-637
-547
-557
-567
-587
-597
-217
-317
-717
-817
-917
545
-541
-543
-544
-546
-548
-549
-455
-465
-555
-565
-645
-655
-665
-525
-535
-575
-585
-595
-145
-245
-345
-745
-845
-945
683
-681
-682
-684
-685
-687
-688
-689
-483
-493
-573
-583
-593
-673
-693
-613
-623
-633
-643
-663
-183
-283
-783
-883
-983
747
-741
-743
-744
-746
-748
-749
-757
-767
-847
-857
-867
-947
-957
-967
-727
-737
-787
-797
-247
-347
-647
761
-762
-763
-764
-765
-766
-768
-769
-751
-841
-851
-861
-941
-951
-961
-711
-731
-771
-781
-791
-161
-261
-361
-561
-661
775
-772
-773
-774
-778
-779
-785
-795
-875
-885
-895
-975
-985
-995
-715
-725
-735
-755
-275
-375
-675
813
-811
-812
-814
-815
-816
-818
-819
-713
-723
-733
-823
-833
-913
-923
-933
793
-792
-794
-796
-798
-799
-873
-893
-973
-993
-843
-863
-113
-213
-413
943
-944
-946
-948
-949
-963
273
-271
-272
-278
-279
-193
-293
133
-131
-134
-135
-136
-138
-139
-223
-233
523
-524
-526
-528
-529
-433
-533
463
-464
-467
-468
-469
-563
834
-831
-832
-835
-836
-837
-838
-839
-714
-724
-734
-824
-914
-924
-934
784
-782
-786
-788
-789
-874
-884
-894
-974
-984
-994
-844
-864
964
-962
-965
-966
-968
-969
-334
-434
-534
-634
644
-641
-646
-648
-649
-564
-664
-614
-624
414
-415
-418
-419
-484
-494
-674
-694
-114
-314
324
-325
-326
-327
-328
-329
-374
-384
-394
574
-571
-572
-578
-579
-584
-594
-184
194
-191
-195
-196
-198
-199
898
-891
-892
-896
-897
-899
-878
-888
-978
-988
-998
-828
-848
-858
-868
-298
-398
-498
-598
-698
939
-931
-932
-935
-936
-937
-938
911
-912
-915
-916
-918
-919
-719
-729
-739
-829
-929
759
-752
-756
-758
958
-952
-955
-956
-959
-849
846
-856
-866
-859
-869
-826
-886
-971
-981
-991
925
-926
-927
-928
-825
827
-887
-979
972
-872
-882
-982
-992
-989
-999
-111
-211
-311
-225
-625
-227
-239
-339
-439
-539
-639
-146
-246
-346
852
-855
-862
865
155
-151
-156
-158
-159
-165
-265
-365
-115
-185
-458
-558
-658
-459
457
-657
-667
-487
-497
697
-691
-692
-695
-699
-559
-659
-372
-672
987
-986
996
-997
-296
-396
-116
118
-119
-218
-228
-238
-318
-338
-148
-168
-188
-618
-718
141
-149
-241
-341
-181
166
-169
-266
-366
-186
189
-289
-299
-379
-389
-399
-566
-666
-489
499
-495
485
-488
-589
-599
-679
-435
438
-538
-628
-638
569
-568
668
-669
588
-581
-582
592
-591
671
-678
551
-556
-651
656
-532
536
-616
-626
629
-636
-619
728
-726
-738
226
-229
-216
-236
-316
-336
-286
386
-381
-382
-385
-388
716
-712
732
-736
612
-615
-632
635
-235
-335
-268
-368
-269
-369
-371
378
-288
248
-249
-348
349
219
-215
315
-319
-395
-871
879
881
-889
-281
282
-285
-292
-392
391
-291
295
231
-237
-331
337
-262
267
362
-367
