121
-122
-123
-124
-125
-126
-127
-128
-129
-111
-131
-211
-221
-231
-311
-321
-331
-141
-151
-161
-171
-181
-191
-421
-521
-621
-721
-821
-921
182
-183
-184
-185
-186
-187
-188
-189
-172
-192
-272
-282
-292
-372
-382
-392
-112
-132
-142
-152
-162
-482
-582
-682
-782
-882
-982
199
-193
-194
-195
-196
-197
-198
-179
-279
-289
-299
-379
-389
-399
-119
-139
-149
-159
-169
-499
-599
-699
-799
-899
-999
214
-212
-213
-215
-216
-217
-218
-219
-114
-134
-224
-234
-314
-324
-334
-244
-254
-264
-274
-284
-294
-414
-514
-614
-714
-814
-914
237
-232
-233
-235
-236
-238
-239
-117
-137
-227
-317
-327
-337
-247
-257
-267
-277
-287
-297
-437
-537
-637
-737
-837
-937
295
-291
-293
-296
-298
-175
-275
-285
-375
-385
-395
-225
-245
-255
-265
-495
-595
-695
-795
-895
-995
341
-342
-343
-344
-345
-346
-347
-348
-349
-241
-251
-261
-351
-361
-371
-381
-391
-441
-541
-641
-741
-841
-941
368
-362
-363
-364
-365
-366
-367
-369
-148
-158
-168
-248
-258
-268
-358
-318
-328
-338
-378
-388
-398
-468
-568
-668
-768
-868
-968
377
-373
-374
-376
-177
-387
-397
-357
-477
-577
-677
-777
-877
-977
384
-383
-386
-174
-394
-354
-484
-584
-684
-784
-884
-984
435
-431
-432
-433
-434
-436
-438
-439
-415
-425
-515
-525
-535
-615
-625
-635
-445
-455
-465
-475
-485
-135
-335
-735
-835
-935
489
-481
-483
-486
-487
-488
-479
-579
-589
-679
-689
-419
-429
-449
-459
-469
-789
-889
-989
511
-512
-513
-516
-517
-518
-519
-411
-531
-611
-631
-551
-561
-571
-581
-591
-711
-811
-911
547
-542
-543
-544
-545
-546
-548
-549
-447
-457
-467
-557
-567
-647
-657
-667
-527
-587
-597
-147
-747
-847
-947
564
-562
-563
-565
-566
-569
-444
-454
-464
-554
-644
-654
-664
-524
-534
-574
-594
-164
-764
-864
-964
598
-592
-593
-596
-478
-498
-578
-588
-678
-688
-698
-528
-538
-558
-798
-898
-998
627
-622
-623
-624
-626
-628
-629
-417
-427
-617
497
-491
-492
-493
-494
-496
-687
-697
-727
-827
-927
-797
-897
-997
671
-672
-673
-674
-675
-676
-471
-681
-691
-651
-661
-271
281
-283
-286
-288
-771
-871
-971
-781
-881
-981
725
-722
-723
-724
-726
-728
-729
-715
-815
-825
-915
-925
-745
-755
-765
-775
-785
-325
733
-731
-732
-734
-736
-738
-739
-713
-813
-823
-833
-913
-923
-933
-743
-753
-763
-773
-783
-793
-133
-333
-533
-633
742
-744
-746
-748
-749
-752
-762
-842
-852
-862
-942
-952
-962
-712
-772
-792
-242
-442
-642
761
-766
-767
-769
-751
-851
-861
-951
-961
-791
451
-452
-453
-456
-458
-461
818
-812
-816
-817
-819
-718
-828
-838
-918
-928
-938
-848
-858
-878
-888
-118
-418
-618
876
-872
-873
-874
-875
-879
-776
-786
-796
794
-774
-894
-974
-994
-886
-896
-976
-986
-996
-754
-826
-836
-846
-856
-866
474
-472
-473
-476
-694
-424
634
-632
-636
-638
-639
428
-422
-423
-426
-448
-228
138
-136
-178
278
-273
-276
-834
-934
-176
173
-393
396
-113
-143
-153
-163
-316
-326
-336
-356
-573
-973
-576
-778
779
-979
-719
-759
-978
-696
892
-891
-893
991
-992
-993
-972
975
-885
-985
831
-832
-839
-931
-822
-945
-955
-965
572
-575
-692
693
-583
-683
-522
-532
-552
-613
-643
-653
-663
917
-912
-916
-919
-717
716
-926
-936
-756
-957
-967
-987
-116
115
-315
226
-222
-223
-229
-145
-155
-165
355
-352
-353
-359
-246
-256
-266
-416
-616
-526
536
-539
-556
-586
585
-685
686
-555
-646
-656
-666
-655
-855
929
-922
-924
932
-939
824
-829
-844
-854
-949
-959
-969
322
-323
-329
-312
-332
339
313
-319
-413
412
-612
619
523
-529
-462
-553
559
-649
-659
-669
-259
-859
983
-988
-883
887
-787
788
757
-758
-857
853
-843
-863
-943
-953
-963
966
-946
-956
-867
-253
252
-262
-652
658
662
-665
645
-648
-845
849
865
-869
948
-944
954
-958
144
-146
-154
446
-443
463
-466
243
-249
-263
269
156
-157
-166
167
