135
-131
-132
-133
-134
-136
-137
-138
-139
-115
-125
-215
-225
-235
-315
-325
-335
-145
-155
-165
-175
-185
-195
-435
-535
-635
-735
-835
-935
198
-191
-192
-193
-194
-196
-197
-199
-178
-188
-278
-288
-298
-378
-388
-398
-118
-128
-148
-158
-168
-498
-598
-698
-798
-898
-998
212
-211
-213
-214
-216
-217
-218
-219
-112
-122
-222
-232
-312
-322
-332
-242
-252
-262
-272
-282
-292
-412
-512
-612
-712
-812
-912
234
-231
-233
-236
-237
-238
-239
-114
-124
-224
-314
-324
-334
-244
-254
-264
-274
-284
-294
-434
-534
-634
-734
-834
-934
241
-243
-245
-246
-247
-248
-249
-141
-151
-161
-251
-261
-341
-351
-361
-221
-271
-281
-291
-441
-541
-641
-741
-841
-941
297
-293
-295
-296
-299
-177
-187
-277
-287
-377
-387
-397
-227
-257
-267
-497
-597
-697
-797
-897
-997
346
-342
-343
-344
-345
-347
-348
-349
-146
-156
-166
-256
-266
-356
-366
-316
-326
-336
-376
-386
-396
-446
-546
-646
-746
-846
-946
389
-381
-382
-383
-384
-385
-179
-189
-279
-289
-379
-399
-319
-329
-339
-359
-369
-489
-589
-689
-789
-889
-989
414
-411
-413
-415
-416
-417
-418
-419
-424
-514
-524
-614
-624
-444
-454
-464
-474
-484
-494
-714
-814
-914
451
-452
-453
-455
-456
-457
-458
-459
-461
-551
-561
-651
-661
-421
-431
-471
-481
-491
-751
-851
-951
486
-482
-483
-485
-487
-488
-476
-496
-576
-586
-596
-676
-686
-696
-426
-436
-466
-186
-286
-786
-886
-986
499
-492
-493
-495
-479
-579
-599
-679
-699
-429
-439
-449
-469
-799
-899
-999
538
-531
-532
-533
-536
-537
-539
-428
-438
-518
-528
-618
-628
-638
-548
-558
-568
-578
-588
-338
-738
-838
-938
542
-543
-544
-545
-547
-549
-442
-462
-552
-562
-642
-652
-662
-522
-572
-582
-592
-142
-742
-842
-942
569
-563
-564
-565
-566
-567
-559
-649
-659
-669
-519
-529
-169
-269
-769
-869
-969
573
-571
-574
-575
-577
-473
-583
-593
-673
-683
-693
-513
-523
-553
-173
-273
-373
-773
-873
-973
615
-611
-613
-616
-617
-619
-425
-515
-525
-625
-645
-655
-665
-675
-685
-695
-715
-815
-915
626
-621
-622
-623
-627
-629
-516
-526
-636
639
-631
-632
-633
-637
556
-554
-555
-557
-656
-666
-126
-226
116
-111
-113
-117
-119
-176
276
-275
-716
-816
-916
-726
-826
-926
-739
-839
-939
-756
-856
-956
-776
-876
-976
653
-654
-657
-658
-443
-463
-643
-663
-153
-253
-353
-753
-853
-953
691
-692
-694
-581
-591
-671
-681
-391
-791
-891
-991
725
-721
-722
-723
-724
-727
-728
-729
-825
-925
-745
-755
-765
-775
-785
-795
761
-762
-763
-764
-766
-767
-768
-861
-961
-711
-731
-771
-781
819
-811
-813
-817
-818
-719
-829
-919
-929
-849
-859
-879
865
-862
-863
-864
-866
-867
-868
-845
-855
-945
-955
-965
966
-962
-963
-964
-967
-968
-875
-885
-895
-936
-996
445
-447
-448
-465
-475
-265
-365
871
-872
-874
-877
-878
-881
-971
-981
-821
-831
-171
-371
181
-182
-183
-184
-121
896
-892
-893
-894
-796
736
-732
-733
-737
-836
911
-913
-917
-918
-921
-931
-311
-511
517
521
-527
-427
-437
-587
-317
-717
-321
331
-333
-337
972
-974
-975
-977
-978
-979
-772
-782
-792
-882
-982
-992
779
-774
-777
-778
752
-754
-757
-758
-759
-852
-952
-749
-922
-932
-152
-352
-172
174
-374
-394
162
-163
-164
-167
-362
-144
-154
-372
375
392
-393
-395
283
-285
-223
-263
268
-258
-358
-368
255
-259
-355
-228
229
-129
363
-364
-367
-143
354
-357
123
-127
-313
318
-323
327
-328
713
-718
-823
-833
-923
-933
937
-827
-837
832
-822
-927
-743
-783
-793
794
-784
-884
-984
-994
-744
-947
-957
-987
422
-423
-432
433
-472
-854
-954
664
-667
-668
-644
-674
-684
467
-468
-647
648
-477
478
-678
-688
-748
747
-847
-857
858
-848
-948
-958
959
-949
-787
788
887
-883
-888
-988
843
-844
-943
944
824
-828
-924
928
-147
149
157
-159
-672
677
682
-687
-983
985
993
-995
584
-585
-594
595
