136
-131
-132
-133
-134
-135
-137
-138
-139
-116
-126
-216
-226
-236
-316
-326
-336
-146
-156
-166
-176
-186
-196
-436
-536
-636
-736
-836
-936
159
-151
-152
-153
-154
-155
-157
-158
-149
-169
-249
-259
-269
-349
-359
-369
-119
-129
-179
-189
-199
-459
-559
-659
-759
-859
-959
197
-191
-192
-193
-194
-195
-198
-177
-187
-277
-287
-297
-377
-387
-397
-117
-127
-147
-167
-497
-597
-697
-797
-897
-997
225
-221
-222
-223
-224
-227
-228
-229
-115
-125
-215
-235
-315
-325
-335
-245
-255
-265
-275
-285
-295
-425
-525
-625
-725
-825
-925
233
-231
-232
-234
-237
-238
-239
-113
-123
-213
-313
-323
-333
-243
-253
-263
-273
-283
-293
-433
-533
-633
-733
-833
-933
256
-251
-252
-254
-257
-258
-246
-266
-346
-356
-366
-276
-286
-296
-456
-556
-656
-756
-856
-956
332
-331
-334
-337
-338
-339
-112
-122
-212
-312
-322
-342
-352
-362
-372
-382
-392
-432
-532
-632
-732
-832
-932
363
-361
-364
-365
-367
-368
-143
-163
-343
-353
-373
-383
-393
-463
-563
-663
-763
-863
-963
391
-394
-395
-396
-398
-399
-171
-181
-271
-281
-291
-371
-381
-311
-321
-341
-351
-491
-591
-691
-791
-891
-991
437
-431
-434
-435
-438
-439
-417
-427
-517
-527
-537
-617
-627
-637
-447
-457
-467
-477
-487
-737
-837
-937
486
-481
-482
-483
-484
-485
-488
-489
-476
-496
-576
-586
-596
-676
-686
-696
-416
-426
-446
-466
-386
376
-374
-375
-378
-379
-776
-876
-976
-786
-886
-986
492
-493
-494
-495
-498
-499
-472
-572
-582
-592
-672
-682
-692
-412
-422
-442
-452
-462
-292
-792
-892
-992
511
-512
-513
-514
-515
-516
-518
-519
-411
-421
-521
-531
-611
-621
-631
-541
-551
-561
-571
-581
-111
-211
121
-124
-128
-141
-161
-711
-811
-911
-721
-821
-921
598
-593
-594
-595
-599
-478
-578
-588
-678
-688
-698
-528
-538
-548
-558
-568
-298
-798
-898
-998
612
-613
-614
-615
-616
-618
-619
-522
-622
-642
-652
-662
-712
-812
-912
626
-623
-624
-628
-629
-526
-646
-666
-726
-826
-926
671
-673
-674
-675
-677
-679
-471
-681
-641
-651
-661
-771
-871
-971
713
-714
-715
-716
-717
-718
-719
-723
-813
-823
-913
-923
-743
-753
-773
-783
-793
-413
745
-741
-742
-744
-746
-747
-748
-749
-755
-765
-845
-855
-865
-945
-955
-965
-735
-775
-785
-795
-145
-345
-445
-545
-645
779
-772
-774
-777
-778
-789
-799
-879
-889
-899
-979
-989
-999
-729
-739
-769
-279
-479
-579
854
-851
-852
-853
-857
-858
-754
-764
-844
-864
-944
-954
-964
-814
-824
-834
-874
-884
-894
-354
-454
-554
-654
873
-872
-875
-877
-878
-883
-893
-973
-983
-993
-843
-173
183
-182
-184
-185
-188
-473
-573
-583
-683
693
-694
-695
-699
-643
-653
299
-294
-289
-389
-219
882
-881
-885
-887
-888
-782
-972
-982
-822
-842
-862
-282
914
-915
-916
-917
-918
-919
-724
-734
-924
-934
816
-815
-817
-818
-819
-846
-866
-896
895
-975
-985
-995
-835
935
-931
-938
-939
-974
-984
-994
996
-796
794
-784
766
-761
-762
-767
-768
-946
-966
-114
118
-218
-318
-328
-148
-168
-178
-214
217
-317
-327
-247
-267
-314
319
324
-329
-344
-384
-414
415
-418
-419
-535
-635
-455
-465
-475
474
-574
-584
-684
-424
-444
-464
-524
546
-542
-543
-544
-547
-549
-566
-174
-274
284
-288
-244
-264
952
-951
-953
-957
-958
-752
-942
-962
943
-941
-947
-948
-949
722
-727
-728
-922
-443
-552
562
-564
-565
-567
-569
534
-539
-634
-162
-262
978
-977
-788
-988
-928
-968
577
-575
-587
-687
-557
175
-172
272
-278
-385
388
142
-144
-242
164
-165
355
-357
-358
347
-348
644
-647
-648
-649
-664
-847
-555
553
-453
423
-428
-429
-523
529
638
-639
585
-589
-685
689
-658
-668
-669
828
-827
-829
927
-929
-738
731
-831
-838
839
-751
-781
787
981
-987
-757
758
-848
-868
867
-861
-869
-967
841
-849
-961
969
-241
248
261
-268
-441
-448
449
-469
451
-458
-461
468
-655
657
665
-667
