145
-141
-142
-143
-144
-146
-147
-148
-149
-155
-165
-245
-255
-265
-345
-355
-365
-115
-125
-135
-175
-185
-195
-445
-545
-645
-745
-845
-945
161
-162
-163
-164
-166
-167
-168
-169
-151
-241
-251
-261
-341
-351
-361
-111
-121
-131
-171
-181
-191
-461
-561
-661
-761
-861
-961
213
-211
-212
-214
-215
-216
-217
-218
-219
-113
-123
-133
-223
-233
-313
-323
-333
-243
-253
-263
-273
-283
-293
-413
-513
-613
-713
-813
-913
278
-271
-272
-274
-275
-276
-277
-279
-178
-188
-198
-288
-298
-378
-388
-398
-228
-238
-248
-258
-268
-478
-578
-678
-778
-878
-978
349
-342
-343
-344
-346
-347
-348
-159
-249
-259
-269
-359
-369
-319
-329
-339
-379
-389
-399
-449
-549
-649
-749
-849
-949
442
-441
-443
-444
-446
-447
-448
-452
-462
-542
-552
-562
-642
-652
-662
-412
-422
-432
-472
-482
-492
-242
-742
-842
-942
453
-451
-454
-455
-456
-457
-458
-459
-463
-543
-553
-563
-643
-653
-663
-423
-433
-473
-483
-493
-153
-353
363
-362
-364
-366
-367
-368
-373
-383
-393
-753
-853
-953
-763
-863
-963
476
-471
-474
-475
-477
-479
-486
-496
-576
-586
-596
-676
-686
-696
-416
-426
-436
-466
-176
-376
-776
-876
-976
527
-521
-522
-523
-524
-525
-526
-528
-529
-417
-427
-437
-517
-537
-617
-627
-637
-547
-557
-567
-577
-587
-597
-127
-227
-327
-727
-827
-927
574
-571
-572
-573
-575
-579
-484
-494
-584
-594
-674
-684
-694
-514
-534
-544
-554
-564
-174
-374
-774
-874
-974
631
-632
-633
-634
-635
-636
-638
-639
-411
-421
-431
-511
-531
-611
-621
-641
-651
-671
-681
-691
-231
-331
-731
-831
-931
724
-721
-722
-723
-725
-726
-728
-729
-714
-734
-814
-824
-834
-914
-924
-934
-744
-754
-764
-784
-794
-124
-224
-324
-424
-624
787
-781
-782
-783
-785
-786
-788
-789
-777
-797
-877
-887
-897
-977
-987
-997
-717
-737
-747
-757
-767
-187
-287
-387
-487
-687
795
-791
-792
-793
-796
-798
-799
-775
-875
-885
-895
-975
-985
-995
-715
-735
-755
-765
-295
-395
-495
-595
-695
816
-811
-812
-815
-817
-818
-819
-716
-736
-826
-836
-916
-926
-936
-846
-856
-866
-886
-896
-116
-316
-516
-616
852
-851
-854
-855
-857
-858
-859
-752
-762
-862
-952
-962
-822
-832
-872
-882
-892
-152
-252
-352
262
-264
-266
-267
-222
-232
-282
-292
981
-982
-983
-984
-986
-988
-989
-771
-871
-881
-891
-971
-991
996
-992
-993
-994
-998
-999
-911
-921
-941
-951
-946
-956
-966
371
-372
-375
-377
-281
-291
-381
-391
221
-225
-226
-229
-311
-321
711
-712
-718
-719
-821
-741
-751
841
-843
-844
-847
-848
-541
551
-555
-556
-558
-559
-581
-591
675
-672
-673
-677
-679
-485
-585
-685
-615
-625
-655
-665
955
-954
-957
-958
-959
-865
-965
-915
-925
-935
177
-172
-173
-179
-197
-297
-397
-117
-137
-157
-481
491
-497
-498
-499
697
-692
-693
-698
-699
467
-464
-465
-468
-469
565
-566
-568
-569
-647
-657
-667
-515
-535
-867
837
-833
-835
-838
-839
825
-823
-828
-829
-917
-937
317
-312
-314
-315
-318
-237
-337
-357
415
-414
-418
-419
-425
-435
434
-438
-439
-614
114
-112
-118
-119
-134
-234
-334
-154
-184
-194
-325
257
-254
-256
-247
947
-943
-944
-948
743
-746
-748
-967
-733
-773
964
-968
-969
-864
-664
-196
-296
-396
122
-126
-128
-129
-132
-322
-332
-182
-192
-622
-922
-136
-138
139
-239
158
-156
-358
186
-183
-189
193
-199
-286
-386
-539
-739
-939
-658
-758
-593
-893
235
-236
-335
-285
385
-382
-384
392
-394
246
-244
354
-356
644
-646
-648
-654
-546
548
-668
536
-532
-533
-538
623
-626
-628
-629
583
-582
-588
-589
-683
-518
-598
-923
933
-932
-938
-973
326
-328
-336
338
732
-738
-912
-772
779
972
-979
-879
873
-883
-889
-899
768
-766
-769
756
-759
-868
869
-656
659
666
-669
-619
-689
682
-688
-592
599
488
-489
-428
429
618
-612
512
-519
-918
919
928
-929
-888
884
-894
898
-284
289
294
-299
