123
-121
-122
-124
-125
-126
-127
-128
-129
-113
-133
-213
-223
-233
-313
-323
-333
-143
-153
-163
-173
-183
-193
-423
-523
-623
-723
-823
-923
174
-171
-172
-175
-176
-177
-178
-179
-184
-194
-274
-284
-294
-374
-384
-394
-114
-134
-144
-154
-164
-474
-574
-674
-774
-874
-974
192
-191
-195
-196
-197
-198
-199
-182
-272
-282
-292
-372
-382
-392
-112
-132
-142
-152
-162
-492
-592
-692
-792
-892
-992
258
-251
-252
-253
-254
-255
-256
-257
-259
-148
-158
-168
-248
-268
-348
-358
-368
-218
-228
-238
-278
-288
-298
-458
-558
-658
-758
-858
-958
261
-262
-263
-264
-265
-266
-267
-269
-141
-151
-161
-241
-341
-351
-361
-211
-221
-231
-271
-281
-291
-461
-561
-661
-761
-861
-961
411
-412
-413
-414
-415
-416
-417
-418
-419
-421
-431
-511
-521
-531
-611
-621
-631
-441
-451
-471
-481
-491
-111
-311
-711
-811
-911
436
-432
-433
-434
-435
-437
-438
-439
-426
-516
-526
-536
-616
-626
-636
-446
-456
-466
-476
-486
-496
-136
-236
-336
-736
-836
-936
487
-482
-483
-484
-485
-488
-489
-477
-497
-577
-587
-597
-677
-687
-697
-427
-447
-457
-467
-187
-287
-387
-787
-887
-987
544
-541
-542
-543
-545
-546
-547
-548
-549
-444
-454
-464
-554
-564
-644
-654
-664
-514
-524
-534
-584
-594
-244
-344
-744
-844
-944
575
-571
-572
-573
-576
-578
-579
-475
-495
-585
-595
-675
-685
-695
-515
-525
-535
-555
-565
-275
-375
-775
-875
-975
618
-612
-613
-614
-615
-617
-619
-428
-518
-528
-538
-628
-638
-648
-668
-678
-688
-698
-118
-318
-718
-818
-918
715
-712
-713
-714
-716
-717
-719
-725
-735
-815
-825
-835
-915
-925
-935
-745
-755
-765
-785
-795
-115
-215
-315
724
-721
-722
-726
-727
-728
-729
-734
-814
-824
-834
-914
-924
-934
-754
-764
-784
-794
-224
-324
-424
494
-493
-498
-499
-684
-694
-624
634
-632
-633
-635
-637
-639
-234
214
-212
-216
-217
-219
-314
-334
-894
-994
747
-741
-742
-743
-746
-748
-749
-757
-767
-847
-857
-867
-947
-957
-967
-737
-777
-797
-147
-247
-347
-647
842
-841
-843
-845
-846
-848
-849
-752
-762
-852
-862
-942
-952
-962
-812
-822
-832
-872
-882
-242
-342
-442
-642
856
-851
-853
-854
-855
-859
-756
-766
-866
-946
-956
-966
-816
-826
-876
-886
-896
-156
-356
-556
-656
881
-883
-884
-885
-888
-889
-771
-781
-791
-871
-891
-971
-981
-991
984
-982
-983
-985
-986
-988
-989
-821
-831
864
-863
-865
-868
-869
-954
-964
895
-893
-897
-898
-899
-995
354
-352
-353
-355
-357
-359
362
-363
-364
-365
-366
-367
-369
-312
-322
-332
-462
-562
-662
-181
131
-135
-137
-138
-139
-321
-331
188
-185
-186
-189
-378
-388
-398
921
-922
-926
-927
-928
-929
-731
-931
916
-912
-913
-917
-919
751
-753
-759
-941
-951
-976
-996
512
-513
-517
-519
-422
-522
-532
-622
533
-537
-539
-552
-582
-553
-563
-583
-593
813
-817
-819
-733
-833
-933
-873
-116
-316
222
-225
-226
-227
-229
-232
326
-325
-327
-328
-329
338
-335
-337
-339
235
-237
-239
-245
-285
-295
-346
-376
-386
-396
828
-827
-829
-738
-838
-938
-878
641
-643
-645
-646
-649
-551
-651
-671
-681
-691
371
-373
-377
-379
-381
-391
-581
591
-596
-598
-599
385
-383
-389
-395
-345
-588
478
-472
-473
-479
452
-453
-455
-459
-652
-448
-468
568
-566
-567
-569
666
-663
-665
-667
-669
586
-589
-676
-686
-696
948
-943
-945
-949
-768
-968
-978
-998
-166
146
-145
-149
-246
445
-443
-449
-465
-655
463
-469
-653
-425
429
625
-627
-629
527
-529
-557
559
657
-659
953
-955
-959
-763
769
-963
965
-969
-739
732
-932
-772
-782
972
-973
-977
-979
-779
-789
-799
-993
155
-157
-159
-165
167
-169
-117
119
317
-319
-397
-672
682
-683
-689
-778
-286
-786
-788
783
-773
776
-793
-796
798
-276
296
-293
-297
-299
277
-273
-279
673
-679
-693
699
-877
879
997
-999
837
-839
-937
939
-283
289
393
-399
243
-249
-343
349
