147
-141
-142
-143
-144
-145
-146
-148
-149
-157
-167
-247
-257
-267
-347
-357
-367
-117
-127
-137
-177
-187
-197
-447
-547
-647
-747
-847
-947
151
-152
-153
-154
-155
-156
-158
-159
-161
-241
-251
-261
-341
-351
-361
-111
-121
-131
-171
-181
-191
-451
-551
-651
-751
-851
-951
175
-172
-173
-174
-176
-178
-179
-185
-195
-275
-285
-295
-375
-385
-395
-115
-125
-135
-165
-475
-575
-675
-775
-875
-975
213
-211
-212
-214
-215
-216
-217
-218
-219
-113
-123
-133
-223
-233
-313
-323
-333
-243
-253
-263
-273
-283
-293
-413
-513
-613
-713
-813
-913
228
-221
-222
-224
-225
-226
-227
-229
-118
-128
-138
-238
-318
-328
-338
-248
-258
-268
-278
-288
-298
-428
-528
-628
-728
-828
-928
286
-281
-282
-284
-287
-289
-186
-196
-276
-296
-376
-386
-396
-236
-246
-256
-266
-486
-586
-686
-786
-886
-986
424
-421
-422
-423
-425
-426
-427
-429
-414
-434
-514
-524
-534
-614
-624
-634
-444
-454
-464
-474
-484
-494
-124
-324
-724
-824
-924
453
-452
-455
-456
-457
-458
-459
-443
-463
-543
-553
-563
-643
-653
-663
-433
-473
-483
-493
-353
-753
-853
-953
468
-461
-462
-465
-466
-467
-469
-448
-548
-558
-568
-648
-658
-668
-418
-438
-478
-488
-498
-168
-368
-768
-868
-968
532
-531
-533
-535
-536
-537
-538
-539
-412
-432
-512
-522
-612
-622
-632
-542
-552
-562
-572
-582
-592
-132
-232
-332
-732
-832
-932
577
-571
-573
-574
-576
-578
-579
-477
-487
-497
-587
-597
-677
-687
-697
-517
-527
-557
-567
-277
-377
-777
-877
-977
716
-711
-712
-714
-715
-717
-718
-719
-726
-736
-816
-826
-836
-916
-926
-936
-746
-756
-766
-776
-796
-116
-316
-416
-516
-616
737
-731
-733
-734
-735
-738
-739
-727
-817
-827
-837
-917
-927
-937
-757
-767
-787
-797
-237
297
-291
-292
-294
-299
-387
-397
-337
-437
417
-411
-415
-419
-617
-627
-637
-317
327
-321
-322
-325
-326
-329
-897
-997
742
-741
-743
-744
-745
-748
-749
-752
-762
-842
-852
-862
-942
-952
-962
-722
-772
-782
-792
-242
-342
-442
-642
811
-812
-814
-815
-818
-819
-721
-821
-831
-911
-921
-931
-841
-861
-871
-881
-891
-311
-511
-611
883
-882
-884
-885
-887
-888
-889
-773
-783
-793
-873
-893
-973
-983
-993
987
-981
-982
-984
-985
-988
-989
-823
-833
-843
-863
-957
-967
-183
-383
-583
-683
949
-941
-943
-944
-945
-946
-948
-759
-769
-849
-859
-869
-959
-969
-919
-929
-939
-979
-999
343
-344
-345
-346
-348
-349
-163
-363
358
-352
-354
-355
-356
-359
193
-192
-194
-198
-199
-373
-393
188
-182
-184
-189
-378
-388
-398
848
-844
-845
-846
-758
-858
-958
-838
-878
-898
-249
-449
-549
-649
673
-671
-672
-674
-676
-678
-679
-593
-693
523
-521
-525
-526
-529
-623
-633
621
-625
-626
-629
-431
-631
-641
-661
-681
-691
-723
763
-761
-764
-765
961
-963
-964
-965
-966
-971
-991
-923
933
-934
-935
-938
918
-912
-914
-915
834
-835
-839
-854
-864
-874
-894
-978
-998
-518
-618
638
-635
-636
-639
436
-435
-439
-446
-476
-496
-688
-698
126
-122
-129
-136
-336
-166
366
-362
-364
-365
-369
-134
139
-119
-239
-319
-339
-169
-234
-334
-561
-566
-666
-866
778
-771
-774
-779
-788
-798
-588
598
-591
-594
-595
-596
-599
696
-692
-694
-695
-699
-646
-656
546
-541
-544
-545
441
-445
-556
-471
-481
-491
581
-584
-585
-589
684
-682
-685
-689
-644
645
-555
-565
-655
-665
515
-519
-615
619
-654
-664
-659
-669
-315
335
-331
231
-235
-271
244
-245
-164
162
-252
-262
-254
-264
-112
114
312
-314
272
-274
-279
-372
-382
-392
652
-657
-662
667
857
-855
-856
956
-954
-955
754
-755
865
-867
-784
-794
-825
-895
-976
-996
-554
559
564
-569
255
-259
-265
269
371
-374
-379
-381
-391
-472
479
-489
-499
-872
-972
974
-994
876
-879
-896
-781
791
-795
-799
482
-485
-492
495
-384
389
394
-399
785
-789
-995
992
-892
899
-725
729
925
-922
822
-829
