148
-141
-142
-143
-144
-145
-146
-147
-149
-158
-168
-248
-258
-268
-348
-358
-368
-118
-128
-138
-178
-188
-198
-448
-548
-648
-748
-848
-948
193
-191
-192
-194
-195
-196
-197
-199
-173
-183
-273
-283
-293
-373
-383
-393
-113
-123
-133
-153
-163
-493
-593
-693
-793
-893
-993
245
-241
-242
-243
-244
-246
-247
-249
-155
-165
-255
-265
-345
-355
-365
-215
-225
-235
-275
-285
-295
-445
-545
-645
-745
-845
-945
272
-271
-274
-276
-277
-278
-279
-172
-182
-282
-292
-372
-382
-392
-212
-222
-232
-252
-262
-472
-572
-672
-772
-872
-972
287
-281
-284
-286
-288
-289
-177
-187
-297
-377
-387
-397
-217
-227
-237
-257
-267
-487
-587
-687
-787
-887
-987
347
-341
-342
-343
-344
-346
-349
-157
-167
-357
-367
-317
-327
-337
-447
-547
-647
-747
-847
-947
352
-351
-353
-354
-356
-359
-152
-162
-362
-312
-322
-332
-452
-552
-652
-752
-852
-952
374
-371
-375
-376
-378
-379
-174
-184
-294
-384
-394
-314
-324
-334
-364
-474
-574
-674
-774
-874
-974
389
-381
-385
-386
-388
-179
-189
-299
-399
-319
-329
-339
-369
-489
-589
-689
-789
-889
-989
391
-395
-396
-398
-171
-181
-291
298
-296
-218
-228
-238
-311
-321
-331
-361
-491
-591
-691
-791
-891
-991
-498
-598
-698
-798
-898
-998
421
-422
-423
-424
-425
-426
-427
-428
-429
-411
-431
-511
-521
-531
-611
-621
-631
-441
-451
-461
-471
-481
-121
-221
-721
-821
-921
465
-462
-463
-464
-466
-467
-468
-469
-455
-555
-565
-655
-665
-415
-435
-475
-485
-495
-765
-865
-965
473
-476
-477
-478
-479
-483
-573
-583
-673
-683
-413
-433
-443
-453
-773
-873
-973
517
-512
-513
-514
-515
-516
-518
-519
-417
-437
-527
-537
-617
-627
-637
-557
-567
-577
-597
-117
-717
-817
-917
594
-592
-595
-596
-599
-484
-494
-584
-684
-694
-524
-534
-544
-554
-564
-794
-894
-994
635
-632
-633
-634
-636
-638
-639
-525
-535
-615
-625
-675
-685
-695
-135
-335
-735
-835
-935
644
-641
-642
-643
-646
-649
-444
-454
-654
-664
-614
-624
-744
-844
-944
682
-681
-686
-688
-482
-492
-582
-692
-612
-622
-662
-782
-882
-982
715
-711
-712
-713
-714
-716
-718
-719
-725
-815
-825
-915
-925
-755
-775
-785
-795
-115
-315
325
-323
-326
-328
-125
728
-722
-723
-724
-726
-727
-729
-738
-818
-828
-838
-918
-928
-938
-758
-768
-778
-788
-528
-628
731
-732
-733
-734
-736
-737
-739
-811
-831
-911
-931
-741
-751
-761
-771
-781
-131
-231
742
-743
-746
-749
-762
-842
-862
-942
-962
-792
-442
-542
562
-561
-563
-566
-568
-569
-522
-532
754
-753
-756
-757
-759
-764
-854
-864
-954
-964
-784
-154
-254
769
-763
-766
-767
-849
-859
-869
-949
-959
-969
783
-786
-883
-983
-779
-799
-169
-269
-669
822
-823
-824
-826
-827
-829
-812
-832
-912
-922
-932
-892
992
-995
-996
-997
-999
-122
895
-896
-897
-899
-875
-885
-975
-985
-855
955
-951
-953
-956
-957
-958
836
-833
-834
-837
-839
-816
-916
-926
-936
-846
-856
-866
-876
-886
-136
-236
-336
-436
-536
868
-861
-863
-867
-858
-968
-878
-888
-668
913
-914
-919
-813
-923
-933
-943
-963
-213
-313
-613
966
-961
-967
-946
941
-841
843
-851
-853
857
-877
-971
-981
-976
-986
-541
-543
-457
497
-496
-499
-677
-697
-657
667
-661
-663
-666
-166
-266
-366
363
-253
-263
-333
338
-318
316
-116
-126
-216
-226
256
-251
-259
-156
159
-151
-119
-129
-139
-416
-616
-438
-538
-456
-556
-656
-459
458
-558
-658
-418
618
-619
-488
486
-576
-586
-676
-696
699
-579
-679
-446
449
546
-549
-559
-659
-419
-439
-526
626
-623
-629
653
-651
551
-553
-571
-581
671
-678
-871
879
881
-884
984
-988
978
-977
-979
814
-819
-924
-934
-114
-214
-414
412
-432
434
-112
111
-211
219
132
-134
-137
127
-124
-229
-239
-161
164
261
-264
224
-223
233
-234
523
-529
-533
539
-927
929
937
-939
777
-776
796
-797
176
-175
185
-186
575
-578
-585
588
