123
-121
-122
-124
-125
-126
-127
-128
-129
-113
-133
-213
-223
-233
-313
-323
-333
-143
-153
-163
-173
-183
-193
-423
-523
-623
-723
-823
-923
142
-141
-144
-145
-146
-147
-148
-149
-152
-162
-242
-252
-262
-342
-352
-362
-112
-132
-172
-182
-192
-442
-542
-642
-742
-842
-942
186
-181
-184
-185
-187
-188
-189
-176
-196
-276
-286
-296
-376
-386
-396
-116
-136
-156
-166
-486
-586
-686
-786
-886
-986
194
-191
-195
-197
-198
-199
-174
-274
-284
-294
-374
-384
-394
-114
-134
-154
-164
-494
-594
-694
-794
-894
-994
216
-211
-212
-214
-215
-217
-218
-219
-226
-236
-316
-326
-336
-246
-256
-266
-416
-516
-616
-716
-816
-916
244
-241
-243
-245
-247
-248
-249
-254
-264
-344
-354
-364
-224
-234
-444
-544
-644
-744
-844
-944
255
-251
-253
-257
-258
-259
-155
-165
-265
-345
-355
-365
-225
-235
-275
-285
-295
-455
-555
-655
-755
-855
-955
297
-291
-292
-293
-298
-299
-177
-277
-287
-377
-387
-397
-227
-237
-267
-497
-597
-697
-797
-897
-997
319
-311
-312
-314
-315
-317
-318
-119
-139
-229
-239
-329
-339
-349
-359
-369
-379
-389
-399
-419
-519
-619
-719
-819
-919
358
-351
-353
-356
-357
-158
-168
-268
-348
-368
-328
-338
-378
-388
-398
-458
-558
-658
-758
-858
-958
429
-421
-422
-424
-425
-426
-427
-428
-439
-529
-539
-629
-639
-449
-459
-469
-479
-489
-499
-729
-829
-929
447
-441
-443
-445
-446
-448
-457
-467
-547
-557
-567
-647
-657
-667
-417
-437
-477
-487
-347
-747
-847
-947
488
-481
-482
-483
-484
-485
-478
-498
-578
-588
-598
-678
-688
-698
-418
-438
-468
-288
-788
-888
-988
518
-511
-512
-513
-514
-515
-517
-528
-538
-618
-628
-638
-548
-568
-118
-718
-818
-918
584
-581
-582
-583
-585
-587
-589
-474
-574
-674
-684
-524
-534
-554
-564
-784
-884
-984
591
-592
-593
-595
-596
-599
-471
-491
-571
-671
-681
-691
-521
-531
-541
-551
-561
-391
-791
-891
-991
621
-622
-624
-625
-626
-627
-411
-431
-611
-631
-641
-651
-661
-221
-321
-721
-821
-921
714
-711
-712
-713
-715
-717
-724
-734
-814
-824
-834
-914
-924
-934
-754
-764
-774
-414
-614
324
-322
-325
-327
-334
735
-731
-732
-733
-736
-737
-738
-739
-725
-815
-825
-835
-915
-925
-935
-745
-765
-775
-785
-795
525
-522
-526
-527
-415
-435
-535
-615
-635
-545
-565
-575
115
-111
-117
-135
-335
-175
752
-751
-753
-756
-757
-759
-762
-852
-862
-952
-962
-722
-772
-782
-792
-452
-552
-652
865
-861
-863
-864
-866
-867
-868
-869
-845
-945
-965
-875
-885
-895
645
-643
-646
-648
-649
-465
-665
668
-662
-663
-664
-666
-669
-675
-685
-695
-768
-968
872
-871
-873
-874
-876
-877
-878
-879
-882
-892
-972
-982
-992
974
-971
-973
-975
-976
-977
-978
-979
-812
-822
-832
854
-851
-853
-856
-857
-859
-954
-964
-454
-654
464
-461
-462
-463
-466
451
-453
-456
562
-563
-566
-569
-434
634
-632
-633
-636
-637
-532
-572
-151
-951
-272
-372
-472
-672
941
-943
-946
-948
-949
-741
-761
-841
-961
-911
-931
-981
811
-813
-817
-831
-881
-341
956
-953
-957
-959
-746
-766
-846
-966
-926
-936
-996
-556
-656
546
-543
-549
-536
436
-432
-433
-476
-496
-576
-836
-346
343
-263
-363
366
-361
-367
-373
-383
-393
337
-331
-332
-137
-537
533
-413
412
-612
-613
617
-492
-553
559
653
-659
-573
577
-579
-677
-687
-673
-683
-693
-912
913
-917
-833
-933
-963
-983
-993
-837
-937
-743
-843
763
-767
-769
967
-969
-773
-783
-793
-927
-987
157
-159
-167
-777
131
-138
-231
-161
169
261
-269
-171
178
-179
-278
-271
-281
-778
-222
228
232
-238
-282
922
-928
-932
-728
-828
-273
279
283
-289
473
-475
-493
495
375
-371
381
-382
-385
392
-395
771
-776
-779
-781
676
-679
-696
682
-689
-692
699
-883
893
-896
-898
-899
796
-798
-799
998
-995
-999
985
-989
-726
727
826
-827
-787
789
887
-889
748
-749
-848
849
838
-839
-938
939
