133
-131
-132
-134
-135
-136
-137
-138
-139
-113
-123
-213
-223
-233
-313
-323
-333
-143
-153
-163
-173
-183
-193
-433
-533
-633
-733
-833
-933
167
-161
-162
-164
-165
-166
-168
-169
-147
-157
-247
-257
-267
-347
-357
-367
-117
-127
-177
-187
-197
-467
-567
-667
-767
-867
-967
172
-171
-174
-175
-176
-178
-179
-182
-192
-272
-282
-292
-372
-382
-392
-112
-122
-142
-152
-472
-572
-672
-772
-872
-972
189
-181
-184
-185
-186
-188
-199
-279
-289
-299
-379
-389
-399
-119
-129
-149
-159
-489
-589
-689
-789
-889
-989
231
-232
-234
-235
-236
-237
-238
-239
-111
-121
-211
-221
-311
-321
-331
-241
-251
-261
-271
-281
-291
-431
-531
-631
-731
-831
-931
243
-242
-244
-245
-246
-248
-249
-253
-263
-343
-353
-363
-273
-283
-293
-443
-543
-643
-743
-843
-943
294
-295
-296
-297
-298
-194
-274
-284
-374
-384
-394
-214
-224
-254
-264
-494
-594
-694
-794
-894
-994
324
-322
-325
-326
-327
-328
-329
-114
-124
-314
-334
-344
-354
-364
-424
-524
-624
-724
-824
-924
369
-361
-362
-365
-366
-368
-259
-269
-349
-359
-319
-339
-469
-569
-669
-769
-869
-969
397
-391
-393
-395
-396
-398
-277
-287
-377
-387
-317
-337
-497
-597
-697
-797
-897
-997
463
-461
-462
-464
-465
-466
-468
-453
-553
-563
-653
-663
-413
-423
-473
-483
-493
-763
-863
-963
482
-481
-484
-485
-486
-487
-488
-492
-582
-592
-682
-692
-412
-422
-432
-442
-452
-782
-882
-982
499
-491
-495
-496
-498
-479
-579
-599
-679
-699
-419
-429
-439
-449
-459
-799
-899
-999
549
-541
-542
-544
-545
-546
-547
-548
-559
-649
-659
-519
-529
-539
-749
-849
-949
555
-551
-552
-554
-556
-557
-558
-445
-455
-565
-645
-655
-665
-515
-525
-535
-575
-585
-595
-155
-255
-355
-755
-855
-955
564
-561
-562
-566
-568
-444
-454
-644
-654
-664
-514
-534
-574
-584
-764
-864
-964
614
-611
-612
-613
-615
-616
-617
-618
-619
-414
-434
-634
474
-471
-475
-476
-477
-478
-674
-684
-714
-814
-914
-774
-874
-974
626
-621
-622
-623
-625
-627
-628
-629
-416
-426
-436
-516
-526
-536
-636
639
-632
-635
-637
-638
-646
-656
-666
-676
-686
-696
-126
-226
-726
-826
-926
-739
-839
-939
641
-642
-647
-648
-441
-451
-651
-661
-671
-681
-691
-141
-341
-741
-841
-941
693
-695
-698
-573
-583
-593
-673
-683
-793
-893
-993
711
-712
-713
-715
-716
-717
-718
-719
-721
-811
-821
-911
-921
-751
-761
-771
-781
-791
-411
421
-425
-427
-428
-511
-521
745
-742
-744
-746
-747
-748
-765
-845
-865
-945
-965
-725
-735
-775
-785
-795
-145
-345
265
-262
-266
-268
-215
-225
-275
-285
786
-783
-784
-787
-788
-776
-796
-876
-886
-896
-976
-986
-996
-736
-756
-766
-286
288
-198
-278
276
-196
-376
-386
-378
-388
-216
-256
-218
-228
-258
252
-342
-352
-212
-222
-652
662
-668
-752
-852
-952
-762
768
-758
-848
-858
-868
-948
-958
-968
-728
-738
-778
-798
792
-892
-992
-722
-732
-862
-962
-576
-586
596
-591
-598
-588
-688
-888
-988
819
-812
-813
-815
-816
-817
-818
-729
-829
-919
-929
-859
-879
-219
217
-227
229
-417
-517
-917
866
-861
-846
-856
-946
-956
-966
961
-851
-951
-836
-971
-981
-991
871
-873
-875
-877
-878
-881
-891
-371
-571
581
-587
-381
191
-195
-151
351
-356
-358
925
-922
-923
-927
-928
-825
-835
-915
-935
-975
-985
-995
998
-898
895
-885
-978
-918
-938
-125
128
-118
-318
-338
115
-116
-315
-335
-148
-158
348
-346
-415
418
435
-437
-438
-518
-528
-538
-448
-458
658
-657
578
-577
-678
-828
838
-832
-834
-837
936
-932
-934
-937
734
-737
-916
-754
316
-312
332
-336
-532
537
-527
947
-942
-944
842
-844
-847
-757
-857
-957
-822
912
-913
-977
-987
-512
513
522
-523
144
-146
-154
156
446
-447
-456
457
973
-979
-773
-883
-983
984
-884
887
-777
779
727
-723
823
-827
753
-759
-853
854
-953
-954
959
-373
375
383
-385
-675
677
685
-687
