122
-121
-123
-124
-125
-126
-127
-128
-129
-112
-132
-212
-222
-232
-312
-322
-332
-142
-152
-162
-172
-182
-192
-422
-522
-622
-722
-822
-922
147
-141
-143
-144
-145
-146
-148
-149
-157
-167
-247
-257
-267
-347
-357
-367
-117
-137
-177
-187
-197
-447
-547
-647
-747
-847
-947
161
-163
-164
-165
-166
-168
-169
-151
-241
-251
-261
-341
-351
-361
-111
-131
-171
-181
-191
-461
-561
-661
-761
-861
-961
273
-271
-272
-274
-275
-276
-277
-278
-279
-173
-183
-193
-283
-293
-373
-383
-393
-213
-223
-233
-243
-253
-263
-473
-573
-673
-773
-873
-973
284
-281
-282
-285
-286
-287
-288
-289
-174
-184
-194
-294
-374
-384
-394
-214
-224
-234
-244
-254
-264
-484
-584
-684
-784
-884
-984
421
-423
-424
-425
-426
-427
-428
-429
-411
-431
-511
-521
-531
-611
-621
-631
-441
-451
-471
-481
-491
-221
-321
-721
-821
-921
437
-432
-433
-434
-435
-436
-438
-439
-417
-517
-527
-537
-617
-627
-637
-457
-467
-477
-487
-497
-237
-337
-737
-837
-937
492
-493
-494
-495
-496
-498
-499
-472
-482
-572
-582
-592
-672
-682
-692
-412
-442
-452
-462
-292
-392
-792
-892
-992
553
-551
-552
-554
-555
-556
-557
-558
-559
-443
-453
-463
-543
-563
-643
-653
-663
-513
-523
-533
-583
-593
-153
-353
-753
-853
-953
576
-571
-574
-575
-577
-578
-579
-476
-486
-586
-596
-676
-686
-696
-516
-526
-536
-546
-566
-176
-376
-776
-876
-976
713
-711
-712
-714
-715
-716
-717
-718
-719
-723
-733
-813
-823
-833
-913
-923
-933
-743
-763
-783
-793
-113
133
-134
-135
-136
-138
-139
-313
-323
-333
-413
483
-485
-488
-489
-683
-693
-613
623
-624
-625
-626
-628
-629
-633
-883
-983
736
-731
-732
-734
-735
-738
-739
-726
-816
-826
-836
-916
-926
-936
-746
-756
-766
-786
-796
-236
-336
-636
754
-751
-752
-755
-757
-758
-759
-744
-764
-844
-854
-864
-944
-954
-964
-724
-774
-794
-154
114
-115
-116
-118
-119
-314
-324
-334
-414
-514
-614
-814
-914
-354
-454
-654
845
-841
-842
-843
-846
-848
-849
-745
-765
-855
-865
-945
-955
-965
-815
-825
-835
-875
-885
-895
-245
-345
-445
-545
-645
888
-881
-882
-886
-887
-889
-778
-788
-798
-878
-898
-978
-988
-998
-818
-828
-838
-858
-868
-188
-388
-588
-688
891
-893
-894
-896
-897
-899
-771
-781
-791
-871
-971
-981
-991
993
-994
-995
-996
-997
-999
986
-982
-985
-987
-989
741
-742
-748
-749
-851
-941
-951
-811
-831
863
-862
-866
-867
-869
-943
-963
856
-852
-857
-859
-946
-956
-966
-541
-641
651
-652
-655
-656
-657
-658
-659
-671
-681
-691
343
-342
-344
-346
-348
-349
-363
364
-362
-365
-366
-368
-369
-156
-256
-356
-456
957
-952
-958
-959
-767
-967
-917
-927
-977
-464
-564
-664
371
-372
-375
-377
-378
-379
-291
-381
-391
382
-385
-386
-387
-389
-311
-331
-352
252
-255
-258
-259
-242
-262
581
-585
-587
-589
-591
-782
-186
196
-195
-198
-199
-296
-396
919
-911
-912
-915
-918
931
-932
-934
-935
-938
-939
-729
-819
-829
-839
-929
879
-872
-874
-877
974
-972
-975
-979
772
-775
-777
-779
-789
-799
-762
769
-768
-949
-969
728
-725
-727
925
-924
-928
211
-215
-216
-217
-218
-219
-231
-319
-419
-519
-619
-225
-325
-525
-228
-328
-528
-269
-469
-569
-669
-474
444
-446
-448
-449
-544
-644
-674
677
-675
-678
-679
-597
-687
-697
567
-562
-565
-568
-667
-179
-479
459
-455
-458
-549
-649
249
-246
-248
266
-265
-268
-159
-359
189
-185
-299
-399
-226
-229
227
-317
-327
-297
397
-395
-398
-239
817
-812
832
-834
824
-827
-524
529
-539
-639
-599
326
-329
-316
339
-335
-338
-532
-632
646
-642
-648
-466
-666
416
-415
-418
-616
787
-785
795
-797
685
-689
-475
478
-595
-695
-598
594
-694
-698
699
465
-468
-665
-534
634
-635
-638
-615
175
-178
-295
298
-155
158
355
-358
235
-238
-315
318
515
-512
-518
612
-618
-535
538
542
-548
-662
668
-942
948
962
-968
