135
-131
-132
-133
-134
-136
-137
-138
-139
-115
-125
-215
-225
-235
-315
-325
-335
-145
-155
-165
-175
-185
-195
-435
-535
-635
-735
-835
-935
154
-151
-152
-153
-156
-157
-158
-159
-144
-164
-244
-254
-264
-344
-354
-364
-114
-124
-174
-184
-194
-454
-554
-654
-754
-854
-954
177
-171
-172
-173
-176
-178
-179
-187
-197
-277
-287
-297
-377
-387
-397
-117
-127
-147
-167
-477
-577
-677
-777
-877
-977
192
-191
-193
-196
-198
-199
-182
-272
-282
-292
-372
-382
-392
-112
-122
-142
-162
-492
-592
-692
-792
-892
-992
237
-231
-232
-233
-234
-236
-238
-239
-217
-227
-317
-327
-337
-247
-257
-267
-437
-537
-637
-737
-837
-937
245
-241
-242
-243
-246
-248
-249
-255
-265
-345
-355
-365
-275
-285
-295
-445
-545
-645
-745
-845
-945
259
-251
-252
-253
-256
-258
-149
-169
-269
-349
-359
-369
-219
-229
-279
-289
-299
-459
-559
-659
-759
-859
-959
321
-322
-323
-324
-326
-328
-329
-111
-121
-211
-221
-311
-331
-341
-351
-361
-371
-381
-391
-421
-521
-621
-721
-821
-921
396
-393
-394
-395
-398
-399
-186
-276
-286
-296
-376
-386
-316
-336
-346
-356
-366
-496
-596
-696
-796
-896
-996
426
-422
-423
-424
-425
-427
-428
-429
-416
-436
-516
-526
-536
-616
-626
-636
-446
-456
-466
-476
-486
-126
-226
-726
-826
-926
472
-471
-473
-474
-475
-478
-479
-482
-572
-582
-672
-682
-412
-432
-442
-452
-462
-772
-872
-972
493
-491
-494
-495
-497
-498
-499
-483
-573
-583
-593
-673
-683
-693
-413
-433
-443
-453
-463
-293
-793
-893
-993
547
-541
-542
-543
-544
-546
-548
-549
-447
-457
-467
-557
-567
-647
-657
-667
-517
-527
-587
-597
-347
-747
-847
-947
564
-561
-562
-563
-565
-566
-568
-569
-444
-464
-644
-664
-514
-524
-534
-574
-584
-594
-764
-864
-964
611
-612
-613
-614
-615
-617
-618
-619
-411
-431
-511
-531
-631
-641
-651
-661
-671
-681
-691
-711
-811
-911
639
-632
-633
-634
-638
-419
-439
-519
-529
-539
-629
-649
-669
-679
-689
-699
-339
-739
-839
-939
687
-684
-685
-686
-688
-487
-697
417
-414
-415
-418
-627
-717
-817
-917
-787
-887
-987
715
-712
-713
-714
-716
-718
-719
-725
-815
-825
-915
-925
-755
-765
-775
-785
-795
-515
784
-781
-782
-783
-786
-788
-789
-774
-794
-874
-884
-894
-974
-984
-994
-724
-734
-744
-284
-384
-484
434
-438
-624
-334
-834
-934
855
-851
-852
-853
-856
-857
-858
-865
-955
-965
-875
-885
-895
-455
-555
-655
863
-861
-862
-866
-867
-868
-869
-743
-753
-763
-843
-943
-953
-963
-813
-823
-833
-873
-883
-163
-263
-363
-663
876
-871
-878
-879
-776
-886
-976
-986
-816
-836
-846
-576
-676
586
-581
-585
-588
-589
-556
912
-913
-914
-916
-918
-919
-722
-732
-812
-822
-832
-922
-932
-942
-952
-962
-982
882
-881
-888
-889
-842
-212
-312
-512
931
-933
-936
-938
-731
-831
838
736
-733
-738
-728
-818
-828
-928
-746
-756
-766
-848
-898
-941
-951
-961
-971
-981
-991
-338
-538
957
-956
-958
-757
-767
-967
-927
-997
656
-652
-653
-658
-646
-666
-357
367
-362
-368
979
-973
-975
-978
-779
-799
-899
-989
-999
-929
-949
-969
-379
-579
599
-591
-595
-598
-489
113
-116
-118
-119
-123
-213
-223
-313
-333
332
-222
216
-214
-218
-143
-183
262
-261
-266
-268
-342
-352
-513
518
-528
-628
-558
-578
-318
-532
533
-523
-623
-553
643
-642
-648
742
-741
-748
-749
-752
-762
-343
348
353
-358
-148
-168
-373
-383
-378
-388
-448
-948
552
-551
-662
571
-575
-481
-522
525
622
-625
-271
-771
-128
129
228
-224
314
-319
188
-181
-189
-278
-288
-298
389
-385
375
-374
-814
819
-729
-829
769
-761
-768
-849
449
-441
-469
-675
281
-283
-291
294
273
-274
-773
778
983
-985
-988
995
-998
-798
723
-727
-923
924
-824
827
797
-791
891
-897
751
-758
-841
844
-944
946
-966
968
141
-146
-161
166
-451
458
461
-465
-468
665
-668
485
-488
-695
674
-678
-694
698
