146
-141
-142
-143
-144
-145
-147
-148
-149
-156
-166
-246
-256
-266
-346
-356
-366
-116
-126
-136
-176
-186
-196
-446
-546
-646
-746
-846
-946
161
-162
-163
-164
-165
-167
-168
-169
-151
-241
-251
-261
-341
-351
-361
-111
-121
-131
-171
-181
-191
-461
-561
-661
-761
-861
-961
183
-182
-184
-185
-187
-188
-189
-173
-193
-273
-283
-293
-373
-383
-393
-113
-123
-133
-153
-483
-583
-683
-783
-883
-983
212
-211
-213
-214
-215
-216
-217
-218
-219
-112
-122
-132
-222
-232
-312
-322
-332
-242
-252
-262
-272
-282
-292
-412
-512
-612
-712
-812
-912
258
-253
-254
-255
-257
-259
-158
-248
-268
-348
-358
-368
-228
-238
-278
-288
-298
-458
-558
-658
-758
-858
-958
294
-291
-295
-296
-297
-299
-174
-194
-274
-284
-374
-384
-394
-224
-234
-244
-264
-494
-594
-694
-794
-894
-994
329
-321
-323
-324
-325
-326
-327
-328
-119
-129
-139
-229
-239
-319
-339
-349
-359
-369
-379
-389
-399
-429
-529
-629
-729
-829
-929
331
-333
-334
-335
-336
-337
-338
-221
-231
-311
-371
-381
-391
-431
-531
-631
-731
-831
-931
354
-352
-353
-355
-357
-154
-344
-364
-314
-454
-554
-654
-754
-854
-954
365
-362
-363
-367
-155
-245
-265
-345
-315
-375
-385
-395
-465
-565
-665
-765
-865
-965
376
-372
-377
-378
-276
-286
-386
-396
-316
-476
-576
-676
-776
-876
-976
424
-421
-422
-423
-425
-426
-427
-428
-414
-434
-514
-524
-534
-614
-624
-634
-444
-464
-474
-484
-124
-724
-824
-924
466
-462
-463
-467
-468
-469
-456
-556
-566
-656
-666
-416
-436
-486
-496
-766
-866
-966
535
-532
-533
-536
-537
-538
-539
-415
-435
-515
-525
-615
-625
-635
-545
-555
-575
-585
-595
-135
-235
-735
-835
-935
571
-572
-573
-574
-577
-578
-579
-471
-481
-491
-581
-591
-671
-681
-691
-511
-521
-541
-551
-271
281
-285
-287
-289
-771
-871
-971
-781
-881
-981
648
-641
-642
-643
-644
-645
-647
-649
-448
-548
-568
-668
-618
-628
-638
-678
-688
-698
-748
-848
-948
687
-682
-684
-685
-686
-689
-477
-487
-497
-587
-597
-677
-697
-617
-627
-637
-657
-667
-387
-787
-887
-987
733
-732
-734
-736
-737
-738
-739
-713
-723
-813
-823
-833
-913
-923
-933
-743
-753
-763
-773
-793
-233
-433
-633
741
-742
-744
-745
-747
-749
-751
-841
-851
-941
-951
-711
-721
-791
-441
756
-752
-755
-757
-759
-856
-956
-716
-726
-786
-796
778
-772
-774
-775
-777
-779
-788
-798
-878
-888
-898
-978
-988
-998
-718
-728
-768
-178
-478
784
-782
-785
-789
-874
-884
-974
-984
-714
-764
674
-672
-673
-675
-679
-584
-664
814
-811
-815
-816
-817
-818
-819
-834
-914
-934
-844
-864
-114
134
-137
-138
857
-852
-853
-855
-859
-767
-847
-867
-947
-957
-967
-827
-837
-877
-897
-157
-457
-557
891
-892
-893
-895
-896
-899
-991
-821
927
-921
-922
-925
-926
-928
911
-915
-916
-917
-918
-919
-717
-727
-937
797
-792
-795
-799
-977
-997
-411
451
-452
-453
-455
-459
-651
-611
621
-622
-623
-626
-127
-227
-527
-197
-397
945
-942
-943
-944
-949
964
-962
-963
-968
-969
-845
-955
868
-862
-863
-869
-828
-838
938
-932
-936
-939
-975
-985
-995
-438
544
-542
-543
-547
-549
-564
-445
655
-652
-653
-659
-695
115
-117
-118
-125
128
-225
-318
-175
-195
275
-277
-279
177
-172
-179
199
-192
-198
152
-159
-342
-715
719
-839
725
-722
-825
762
-769
-842
-952
-419
-519
-619
-528
442
-443
-447
-449
-552
-562
-662
567
-563
-569
-432
-472
-482
-492
-517
-267
-475
-875
885
-882
-886
-889
-485
495
-493
-498
-499
-599
-699
-999
223
-226
-313
317
236
-237
-243
-263
269
343
-347
247
-249
-417
437
-439
639
-632
-636
522
-523
-526
-582
-592
692
-693
-696
616
-613
-516
663
-669
-553
559
-589
-822
826
832
-836
-872
-843
849
953
-959
873
-879
-973
-993
972
-979
-982
-992
996
-986
989
-473
479
593
-596
-598
586
-588
488
-489
413
-418
-513
518
382
-388
-392
398
