146
-141
-142
-143
-144
-145
-147
-148
-149
-156
-166
-246
-256
-266
-346
-356
-366
-116
-126
-136
-176
-186
-196
-446
-546
-646
-746
-846
-946
178
-171
-172
-173
-174
-175
-177
-179
-188
-198
-278
-288
-298
-378
-388
-398
-118
-128
-138
-158
-168
-478
-578
-678
-778
-878
-978
192
-191
-193
-194
-195
-197
-199
-182
-272
-282
-292
-372
-382
-392
-112
-122
-132
-152
-162
-492
-592
-692
-792
-892
-992
213
-211
-212
-214
-215
-216
-217
-218
-219
-113
-123
-133
-223
-233
-313
-323
-333
-243
-253
-263
-273
-283
-293
-413
-513
-613
-713
-813
-913
225
-221
-222
-224
-226
-227
-228
-229
-115
-125
-135
-235
-315
-325
-335
-245
-255
-265
-275
-285
-295
-425
-525
-625
-725
-825
-925
421
-422
-423
-424
-426
-427
-428
-429
-411
-431
-511
-521
-531
-611
-621
-631
-441
-451
-461
-471
-481
-491
-121
-321
-721
-821
-921
483
-482
-484
-485
-486
-487
-488
-489
-473
-493
-573
-583
-593
-673
-683
-693
-433
-443
-453
-463
-183
-383
-783
-883
-983
538
-532
-533
-534
-535
-536
-537
-539
-418
-438
-518
-528
-618
-628
-638
-548
-558
-568
-588
-598
-238
-338
-738
-838
-938
542
-541
-543
-544
-545
-547
-549
-442
-452
-462
-552
-562
-642
-652
-662
-512
-522
-572
-582
-242
-342
-742
-842
-942
614
-612
-615
-616
-617
-619
-414
-434
-514
-524
-624
-634
-644
-654
-664
-674
-684
-694
-114
-314
-714
-814
-914
676
-671
-672
-675
-677
-679
-476
-496
-576
-586
-596
-686
-696
-626
-636
-656
-666
-276
-376
-776
-876
-976
753
-751
-752
-754
-755
-756
-757
-758
-759
-743
-763
-843
-853
-863
-943
-953
-963
-723
-733
-773
-793
-153
163
-161
-164
-165
-167
-169
-343
-353
-363
643
-641
-645
-647
-648
-649
-553
-563
-653
-663
523
-526
-527
-529
-623
-633
-823
-923
761
-762
-764
-765
-766
-767
-768
-769
-741
-841
-851
-861
-941
-951
-961
-711
-731
-771
-781
-791
-261
-361
-561
-661
787
-782
-784
-785
-786
-788
-789
-777
-797
-877
-887
-897
-977
-987
-997
-717
-727
-737
-747
-187
-287
-387
-587
-687
832
-831
-833
-834
-835
-836
-837
-839
-712
-722
-732
-812
-822
-912
-922
-932
933
-931
-934
-935
-936
-937
-939
772
-774
-775
-779
-872
-882
-972
-982
-852
-862
-973
-993
-232
-332
-432
-632
-472
682
-681
-685
-688
-689
412
-415
-416
-417
-419
-622
-312
322
-324
-326
-327
-328
-329
318
-311
-316
-317
-319
-352
-362
-348
-358
-368
-718
-818
-918
874
-871
-873
-875
-879
893
-891
-894
-895
-896
-898
-899
-794
-884
-974
-984
-994
-824
-844
-854
-864
373
-371
-374
-375
-377
-379
-393
-274
-474
-574
955
-952
-954
-956
-957
-958
-959
962
-964
-965
-966
-967
-968
-969
-745
-845
-855
-865
-945
-915
-975
-985
-995
252
-251
-254
-257
-258
-259
-262
-155
185
-181
-184
-189
-385
-395
-355
-455
-555
-655
-585
-885
795
-796
-798
-799
-715
-735
815
-811
-816
-817
-819
911
-916
-917
-919
881
-886
-888
-889
-971
979
-981
-991
-989
-999
-929
-949
-111
-515
-279
-479
-579
-281
-381
-581
988
-986
996
-998
-926
-928
-948
-495
-595
-695
-296
-396
117
-119
-127
-137
-237
-337
-157
-517
124
-129
-134
-234
-334
-154
-724
-924
927
734
-736
-739
-827
-744
944
-947
-627
629
-439
-519
516
-436
-639
-556
-566
-659
-669
-699
-716
719
-729
-829
726
-728
-826
828
748
-749
-848
-858
-868
-244
-344
-444
-248
268
-264
-267
-269
-448
-468
-668
131
-139
-231
-331
-151
159
-249
-349
-359
-369
-459
-559
-859
236
-239
-336
339
-286
386
-384
-389
-399
241
-247
-341
-351
-271
277
-297
-397
-291
391
-394
571
-575
-577
-591
-691
475
-477
-435
437
635
-637
-445
-465
-447
449
-469
-569
-457
-467
-497
-499
-551
651
-657
-658
458
-454
-456
466
-464
494
-498
-584
589
-594
698
-697
597
-599
565
-564
-567
554
-557
-665
667
345
-347
-365
847
-849
-857
856
-866
-867
869
-354
357
364
-367
284
-289
-294
299
