123
-121
-122
-124
-125
-126
-127
-128
-129
-113
-133
-213
-223
-233
-313
-323
-333
-143
-153
-163
-173
-183
-193
-423
-523
-623
-723
-823
-923
174
-171
-172
-175
-176
-177
-178
-179
-184
-194
-274
-284
-294
-374
-384
-394
-114
-134
-144
-154
-164
-474
-574
-674
-774
-874
-974
245
-241
-242
-243
-244
-246
-247
-248
-249
-145
-155
-165
-255
-265
-345
-355
-365
-215
-225
-235
-275
-285
-295
-445
-545
-645
-745
-845
-945
273
-271
-272
-276
-277
-278
-279
-283
-293
-373
-383
-393
-253
-263
-473
-573
-673
-773
-873
-973
361
-362
-363
-364
-366
-367
-368
-369
-141
-151
-161
-251
-261
-341
-351
-311
-321
-331
-371
-381
-391
-461
-561
-661
-761
-861
-961
456
-451
-452
-453
-454
-455
-457
-458
-459
-446
-466
-546
-556
-566
-646
-656
-666
-416
-426
-436
-476
-486
-496
-156
-256
-356
-756
-856
-956
481
-482
-483
-484
-485
-487
-488
-489
-471
-491
-571
-581
-591
-671
-681
-691
-411
-421
-431
-441
-181
-281
-781
-881
-981
492
-493
-494
-495
-497
-498
-499
-472
-572
-582
-592
-672
-682
-692
-412
-422
-432
-442
-462
-192
-292
-392
-792
-892
-992
528
-521
-522
-524
-525
-526
-527
-529
-418
-428
-438
-518
-538
-618
-628
-638
-548
-558
-568
-578
-588
-598
-228
-328
-728
-828
-928
543
-541
-542
-544
-547
-549
-443
-463
-553
-563
-643
-653
-663
-513
-533
-583
-593
-343
353
-352
-354
-357
-358
-359
-743
-843
-943
-753
-853
-953
711
-712
-713
-714
-715
-716
-717
-718
-719
-721
-731
-811
-821
-831
-911
-921
-931
-741
-751
-771
-791
-111
-211
-511
-611
732
-733
-734
-735
-736
-737
-738
-739
-722
-812
-822
-832
-912
-922
-932
-742
-752
-762
-772
-782
-132
-232
-332
-532
-632
757
-754
-755
-758
-759
-747
-767
-847
-857
-867
-947
-957
-967
-727
-777
-787
-797
-157
-257
-557
-657
844
-841
-842
-846
-848
-849
-744
-764
-854
-864
-944
-954
-964
-814
-824
-834
-884
-894
-344
-444
-644
878
-871
-872
-875
-876
-877
-879
-778
-788
-798
-888
-898
-978
-988
-998
-818
-838
-858
-868
971
-972
-975
-976
-977
-979
-891
-991
851
-852
-855
-859
-941
-951
641
-642
-647
-648
-649
-551
-651
531
-534
-535
-536
-537
-539
-621
-631
221
-222
-224
-226
-227
-229
-131
-231
191
-195
-196
-197
-198
-199
-291
372
-375
-376
-377
-378
-379
-182
-282
-382
-312
-322
-342
622
-624
-625
-626
-627
-629
-512
-612
-652
-662
-478
-678
886
-882
-883
-885
-887
-889
982
-983
-984
-985
-986
-987
-989
-776
-786
-796
-896
-996
862
-863
-865
-866
-869
-942
-952
-962
-816
-826
-836
142
-146
-147
-148
-149
-152
-162
-252
-262
-112
212
-214
-216
-217
-218
-219
552
-554
-555
-559
-562
-186
-286
-386
-586
-686
915
-913
-914
-916
-917
-918
-919
-725
-815
-825
-835
-925
-935
938
-933
-934
-936
-937
-939
895
-893
-897
-899
-775
779
-785
-795
-995
997
-993
-994
-999
-789
-799
765
-763
-766
-768
-769
963
-965
-966
-968
-969
-955
748
-746
-749
946
-948
-949
-958
959
726
-724
-729
924
-926
-927
-929
-115
-315
-415
-515
-615
-324
-424
-326
-138
-238
-338
-346
-348
-448
468
-464
-465
-467
-469
-658
-668
655
-654
-659
-565
-665
-635
-675
-685
-695
254
-258
-259
-264
-234
158
-159
-168
-268
-118
318
-314
-316
-317
-319
334
-335
-336
-337
-339
-188
396
-395
-397
-398
-399
-296
-388
-434
414
-413
-417
-419
-514
-614
-634
433
-435
-437
-439
-613
-633
425
-427
-429
-475
813
-817
-819
-833
-325
135
-136
-137
-139
-185
385
-387
-389
575
-576
-577
-579
-585
-595
676
-677
-679
-596
-696
516
-517
-519
-616
-636
-116
236
-237
-239
166
-167
-169
-266
477
-479
-587
-597
-687
-697
-447
449
-569
-669
567
-564
664
-667
-684
-694
347
-349
-267
269
-289
-299
189
-187
117
-119
-327
329
-617
619
637
-639
-689
-699
827
-829
-837
839
287
-288
-297
298
688
-683
693
-698
783
-784
-793
794
584
-589
-594
599
