136
-131
-132
-133
-134
-135
-137
-138
-139
-116
-126
-216
-226
-236
-316
-326
-336
-146
-156
-166
-176
-186
-196
-436
-536
-636
-736
-836
-936
151
-152
-153
-154
-155
-157
-158
-159
-141
-161
-241
-251
-261
-341
-351
-361
-111
-121
-171
-181
-191
-451
-551
-651
-751
-851
-951
169
-162
-163
-164
-165
-167
-168
-149
-249
-259
-269
-349
-359
-369
-119
-129
-179
-189
-199
-469
-569
-669
-769
-869
-969
223
-221
-222
-224
-225
-227
-228
-229
-113
-123
-213
-233
-313
-323
-333
-243
-253
-263
-273
-283
-293
-423
-523
-623
-723
-823
-923
279
-271
-272
-274
-275
-276
-277
-278
-289
-299
-379
-389
-399
-219
-239
-479
-579
-679
-779
-879
-979
298
-291
-292
-294
-295
-296
-297
-178
-188
-198
-288
-378
-388
-398
-218
-238
-248
-258
-268
-498
-598
-698
-798
-898
-998
317
-311
-312
-314
-315
-318
-319
-117
-127
-217
-237
-327
-337
-347
-357
-367
-377
-387
-397
-417
-517
-617
-717
-817
-917
384
-381
-382
-383
-385
-386
-174
-184
-194
-284
-374
-394
-324
-334
-344
-354
-364
-484
-584
-684
-784
-884
-984
452
-453
-454
-455
-456
-457
-458
-459
-442
-462
-542
-552
-562
-642
-652
-662
-412
-422
-432
-472
-482
-492
-252
-352
-752
-852
-952
461
-463
-464
-465
-466
-467
-468
-441
-541
-561
-641
-661
-411
-421
-431
-471
-481
-491
-761
-861
-961
496
-493
-494
-495
-497
-499
-476
-486
-576
-586
-596
-676
-686
-696
-416
-426
-446
-396
-796
-896
-996
524
-521
-522
-525
-526
-527
-528
-529
-414
-424
-434
-514
-534
-614
-624
-634
-544
-554
-564
-574
-594
-124
-724
-824
-924
573
-571
-572
-575
-577
-578
-473
-483
-583
-593
-673
-683
-693
-513
-533
-543
-553
-563
-173
-373
-773
-873
-973
592
-591
-595
-597
-599
-582
-672
-682
-692
-512
-532
-192
-392
-792
-892
-992
644
-643
-645
-646
-647
-648
-649
-444
-654
-664
474
-475
-477
-478
-674
-694
-144
114
-112
-115
-118
-214
-234
-714
-814
-914
-244
-744
-844
-944
-774
-874
-974
762
-763
-764
-765
-766
-767
-768
-742
-842
-862
-942
-962
-712
-722
-732
-772
-782
-262
-362
791
-793
-794
-795
-797
-799
-771
-781
-871
-881
-891
-971
-981
-991
-711
-721
-731
-741
-391
-691
828
-821
-822
-825
-826
-827
-829
-718
-728
-738
-818
-838
-918
-928
-938
-848
-858
-868
-878
-888
-128
148
-142
-143
-145
-147
-348
-358
-368
-328
338
-331
-332
-335
-339
329
-321
-322
-325
371
-372
-375
-376
-281
286
-282
-285
-287
-246
-256
-266
342
-343
-345
-346
-242
-428
-628
-429
-629
-729
-929
-438
-538
-638
-448
-548
-748
-948
-671
-786
-886
-986
847
-841
-843
-845
-846
-849
941
-943
-945
-946
-947
-949
-747
-757
-857
-867
-957
-967
-837
-877
-887
-897
-911
-921
-931
621
-622
-625
-626
-627
-511
-531
-611
-631
581
-585
-587
-588
-589
-681
-247
245
-255
-265
-355
-365
-215
-235
125
-122
-175
-185
-195
395
-393
922
-925
-926
-927
-812
-832
-912
-932
-972
-982
-425
427
-437
-537
-637
-447
-487
-725
726
-727
-716
-816
-916
-746
-756
-776
-445
-545
-745
546
-547
-549
-556
-566
-656
-666
-516
616
-612
-613
-615
-618
-619
632
-633
-635
-639
212
-211
231
-232
811
-813
-815
-819
-831
-695
-895
-995
876
-872
-875
882
-883
-885
-889
-976
-856
-866
172
-177
-182
965
-963
-964
-966
-968
-755
-855
-865
-955
956
-953
-954
-958
-959
758
-753
-754
-759
734
-733
-735
-737
-739
-834
-934
937
-933
-935
-939
-778
-788
835
-833
-839
-715
-915
994
-993
-997
-999
-894
-975
-985
-977
978
-988
-987
433
-435
-439
-413
-443
449
-559
-659
-419
-489
-535
539
-519
743
-749
-853
-863
864
-854
859
-713
719
913
-919
-783
-789
893
-899
-983
989
254
-257
-264
267
-356
353
-363
366
-653
663
-665
-667
-668
-558
-658
568
-565
-567
557
-555
655
-657
515
-518
-415
418
485
-488
-675
-685
775
-777
-785
787
677
-678
-687
-697
699
688
-689
183
-187
-193
197
