122
-121
-123
-124
-125
-126
-127
-128
-129
-112
-132
-212
-222
-232
-312
-322
-332
-142
-152
-162
-172
-182
-192
-422
-522
-622
-722
-822
-922
147
-141
-143
-144
-145
-146
-148
-149
-157
-167
-247
-257
-267
-347
-357
-367
-117
-137
-177
-187
-197
-447
-547
-647
-747
-847
-947
215
-211
-213
-214
-216
-217
-218
-219
-115
-135
-225
-235
-315
-325
-335
-245
-255
-265
-275
-285
-295
-415
-515
-615
-715
-815
-915
234
-231
-233
-236
-237
-238
-239
-114
-134
-224
-314
-324
-334
-244
-254
-264
-274
-284
-294
-434
-534
-634
-734
-834
-934
256
-251
-252
-253
-258
-259
-156
-166
-246
-266
-346
-356
-366
-226
-276
-286
-296
-456
-556
-656
-756
-856
-956
337
-331
-333
-336
-338
-339
-227
-317
-327
-377
-387
-397
-437
-537
-637
-737
-837
-937
365
-361
-362
-363
-364
-368
-369
-155
-165
-345
-355
-375
-385
-395
-465
-565
-665
-765
-865
-965
374
-371
-372
-373
-376
-378
-379
-174
-184
-194
-384
-394
-344
-354
-474
-574
-674
-774
-874
-974
381
-382
-383
-386
-388
-389
-171
-181
-191
-271
-281
-291
-391
-311
-321
-341
-351
-481
-581
-681
-781
-881
-981
413
-411
-412
-414
-416
-417
-418
-419
-423
-433
-513
-523
-533
-613
-623
-633
-443
-453
-463
-473
-483
-493
-113
-313
-713
-813
-913
486
-482
-484
-485
-487
-488
-489
-476
-496
-576
-586
-596
-676
-686
-696
-426
-436
-446
-466
-186
-786
-886
-986
545
-541
-542
-543
-544
-546
-548
-549
-445
-455
-555
-645
-655
-525
-535
-575
-585
-595
-745
-845
-945
567
-561
-562
-563
-564
-566
-568
-569
-457
-467
-557
-657
-667
-517
-527
-577
-587
-597
-767
-867
-967
621
-624
-625
-626
-627
-628
-629
-421
-431
-511
-521
-531
-611
-631
-641
-651
-661
-671
-691
-221
-721
-821
-921
642
-643
-644
-646
-648
-649
-442
-452
-462
-552
-652
-662
666
-663
-664
-668
-669
-612
-632
-672
-682
-692
-616
-636
-242
-342
-742
-842
-942
-766
-866
-966
695
-693
-694
-697
-698
-699
-475
-495
-675
-685
-635
-195
-795
-895
-995
729
-723
-724
-725
-726
-727
-728
-719
-739
-819
-829
-839
-919
-929
-939
-749
-759
-769
-779
-789
-799
-229
-329
-429
-529
731
-732
-733
-735
-736
-738
-711
-811
-831
-911
-931
-741
-751
-761
-771
-791
111
-116
-118
-119
-131
-151
-161
743
-744
-746
-748
-753
-763
-843
-853
-863
-943
-953
-963
-773
-783
-793
-243
-343
775
-772
-776
-777
-778
-785
-875
-885
-975
-985
-755
-175
185
-183
-188
-189
855
-851
-852
-854
-857
-858
-859
-955
-825
-835
872
-871
-873
-876
-877
-878
-879
-782
-792
-882
-892
-972
-982
-992
-812
-832
-862
-272
-472
-572
899
-891
-893
-894
-896
-897
-898
-889
-979
-989
-999
-849
-869
-199
-299
-399
-499
-599
968
-961
-962
-964
-969
-758
-768
-848
-868
-948
-958
-918
-928
-938
-978
-988
-998
-168
-268
-468
984
-983
-987
-784
-794
-884
-994
-914
-924
-944
-954
-584
-684
-133
136
-138
-139
-316
-326
319
-318
-176
-196
396
-392
-393
-398
352
-353
-358
-359
-262
323
-328
-223
228
-248
-278
-288
-298
348
-349
-158
-519
-619
-823
-923
-428
-528
-828
-536
-836
-936
-448
-752
-952
762
-764
-712
976
-971
-973
-977
991
-993
-996
-997
883
-887
-888
-796
716
-714
-717
-718
-816
-826
-916
-926
754
-757
-844
-864
861
-841
846
-941
-951
-946
949
957
-959
-833
838
933
-932
-935
912
-917
925
-927
-818
-512
-516
526
-524
-425
435
-432
-438
-439
532
-538
-539
639
-638
492
-491
-494
-497
-498
-582
-592
594
-591
-593
-598
-514
518
-618
-554
-558
-578
-588
-659
-679
-689
444
-441
-449
-454
-464
-654
-424
427
614
-617
-477
-814
817
824
-827
241
-249
-261
-154
164
-163
-169
-461
469
-459
-559
-479
159
-153
263
-269
-179
-273
-283
-293
282
-287
-289
-292
297
-277
279
677
-673
-678
-687
-579
589
-583
-683
688
573
-571
471
-478
-451
458
551
-553
653
-658
-173
178
193
-198
787
-788
-797
798
