124
-121
-122
-123
-125
-126
-127
-128
-129
-114
-134
-214
-224
-234
-314
-324
-334
-144
-154
-164
-174
-184
-194
-424
-524
-624
-724
-824
-924
167
-161
-162
-163
-165
-166
-168
-169
-147
-157
-247
-257
-267
-347
-357
-367
-117
-137
-177
-187
-197
-467
-567
-667
-767
-867
-967
172
-171
-173
-175
-176
-178
-179
-182
-192
-272
-282
-292
-372
-382
-392
-112
-132
-142
-152
-472
-572
-672
-772
-872
-972
195
-191
-193
-196
-198
-199
-185
-275
-285
-295
-375
-385
-395
-115
-135
-145
-155
-495
-595
-695
-795
-895
-995
238
-231
-232
-233
-235
-236
-237
-239
-118
-138
-218
-228
-318
-328
-338
-248
-258
-268
-278
-288
-298
-438
-538
-638
-738
-838
-938
262
-261
-263
-264
-265
-266
-269
-242
-252
-342
-352
-362
-212
-222
-462
-562
-662
-762
-862
-962
293
-291
-294
-296
-297
-299
-183
-273
-283
-373
-383
-393
-213
-223
-243
-253
-493
-593
-693
-793
-893
-993
348
-341
-343
-344
-345
-346
-349
-148
-158
-358
-368
188
-181
-186
-189
-378
-388
-398
-448
-548
-648
-748
-848
-948
-488
-588
-688
-788
-888
-988
371
-374
-376
-377
-379
-271
-281
-381
-391
-311
-321
-331
-351
-361
-471
-571
-671
-771
-871
-971
397
-394
-396
-399
-277
-287
-387
-317
-327
-337
-497
-597
-697
-797
-897
-997
433
-431
-432
-434
-435
-436
-437
-439
-413
-423
-513
-523
-533
-613
-623
-633
-443
-453
-463
-473
-483
-133
-333
-733
-833
-933
446
-441
-442
-444
-445
-447
-449
-456
-466
-546
-556
-566
-646
-656
-666
-416
-426
-476
-486
-496
-146
-246
-746
-846
-946
482
-481
-484
-485
-487
-489
-492
-582
-592
-682
-692
-412
-422
-452
-782
-882
-982
526
-521
-522
-525
-527
-528
-529
-516
-536
-616
-626
-636
-576
-586
-596
-226
-326
-726
-826
-926
543
-541
-542
-544
-545
-547
-549
-553
-563
-643
-653
-663
-573
-583
-143
-743
-843
-943
568
-561
-564
-565
-569
-458
-468
-558
-658
-668
-518
-578
-598
-768
-868
-968
587
-581
-584
-585
-589
-477
-577
-677
-687
-517
-537
-557
-787
-887
-987
628
-621
-622
-625
-627
-629
-418
-428
-618
-678
-698
-728
-828
-928
669
-661
-664
-665
-459
-469
-559
-649
-659
-619
-639
-679
-689
-699
-369
-769
-869
-969
676
-673
-674
-675
683
-681
-684
-685
-686
-696
-276
-776
-876
-976
-783
-883
-983
711
-712
-713
-714
-715
-716
-717
-718
-719
-721
-731
-811
-821
-831
-911
-921
-931
-741
-751
-761
-781
-791
-111
-211
-411
-511
-611
736
-732
-734
-735
-737
-739
-816
-836
-916
-936
-756
-766
-786
-796
-136
-336
763
-764
-765
-753
-853
-863
-953
-963
-723
-773
-363
818
-812
-813
-814
-815
-817
-819
-918
-858
-878
-898
842
-841
-844
-845
-847
-849
-742
-752
-852
-942
-952
-822
-832
-892
-642
877
-873
-874
-875
-879
973
-974
-975
-977
-978
-979
-777
823
-825
-827
-829
-913
-923
-837
-857
-323
912
-914
-915
-917
-919
-722
-922
-932
792
-794
-798
-799
-992
-312
-512
-612
322
-325
-329
-332
935
-934
-937
-939
834
-835
-839
-725
-925
-854
-864
-884
-894
-945
-955
-965
-985
-534
-634
-335
339
-119
-139
131
-221
-219
-229
-319
-141
149
-159
-249
-259
-359
-151
-389
421
-425
-427
-429
-531
-631
-451
-461
-491
225
-227
-215
-315
217
-216
-245
-255
-417
457
-454
-455
-647
-657
-617
637
-632
-635
532
-535
-539
-552
652
-651
-654
-655
-749
-949
-757
-957
989
-981
-984
-986
-779
-789
-889
-899
-999
859
-851
-855
-856
-759
-959
729
-727
927
-929
747
-744
-745
-947
645
-641
-644
551
-554
-555
464
-465
-414
-474
-494
-591
691
-694
614
-615
-514
-251
241
-244
-941
944
-754
-954
-964
-994
-951
-364
881
-885
-886
-891
896
-991
-996
998
-778
758
-755
865
-861
-866
961
-966
956
-958
355
-353
-354
-356
153
-156
254
-256
-365
366
-113
116
313
-316
-274
279
-289
-284
286
384
-386
478
-475
-479
575
-574
-579
594
-599
-498
499
415
-419
-515
519
774
-775
-784
785
