144
-141
-142
-143
-145
-146
-147
-148
-149
-154
-164
-244
-254
-264
-344
-354
-364
-114
-124
-134
-174
-184
-194
-444
-544
-644
-744
-844
-944
152
-151
-153
-155
-156
-157
-158
-159
-162
-242
-252
-262
-342
-352
-362
-112
-122
-132
-172
-182
-192
-452
-552
-652
-752
-852
-952
188
-181
-183
-185
-186
-187
-189
-178
-198
-278
-288
-298
-378
-388
-398
-118
-128
-138
-168
-488
-588
-688
-788
-888
-988
229
-221
-222
-223
-224
-225
-226
-227
-228
-119
-129
-139
-219
-239
-319
-329
-339
-249
-259
-269
-279
-289
-299
-429
-529
-629
-729
-829
-929
231
-232
-233
-234
-235
-236
-237
-238
-111
-121
-131
-211
-311
-321
-331
-241
-251
-261
-271
-281
-291
-431
-531
-631
-731
-831
-931
445
-441
-442
-443
-446
-447
-448
-449
-455
-465
-545
-555
-565
-645
-655
-665
-415
-425
-435
-475
-485
-495
-245
-345
-745
-845
-945
471
-472
-473
-474
-476
-477
-478
-479
-481
-491
-571
-581
-591
-671
-681
-691
-411
-421
-451
-461
-171
-371
-771
-871
-971
493
-492
-494
-496
-497
-498
-499
-483
-573
-583
-593
-673
-683
-693
-413
-423
-433
-453
-463
-193
-293
-393
-793
-893
-993
518
-511
-512
-513
-514
-515
-516
-517
-519
-418
-428
-438
-528
-538
-618
-628
-638
-548
-558
-568
-578
-598
-218
-318
-718
-818
-918
547
-541
-542
-543
-546
-549
-457
-467
-557
-567
-647
-657
-667
-527
-537
-577
-587
-597
-247
-347
-747
-847
-947
679
-672
-674
-675
-676
-677
-678
698
-692
-694
-695
-696
-697
-699
-489
-579
-589
-599
-689
-648
-658
-668
-619
-639
-649
-659
-669
-179
-379
-779
-879
-979
-798
-898
-998
714
-711
-712
-713
-715
-716
-717
-719
-724
-734
-814
-824
-834
-914
-924
-934
-754
-764
-774
-784
-794
-214
-314
-414
-614
782
-781
-783
-785
-786
-787
-789
-772
-792
-872
-882
-892
-972
-982
-992
-722
-732
-742
-762
-282
-382
-482
-582
-682
823
-821
-822
-825
-826
-827
-828
-723
-733
-813
-833
-913
-923
-933
-843
-853
-863
-873
-883
-123
-323
-523
-623
861
-862
-864
-865
-866
-867
-868
-869
-741
-751
-761
-841
-851
-941
-951
-961
-811
-881
-891
-161
191
-195
-196
-197
-199
-381
-391
169
-163
-165
-166
-167
-349
-359
-369
-361
-561
-661
-469
-569
-769
-969
981
-983
-984
-985
-986
-987
-989
-791
-991
721
-725
-726
-727
-728
-911
-921
611
-612
-613
-615
-616
-617
-521
-621
551
-553
-554
-556
-559
-641
-651
459
-454
-456
-458
468
-462
-464
-466
-419
-439
539
-532
-533
-534
-535
-536
633
-632
-634
-635
-636
-637
563
-562
-564
-566
-643
-653
-663
-133
-333
-739
-839
-939
341
-343
-346
-348
-351
-759
-859
-959
-263
-363
-763
-963
-268
-368
-768
-968
946
-942
-943
-948
-949
-746
-756
-766
-846
-856
-956
-966
-916
-926
-936
-976
-996
-246
-646
642
-662
-622
-842
962
-964
-965
-967
-912
-922
-932
664
-666
-654
656
-624
-684
-626
-686
-256
-356
953
-954
-955
-957
-958
-743
-753
854
-855
-857
-858
773
-775
-776
-777
-778
-973
-874
-884
-894
243
-248
-253
-353
-213
-273
-283
258
-255
-257
-358
-758
-173
113
-115
-116
-117
-313
-373
383
-384
-385
-386
-387
-389
399
-392
-394
-395
-396
-397
889
-885
-886
-887
-799
-899
-999
749
-748
848
-849
738
-735
-736
-737
-838
-928
-938
796
-795
-797
-876
-896
-878
978
-974
-975
-977
994
-995
-997
-819
919
-915
-917
328
-322
-324
-325
-326
-327
334
-332
-335
-336
-337
-338
-374
-434
-294
-594
-296
-596
-125
126
-127
-136
-216
-316
-176
-426
-526
-135
137
-217
-317
175
-177
-275
-285
-295
-375
-437
-837
-937
935
-815
-835
-925
927
-817
417
-412
-416
436
-432
-427
-627
625
-525
422
-424
-522
524
484
-486
-487
-574
-584
687
-685
816
-812
832
-836
274
-272
-276
-277
-284
-575
-875
877
895
-897
-377
585
-586
-595
592
-572
576
372
-376
-292
297
286
-287
212
-215
-312
315
265
-266
-267
-355
357
-365
366
-367
755
-757
-765
767
