137
-131
-132
-133
-134
-135
-136
-138
-139
-117
-127
-217
-227
-237
-317
-327
-337
-147
-157
-167
-177
-187
-197
-437
-537
-637
-737
-837
-937
145
-141
-142
-143
-144
-146
-148
-149
-155
-165
-245
-255
-265
-345
-355
-365
-115
-125
-175
-185
-195
-445
-545
-645
-745
-845
-945
169
-161
-162
-163
-164
-166
-168
-159
-249
-259
-269
-349
-359
-369
-119
-129
-179
-189
-199
-469
-569
-669
-769
-869
-969
188
-181
-182
-183
-184
-186
-178
-198
-278
-288
-298
-378
-388
-398
-118
-128
-158
-488
-588
-688
-788
-888
-988
193
-191
-192
-194
-196
-173
-273
-283
-293
-373
-383
-393
-113
-123
-153
-493
-593
-693
-793
-893
-993
239
-231
-232
-233
-234
-235
-236
-238
-219
-229
-319
-329
-339
-279
-289
-299
-439
-539
-639
-739
-839
-939
296
-291
-292
-294
-295
-297
-176
-276
-286
-376
-386
-396
-216
-226
-246
-256
-266
-496
-596
-696
-796
-896
-996
324
-321
-322
-323
-325
-326
-328
-114
-124
-214
-224
-314
-334
-344
-354
-364
-374
-384
-394
-424
-524
-624
-724
-824
-924
427
-421
-422
-423
-425
-426
-428
-429
-417
-517
-527
-617
-627
-447
-457
-467
-477
-487
-497
-727
-827
-927
436
-431
-432
-433
-434
-435
-438
-416
-516
-526
-536
-616
-626
-636
-446
-456
-466
-476
-486
-336
-736
-836
-936
455
-451
-452
-453
-454
-458
-459
-465
-555
-565
-655
-665
-415
-475
-485
-495
-755
-855
-955
519
-511
-512
-513
-514
-515
-518
-419
-529
-619
-629
-549
-559
-579
-589
-599
-719
-819
-919
551
-552
-553
-554
-556
-557
-558
-441
-461
-541
-561
-641
-651
-661
-521
-531
-571
-581
-591
-151
-251
-351
-751
-851
-951
592
-594
-595
-597
-598
-472
-482
-492
-572
-582
-672
-682
-692
-522
-532
-542
-562
-392
-792
-892
-992
657
-652
-653
-654
-656
-658
-659
-547
-567
-647
-667
-677
-687
-697
-257
-357
-757
-857
-957
676
-671
-673
-674
-675
-678
-679
-576
-586
-686
-646
-666
-776
-876
-976
689
-681
-683
-684
-685
-479
-489
-499
-699
449
-442
-443
-444
-448
-649
-749
-849
-949
-389
-789
-889
-989
782
-781
-783
-784
-785
-786
-787
-772
-872
-882
-972
-982
-712
-722
-732
-742
-752
-762
-282
-382
815
-811
-812
-813
-814
-816
-817
-818
-715
-725
-735
-825
-835
-915
-925
-935
-865
-875
-885
-895
-215
-315
-615
878
-871
-873
-874
-877
-879
-778
-798
-898
-978
-998
-828
-838
-848
-858
-868
-478
-578
912
-911
-913
-914
-916
-917
-918
-822
-832
-922
-932
717
-711
-713
-714
-716
-718
-747
-767
-777
-797
-942
-952
-962
-112
-212
-312
-412
462
-463
-464
-468
-642
-662
-612
-262
-362
-862
929
-921
-923
-926
-928
-729
-829
-959
-979
-999
946
-941
-943
-944
-947
-948
-746
-756
-766
-846
-856
-866
-956
-966
726
-721
-723
-728
-826
886
-881
-883
-884
-887
-986
-126
-346
-546
566
-563
-564
-568
-366
968
-961
-963
-964
-965
-967
765
-761
-763
-764
-768
-748
-758
-958
-775
-795
738
-731
-733
-734
-938
-338
-538
-638
-268
-368
-668
971
-973
-974
-975
-977
-771
-791
-891
-981
-991
741
-743
-744
-841
-861
-931
-241
-341
-171
-271
-371
-471
-111
116
-316
121
-122
-211
-221
-311
-331
-156
356
-352
-353
-358
-621
-821
823
831
-833
-834
-933
934
-843
-853
-863
-954
953
-753
773
-774
-779
-983
-984
-994
-223
-523
-623
-631
-534
-634
-253
258
-252
-254
-248
-348
-218
213
-313
318
-333
-228
-243
-263
-413
-613
-418
498
-491
-494
-698
-618
-473
474
-484
-574
-584
-694
483
-481
691
-695
-573
-583
411
-414
-611
614
544
-543
-548
-644
-664
663
-643
648
533
-535
-633
528
-525
-628
343
-342
-347
-363
-244
-844
-174
172
-272
-372
-152
154
242
-247
-264
-222
225
332
-335
-275
-285
622
-625
-632
635
-842
847
852
-854
-859
-867
864
-754
759
794
-799
-894
899
-897
-274
277
284
-281
-287
-377
-387
-397
261
-267
-361
367
-577
575
-585
587
-375
379
-399
381
-385
-391
395
985
-987
-995
997
