121
-122
-123
-124
-125
-126
-127
-128
-129
-111
-131
-211
-221
-231
-311
-321
-331
-141
-151
-161
-171
-181
-191
-421
-521
-621
-721
-821
-921
133
-132
-134
-135
-136
-137
-138
-139
-113
-213
-223
-233
-313
-323
-333
-143
-153
-163
-173
-183
-193
-433
-533
-633
-733
-833
-933
146
-142
-144
-145
-147
-148
-149
-156
-166
-246
-256
-266
-346
-356
-366
-116
-176
-186
-196
-446
-546
-646
-746
-846
-946
255
-251
-252
-253
-254
-257
-258
-259
-155
-165
-245
-265
-345
-355
-365
-215
-225
-235
-275
-285
-295
-455
-555
-655
-755
-855
-955
278
-271
-272
-273
-274
-276
-277
-279
-178
-188
-198
-288
-298
-378
-388
-398
-218
-228
-238
-248
-268
-478
-578
-678
-778
-878
-978
412
-411
-413
-414
-415
-416
-417
-418
-419
-422
-432
-512
-522
-532
-612
-622
-632
-442
-452
-462
-472
-482
-492
-112
-212
-312
-712
-812
-912
454
-451
-453
-456
-457
-458
-459
-444
-464
-544
-554
-564
-644
-654
-664
-424
-434
-474
-484
-494
-154
-354
-754
-854
-954
574
-571
-572
-573
-575
-576
-577
-579
-584
-594
-674
-684
-694
-514
-524
-534
-174
-374
-774
-874
-974
587
-581
-582
-583
-585
-586
-588
-589
-477
-487
-497
-597
-677
-687
-697
-517
-527
-537
-547
-557
-567
-187
-287
-387
-787
-887
-987
683
-681
-682
-685
-686
-688
-689
-473
-483
-493
-593
-673
-693
-613
-623
-643
-653
-663
-283
-383
-783
-883
-983
718
-711
-713
-714
-715
-716
-717
-719
-728
-738
-818
-828
-838
-918
-928
-938
-748
-758
-768
-788
-798
-118
-318
-518
-618
775
-771
-772
-773
-776
-777
-779
-785
-795
-875
-885
-895
-975
-985
-995
-725
-735
-745
-765
-175
-375
-475
-675
792
-791
-793
-794
-796
-797
-799
-782
-872
-882
-892
-972
-982
-992
-722
-732
-742
-752
-762
-192
-292
-392
-592
-692
672
-671
-676
-679
-642
-652
-662
-172
-372
826
-822
-823
-824
-825
-827
-829
-726
-736
-816
-836
-916
-926
-936
-856
-866
-876
-886
-896
-226
-326
-426
-526
-626
847
-841
-842
-843
-844
-845
-848
-849
-747
-757
-767
-857
-867
-947
-957
-967
-817
-837
-877
-897
-247
-347
-447
-647
863
-861
-862
-864
-865
-868
-869
-743
-753
-763
-853
-943
-953
-963
723
-724
-727
-729
-813
-913
-923
737
-731
-734
-739
-917
-927
-937
-873
-893
513
-511
-515
-516
-519
-423
-523
-543
-553
-563
-237
-337
-437
-637
353
-351
-352
-357
-358
-359
-243
-263
-343
-363
293
-291
-294
-296
-297
-299
-373
-393
443
-441
-445
-448
-449
-463
973
-971
-976
-977
-979
-993
997
-991
-994
-996
-998
-999
-197
-397
941
-942
-944
-945
-948
-949
-741
-751
-761
-851
-951
-961
965
-962
-964
-966
-968
-969
781
-784
-786
-789
-871
879
-881
-891
-981
986
-984
-988
-989
-889
-899
-819
-839
-859
-911
-931
-915
-925
-935
-956
958
-952
-959
852
-858
-832
-241
-341
-541
-641
-152
-552
-158
168
-162
-164
-167
-169
-348
-368
182
-184
-185
-189
-282
-382
-558
-658
-465
-565
-665
-468
-568
-668
-179
177
-377
-117
-157
159
-249
-269
-349
-369
-119
-199
657
-651
-656
-659
-467
-667
427
-425
-428
-429
-617
-627
-227
-327
551
-556
-559
-461
-561
-661
-531
-591
756
-759
-766
-379
-479
-281
261
-262
-264
-267
-361
367
-362
-364
217
-214
-216
-219
-317
562
-566
-569
-542
764
-769
-744
749
-549
-649
-381
-481
-286
236
-232
-234
-239
-316
-336
616
-611
-614
-615
-619
-436
-536
-636
596
-595
-598
-599
-476
471
-491
-691
-486
-496
-696
-431
631
-634
-635
-638
-639
624
-625
-628
-629
466
-469
-666
669
-699
811
-814
-815
-831
835
-834
-224
-324
-924
-335
-435
-535
525
-528
-529
-545
548
645
-648
-538
539
438
-439
-488
-498
698
-695
-325
328
-322
-329
-338
-339
-939
-371
376
391
-394
-395
-396
-399
-386
888
-884
894
-898
-194
195
-385
114
-115
-314
-334
332
-222
229
315
-319
242
-244
-342
344
284
-289
-384
389
-914
919
934
-932
922
-929
485
-489
-495
499
