144
-141
-142
-143
-145
-146
-147
-148
-149
-154
-164
-244
-254
-264
-344
-354
-364
-114
-124
-134
-174
-184
-194
-444
-544
-644
-744
-844
-944
151
-152
-153
-155
-156
-157
-158
-159
-161
-241
-251
-261
-341
-351
-361
-111
-121
-131
-171
-181
-191
-451
-551
-651
-751
-851
-951
173
-172
-175
-176
-177
-178
-179
-183
-193
-273
-283
-293
-373
-383
-393
-113
-123
-133
-163
-473
-573
-673
-773
-873
-973
289
-281
-282
-284
-285
-286
-287
-288
-189
-199
-279
-299
-379
-389
-399
-219
-229
-239
-249
-259
-269
-489
-589
-689
-789
-889
-989
296
-291
-292
-294
-295
-297
-298
-186
-196
-276
-376
-386
-396
-216
-226
-236
-246
-256
-266
-496
-596
-696
-796
-896
-996
334
-331
-332
-333
-335
-336
-337
-338
-339
-214
-224
-234
-314
-324
274
-271
-272
-275
-277
-278
-374
-384
-394
-434
-534
-634
-734
-834
-934
-474
-574
-674
-774
-874
-974
349
-342
-343
-345
-346
-347
-348
-169
-359
-369
-319
-329
-449
-549
-649
-749
-849
-949
362
-363
-365
-366
-367
-368
-162
-242
-252
-262
-352
-312
-322
-372
-382
-392
-462
-562
-662
-762
-862
-962
395
-391
-397
-398
-185
-195
-375
-385
-315
-325
-355
-495
-595
-695
-795
-895
-995
414
-411
-412
-413
-415
-416
-417
-418
-419
-424
-514
-524
-614
-624
-454
-464
-484
-494
-714
-814
-914
469
-461
-463
-465
-466
-467
-468
-459
-559
-569
-659
-669
-429
-439
-479
-499
-769
-869
-969
491
-492
-493
-497
-498
-471
-481
-571
-581
-591
-671
-681
-691
-421
-431
-441
-791
-891
-991
516
-511
-512
-513
-515
-517
-518
-519
-426
-436
-526
-536
-616
-626
-636
-546
-556
-566
-576
-586
-116
-316
-716
-816
-916
541
-542
-543
-545
-547
-548
-561
-641
-661
-521
-531
-741
-841
-941
558
-552
-553
-554
-555
-557
-448
-458
-568
-648
-658
-668
-528
-538
-578
-588
-598
-258
-358
-758
-858
-958
564
-563
-565
-567
-654
-664
-584
-594
-764
-864
-964
593
-592
-597
-599
-483
-583
-683
-693
-523
-533
-793
-893
-993
619
-611
-612
-613
-615
-617
-618
-529
-539
-629
-639
579
-572
-575
-577
-679
-699
-119
-719
-819
-919
-779
-879
-979
643
-642
-645
-646
-647
-443
-453
-653
-663
-623
-633
-243
-743
-843
-943
698
-692
-694
-697
684
-682
-685
-686
-687
-688
-478
-488
-678
-628
-638
-784
-884
-984
-198
-798
-898
-998
717
-711
-712
-713
-715
-718
-727
-737
-817
-827
-837
-917
-927
-937
-747
-757
-767
-777
-787
-797
-117
-217
-317
745
-742
-746
-748
-755
-765
-845
-855
-865
-945
-955
-965
-725
-735
-775
-785
-245
-445
763
-761
-766
-768
-753
-853
-863
-953
-963
-723
-733
-783
-263
776
-771
-772
-778
-786
-876
-886
-976
-986
-726
-736
-756
-476
-676
486
-482
-485
-487
-446
-456
818
-811
-812
-813
-815
-728
-738
-828
-838
-918
-928
-938
788
-781
-782
-878
-888
-978
-988
-848
-868
-118
-218
-318
378
-371
-377
381
-387
-388
-188
-311
313
-213
-223
-233
-323
253
-255
-257
-353
-321
-328
-913
-881
-981
825
-821
-822
-823
-824
-826
-829
-835
-915
-925
-935
-875
-885
-125
-225
-425
-525
-625
936
-931
-932
-933
-939
-836
-926
-946
-956
-966
-136
846
-842
-847
-856
-866
959
-952
-954
-957
-759
-859
-929
-999
968
-961
-967
861
-867
-948
-831
-871
971
-972
-975
-977
985
-982
-983
-987
883
-882
-887
-833
923
-921
-922
-924
724
-721
-722
-729
731
-732
-739
-911
912
-832
839
-754
752
-852
-942
947
854
-857
-792
-794
799
-899
-894
994
-992
-997
211
-212
-215
-221
-231
-112
115
-135
-235
-165
265
-267
-268
621
-622
-627
-631
-423
433
-432
-435
-437
-438
428
-422
-427
-128
-228
129
-122
-126
-127
326
-327
-139
166
-167
-168
-356
357
-247
248
138
-132
-137
-238
442
-447
-452
-652
-472
656
-655
-657
-666
455
-457
-665
667
-475
477
-587
-677
-637
675
-672
582
-585
-522
527
-537
-532
535
632
-635
222
-227
-232
237
872
-877
-892
897
-182
187
192
-197
