138
-131
-132
-133
-134
-135
-136
-137
-139
-118
-128
-218
-228
-238
-318
-328
-338
-148
-158
-168
-178
-188
-198
-438
-538
-638
-738
-838
-938
147
-141
-142
-143
-144
-145
-146
-149
-157
-167
-247
-257
-267
-347
-357
-367
-117
-127
-177
-187
-197
-447
-547
-647
-747
-847
-947
261
-262
-263
-264
-265
-266
-268
-269
-151
-161
-241
-251
-341
-351
-361
-211
-221
-231
-271
-281
-291
-461
-561
-661
-761
-861
-961
278
-272
-273
-274
-275
-276
-277
-279
-288
-298
-378
-388
-398
-248
-258
-478
-578
-678
-778
-878
-978
311
-312
-313
-314
-315
-316
-317
-319
-111
-121
-321
-331
-371
-381
-391
-411
-511
-611
-711
-811
-911
343
-342
-344
-345
-346
-348
-349
-153
-163
-243
-253
-353
-363
-323
-333
-373
-383
-393
-443
-543
-643
-743
-843
-943
356
-352
-354
-355
-358
-359
-156
-166
-246
-256
-366
368
-362
-364
-365
-369
-326
-336
-376
-386
-396
-456
-556
-656
-756
-856
-956
-468
-568
-668
-768
-868
-968
372
-374
-375
-377
-379
-172
-182
-192
-282
-292
-382
-392
-322
-332
-472
-572
-672
-772
-872
-972
399
-394
-395
-397
-179
-189
-199
-289
-299
-389
-329
-339
-499
-599
-699
-799
-899
-999
414
-412
-413
-415
-416
-417
-418
-419
-424
-434
-514
-524
-534
-614
-624
-634
-444
-454
-464
-474
-484
-494
-114
-214
-714
-814
-914
488
-481
-482
-483
-485
-486
-487
-489
-498
-588
-598
-688
-698
-428
-448
-458
-788
-888
-988
519
-512
-513
-515
-516
-517
-518
-429
-439
-529
-539
-619
-629
-639
-549
-559
-569
-579
-589
-119
-219
-719
-819
-919
521
-522
-523
-525
-526
-527
-528
-421
-431
-531
-621
-631
-541
-551
-571
-581
-591
-721
-821
-921
545
-542
-544
-546
-548
-445
-455
-465
-555
-565
-645
-655
-665
-535
-575
-585
-595
558
-552
-553
-554
-557
-648
-658
-245
-745
-845
-945
-758
-858
-958
564
-562
-563
-566
-567
-644
-654
-664
-574
-584
-594
-164
-764
-864
-964
586
-582
-583
-587
-476
-496
-576
-596
-676
-686
-696
-536
-186
-286
-786
-886
-986
597
-592
-593
-477
-497
-577
573
-473
-493
-673
-683
-693
-677
-687
-697
532
-533
-537
-422
-432
-612
-622
-632
-232
-732
-832
-932
-173
-773
-873
-973
-297
-797
-897
-997
627
-623
-625
-626
-628
-427
-437
-617
-637
618
-613
-615
-616
-657
-667
-718
-818
-918
-227
-327
-727
-827
-927
692
-691
-694
-695
-492
-682
-642
-652
-662
-792
-892
-992
716
-712
-713
-715
-717
-726
-736
-816
-826
-836
-916
-926
-936
-746
-766
-776
-796
-116
-216
731
-733
-734
-735
-737
-739
-831
-931
-741
-751
-771
-781
-791
754
-752
-753
-755
-757
-759
-744
-844
-854
-944
-954
-724
-774
-784
-794
244
-242
-249
-154
-254
-224
-234
-284
-294
769
-762
-763
-765
-767
-749
-849
-859
-869
-949
-959
-969
-729
-779
-789
-169
-469
-669
793
-795
-798
-783
-883
-893
-983
-993
-723
-193
-293
833
-834
-835
-837
-839
-813
-823
-913
-923
-933
-853
-863
-233
-433
-633
423
-425
-426
-453
-463
-123
-223
841
-842
-846
-848
-851
-941
-951
-871
-881
-891
-441
-641
966
-962
-963
-965
-967
953
-952
-955
-957
-866
-946
-976
-996
-653
663
-666
-466
974
-971
-975
-977
-979
-874
-884
-894
-984
-994
824
-822
-825
-828
-829
-924
-934
898
-895
-896
876
-875
-877
-879
-998
889
-882
-885
-887
-989
-124
-324
325
334
-335
-337
-115
-125
-215
-225
-235
-384
-385
387
-287
-725
-925
-174
-674
684
-681
-685
-689
-176
777
-775
-787
-987
785
-782
982
-981
-985
991
-995
-912
-922
-942
948
-748
742
-852
-862
-722
728
812
-815
-817
-928
929
-939
-112
113
-213
-183
283
-285
-212
217
-237
915
-917
-935
937
-129
159
-152
-155
-259
-229
239
-236
-442
-459
-659
651
-451
-671
181
-184
-185
-171
175
-191
194
-195
-196
-295
296
-165
162
-252
255
-122
126
222
-226
452
-457
-462
467
-855
857
865
-867
471
-475
-479
-491
495
-675
679
-435
436
635
-636
-446
449
646
-649
