123
-121
-122
-124
-125
-126
-127
-128
-129
-113
-133
-213
-223
-233
-313
-323
-333
-143
-153
-163
-173
-183
-193
-423
-523
-623
-723
-823
-923
167
-161
-162
-164
-165
-166
-168
-169
-147
-157
-247
-257
-267
-347
-357
-367
-117
-137
-177
-187
-197
-467
-567
-667
-767
-867
-967
182
-181
-184
-185
-186
-188
-189
-172
-192
-272
-282
-292
-372
-382
-392
-112
-132
-142
-152
-482
-582
-682
-782
-882
-982
194
-191
-195
-196
-198
-199
-174
-274
-284
-294
-374
-384
-394
-114
-134
-144
-154
-494
-594
-694
-794
-894
-994
239
-231
-232
-234
-235
-236
-237
-238
-119
-139
-219
-229
-319
-329
-339
-249
-259
-269
-279
-289
-299
-439
-539
-639
-739
-839
-939
242
-241
-243
-244
-245
-246
-248
-252
-262
-342
-352
-362
-212
-222
-442
-542
-642
-742
-842
-942
283
-281
-285
-286
-287
-288
-273
-293
-373
-383
-393
-253
-263
-483
-583
-683
-783
-883
-983
346
-341
-343
-344
-345
-348
-349
-146
-156
-256
-266
-356
-366
-316
-326
-336
-376
-386
-396
-446
-546
-646
-746
-846
-946
371
-375
-377
-378
-379
-171
-271
-291
-381
-391
-311
-321
-331
-351
-361
-471
-571
-671
-771
-871
-971
431
-432
-433
-434
-435
-436
-437
-438
-411
-421
-511
-521
-531
-611
-621
-631
-441
-451
-461
-481
-491
-131
-731
-831
-931
453
-452
-454
-455
-456
-457
-458
-459
-443
-463
-543
-553
-563
-643
-653
-663
-413
-473
-493
-353
363
-364
-365
-368
-369
-753
-853
-953
-763
-863
-963
498
-492
-495
-496
-497
-499
-478
-488
-578
-588
-598
-678
-688
-698
-418
-428
-448
-468
-298
-398
-798
-898
-998
529
-522
-524
-525
-526
-527
-528
-419
-429
-519
-619
-629
-549
-559
-569
-579
-589
-599
-729
-829
-929
556
-551
-552
-554
-555
-557
-558
-466
-566
-656
-666
-516
-536
-576
-586
-596
-756
-856
-956
568
-561
-562
-564
-565
-548
-648
-658
-668
-518
-538
-268
-768
-868
-968
587
-581
-584
-585
-477
-487
-577
-597
-677
-687
-697
-517
-537
-547
-387
-787
-887
-987
615
-612
-613
-614
-616
-617
-618
-415
-425
-515
-535
-625
-635
-645
-655
-665
-675
-685
-695
-115
-215
-315
-715
-815
-915
733
-732
-734
-735
-736
-737
-738
-713
-813
-833
-913
-933
-743
-773
-793
513
-512
-514
-533
-633
-573
-593
777
-772
-774
-775
-776
-778
-779
-797
-877
-897
-977
-997
-717
-727
-747
-757
-277
818
-811
-812
-814
-816
-817
-819
-718
-728
-828
-838
-918
-928
-938
-848
-858
-878
-888
-118
-218
-318
851
-852
-854
-855
-857
-859
-741
-751
-761
-841
-861
-941
-951
-961
-821
-881
-891
-151
-251
-651
925
-921
-922
-924
-926
-927
-725
-825
-835
-935
-945
-955
-965
-975
-985
-995
-225
-325
954
-952
-957
-958
-959
-744
-754
-764
-844
-864
-944
-964
-914
-934
-974
-984
-254
-354
264
-261
-265
141
-145
-148
-149
-111
116
-136
-216
-226
-176
-214
-224
-416
-716
-916
-541
591
-592
-595
-681
-691
-641
661
-662
-664
-669
-654
657
-652
-659
462
-464
-465
-469
-447
-647
-412
-422
-472
-627
-637
752
-755
-758
-759
-762
-862
-962
-712
-722
-792
-791
-991
976
-972
-973
-978
-979
-786
-796
-876
-886
-896
-986
-996
-936
-966
969
-749
-769
-849
-869
-949
-919
719
-711
-714
-789
-799
795
-785
-875
-885
-895
-745
748
-948
-765
766
-866
865
-845
-726
-788
988
-981
-989
781
-784
-721
724
911
-912
-917
-824
-834
-999
-211
217
221
-227
-228
-317
-327
-337
-297
397
-395
-399
312
-314
-322
-332
414
-417
-424
-534
532
-622
-632
-624
-634
427
-426
-444
-474
-484
-572
822
-826
-827
-832
-932
937
836
-837
-872
-892
992
-993
847
-843
943
-947
-324
328
334
-335
-338
135
-138
-155
-175
-358
-388
626
-628
-636
638
-676
-686
-696
672
-673
-674
-679
-692
693
-699
873
-874
-879
-893
899
884
-889
574
-575
-684
689
-479
-489
449
-445
545
-544
644
-649
-276
296
-295
-476
475
-485
486
-275
278
385
-389
-178
179
158
-159
-258
255
-355
359
