137
-131
-132
-133
-134
-135
-136
-138
-139
-117
-127
-217
-227
-237
-317
-327
-337
-147
-157
-167
-177
-187
-197
-437
-537
-637
-737
-837
-937
146
-141
-142
-143
-144
-145
-148
-149
-156
-166
-246
-256
-266
-346
-356
-366
-116
-126
-176
-186
-196
-446
-546
-646
-746
-846
-946
226
-221
-222
-223
-224
-225
-228
-229
-216
-236
-316
-326
-336
-276
-286
-296
-426
-526
-626
-726
-826
-926
255
-251
-252
-253
-254
-257
-258
-259
-155
-165
-245
-265
-345
-355
-365
-215
-235
-275
-285
-295
-455
-555
-655
-755
-855
-955
279
-271
-272
-273
-274
-277
-278
-179
-189
-199
-289
-299
-379
-389
-399
-219
-239
-249
-269
-479
-579
-679
-779
-879
-979
352
-351
-353
-354
-357
-358
-359
-152
-162
-242
-262
-342
-362
-312
-322
-332
-372
-382
-392
-452
-552
-652
-752
-852
-952
378
-371
-373
-374
-375
-376
-377
-178
-188
-198
-288
-298
-388
-398
-318
-328
-338
-348
-368
-478
-578
-678
-778
-878
-978
418
-411
-412
-413
-414
-415
-416
-417
-419
-428
-438
-518
-528
-538
-618
-628
-638
-448
-458
-468
-488
-498
-118
-218
-718
-818
-918
449
-441
-442
-443
-444
-445
-447
-459
-469
-549
-559
-569
-649
-659
-669
-429
-439
-489
-499
-349
-749
-849
-949
456
-451
-453
-454
-457
-466
-556
-566
-656
-666
-436
-476
-486
-496
-756
-856
-956
475
-471
-472
-473
-474
-477
-485
-495
-575
-585
-595
-675
-685
-695
-425
-435
-465
-175
-775
-875
-975
482
-481
-483
-484
-487
-492
-572
-582
-592
-672
-682
-692
-422
-432
-462
-182
-282
-782
-882
-982
527
-521
-522
-523
-524
-525
-529
-427
-517
-617
-627
-547
-557
-567
-577
-587
-597
-727
-827
-927
542
-541
-543
-544
-545
-548
-562
-642
-662
-512
-532
-742
-842
-942
565
-561
-563
-564
-568
-645
-665
-515
-535
-765
-865
-965
584
-581
-583
-586
-588
-589
-494
-574
-594
-674
-684
-694
-514
-534
-554
-184
-284
-384
-784
-884
-984
622
-621
-623
-624
-625
-629
-612
-632
-122
-722
-822
-922
631
-633
-634
-635
-636
-639
-421
-431
-511
-531
-611
615
-613
-614
-616
-619
-641
-651
-661
-671
-681
-691
-115
-315
-715
-815
-915
-231
-331
-731
-831
-931
657
-653
-654
-658
-467
-647
-667
497
-491
-493
-677
-687
-697
461
-463
-464
-551
-757
-857
-957
-161
-261
-361
-761
-861
-961
-297
-397
-797
-897
-997
664
-663
-668
-644
-164
-264
-364
-764
-864
-964
693
-696
-698
-699
-573
-593
-673
676
-683
-576
571
-591
-596
-686
-643
648
553
-558
-513
-533
598
-599
-688
689
-248
-748
-848
-948
-153
-753
-853
-953
-171
-771
-871
-971
-776
-876
-976
-789
-889
-989
-193
-293
-393
-793
-893
-993
-798
-898
-998
736
-732
-733
-734
-735
-738
-739
-716
-816
-836
-916
-936
-766
-786
-796
516
-519
-536
539
-339
-839
-939
754
-751
-758
-759
-744
-844
-854
-944
-954
-714
-724
-774
-794
-154
832
-833
-834
-835
-838
-712
-812
-912
-932
-862
-872
-892
-232
859
-851
-858
-769
-869
-959
-969
-819
-829
-899
-159
881
-883
-885
-886
-887
-888
-781
-791
-891
-981
-991
-811
-821
-841
-181
-281
-381
963
-962
-966
-967
-968
762
-763
-767
-768
-743
-843
-863
-943
866
-867
-868
958
-951
-772
-792
-896
828
-823
-824
-825
-728
-928
-938
788
-783
-785
-787
-988
-913
-923
-933
-973
-983
-128
238
-233
-234
-268
151
-158
-241
-341
168
-163
-169
369
-363
-367
-111
-121
-191
-319
-329
-263
267
-247
-347
-287
283
-173
-183
185
-383
-195
-385
-395
387
-386
396
-391
-394
291
-292
-294
-125
-211
212
-213
-214
-112
-243
244
343
-344
-313
-323
-333
433
-434
-423
424
-124
-324
-924
-985
986
-987
-996
974
-972
-977
992
-994
-995
-999
-874
-894
895
-795
799
-719
-729
814
-813
-817
-914
-934
935
-725
-925
745
-741
-747
941
-945
-947
-845
847
873
-877
-773
777
-717
917
-911
-919
929
-921
-114
-314
311
-321
325
334
-335
-711
713
721
-723
-113
119
123
-129
172
-174
-192
194
