138
-131
-132
-133
-134
-135
-136
-137
-139
-118
-128
-218
-228
-238
-318
-328
-338
-148
-158
-168
-178
-188
-198
-438
-538
-638
-738
-838
-938
147
-141
-142
-143
-144
-145
-146
-149
-157
-167
-247
-257
-267
-347
-357
-367
-117
-127
-177
-187
-197
-447
-547
-647
-747
-847
-947
227
-221
-222
-223
-224
-225
-226
-229
-217
-237
-317
-327
-337
-277
-287
-297
-427
-527
-627
-727
-827
-927
262
-261
-263
-264
-265
-266
-268
-269
-152
-162
-242
-252
-342
-352
-362
-212
-232
-272
-282
-292
-462
-562
-662
-762
-862
-962
275
-271
-273
-274
-276
-278
-279
-175
-185
-195
-285
-295
-375
-385
-395
-215
-235
-245
-255
-475
-575
-675
-775
-875
-975
322
-321
-323
-324
-325
-326
-329
-112
-122
-312
-332
-372
-382
-392
-422
-522
-622
-722
-822
-922
373
-371
-374
-376
-377
-378
-379
-173
-183
-193
-283
-293
-383
-393
-313
-333
-343
-353
-363
-473
-573
-673
-773
-873
-973
394
-391
-396
-397
-398
-399
-174
-184
-194
-284
-294
-384
387
-381
-386
-388
-389
-314
-334
-344
-354
-364
-487
-587
-687
-787
-887
-987
-494
-594
-694
-794
-894
-994
418
-411
-412
-413
-414
-415
-416
-417
-419
-428
-518
-528
-618
-628
-448
-458
-468
-478
-488
-498
-718
-818
-918
443
-441
-442
-444
-445
-446
-449
-453
-463
-543
-553
-563
-643
-653
-663
-423
-433
-483
-493
-243
-743
-843
-943
461
-464
-465
-466
-467
-469
-451
-541
-551
-561
-641
-651
-661
-421
-431
-471
-481
-491
-161
-361
-761
-861
-961
476
-472
-474
-477
-479
-486
-496
-576
-586
-596
-676
-686
-696
-426
-436
-456
-176
-776
-876
-976
485
-482
-484
-489
-495
-585
-595
-685
-695
-425
-435
-455
-785
-885
-985
525
-521
-523
-524
-526
-529
-515
-535
-615
-625
-635
-545
-555
-565
-125
-725
-825
-925
548
-542
-544
-546
-549
-558
-568
-648
-658
-668
-578
-588
-598
-248
-348
-748
-848
-948
557
-552
-554
-556
-559
-457
-567
-657
-667
-517
-537
-577
-597
-757
-857
-957
569
-564
-566
-459
-649
-659
-669
-519
-539
-579
-589
-599
-169
-369
-769
-869
-969
583
-581
-582
-584
-593
-683
-693
-513
-533
-783
-883
-983
621
-623
-624
-626
-629
-511
-531
-611
-631
-671
-681
-691
-121
-721
-821
-921
633
-632
-634
-636
-637
-639
-613
-233
-733
-833
-933
645
-642
-644
-646
-655
-665
-345
-745
-845
-945
666
-664
-656
-616
-166
-366
-766
-866
-966
697
-692
-698
-699
-497
-677
437
-432
-434
-439
-617
-737
-837
-937
-797
-897
-997
719
-711
-712
-713
-714
-715
-716
-717
-729
-739
-819
-829
-839
-919
-929
-939
-749
-759
-779
-789
-799
-119
-219
-319
-619
429
-424
454
-452
652
-654
492
-499
-572
-592
591
-571
574
-672
-682
-674
-684
-514
-534
614
-612
-114
-214
-814
-914
-129
-752
-852
-952
-154
-254
-754
-854
-954
-774
-874
-974
-191
-291
-791
-891
-991
-192
-792
-892
-992
735
-731
-732
-734
-736
-815
-835
-915
-935
-755
-765
-795
-335
781
-782
-784
-786
-788
-771
-871
-881
-971
-981
-741
-751
171
-172
-179
-181
-281
182
-186
-189
-111
-151
-882
-982
836
-831
-832
-834
-726
-816
-826
-916
-926
-936
-846
-856
-886
-896
126
-123
-124
234
-231
-236
-239
-116
-216
-316
-336
339
-331
164
-163
-165
-244
-156
-196
199
-289
-299
-159
-349
-359
516
-512
532
-536
931
-932
-934
-811
-911
-941
-951
-764
-864
-964
-899
-999
849
-841
-842
-844
851
-853
-855
-858
-859
-949
-959
-879
-889
-249
259
-251
-253
-256
-258
153
-155
-113
115
213
-211
311
-315
241
-246
-341
346
-351
-356
-813
-913
-746
-946
-753
-953
888
-884
984
-986
-988
-989
-778
-798
-878
-898
-978
-998
979
-972
-977
824
-823
-828
-724
-924
744
-742
942
-944
772
-777
-872
877
767
-763
-768
-867
-967
812
-817
-912
917
-868
678
-679
-688
689
286
-288
-296
298
963
-965
-968
-863
865
-955
893
-895
-793
796
-993
995
-996
723
-728
-923
928
-756
758
956
-958
355
-358
-365
368
