131
-132
-133
-134
-135
-136
-137
-138
-139
-111
-121
-211
-221
-231
-311
-321
-331
-141
-151
-161
-171
-181
-191
-431
-531
-631
-731
-831
-931
158
-152
-153
-154
-155
-156
-157
-159
-148
-168
-248
-258
-268
-348
-358
-368
-118
-128
-178
-188
-198
-458
-558
-658
-758
-858
-958
176
-172
-173
-174
-175
-177
-179
-186
-196
-276
-286
-296
-376
-386
-396
-116
-126
-146
-166
-476
-576
-676
-776
-876
-976
194
-192
-193
-195
-197
-199
-184
-274
-284
-294
-374
-384
-394
-114
-124
-144
-164
-494
-594
-694
-794
-894
-994
223
-222
-224
-225
-226
-227
-228
-229
-113
-123
-213
-233
-313
-323
-333
-243
-253
-263
-273
-283
-293
-423
-523
-623
-723
-823
-923
237
-232
-234
-235
-236
-238
-239
-117
-127
-217
-317
-327
-337
-247
-257
-267
-277
-287
-297
-437
-537
-637
-737
-837
-937
246
-241
-242
-244
-245
-249
-256
-266
-346
-356
-366
-216
-446
-546
-646
-746
-846
-946
315
-312
-314
-316
-318
-319
-115
-125
-215
-325
-335
-345
-355
-365
-375
-385
-395
-415
-515
-615
-715
-815
-915
465
-461
-462
-463
-464
-466
-467
-468
-469
-445
-455
-545
-555
-565
-645
-655
-665
-425
-435
-475
-485
-495
-165
-265
-765
-865
-965
536
-532
-533
-534
-535
-538
-539
-416
-426
-436
-516
-526
-616
-626
-636
-556
-566
-586
-596
-336
326
-322
-324
-328
-329
-726
-826
-926
-736
-836
-936
551
-552
-553
-554
-557
-559
-441
-451
-541
-561
-641
-651
-661
-511
-521
-571
-581
-591
-251
-351
-751
-851
-951
578
-572
-573
-574
-575
-577
-579
-478
-488
-498
-588
-598
-678
-688
-698
-518
-528
-548
-568
-278
-378
-778
-878
-978
644
-642
-643
-647
-648
-649
-444
-454
-544
-564
-654
-664
-614
-624
-634
-674
-684
-344
-744
-844
-944
793
-791
-792
-795
-796
-797
-798
-799
-773
-783
-873
-883
-893
-973
-983
-993
-713
-733
-743
-753
-763
-393
-493
-593
-693
867
-861
-862
-863
-864
-866
-868
-869
-747
-757
-767
-847
-857
-947
-957
-967
-817
-827
-877
-887
-897
-167
-367
-567
-667
875
-871
-872
-874
-879
-775
-785
-885
-895
-975
-985
-995
-825
-835
-845
-855
-275
-675
882
-881
-884
-886
-888
-889
-772
-782
-892
-972
-982
-992
-812
-822
-832
-842
-852
-182
-282
-382
-482
-582
-682
918
-911
-912
-913
-914
-916
-917
-919
-718
-728
-738
-818
-828
-838
-928
-938
-948
-968
-988
-998
-218
338
-332
-334
-339
214
-212
-219
-254
-264
-388
-398
-414
-514
-714
-814
-418
-618
-438
-638
932
-933
-934
-935
-939
-712
-722
-732
-922
-942
-952
-962
-432
-632
959
-953
-954
-955
-956
-749
-759
-769
-849
-859
-949
-969
-929
-979
-989
-999
-259
-359
-459
-659
977
-971
-974
-777
-787
-987
-997
-927
-377
-477
-677
-112
119
122
-129
-142
-162
-149
-169
163
-143
-343
-353
-363
-183
-189
-419
-519
-619
-719
-819
-422
-522
-622
-563
-663
-963
943
-941
-945
-843
-853
925
-921
-924
-725
-735
-525
-625
635
-633
-639
-685
-695
-443
-543
145
-147
-255
252
-262
-342
-352
-362
-185
187
-387
-397
-272
-292
-745
755
-752
-754
-756
-452
-652
-487
-587
-687
-261
269
-349
-369
-279
271
-281
-291
-371
-381
-391
-289
-299
-569
562
-442
-542
-662
-512
-592
742
-741
-748
-762
-669
-471
-671
-771
285
-288
-295
298
-585
595
-597
-599
788
-781
-784
-786
-789
-898
-768
848
-841
341
-347
-361
364
-354
357
-448
668
-666
428
-421
-424
-427
-429
-628
854
-856
-764
-964
-824
-834
984
-981
-986
-774
779
-899
-729
-739
734
-724
524
-527
-529
-434
-584
-457
-657
474
-472
-473
-479
-484
-379
-679
-372
373
392
-399
-383
389
672
-673
-492
-692
412
-411
-413
-417
-612
-489
-589
583
-483
-683
-513
517
-617
-627
-547
549
447
-449
-497
697
-691
-696
-699
-717
727
-721
-689
499
-491
-496
481
-486
-681
686
456
-453
653
-656
433
-439
-613
611
-621
629
-711
716
-816
761
-766
-961
966
896
-891
991
-996
-811
813
821
-829
-833
839
