136
-131
-132
-133
-134
-135
-137
-138
-139
-116
-126
-216
-226
-236
-316
-326
-336
-146
-156
-166
-176
-186
-196
-436
-536
-636
-736
-836
-936
184
-181
-182
-183
-185
-187
-188
-189
-174
-194
-274
-284
-294
-374
-384
-394
-114
-124
-144
-154
-164
-484
-584
-684
-784
-884
-984
195
-191
-192
-193
-197
-198
-199
-175
-275
-285
-295
-375
-385
-395
-115
-125
-145
-155
-165
-495
-595
-695
-795
-895
-995
233
-231
-232
-234
-235
-237
-238
-239
-113
-123
-213
-223
-313
-323
-333
-243
-253
-263
-273
-283
-293
-433
-533
-633
-733
-833
-933
246
-241
-242
-244
-245
-247
-248
-249
-256
-266
-346
-356
-366
-276
-286
-296
-446
-546
-646
-746
-846
-946
262
-261
-264
-265
-267
-268
-269
-142
-152
-162
-252
-342
-352
-362
-212
-222
-272
-282
-292
-462
-562
-662
-762
-862
-962
314
-311
-312
-315
-317
-318
-319
-214
-224
-324
-334
254
-251
-255
-257
-258
-259
-344
-354
-364
-414
-514
-614
-714
-814
-914
-454
-554
-654
-754
-854
-954
358
-351
-353
-355
-357
-359
-148
-158
-168
-348
-368
-328
-338
-378
-388
-398
-458
-558
-658
-758
-858
-958
387
-381
-382
-383
-386
-389
-177
-277
-287
-297
-377
-397
-327
-337
-347
-367
-487
-587
-687
-787
-887
-987
475
-471
-472
-473
-474
-476
-477
-478
-479
-485
-575
-585
-675
-685
-415
-425
-435
-445
-455
-465
-775
-875
-975
481
-482
-483
-486
-488
-489
-491
-571
-581
-591
-671
-681
-691
-411
-421
-431
-441
-451
-461
-281
-781
-881
-981
493
-492
-494
-496
-497
-498
-499
-573
-583
-593
-673
-683
-693
-413
-423
-443
-453
-463
-393
-793
-893
-993
525
-521
-522
-523
-524
-526
-527
-528
-529
-515
-535
-615
-625
-635
-545
-555
-565
-225
215
-211
-217
-218
-219
-325
-335
227
-221
-228
-229
-117
-127
-715
-815
-915
-725
-825
-925
-427
-627
-727
-827
-927
557
-551
-552
-553
-556
-559
-447
-457
-467
-547
-567
-647
-657
-667
-517
-537
-577
-597
-157
-757
-857
-957
586
-582
-588
-589
-576
-596
-676
-686
-696
-516
-566
-786
-886
-986
599
-592
-594
-598
-579
-679
-689
-699
-519
-539
-549
-569
-299
-399
-799
-899
-999
618
-611
-612
-613
-616
-617
-619
-418
-428
-438
-518
-538
-628
-638
-648
-668
-678
-688
682
-572
-672
-692
-622
-632
-642
-652
-698
578
-574
-548
-568
-118
128
-121
-122
-129
-178
-718
-818
-918
-728
-828
-928
-278
-778
-878
-978
-782
-882
-982
623
-621
-624
-626
-629
-513
-643
-653
-663
-723
-823
-923
639
-631
-634
-637
-419
-429
-439
-649
-659
-669
-339
-739
-839
-939
722
-721
-724
-726
-729
-712
-732
-812
-822
-832
-912
-922
-932
-742
-752
-772
-792
-322
-422
756
-751
-753
-755
-759
-766
-856
-866
-956
-966
-716
-776
-796
-456
-656
666
-661
-664
-665
-466
798
-791
-794
-797
-788
-888
-898
-988
-998
-738
-748
-768
288
-289
-298
291
-171
-271
279
-371
-391
-179
-379
-779
-879
-979
-891
-991
843
-841
-842
-844
-845
-847
-848
-849
-743
-763
-853
-863
-943
-953
-963
-813
-873
-883
-143
-343
-543
563
-561
-564
153
-151
-159
-163
-363
-173
172
-372
-392
396
373
-376
-112
332
-331
-432
-532
-872
-972
-773
-973
-896
-996
865
-861
-864
-867
-868
-869
-745
-765
-855
-945
-955
-965
-835
-885
889
-789
-989
838
-831
-834
-837
-938
-819
-829
-859
655
-651
-645
641
-644
-541
-141
-341
-741
-941
345
-349
-365
874
-871
-876
-877
-774
-894
-974
-994
976
-971
-977
771
-777
-711
-731
-761
-824
-916
-926
-674
677
694
-697
913
-911
-917
-919
-713
783
-785
-983
985
735
-734
-737
-935
924
-921
-929
-934
719
-717
-749
-769
-944
-964
-119
111
-321
329
-161
361
-369
-511
512
531
-534
-412
-542
544
-444
-464
-811
821
-826
-931
937
816
-817
-851
852
-942
-952
-892
897
992
-997
-947
-967
-416
417
426
-424
434
-437
442
-448
-449
-452
459
468
-469
-744
747
764
-767
-147
149
167
-169
948
-949
-968
951
-959
-961
969
