176
-171
-172
-173
-174
-175
-177
-178
-179
-186
-196
-276
-286
-296
-376
-386
-396
-116
-126
-136
-146
-156
-166
-476
-576
-676
-776
-876
-976
192
-191
-193
-194
-195
-197
-198
-199
-182
-272
-282
-292
-372
-382
-392
-112
-122
-132
-142
-152
-162
-492
-592
-692
-792
-892
-992
232
-231
-233
-234
-235
-236
-237
-238
-239
-212
-222
-312
-322
-332
-242
-252
-262
-432
-532
-632
-732
-832
-932
248
-241
-243
-244
-245
-246
-247
-249
-148
-158
-168
-258
-268
-348
-358
-368
-218
-228
-278
-288
-298
-448
-548
-648
-748
-848
-948
281
-283
-284
-285
-287
-289
-181
-271
-291
-371
-381
-391
-211
-221
-251
-261
-481
-581
-681
-781
-881
-981
319
-311
-313
-314
-315
-316
-317
-318
-119
-129
-139
-219
-229
-329
-339
-349
-359
-369
-379
-389
-399
-419
-519
-619
-719
-819
-919
342
-341
-343
-344
-345
-346
-347
-352
-362
-442
-542
-642
-742
-842
-942
357
-351
-353
-354
-355
-356
-147
-157
-167
-257
-267
-367
-327
-337
-377
-387
-397
-457
-557
-657
-757
-857
-957
388
-383
-384
-385
-188
-378
-398
-328
-338
-488
-588
-688
-788
-888
-988
412
-411
-413
-414
-415
-416
-417
-418
-422
-512
-522
-612
-622
-452
-462
-472
-482
-712
-812
-912
451
-453
-454
-455
-456
-458
-459
-441
-461
-541
-551
-561
-641
-651
-661
-421
-431
-471
-491
-151
-751
-851
-951
468
-463
-464
-465
-466
-467
-469
-558
-568
-658
-668
-428
-438
-478
-498
-768
-868
-968
473
-474
-475
-477
-479
-483
-493
-573
-583
-593
-673
-683
-693
-423
-433
-443
-273
-373
-773
-873
-973
496
-494
-495
-497
-499
-486
-586
-596
-686
-696
-426
-436
-446
-796
-896
-996
529
-521
-523
-524
-525
-526
-527
-528
-429
-439
-539
-629
-639
-549
-559
-569
-579
-589
-599
-729
-829
-929
585
-582
-584
-587
-485
-575
-595
-675
-685
-695
-515
-535
-545
-555
-565
-185
-785
-885
-985
611
-613
-614
-615
-616
-617
-618
-511
-531
-621
-631
-671
-691
-111
-711
-811
-911
636
-633
-634
-635
-637
-638
-516
-536
-626
-646
-656
-666
-336
-736
-836
-936
645
-643
-644
-647
-649
-445
-655
-665
-625
-145
-745
-845
-945
659
-652
-653
-654
-449
-669
489
-484
-487
-679
-689
-699
-159
-259
-759
-859
-959
-189
-789
-889
-989
698
-694
-697
-578
-598
-678
-628
-798
-898
-998
727
-721
-722
-723
-724
-725
-726
-728
-717
-737
-817
-827
-837
-917
-927
-937
-747
-767
-777
-787
-797
-127
-227
-427
-627
752
-753
-754
-755
-756
-758
-762
-852
-862
-952
-962
-772
-782
-552
761
-763
-764
-765
-766
-769
-741
-841
-861
-941
-961
-731
-771
-791
141
-143
-144
-149
-161
-361
-121
-131
169
-163
-164
-165
-269
-869
-969
793
-794
-795
-799
-783
-883
-893
-983
-993
-713
-733
-743
183
-184
-187
-293
-393
-113
-123
-133
-153
822
-821
-823
-824
-825
-826
-828
-922
-872
-882
865
-863
-864
-866
-867
-855
-955
-965
-815
-835
-875
-895
-265
-365
874
-871
-877
-878
-879
-774
-784
786
-884
-894
-974
-984
-994
-886
887
-986
-897
-977
-987
982
-972
-997
-716
-746
-814
-834
-844
-854
-847
-274
-374
375
-275
-295
-395
394
-294
-324
-334
-364
-325
-335
-574
-674
-775
-975
995
-991
-999
-915
-925
-935
-682
684
-687
-594
-624
623
-513
-533
-663
-664
-223
-323
-923
918
-913
-914
-916
-718
-738
-818
-838
-928
-938
778
-779
-978
858
-853
-856
-958
-118
-518
538
-534
-537
128
-124
-125
-138
931
-933
-934
-939
-831
-921
891
-899
-971
979
-949
321
-326
-331
333
-213
-363
366
-256
-266
813
-816
-833
839
926
-924
-739
749
-744
-849
-843
846
-946
-956
-966
216
-214
-215
-217
-226
-546
556
-553
-554
-566
571
-572
-577
-591
597
672
-677
562
-563
-564
-567
-662
667
543
-544
-547
444
-447
-424
425
-435
-434
437
514
-517
-114
-714
715
734
-735
-115
117
-137
224
-225
-134
135
154
-155
-254
-264
263
-253
255
-943
-944
947
-967
953
-954
-963
964
277
-279
-297
299
