145
-141
-142
-143
-144
-146
-147
-148
-149
-155
-165
-245
-255
-265
-345
-355
-365
-115
-125
-135
-175
-185
-195
-445
-545
-645
-745
-845
-945
158
-151
-152
-153
-154
-156
-157
-159
-168
-248
-258
-268
-348
-358
-368
-118
-128
-138
-178
-188
-198
-458
-558
-658
-758
-858
-958
174
-171
-172
-173
-176
-177
-179
-184
-194
-274
-284
-294
-374
-384
-394
-114
-124
-134
-164
-474
-574
-674
-774
-874
-974
212
-211
-213
-214
-215
-216
-217
-218
-219
-112
-122
-132
-222
-232
-312
-322
-332
-242
-252
-262
-272
-282
-292
-412
-512
-612
-712
-812
-912
239
-231
-233
-234
-235
-236
-237
-238
-119
-129
-139
-229
-319
-329
-339
-249
-259
-269
-279
-289
-299
-439
-539
-639
-739
-839
-939
317
-311
-313
-314
-315
-316
-318
-117
-127
-137
-227
-327
-337
-347
-357
-367
-377
-387
-397
-417
-517
-617
-717
-817
-917
452
-451
-453
-454
-455
-456
-457
-459
-442
-462
-542
-552
-562
-642
-652
-662
-422
-432
-472
-482
-492
-352
-752
-852
-952
469
-461
-463
-464
-465
-466
-467
-468
-449
-549
-559
-569
-649
-659
-669
-419
-429
-479
-489
-499
-169
-369
-769
-869
-969
487
-481
-483
-484
-485
-486
-488
-477
-497
-577
-587
-597
-677
-687
-697
-427
-437
-447
-187
-287
-787
-887
-987
521
-522
-523
-524
-525
-526
-527
-528
-529
-411
-421
-431
-511
-531
-611
-621
-631
-541
-551
-561
-571
-581
-591
-121
-221
-321
-721
-821
-921
573
-572
-575
-576
-578
-579
-473
-493
-583
-593
-673
-683
-693
-513
-533
-543
-553
-563
-273
-373
-773
-873
-973
723
-722
-724
-725
-726
-727
-728
-729
-713
-733
-813
-823
-833
-913
-923
-933
-743
-753
-763
-783
-793
-123
126
-116
-136
-226
-326
-336
-166
-186
-196
-223
-323
-423
-623
-426
-626
-826
-926
744
-741
-742
-746
-747
-748
-749
-754
-764
-844
-854
-864
-944
-954
-964
-714
-734
-784
-794
-244
-344
-444
-544
-644
771
-772
-775
-776
-777
-778
-779
-781
-791
-871
-881
-891
-971
-981
-991
-711
-731
-751
-761
-271
-371
-471
-671
816
-811
-814
-815
-818
-819
-716
-736
-836
-916
-936
-846
-856
-866
-876
-886
-896
-416
-516
-616
882
-883
-884
-885
-888
-889
-782
-792
-872
-892
-972
-982
-992
-822
-832
-842
-862
-182
-382
-582
-682
943
-941
-942
-946
-947
-948
-949
-843
-853
-863
-953
-963
893
-894
-895
-897
-898
-899
-983
-993
342
-341
-343
-346
-349
-162
-362
359
-351
-353
-354
-356
192
-191
-193
-197
-199
-372
-392
167
-161
-163
-247
-257
-267
189
-181
-183
-379
-389
-399
-243
-443
-643
849
-841
-847
-848
-759
-859
-959
-829
-879
-567
-667
-767
-867
-967
672
-675
-676
-678
-679
-592
-692
532
-534
-535
-536
-537
-538
-622
-632
922
-924
-925
-927
-928
-929
-732
-932
762
-765
-766
-768
-962
629
-624
-625
-627
-628
637
-633
-634
-635
-636
-638
436
-433
-434
-435
-438
-519
-619
413
-414
-415
-418
-613
-446
-476
-496
-647
-657
-689
-699
-113
111
-131
133
-331
-333
-911
827
-824
-825
-828
-737
-837
-937
834
-831
-835
-838
931
-934
-935
-938
-914
-857
-877
-951
-961
-334
547
-546
-548
-557
979
-975
-976
-977
-978
-789
-799
-989
-999
719
-715
-718
-919
277
-275
-276
-278
-297
376
-375
-378
-286
-296
-386
-396
-366
-589
599
-594
-595
-596
-598
-293
-393
-224
324
-325
-328
-364
-424
494
-491
-495
-498
-584
-684
-694
441
-448
-641
-651
-661
-241
246
-256
-266
-646
648
-568
-668
-618
-688
-698
984
-985
-986
-988
-994
-225
228
335
-338
-288
-298
-385
-395
425
-428
-515
-615
614
-514
518
-475
478
-588
-654
-664
915
-918
-735
738
-788
-798
-955
-965
-995
875
-878
-785
786
-795
-796
797
-996
-997
998
755
-756
-757
-855
851
-861
-865
868
957
-956
966
-968
-251
-555
-655
-566
-666
-586
585
-685
-695
-565
564
-554
556
665
-663
653
-656
-253
254
-264
-285
295
-291
-686
681
-691
696
-281
283
-383
261
-263
-361
363
-381
388
391
-398
