138
-131
-132
-133
-134
-135
-136
-137
-139
-118
-128
-218
-228
-238
-318
-328
-338
-148
-158
-168
-178
-188
-198
-438
-538
-638
-738
-838
-938
153
-151
-152
-154
-155
-156
-157
-159
-143
-163
-243
-253
-263
-343
-353
-363
-113
-123
-173
-183
-193
-453
-553
-653
-753
-853
-953
177
-171
-172
-174
-175
-176
-179
-187
-197
-277
-287
-297
-377
-387
-397
-117
-127
-147
-167
-477
-577
-677
-777
-877
-977
251
-252
-254
-255
-256
-257
-258
-259
-141
-161
-241
-261
-341
-351
-361
-211
-221
-231
-271
-281
-291
-451
-551
-651
-751
-851
-951
282
-283
-284
-285
-286
-288
-289
-182
-192
-272
-292
-372
-382
-392
-212
-222
-232
-242
-262
-482
-582
-682
-782
-882
-982
354
-352
-355
-356
-357
-358
-359
-144
-164
-244
-264
-344
-364
-314
-324
-334
-374
-384
-394
-454
-554
-654
-754
-854
-954
365
-362
-366
-367
-368
-369
-145
-165
-245
-265
-345
-315
-325
-335
-375
-385
-395
-465
-565
-665
-765
-865
-965
431
-432
-433
-434
-435
-436
-437
-439
-411
-421
-511
-521
-531
-611
-621
-631
-441
-461
-471
-481
-491
-331
-731
-831
-931
467
-462
-463
-464
-466
-468
-469
-447
-457
-547
-557
-567
-647
-657
-667
-417
-427
-487
-497
-267
-767
-867
-967
514
-512
-513
-515
-516
-517
-518
-519
-414
-424
-524
-534
-614
-624
-634
-544
-564
-574
-584
-594
-114
-214
-714
-814
-914
537
-532
-533
-535
-536
-539
-527
-617
-627
-637
-587
-597
-237
-337
-737
-837
-937
573
-571
-572
-575
-576
-578
-579
-473
-483
-493
-583
-593
-673
-683
-693
-523
-543
-563
-273
-373
-773
-873
-973
669
-661
-662
-663
-664
-666
-668
-449
-459
-549
-559
-569
-649
-659
-619
-629
-639
-679
-689
-699
-169
-269
-769
-869
-969
715
-711
-712
-713
-716
-717
-718
-719
-725
-735
-815
-825
-835
-915
-925
-935
-745
-755
-775
-785
-795
-115
-215
-415
-615
728
-721
-722
-723
-724
-726
-727
-729
-818
-828
-918
-928
-748
-758
-768
-778
-788
-798
-428
-528
-628
762
-761
-763
-764
-766
-742
-752
-842
-852
-862
-942
-952
-962
-732
-772
-792
-162
166
-146
-246
-266
268
-346
-248
-348
-116
-126
-186
-196
-278
-298
-562
-566
-866
-966
-568
561
-541
-641
-581
-591
-861
-961
-868
-968
855
-856
-857
-858
-859
-845
-945
-955
-875
-885
-895
-455
-555
-655
879
-871
-872
-874
-876
-878
-779
-789
-799
-889
-899
-979
-989
-999
-819
-829
-839
-849
-279
-379
-479
891
-892
-893
-894
-896
-897
-898
-771
-781
-791
-881
-971
-981
-991
741
-743
-744
-746
-747
-749
-841
-941
-811
-821
-191
-391
-691
929
-921
-922
-923
-924
-926
-927
911
-912
-913
-916
-917
-919
-739
-939
759
-756
-757
-949
-959
-111
-311
-129
-229
-329
-429
-529
419
-412
-413
-416
-418
618
-612
-613
-616
-489
-499
-648
-658
-678
-688
-698
-119
112
-122
-312
-322
-332
-142
149
342
-347
-349
247
-249
-189
-199
-217
-227
-812
-219
-319
-442
-542
-642
-847
-947
957
-956
-958
-987
-997
993
-992
-994
-995
-996
-998
972
-974
-975
-976
-978
-783
-793
-883
-983
985
-984
-986
-988
888
-884
-886
-887
733
-734
-736
-813
-823
-833
-933
-848
948
-943
-944
-946
846
-843
-844
863
-864
-963
964
-816
817
-827
-826
-836
936
-932
-934
-317
327
-321
-323
-326
121
-124
-125
-181
-233
-333
-633
-236
-336
339
-239
299
-293
-294
-295
-296
-389
-399
-636
-446
-546
-646
-448
-548
545
-445
-645
-525
-585
-595
-472
-672
383
-381
-386
-388
371
-376
-378
-393
398
-396
276
-274
-275
-216
213
-223
-313
316
-226
-671
681
-684
-685
-686
-687
697
-692
-694
-695
-696
-476
-676
-776
774
-784
-794
-474
-674
675
-475
478
-485
-495
-488
-498
-588
-598
425
-422
-423
-426
623
-622
-625
-626
-635
632
-522
526
443
-444
-643
644
-458
558
-552
-556
592
-596
-599
-492
589
-586
452
-456
-652
656
822
-824
-832
834
224
-225
-234
235
-185
184
-194
195
-484
486
494
-496
-786
787
796
-797
