146
-141
-142
-143
-144
-145
-147
-148
-149
-156
-166
-246
-256
-266
-346
-356
-366
-116
-126
-136
-176
-186
-196
-446
-546
-646
-746
-846
-946
172
-171
-173
-174
-175
-177
-178
-179
-182
-192
-272
-282
-292
-372
-382
-392
-112
-122
-132
-152
-162
-472
-572
-672
-772
-872
-972
199
-191
-193
-194
-195
-197
-198
-189
-279
-289
-299
-379
-389
-399
-119
-129
-139
-159
-169
-499
-599
-699
-799
-899
-999
225
-221
-222
-223
-224
-226
-227
-228
-229
-115
-125
-135
-215
-235
-315
-325
-335
-245
-255
-265
-275
-285
-295
-425
-525
-625
-725
-825
-925
274
-271
-273
-276
-277
-278
-184
-284
-294
-374
-384
-394
-214
-234
-244
-254
-264
-474
-574
-674
-774
-874
-974
283
-281
-286
-287
-288
-183
-293
-373
-383
-393
-213
-233
-243
-253
-263
-483
-583
-683
-783
-883
-983
361
-362
-363
-364
-365
-367
-368
-369
-151
-161
-241
-251
-261
-341
-351
-311
-321
-331
-371
-381
-391
-461
-561
-661
-761
-861
-961
422
-421
-423
-424
-426
-427
-428
-429
-412
-432
-512
-522
-532
-612
-622
-632
-442
-452
-462
-482
-492
-322
-722
-822
-922
438
-431
-433
-434
-435
-436
-437
-439
-418
-518
-528
-538
-618
-628
-638
-448
-458
-468
-478
-488
-498
-138
-238
-338
-738
-838
-938
513
-511
-514
-515
-516
-517
-519
-413
-523
-533
-613
-623
-633
-543
-553
-563
-573
-593
-113
-313
-713
-813
-913
521
-524
-526
-527
-529
-411
-531
-611
-621
-631
-541
-551
-571
-581
-591
-121
-721
-821
-921
549
-542
-544
-545
-547
-548
-449
-459
-469
-559
-569
-649
-659
-669
-539
-579
-589
-249
-349
-749
-849
-949
564
-562
-565
-566
-567
-568
-444
-454
-464
-554
-644
-654
-664
-534
-584
-594
-164
-764
-864
-964
586
-582
-585
-587
-588
-476
-486
-496
-576
-596
-676
-686
-696
-536
-556
-386
-786
-886
-986
598
-592
-595
-597
-578
-678
-688
-698
552
-555
-557
-558
-642
-652
-662
-252
-352
-752
-852
-952
-298
-398
-798
-898
-998
616
-614
-615
-617
-619
-416
-626
-636
-656
-666
-216
-316
-716
-816
-916
673
-671
-675
-677
-679
-473
-493
-693
-643
-653
-663
-773
-873
-973
685
-681
-682
-684
-687
-689
692
-691
-694
-695
-697
-475
-485
-495
-575
577
-477
-487
-497
535
-537
-415
-635
-645
-655
-665
-735
-835
-935
-377
-777
-877
-977
-185
-385
-785
-885
-985
-792
-892
-992
742
-741
-743
-744
-745
-747
-748
-762
-842
-862
-942
-962
-712
-732
-782
-242
-342
262
-267
-268
-269
-212
-232
827
-823
-824
-826
-828
-829
-717
-727
-737
-817
-837
-917
-927
-937
-847
-857
-867
-887
-897
-127
-327
-627
836
-831
-832
-833
-834
-839
-726
-736
-926
-936
-856
-866
-876
-896
326
-323
-324
-328
-329
-236
-336
296
-291
-297
181
-187
-188
-376
-396
-111
-131
-481
-781
-881
-981
-796
-996
884
-882
-888
-889
982
-984
-987
-988
-989
-784
-794
-894
-994
812
-811
-814
-815
-818
-819
-912
-932
-844
-854
-312
332
-333
-334
-337
-339
-484
489
494
-491
471
-479
-441
-451
-414
-419
417
-637
-447
-457
-467
-117
-217
-317
-771
-871
-971
-789
911
-914
-915
-918
-919
-711
-731
-931
715
-714
-718
-719
-755
-765
-775
-795
-941
-951
-991
-211
231
-237
-239
137
-133
-134
123
-124
-128
-153
-163
-157
-167
-723
-923
934
-933
-939
733
-734
-739
-724
-924
-753
-763
-793
754
-751
-756
-757
-758
-759
-944
-954
791
-797
-891
624
-629
-634
639
344
-343
-345
-347
-348
353
-354
-355
-357
-358
-359
-154
259
-257
-258
247
-248
114
-118
-314
218
-219
-318
319
-647
-947
-453
-853
-953
-859
-959
965
-963
-966
-967
-968
-969
-845
-855
-865
-945
-955
-975
-995
445
-443
463
-465
-466
-455
456
155
-158
-165
168
-956
766
-767
-768
-769
957
-958
869
-863
-868
-776
976
-978
-979
787
-788
-997
993
-893
895
-875
843
-841
-848
851
-858
-943
948
878
-879
-778
779
728
-729
-928
929
641
-648
-651
-657
658
667
-668
375
-378
-395
397
-387
388
