133
-131
-132
-134
-135
-136
-137
-138
-139
-113
-123
-213
-223
-233
-313
-323
-333
-143
-153
-163
-173
-183
-193
-433
-533
-633
-733
-833
-933
146
-141
-142
-144
-145
-147
-148
-149
-156
-166
-246
-256
-266
-346
-356
-366
-116
-126
-176
-186
-196
-446
-546
-646
-746
-846
-946
161
-162
-164
-165
-167
-168
-169
-151
-241
-251
-261
-341
-351
-361
-111
-121
-171
-181
-191
-461
-561
-661
-761
-861
-961
217
-211
-212
-214
-215
-216
-218
-219
-117
-127
-227
-237
-317
-327
-337
-247
-257
-267
-277
-287
-297
-417
-517
-617
-717
-817
-917
279
-271
-272
-273
-274
-275
-276
-278
-179
-189
-199
-289
-299
-379
-389
-399
-229
-239
-249
-259
-269
-479
-579
-679
-779
-879
-979
292
-291
-293
-294
-295
-296
-298
-172
-182
-192
-282
-372
-382
-392
-222
-232
-242
-252
-262
-492
-592
-692
-792
-892
-992
438
-431
-432
-434
-435
-436
-437
-439
-418
-428
-518
-528
-538
-618
-628
-638
-448
-458
-468
-478
-488
-498
-238
-338
-738
-838
-938
445
-441
-442
-443
-444
-447
-449
-455
-465
-545
-555
-565
-645
-655
-665
-415
-425
-475
-485
-495
-245
-345
-745
-845
-945
486
-481
-482
-483
-484
-487
-489
-476
-496
-576
-586
-596
-676
-686
-696
-416
-426
-456
-466
-286
-386
-786
-886
-986
552
-551
-553
-554
-556
-557
-558
-559
-452
-462
-542
-562
-642
-652
-662
-512
-522
-532
-572
-582
-152
-352
-752
-852
-952
574
-571
-573
-575
-577
-578
-474
-494
-584
-594
-674
-684
-694
-514
-524
-534
-544
-564
-174
-374
-774
-874
-974
657
-651
-653
-654
-656
-658
-659
-457
-467
-547
-567
-647
-667
-627
-637
-677
-687
-697
-157
-357
-757
-857
-957
714
-711
-712
-713
-715
-716
-718
-719
-724
-734
-814
-824
-834
-914
-924
-934
-744
-754
-764
-784
-794
-114
-314
-414
-614
722
-721
-723
-725
-726
-727
-728
-729
-732
-812
-822
-832
-912
-922
-932
-742
-762
-772
-782
-122
112
-115
-118
-119
-312
-322
-332
-412
-612
-422
472
-471
-473
-477
-672
-682
-622
632
-631
-634
-635
-636
-639
-872
-972
843
-841
-842
-844
-847
-848
-849
-743
-753
-763
-853
-863
-943
-953
-963
-813
-823
-873
-883
-893
-243
-343
-543
-643
881
-882
-884
-885
-887
-888
-889
-771
-781
-791
-871
-891
-971
-981
-991
982
-983
-984
-985
-987
-988
-989
-811
-821
-831
-851
862
-864
-865
-866
-867
-868
-869
-942
-962
342
-344
-347
-348
-349
-362
367
-363
-364
-365
-368
-369
-377
-387
-397
-767
-967
-281
-381
-581
-681
929
-921
-923
-925
-926
-927
-928
913
-911
-915
-916
-918
-919
-739
-819
-829
-839
-939
-973
-993
-949
-959
-969
-999
-413
-513
-613
-129
159
-154
-155
-158
-359
-329
-429
-529
-629
-459
-759
-859
899
-894
-895
-896
-897
-898
994
-995
-996
-997
-998
-789
-799
854
-855
-856
-858
-944
-954
-964
-254
-354
-454
-194
-394
-499
-599
-699
-124
184
-185
-187
-188
-284
-384
125
-128
-225
-235
-315
-325
-335
-175
-195
-525
-625
-825
177
-178
-197
198
-288
-378
-388
-398
-777
-877
-977
-598
-698
-798
221
-224
-226
-228
-231
-311
-321
-331
236
-234
-316
-326
-336
-421
-521
-621
334
-339
-324
328
-318
319
-358
818
-815
-816
-828
-878
-419
411
-511
-531
-611
-451
453
-463
-563
-663
-491
-423
-493
497
-587
-597
-427
424
-624
-464
469
-549
-569
-649
-669
-519
-619
539
-535
-536
-537
527
-523
-526
623
-626
-589
689
-683
-685
-688
-673
-693
826
-827
-736
-836
-936
-876
875
-775
-785
-795
-975
-835
837
-737
-937
947
-941
-948
-747
749
-741
-748
-769
-253
-353
355
263
-264
-265
-268
244
-248
-255
258
-283
285
-375
-385
383
-373
-393
-395
-644
664
-666
-668
566
-568
-516
515
-615
616
-585
-595
-755
-955
-758
-958
-766
-966
773
-776
-778
-783
-793
-675
695
-691
-583
588
593
-591
671
-678
541
-548
-641
648
-371
376
391
-396
-976
978
796
-797
787
-788
-756
751
-951
956
-731
735
931
-935
-765
768
965
-968
