145
-141
-142
-143
-144
-146
-147
-148
-149
-155
-165
-245
-255
-265
-345
-355
-365
-115
-125
-135
-175
-185
-195
-445
-545
-645
-745
-845
-945
192
-191
-193
-194
-196
-197
-198
-199
-172
-182
-272
-282
-292
-372
-382
-392
-112
-122
-132
-152
-162
-492
-592
-692
-792
-892
-992
214
-211
-212
-213
-215
-216
-217
-218
-219
-114
-124
-134
-224
-234
-314
-324
-334
-244
-254
-264
-274
-284
-294
-414
-514
-614
-714
-814
-914
271
-273
-275
-276
-277
-278
-279
-171
-181
-281
-291
-371
-381
-391
-221
-231
-241
-251
-261
-471
-571
-671
-771
-871
-971
323
-321
-322
-325
-326
-327
-328
-329
-113
-123
-133
-223
-233
-313
-333
-343
-353
-363
-373
-383
-393
-423
-523
-623
-723
-823
-923
411
-412
-413
-415
-416
-417
-418
-419
-421
-431
-511
-521
-531
-611
-621
-631
-441
-451
-461
-481
-491
-111
-311
-711
-811
-911
454
-452
-453
-455
-456
-457
-458
-459
-444
-464
-544
-554
-564
-644
-654
-664
-424
-434
-474
-484
-494
-154
-354
-754
-854
-954
463
-462
-465
-466
-467
-468
-469
-443
-543
-553
-563
-643
-653
-663
-433
-473
-483
-493
-163
-263
-763
-863
-963
576
-572
-573
-574
-575
-577
-578
-579
-476
-486
-496
-586
-596
-676
-686
-696
-516
-526
-536
-546
-556
-566
-176
-376
-776
-876
-976
597
-591
-593
-594
-595
-598
-599
-477
-487
-497
-587
-677
-687
-697
-517
-527
-537
-547
-557
-567
-297
-397
-797
-897
-997
685
-681
-682
-683
-684
-688
-689
-475
-485
-495
-585
-675
-695
-615
-625
-635
-655
-665
-285
-385
-785
-885
-985
725
-721
-722
-724
-726
-727
-728
-729
-715
-735
-815
-825
-835
-915
-925
-935
-755
-765
-775
-795
-225
-425
435
-432
-436
-437
-438
-439
-515
-525
-535
315
-312
-316
-317
-318
-319
-235
-335
295
-293
-296
-298
-299
-375
-395
-895
-995
732
-731
-733
-734
-736
-737
-738
-739
-712
-812
-822
-832
-912
-922
-932
-742
-752
-762
-772
-782
-232
-332
222
-226
-227
-228
-229
-242
-252
-262
-422
-522
-622
-532
-632
746
-741
-743
-744
-747
-748
-749
-756
-766
-846
-856
-866
-946
-956
-966
-716
-786
-796
-246
-346
-446
426
-427
-428
-429
-616
-626
-636
447
-442
-448
-449
-647
-657
-667
-126
-826
-926
-646
-247
-347
-847
-947
874
-872
-873
-875
-877
-878
-879
-774
-784
-794
-884
-894
-974
-984
-994
975
-972
-973
-977
-978
-979
764
-761
-767
-768
-769
-844
-864
-944
-964
-824
-834
-955
-965
344
-341
-342
-348
-349
-164
-364
-374
-384
-394
-174
184
-183
-186
-187
-188
-189
-674
-584
694
-691
-693
-698
-699
581
-582
-583
-588
-589
673
-672
-678
-679
-541
-551
-561
-613
-633
-624
-634
472
-478
-479
-482
-173
283
-286
-287
-288
-289
153
-151
-156
-157
-158
-159
-243
-253
-753
-853
-953
-773
-781
-881
-981
-783
-883
-983
888
-882
-886
-887
-889
982
-986
-987
-988
-989
-778
-788
-798
-898
-998
-818
-828
-838
-848
-858
-868
-942
-952
-962
386
-387
-388
-389
-396
-336
-356
-366
787
-789
-777
779
-799
-899
-999
-717
-757
-719
-759
-179
-379
399
-398
-339
-359
-369
-488
489
498
-499
937
-931
-933
-934
-936
-938
-939
924
-921
-927
-928
-929
-817
-827
-837
-917
-957
-967
-524
534
-533
-538
-539
513
-512
-518
-519
612
-617
-618
-619
-642
-652
-662
-713
718
-918
793
-791
-893
-993
751
-758
-841
-851
-861
-941
-951
-961
991
-996
-891
896
-816
-836
916
-913
-919
943
-948
-949
-843
-813
819
833
-831
-839
821
-829
-849
842
-852
-862
-859
-869
-116
117
-118
-119
-127
-137
-237
-337
-167
-177
178
377
-378
-128
-138
-168
-357
-367
-121
129
-139
-239
-169
627
-628
-629
-637
528
-529
-638
639
-548
-558
-568
-649
-659
-669
641
-648
-651
-661
-542
549
-559
-569
248
-249
-258
-268
-358
-368
-238
236
-136
131
-331
338
-161
166
-256
-266
-351
352
361
-362
-552
555
562
-565
-855
857
865
-867
656
-658
-666
668
-257
259
267
-269
958
-959
-968
969
