124
-121
-122
-123
-125
-126
-127
-128
-129
-114
-134
-214
-224
-234
-314
-324
-334
-144
-154
-164
-174
-184
-194
-424
-524
-624
-724
-824
-924
218
-211
-212
-213
-215
-216
-217
-219
-118
-138
-228
-238
-318
-328
-338
-248
-258
-268
-278
-288
-298
-418
-518
-618
-718
-818
-918
231
-232
-233
-235
-236
-237
-239
-111
-131
-221
-311
-321
-331
-241
-251
-261
-271
-281
-291
-431
-531
-631
-731
-831
-931
262
-263
-264
-265
-266
-267
-269
-142
-152
-162
-242
-252
-342
-352
-362
-222
-272
-282
-292
-462
-562
-662
-762
-862
-962
319
-312
-313
-315
-316
-317
-119
-139
-229
-329
-339
-349
-359
-369
-379
-389
-399
-419
-519
-619
-719
-819
-919
336
-332
-333
-335
-337
-116
-136
-226
-326
-346
-356
-366
-376
-386
-396
-436
-536
-636
-736
-836
-936
364
-361
-363
-365
-367
-368
-244
-254
-344
-354
-374
-384
-394
-464
-564
-664
-764
-864
-964
375
-371
-372
-373
-377
-378
-175
-185
-195
-275
-285
-295
-385
-395
-325
-345
-355
-475
-575
-675
-775
-875
-975
388
-381
-382
-383
-387
-178
-188
-198
-398
-348
-358
-488
-588
-688
-788
-888
-988
465
-461
-463
-466
-467
-468
-469
-445
-455
-545
-555
-565
-645
-655
-665
-415
-425
-435
-485
-495
-165
-765
-865
-965
498
-491
-492
-493
-494
-496
-497
-499
-478
-578
-598
-678
-698
-428
-438
-448
-458
-798
-898
-998
515
-511
-512
-513
-514
-516
-517
-525
-535
-615
-625
-635
-585
-595
-115
-715
-815
-915
534
-532
-533
-537
-538
-539
-414
-434
-614
-634
-544
-554
-574
-584
-594
-734
-834
-934
553
-551
-552
-556
-557
-558
-559
-443
-453
-543
-563
-643
-653
-663
-523
-573
-583
-593
-153
-253
-353
-753
-853
-953
577
-571
-572
-576
-579
-477
-487
-587
-597
-677
-687
-697
-527
-547
-567
-177
-277
-777
-877
-977
592
-591
-596
-599
-472
-482
-582
-672
-682
-692
-522
-542
-192
-392
322
-323
-327
-112
-132
-422
-622
-722
-822
-922
-792
-892
-992
612
-611
-613
-616
-617
-412
-432
-632
-642
-652
-712
-812
-912
644
-641
-646
-647
-648
-649
-444
-454
-654
-674
-684
-694
-744
-844
-944
723
-721
-725
-726
-727
-728
-729
-713
-733
-813
-823
-833
-913
-923
-933
-743
-763
-773
-783
-793
-223
-423
-623
739
-732
-735
-737
-738
-829
-839
-929
-939
-749
-759
-769
-779
-789
-799
-439
-639
742
-741
-745
-746
-747
-748
-752
-842
-852
-942
-952
-772
-782
-442
452
-451
-456
-457
-459
771
-774
-776
-778
-781
-791
-871
-881
-891
-971
-981
-991
-711
-751
-761
-171
-471
-671
795
-794
-796
-797
-785
-885
-895
-985
-995
-755
685
-681
-683
-686
-689
-695
841
-843
-845
-846
-847
-848
-849
-851
-861
-941
-951
-961
-811
-821
-141
-341
-441
-541
878
-872
-873
-874
-876
-879
-978
-828
-838
-858
-868
897
-893
-894
-896
-899
-787
-887
-987
-997
-817
-827
-837
-857
-867
-197
-297
-397
989
-982
-983
-984
-986
-889
-979
-999
-949
-959
-969
-189
-289
-489
-589
113
-117
-133
-143
-163
-173
-183
-193
-413
-135
137
225
-227
-147
-157
-167
-187
287
-283
-284
-286
-245
-255
-247
-257
-825
826
-716
-816
814
-714
717
-914
-916
-926
-917
911
-921
-927
-937
-757
-767
-854
-884
-856
-866
-886
-411
416
-417
-426
-526
-626
-446
-476
-486
-925
928
-938
-948
-958
-968
-528
-628
638
-633
-637
433
-437
-473
-483
-658
-668
883
-882
972
-973
-974
-976
-993
832
-835
-932
935
-863
869
-859
855
-945
-955
145
-146
-148
-149
-155
548
-546
-549
-568
963
-966
-967
-943
667
-661
-666
-669
-447
449
-657
-569
-659
427
-421
-429
-627
481
-484
-581
586
-691
474
-479
-676
-696
-566
561
-651
656
-521
529
621
-629
-249
-156
-256
259
-159
-169
-279
-299
-756
-956
-161
-172
182
-181
-186
-274
294
-293
-296
784
-786
-994
996
-754
758
954
-957
947
-946
766
-768
246
-243
343
-347
-166
168
357
-351
151
-158
-191
391
-393
273
-276
-673
679
693
-699
176
-179
-196
199
