145
-141
-142
-143
-144
-146
-147
-148
-149
-155
-165
-245
-255
-265
-345
-355
-365
-115
-125
-135
-175
-185
-195
-445
-545
-645
-745
-845
-945
157
-151
-152
-153
-154
-156
-158
-159
-167
-247
-257
-267
-347
-357
-367
-117
-127
-137
-177
-187
-197
-457
-557
-657
-757
-857
-957
173
-171
-172
-174
-176
-178
-179
-183
-193
-273
-283
-293
-373
-383
-393
-113
-123
-133
-163
-473
-573
-673
-773
-873
-973
212
-211
-213
-214
-215
-216
-217
-218
-219
-112
-122
-132
-222
-232
-312
-322
-332
-242
-252
-262
-272
-282
-292
-412
-512
-612
-712
-812
-912
239
-231
-233
-234
-235
-236
-237
-238
-119
-129
-139
-229
-319
-329
-339
-249
-259
-269
-279
-289
-299
-439
-539
-639
-739
-839
-939
318
-311
-313
-314
-315
-316
-317
-118
-128
-138
-228
-328
-338
-348
-358
-368
-378
-388
-398
-418
-518
-618
-718
-818
-918
452
-451
-453
-454
-455
-456
-458
-459
-442
-462
-542
-552
-562
-642
-652
-662
-422
-432
-472
-482
-492
-352
-752
-852
-952
469
-461
-463
-464
-465
-466
-467
-468
-449
-549
-559
-569
-649
-659
-669
-419
-429
-479
-489
-499
-169
-369
-769
-869
-969
488
-481
-483
-484
-485
-486
-487
-478
-498
-578
-588
-598
-678
-688
-698
-428
-438
-448
-188
-288
-788
-888
-988
521
-522
-523
-524
-525
-526
-527
-528
-529
-411
-421
-431
-511
-531
-611
-621
-631
-541
-551
-561
-571
-581
-591
-121
-221
-321
-721
-821
-921
576
-572
-574
-575
-577
-579
-476
-496
-586
-596
-676
-686
-696
-516
-536
-546
-556
-566
-276
-376
-776
-876
-976
723
-722
-724
-725
-726
-727
-728
-729
-713
-733
-813
-823
-833
-913
-923
-933
-743
-753
-763
-783
-793
-223
-323
333
-331
-334
-335
-336
-337
-343
-353
-363
-423
-623
-433
-533
-633
746
-741
-742
-744
-747
-748
-749
-756
-766
-846
-856
-866
-946
-956
-966
-716
-736
-786
-796
-246
-346
-446
-646
774
-771
-772
-775
-777
-778
-779
-784
-794
-874
-884
-894
-974
-984
-994
-714
-734
-754
-764
-274
-374
-474
-674
817
-811
-814
-815
-816
-819
-717
-737
-827
-837
-917
-927
-937
-847
-867
-877
-887
-897
-417
-517
-617
882
-881
-883
-885
-886
-889
-782
-792
-872
-892
-972
-982
-992
-822
-832
-842
-862
-182
-382
-582
-682
943
-941
-942
-944
-947
-948
-949
-843
-853
-863
-953
-963
893
-891
-895
-896
-898
-899
-983
-993
342
-341
-344
-349
-162
-362
359
-351
-354
-356
192
-191
-194
-196
-198
-199
-372
-392
168
-161
-164
-166
-248
-258
-268
189
-181
-184
-186
-379
-389
-399
-243
-443
-543
-643
849
-841
-844
-848
-759
-859
-959
-829
-879
-568
-668
-768
-868
-968
672
-671
-675
-677
-679
-592
-692
532
-534
-535
-537
-538
-622
-632
922
-924
-925
-926
-928
-929
-732
-932
762
-761
-765
-767
-962
967
-961
-964
-965
-977
-987
-997
629
-624
-625
-626
-627
-628
638
-634
-635
-636
-637
-519
-619
-648
-658
-689
-699
828
-824
-825
-826
-738
-838
-938
836
-831
-834
-835
-916
-936
-858
-878
-136
-436
437
-434
-435
-427
-447
-477
-497
548
-544
-547
-558
647
-641
-644
-567
-667
-687
-697
979
-971
-975
-978
-789
-799
-989
-999
719
-711
-715
-919
278
-271
-275
-277
-298
377
-371
-375
-287
-297
-387
-397
227
-224
-225
-226
325
-324
-326
-327
-385
-395
-425
-589
599
-593
-594
-595
-597
587
-583
-584
-585
683
-681
-684
-685
-493
-693
413
-414
-415
-416
-513
-613
426
-424
-616
-653
-663
116
-111
-114
131
-134
124
-126
911
-914
-915
-731
735
-931
934
-935
-755
-785
-795
-951
-981
-991
-954
-787
781
-791
-871
875
-985
986
-995
-996
998
797
-798
-751
758
-958
955
-855
-865
-555
-655
471
-475
-491
-691
-441
444
-554
553
-563
-564
565
-654
-664
-665
-494
495
694
-695
514
-515
-614
615
241
-244
-251
-261
-361
-281
-291
-253
263
-264
-266
-381
391
-394
-396
285
-284
-286
-295
384
-386
-294
296
254
-256
-364
366
-854
851
-861
864
-651
656
661
-666
