145
-141
-142
-143
-144
-146
-147
-148
-149
-155
-165
-245
-255
-265
-345
-355
-365
-115
-125
-135
-175
-185
-195
-445
-545
-645
-745
-845
-945
189
-181
-182
-183
-184
-186
-187
-188
-179
-199
-279
-289
-299
-379
-389
-399
-119
-129
-139
-159
-169
-489
-589
-689
-789
-889
-989
192
-191
-193
-194
-196
-197
-198
-172
-272
-282
-292
-372
-382
-392
-112
-122
-132
-152
-162
-492
-592
-692
-792
-892
-992
236
-231
-232
-233
-234
-235
-237
-238
-239
-116
-126
-136
-216
-226
-316
-326
-336
-246
-256
-266
-276
-286
-296
-436
-536
-636
-736
-836
-936
253
-251
-252
-254
-257
-258
-259
-153
-163
-243
-263
-343
-353
-363
-213
-223
-273
-283
-293
-453
-553
-653
-753
-853
-953
311
-312
-313
-314
-315
-317
-318
-319
-111
-121
-131
-211
-221
-321
-331
-341
-351
-361
-371
-381
-391
-411
-511
-611
-711
-811
-911
413
-412
-414
-415
-416
-417
-418
-419
-423
-433
-513
-523
-533
-613
-623
-633
-443
-463
-473
-483
-493
-113
-713
-813
-913
451
-452
-454
-455
-456
-457
-458
-459
-441
-461
-541
-551
-561
-641
-651
-661
-421
-431
-471
-481
-491
-151
-751
-851
-951
476
-472
-474
-475
-477
-478
-479
-486
-496
-576
-586
-596
-676
-686
-696
-426
-446
-466
-176
-376
-776
-876
-976
518
-512
-514
-515
-516
-517
-519
-428
-438
-528
-538
-618
-628
-638
-548
-558
-568
-578
-588
-598
-118
-218
-718
-818
-918
544
-542
-543
-546
-547
-549
-444
-464
-554
-564
-644
-654
-664
-524
-534
-574
-584
-594
-244
-344
-744
-844
-944
622
-621
-624
-625
-626
-627
-629
-422
-432
-522
-532
-612
-632
-642
-652
-662
-672
-682
-222
-322
-722
-822
-922
687
-681
-683
-684
-685
-688
-487
-497
-577
-587
-597
-677
-697
-617
-637
-647
-657
-667
-287
-387
-787
-887
-987
729
-721
-723
-724
-725
-726
-727
-728
-719
-739
-819
-829
-839
-919
-929
-939
-749
-759
-769
-779
-799
-229
-329
-429
-529
747
-741
-742
-743
-746
-748
-757
-767
-847
-857
-867
-947
-957
-967
-717
-737
-777
-797
-247
-347
-447
762
-761
-763
-764
-765
-766
-768
-752
-842
-852
-862
-942
-952
-962
-712
-732
-772
-782
-262
-362
-462
-562
871
-872
-873
-874
-875
-877
-878
-879
-771
-781
-791
-881
-891
-971
-981
-991
731
-733
-734
-735
-738
-821
-831
-921
-931
-841
-861
521
-525
-526
-527
-531
-631
616
-614
-615
-619
-571
-581
-591
-646
-656
-666
-716
-816
-916
219
-212
-214
-215
-217
332
-333
-334
-335
-337
-338
-339
242
-241
-248
-249
-342
-352
-269
-832
-932
941
-943
-946
-948
-949
-961
-442
552
-555
-556
-557
-559
566
-563
-565
-567
-569
467
-465
-468
-469
482
-484
-485
-488
-572
-582
-427
-437
537
-535
-539
-137
-837
-937
-166
156
-154
-157
-158
-346
-356
-366
846
-843
-848
-849
-756
-856
-866
-956
-966
-826
926
-923
-924
-925
-927
-928
-886
-896
-986
-996
643
-648
-649
-663
-673
-693
357
-354
-358
-359
-167
-267
-367
-327
-377
-397
-171
161
-164
-168
-261
-271
-671
691
-694
-695
-698
-699
972
-973
-974
-975
-977
-978
-979
-882
-982
812
-814
-815
-817
-912
281
-284
-285
-288
-291
-114
117
-127
-227
-177
-917
827
-823
-824
-825
-828
-897
997
-993
-994
-995
-998
-999
899
-893
-894
-895
-898
-859
-869
277
-274
-275
-278
-297
-499
-599
579
-573
-575
-679
123
-124
-128
-133
-323
-173
134
-138
-224
-324
-174
178
-298
-378
-388
-398
424
-425
-434
-634
-494
674
-675
-678
498
-495
435
-439
-635
639
-448
449
-659
-669
-834
-934
-835
-935
348
-349
-268
264
-364
-368
369
-294
295
-375
-385
-395
-225
228
325
-328
959
-954
-955
-958
-969
-864
-964
-374
373
-383
-393
-773
-774
775
-778
-785
-795
-885
-985
-715
714
-914
915
-754
854
-855
-858
-784
-794
-755
758
-868
-968
-788
-798
-884
984
-983
-988
888
-883
865
-863
963
-965
833
-838
-933
938
655
-658
-665
668
-384
386
394
-396
585
-583
593
-595
783
-786
-793
796
