185
-181
-182
-183
-184
-186
-187
-188
-189
-175
-195
-275
-285
-295
-375
-385
-395
-115
-125
-135
-145
-155
-165
-485
-585
-685
-785
-885
-985
238
-231
-232
-233
-234
-235
-236
-237
-239
-118
-128
-138
-218
-228
-318
-328
-338
-248
-258
-268
-278
-288
-298
-438
-538
-638
-738
-838
-938
251
-252
-253
-254
-255
-256
-257
-259
-141
-151
-161
-241
-261
-341
-351
-361
-211
-221
-271
-281
-291
-451
-551
-651
-751
-851
-951
274
-272
-273
-276
-277
-279
-174
-194
-284
-294
-374
-384
-394
-214
-224
-244
-264
-474
-574
-674
-774
-874
-974
321
-322
-323
-324
-325
-326
-327
-329
-111
-121
-131
-311
-331
-371
-381
-391
-421
-521
-621
-721
-821
-921
336
-332
-333
-334
-335
-337
-339
-116
-126
-136
-216
-226
-316
-346
-356
-366
-376
-386
-396
-436
-536
-636
-736
-836
-936
369
-362
-363
-364
-365
-367
-368
-149
-159
-169
-249
-269
-349
-359
-319
-379
-389
-399
-469
-569
-669
-769
-869
-969
382
-383
-387
-388
-172
-192
-282
-292
-372
-392
-312
-342
-352
-482
-582
-682
-782
-882
-982
397
-393
-398
-177
-197
-287
-297
-377
-317
-347
-357
-497
-597
-697
-797
-897
-997
427
-422
-423
-424
-425
-426
-428
-429
-417
-437
-517
-527
-537
-617
-627
-637
-447
-457
-467
-477
-487
-127
-227
-727
-827
-927
466
-461
-462
-463
-464
-465
-468
-446
-456
-546
-556
-566
-646
-656
-666
-416
-476
-486
-496
-166
-266
-766
-866
-966
494
-491
-492
-493
-495
-498
-499
-484
-584
-594
-684
-694
-414
-434
-444
-454
-794
-894
-994
526
-522
-523
-524
-525
-528
-529
-516
-616
-626
-576
-586
-596
-726
-826
-926
535
-531
-532
-533
-534
-539
-415
-435
-515
-615
-625
-635
-545
-555
-565
-575
-595
-735
-835
-935
572
-571
-573
-577
-578
-579
-472
-592
-672
-692
-512
-542
-552
-562
-772
-872
-972
583
-581
-587
-588
-589
-473
-483
-593
-673
-683
-693
-513
-543
-553
-563
-283
-783
-883
-983
618
-611
-612
-613
-614
-619
-418
-518
-628
-648
-658
-668
-678
-688
-698
-718
-818
-918
644
-641
-642
-643
-645
-647
-649
-544
-554
-564
-654
-664
514
-511
-519
-624
-634
-114
-314
-714
-814
-914
-144
-344
354
-353
-355
-358
-154
-164
-744
-844
-944
-754
-854
-954
686
-681
-687
-689
-676
-696
677
-671
-675
-679
-657
-667
-777
-877
-977
-286
289
-179
-199
-299
-219
-229
-786
-886
-986
-489
-789
-889
-989
711
-712
-713
-715
-716
-717
-719
-731
-811
-831
-911
-931
-741
-761
-771
-781
-791
-411
725
-722
-723
-724
-728
-729
-815
-825
-915
-925
-745
-755
-765
-775
-795
-225
748
-742
-743
-746
-747
-749
-758
-768
-848
-858
-868
-948
-958
-968
-778
-788
-798
-148
-348
378
-373
-178
-198
-448
-548
-478
-878
-978
779
-773
-776
-799
-879
-899
-979
-999
-739
-759
-479
784
-787
-884
-984
-734
-764
816
-812
-813
-817
-819
-916
-846
-856
-876
-896
832
-833
-834
-837
-839
-732
-822
-912
-922
-932
-842
-852
-862
-892
-132
-432
-632
853
-855
-857
-859
-753
-763
-843
-863
-943
-953
-963
-823
-873
-893
-153
-453
-653
871
-875
-881
-891
-971
-981
-991
-841
-861
-171
191
-193
-196
-471
475
-695
-445
-455
-975
481
-488
-591
-691
699
598
-599
-431
631
-633
-639
-441
458
-452
-459
-558
-568
-661
-629
-659
-158
168
-162
-163
-167
-898
895
-995
-845
-865
-998
928
-923
-924
-929
-828
888
-887
987
-988
-917
-937
737
-733
793
-792
-796
992
-993
-996
-973
976
756
-752
-757
-946
-956
762
-767
-942
-952
-962
-947
-957
-967
-137
-156
-262
-662
173
-176
-293
296
-113
-123
-133
-143
146
-142
-147
-246
-112
117
-119
-217
-157
152
-242
-122
442
-443
-449
-652
655
663
-665
-412
622
-623
212
-213
-215
-222
223
-313
315
-243
-263
343
-345
-955
959
-849
847
-867
864
-964
-949
-824
829
934
-933
-939
913
-919
-413
419
433
-439
124
-129
-134
139
-247
245
-265
267
-945
941
-961
965
-541
561
-567
-547
549
557
-559
