134
-131
-132
-133
-135
-136
-137
-138
-139
-114
-124
-214
-224
-234
-314
-324
-334
-144
-154
-164
-174
-184
-194
-434
-534
-634
-734
-834
-934
147
-141
-142
-143
-145
-146
-148
-149
-157
-167
-247
-257
-267
-347
-357
-367
-117
-127
-177
-187
-197
-447
-547
-647
-747
-847
-947
228
-221
-222
-223
-225
-226
-227
-229
-118
-128
-218
-238
-318
-328
-338
-248
-258
-268
-278
-288
-298
-428
-528
-628
-728
-828
-928
253
-251
-252
-254
-255
-256
-259
-153
-163
-243
-263
-343
-353
-363
-213
-233
-273
-283
-293
-453
-553
-653
-753
-853
-953
291
-292
-294
-295
-296
-297
-299
-171
-181
-191
-271
-281
-371
-381
-391
-211
-231
-241
-261
-491
-591
-691
-791
-891
-991
312
-311
-313
-315
-316
-317
-319
-112
-122
-212
-232
-322
-332
-342
-352
-362
-372
-382
-392
-412
-512
-612
-712
-812
-912
337
-331
-333
-335
-336
-339
-217
-237
-327
-377
-387
-397
-437
-537
-637
-737
-837
-937
345
-341
-344
-346
-348
-349
-155
-165
-245
-265
-355
-365
-325
-375
-385
-395
-445
-545
-645
-745
-845
-945
358
-351
-354
-356
-359
-158
-168
-368
-378
-388
-398
-458
-558
-658
-758
-858
-958
384
-383
-386
-389
-274
-284
-374
-394
-364
-484
-584
-684
-784
-884
-984
448
-441
-442
-443
-444
-446
-449
-468
-548
-568
-648
-668
-418
-438
-478
-488
-498
-748
-848
-948
477
-471
-472
-473
-474
-475
-476
-479
-487
-497
-577
-587
-597
-677
-687
-697
-417
-427
-457
-467
-277
287
-282
-285
-286
-289
-777
-877
-977
-787
-887
-987
533
-531
-532
-535
-536
-538
-539
-413
-423
-433
-513
-523
-613
-623
-633
-543
-563
-573
-583
-593
-733
-833
-933
554
-551
-552
-555
-556
-557
-559
-454
-464
-544
-564
-644
-654
-664
-514
-524
-574
-594
-754
-854
-954
572
-571
-575
-576
-578
-579
-482
-492
-582
-592
-672
-682
-692
-522
-542
-562
-172
-272
-772
-872
-972
636
-631
-632
-635
-638
-639
-416
-426
-436
-516
-526
-616
-626
-646
-656
-666
-676
-686
-696
-236
-736
-836
-936
667
-661
-662
-663
-665
-669
-567
-657
-617
-627
-767
-867
-967
724
-721
-722
-723
-725
-726
-727
-729
-714
-814
-824
-914
-924
-744
-764
-774
-794
-424
-624
756
-751
-752
-755
-757
-759
-746
-766
-846
-856
-866
-946
-956
-966
-716
-776
-786
-796
-156
-456
768
-761
-762
-763
-765
-769
-868
-968
-718
-738
-778
-788
-798
779
-771
-773
-775
-789
-799
-879
-889
-899
-979
-989
-999
-719
-739
-749
-179
-279
-379
-679
793
-792
-795
-797
-783
-873
-883
-893
-973
-983
-993
-713
-743
717
-711
-715
-817
-827
-917
-927
-517
527
-521
-525
-529
-193
-393
-493
-693
819
-811
-813
-815
-816
-818
-829
-839
-919
-929
-939
-849
-859
-869
-119
-219
-419
-519
-619
855
-851
-852
-857
-865
-955
-965
957
-951
-952
-959
-825
-835
-875
-885
-895
897
-892
-894
-896
-898
-997
-455
-655
881
-882
-886
-888
-781
-871
-971
-981
-821
-831
-841
-861
671
-673
-674
-675
-678
-481
-581
-681
-611
-621
-641
-651
964
-961
-962
-963
-969
-844
-864
-944
949
-941
-942
-943
741
-742
-731
874
-876
-878
-974
-994
826
-822
-823
-916
-926
838
-832
-918
-938
-126
-326
-541
244
-242
-246
-249
-264
262
-266
-269
-152
-162
239
-235
-129
-329
-439
546
-549
-466
-566
-586
-596
-649
-462
-862
863
842
-843
-642
643
-463
483
-485
-486
-489
-683
496
-494
-495
-499
694
-695
-698
-699
414
-411
-415
-614
-183
-196
-396
399
-189
-199
-369
-996
-599
975
-976
-978
-785
782
-982
-992
-985
-995
998
986
-988
-732
735
-915
-925
-935
-435
-175
-275
276
-176
-186
-376
373
-173
178
-188
-198
215
-216
-115
-125
116
-111
-113
123
-121
321
-323
-166
366
-361
913
-911
-923
511
-515
-518
-421
-431
432
-422
-622
618
-615
-452
652
-659
-561
-688
-921
922
931
-932
-182
185
192
-195
-585
-685
689
595
-598
588
-589
-565
569
465
-461
-469
451
-459
-425
429
625
-629
-151
159
161
-169
