139
-131
-132
-133
-134
-135
-136
-137
-138
-119
-129
-219
-229
-239
-319
-329
-339
-149
-159
-169
-179
-189
-199
-439
-539
-639
-739
-839
-939
154
-151
-152
-153
-155
-156
-157
-158
-144
-164
-244
-254
-264
-344
-354
-364
-114
-124
-174
-184
-194
-454
-554
-654
-754
-854
-954
188
-181
-182
-183
-185
-186
-187
-178
-198
-278
-288
-298
-378
-388
-398
-118
-128
-148
-168
-488
-588
-688
-788
-888
-988
197
-191
-192
-193
-195
-196
-177
-277
-287
-297
-377
-387
-397
-117
-127
-147
-167
-497
-597
-697
-797
-897
-997
214
-211
-212
-213
-215
-216
-217
-218
-224
-234
-314
-324
-334
-274
-284
-294
-414
-514
-614
-714
-814
-914
226
-221
-222
-223
-225
-227
-228
-116
-126
-236
-316
-326
-336
-246
-256
-266
-276
-286
-296
-426
-526
-626
-726
-826
-926
259
-251
-252
-253
-255
-257
-258
-249
-269
-349
-359
-369
-279
-289
-299
-459
-559
-659
-759
-859
-959
273
-271
-272
-275
-173
-283
-293
-373
-383
-393
-233
-243
-263
-473
-573
-673
-773
-873
-973
282
-281
-285
-172
-292
-372
-382
-392
-232
-242
-262
-482
-582
-682
-782
-882
-982
371
-374
-375
-376
-379
-171
-291
295
-381
-391
-175
176
-385
-395
-386
-396
-146
-166
-235
-245
-265
-311
-321
-331
-341
-351
-361
-471
-571
-671
-771
-871
-971
-476
-576
-676
-776
-876
-976
-495
-595
-695
-795
-895
-995
423
-421
-422
-424
-425
-427
-428
-429
-413
-433
-513
-523
-533
-613
-623
-633
-443
-453
-463
-483
-493
-123
-323
-723
-823
-923
444
-441
-442
-445
-446
-447
-448
-449
-464
-544
-564
-644
-664
-434
-474
-484
-494
-744
-844
-944
472
-475
-477
-478
-479
-492
-572
-592
-672
-692
-412
-432
-452
-462
-772
-872
-972
487
-481
-485
-486
-489
-577
-587
-677
-687
-417
-437
-457
-467
-787
-887
-987
542
-541
-543
-545
-546
-547
-548
-549
-552
-562
-642
-652
-662
-512
-522
-532
-142
-342
-742
-842
-942
561
-563
-565
-566
-567
-568
-569
-451
-461
-551
-641
-651
-661
-511
-521
-531
-581
-591
-161
-261
-761
-861
-961
621
-622
-624
-625
-627
-628
-629
-411
-431
-611
-631
491
-496
-498
-499
-681
-691
-121
-721
-821
-921
-791
-891
-991
632
-634
-635
-636
-637
-638
-612
-332
-732
-832
-932
663
-665
-666
-667
-668
-669
-553
-643
-653
-683
-693
-163
-363
-763
-863
-963
686
-684
-685
-689
-586
-596
-696
-616
-646
-656
-786
-886
-986
733
-731
-734
-735
-736
-737
-738
-713
-813
-833
-913
-933
-743
-753
-783
-793
-333
824
-822
-825
-827
-828
-829
-724
-834
-924
-934
-864
-874
-884
-894
-524
534
-535
-536
-537
-538
-574
-584
-594
835
-831
-836
-837
-838
-715
-725
-815
-915
-925
-935
-845
-855
-865
-875
-885
-335
-435
853
-851
-852
-856
-857
-858
-843
-943
-953
-883
-893
-353
889
-881
-779
-789
-799
-879
-899
-979
-989
-999
-819
-849
-869
-389
384
-394
399
-784
-984
-589
-599
-699
898
-892
-896
-778
-798
-878
877
-777
-977
-978
-998
-817
-847
-867
-818
-848
-868
-598
593
-583
585
-575
-675
-515
-525
-555
983
-981
-985
781
-785
-993
-711
-741
-751
951
-952
-955
-956
-957
-958
-841
846
-941
-746
-756
-766
-866
862
-752
-762
-962
-946
-966
811
-812
-816
-911
-931
-111
231
-237
-238
141
-143
-145
-241
343
-345
-346
-347
-348
113
-112
-115
-313
352
-355
-356
-357
-358
-162
165
-362
-365
366
-367
-368
122
-125
-312
-322
-722
-922
325
-327
-328
-315
-465
-765
-965
-466
-698
694
-674
-794
-994
917
-912
-916
-918
-919
712
-716
-717
-718
-719
936
-937
-938
-727
-927
-792
796
992
-996
-947
-967
-317
318
337
-338
-517
-617
527
-528
-529
-557
-418
-518
-618
438
-436
-458
-468
469
-649
-419
-769
-969
929
-928
728
-729
-748
-758
-768
749
-745
-747
-949
975
-974
774
-775
-764
767
964
-968
-757
755
-945
948
645
-647
-648
-455
456
-655
-556
558
657
-658
415
-416
-615
619
516
-519
-578
579
678
-679
247
-248
-267
268
