121
-122
-123
-124
-125
-126
-127
-128
-129
-111
-131
-211
-221
-231
-311
-321
-331
-141
-151
-161
-171
-181
-191
-421
-521
-621
-721
-821
-921
177
-172
-173
-174
-175
-176
-178
-179
-187
-197
-277
-287
-297
-377
-387
-397
-117
-137
-147
-157
-167
-477
-577
-677
-777
-877
-977
246
-241
-242
-243
-244
-245
-247
-248
-249
-146
-156
-166
-256
-266
-346
-356
-366
-216
-226
-236
-276
-286
-296
-446
-546
-646
-746
-846
-946
285
-281
-282
-283
-284
-288
-289
-185
-195
-275
-295
-375
-385
-395
-215
-225
-235
-255
-265
-485
-585
-685
-785
-885
-985
349
-341
-342
-343
-344
-345
-347
-348
-149
-159
-169
-259
-269
-359
-369
-319
-329
-339
-379
-389
-399
-449
-549
-649
-749
-849
-949
443
-441
-442
-444
-445
-447
-448
-453
-463
-543
-553
-563
-643
-653
-663
-413
-423
-433
-473
-483
-493
-143
-743
-843
-943
451
-452
-454
-455
-456
-457
-458
-459
-461
-541
-551
-561
-641
-651
-661
-411
-431
-471
-481
-491
-251
-351
-751
-851
-951
468
-462
-464
-465
-466
-467
-469
-548
-558
-568
-648
-658
-668
-418
-428
-438
-478
-488
-498
-168
-268
-368
-768
-868
-968
474
-472
-475
-476
-479
-484
-494
-574
-584
-594
-674
-684
-694
-414
-424
-434
-274
-374
-774
-874
-974
512
-511
-513
-514
-515
-516
-517
-518
-519
-412
-422
-432
-522
-532
-612
-622
-632
-542
-552
-562
-572
-582
-592
-112
-212
-312
-712
-812
-912
586
-581
-583
-587
-588
-589
-486
-496
-576
-596
-676
-686
-696
-526
-536
-556
-566
-186
-386
-786
-886
-986
657
-652
-654
-655
-656
-659
666
-662
-664
-665
-667
-669
642
-644
-645
-647
-547
-557
-567
-672
-682
-692
-616
-626
-636
-617
-627
-637
-687
-697
-142
-742
-842
-942
-257
-357
-757
-857
-957
-766
-866
-966
715
-711
-713
-714
-716
-717
-718
-719
-725
-735
-815
-825
-835
-915
-925
-935
-745
-755
-765
-775
-795
-115
-315
-415
-615
732
-731
-733
-734
-736
-737
-738
-739
-722
-822
-832
-922
-932
-752
-762
-772
-782
-792
-132
-232
-332
854
-852
-853
-855
-856
-858
-859
-744
-754
-764
-844
-864
-944
-954
-964
-814
-824
-834
-884
-894
-154
-254
-354
-554
871
-872
-873
-875
-876
-878
-879
-771
-781
-791
-881
-891
-971
-981
-991
-811
-831
-841
-861
-271
-371
-571
-671
916
-911
-913
-914
-917
-918
-919
931
-933
-934
-936
-937
-938
-939
-726
-816
-826
-836
-926
896
-892
-893
-895
-897
-898
-899
-776
-796
-976
-996
756
-753
-758
-759
-956
-941
-961
611
-613
-614
-618
-619
-531
-631
591
-593
-595
-597
-598
-599
-681
-691
-116
-316
-416
741
-747
-748
-761
376
-372
-373
-378
-196
-396
136
-133
-134
-135
-138
-139
-326
-336
426
-425
-427
-429
-436
381
-382
-383
-384
-388
-291
-391
261
-262
-263
-264
-267
-361
367
-362
-363
-364
-365
-317
-327
-337
-767
-867
-967
113
-114
-118
-119
-213
-223
-233
-313
-323
-333
-153
-163
-183
-193
-813
-144
164
-162
-165
-184
-194
544
-545
-564
-524
-534
-145
148
-158
-258
-358
155
-152
-355
-188
-198
-848
-948
958
-952
-953
-955
-959
-928
-978
-988
-998
-555
559
565
-569
-525
-535
-575
-529
-539
-579
-865
845
-847
-945
947
-965
-927
-987
-997
-182
189
-199
192
-272
-292
-392
-279
-299
972
-973
-975
-979
-882
-982
-992
995
-993
-994
-999
862
-863
-869
-962
675
-673
-678
-679
-495
-695
435
-437
-439
-625
-635
325
-322
-324
-328
222
-224
-227
-228
-229
-335
-252
253
352
-353
-273
278
-298
-398
-293
294
393
-394
-214
-234
-218
-238
314
-318
-334
338
818
-817
-819
-728
-828
-838
-888
634
-633
-638
-639
-624
-538
-578
573
-683
-693
-523
-533
537
623
-628
-629
-417
419
-527
528
-489
-499
217
-219
-237
239
-723
-823
-923
833
-837
-839
-883
-773
-778
779
-789
-799
-889
887
-787
-797
-989
727
-724
-729
924
-929
-827
829
-769
763
-963
969
-783
-793
983
-984
482
-487
-492
497
784
-788
-794
798
688
-689
-698
699
