121
-122
-123
-124
-125
-126
-127
-128
-129
-111
-131
-211
-221
-231
-311
-321
-331
-141
-151
-161
-171
-181
-191
-421
-521
-621
-721
-821
-921
132
-133
-134
-135
-136
-137
-138
-139
-112
-212
-222
-232
-312
-322
-332
-142
-152
-162
-172
-182
-192
-432
-532
-632
-732
-832
-932
145
-143
-144
-146
-147
-148
-149
-155
-165
-245
-255
-265
-345
-355
-365
-115
-175
-185
-195
-445
-545
-645
-745
-845
-945
156
-153
-154
-157
-158
-159
-166
-246
-256
-266
-346
-356
-366
-116
-176
-186
-196
-456
-556
-656
-756
-856
-956
233
-234
-235
-236
-237
-238
-239
-113
-213
-223
-313
-323
-333
-243
-253
-263
-273
-283
-293
-433
-533
-633
-733
-833
-933
244
-241
-242
-247
-248
-249
-164
-254
-264
-344
-354
-364
-214
-224
-274
-284
-294
-444
-544
-644
-744
-844
-944
257
-251
-252
-258
-259
-167
-267
-347
-357
-367
-217
-227
-277
-287
-297
-457
-557
-657
-757
-857
-957
358
-351
-352
-353
-359
-168
-268
-348
-368
-318
-328
-338
-378
-388
-398
-458
-558
-658
-758
-858
-958
369
-361
-362
-363
-169
163
-343
-269
-349
-173
-183
-193
-319
-329
-339
-379
-389
-399
-463
-563
-663
-763
-863
-963
-469
-569
-669
-769
-869
-969
425
-422
-423
-424
-426
-427
-428
-429
-415
-435
-515
-525
-535
-615
-625
-635
-455
-465
-475
-485
-495
-225
-325
-725
-825
-925
434
-431
-436
-437
-438
-439
-414
-514
-524
-534
-614
-624
-634
-454
-464
-474
-484
-494
-334
-734
-834
-934
443
-441
-442
-446
-447
-448
-449
-453
-543
-553
-643
-653
-413
-473
-483
-493
-743
-843
-943
452
-451
-459
-462
-542
-552
-562
-642
-652
-662
-412
-472
-482
-492
-752
-852
-952
461
-466
-467
-468
-541
-551
-561
-641
-651
-661
-411
-471
-481
-491
-261
262
341
-342
-272
-282
-292
-371
-381
-391
-741
-841
-941
-761
-861
-961
-762
-862
-962
526
-522
-523
-527
-528
-529
-416
-516
-536
-616
-626
-636
-546
-566
-576
-586
-596
-226
-326
-726
-826
-926
537
-531
-538
-539
-417
-517
-617
-627
-637
-547
-567
-577
-587
-597
-337
-737
-837
-937
571
-572
-573
-574
-575
-578
-579
-581
-591
-671
-681
-691
-511
-271
-771
-871
-971
582
-583
-584
-585
-588
-589
-592
-672
-682
-692
-512
-382
-782
-882
-982
638
-631
-639
611
-612
-613
-618
-619
622
-623
-628
-629
513
-518
-519
-418
419
-479
-489
-499
-593
-648
-668
-678
-688
-698
-711
-811
-911
-713
-813
-913
-119
-219
229
-228
-279
-289
-299
-719
-819
-919
-722
-822
-922
-729
-829
-929
-738
-838
-938
679
-673
-674
-675
-676
-677
-599
-689
-699
-649
-659
-179
-779
-879
-979
683
-684
-685
-686
-687
-693
-383
-783
-883
-983
694
-695
-696
-697
-594
595
-598
-555
-565
-654
655
-665
-664
-755
-855
-955
-194
-394
-794
-894
-994
-295
-395
-795
-895
-995
739
-731
-735
-736
-839
-939
-749
-759
-789
-799
778
-772
-773
-774
-775
-776
-777
-788
-798
-878
-888
-898
-978
-988
-998
-718
-728
-748
-768
-178
-278
-478
787
-781
-784
-785
-786
-797
-877
-887
-897
-977
-987
-997
-717
-727
-747
-767
-187
-387
-487
831
-835
-836
-931
-851
-881
-891
842
-846
-847
-848
-849
-742
746
-942
-766
-866
-946
-966
-716
-796
-812
-872
-892
-646
647
666
-667
-947
853
-854
-859
-753
-953
-823
-873
-893
864
-865
-867
-868
-754
751
-951
-764
765
-954
959
-964
-965
967
-968
948
-949
-791
-715
-814
-824
-874
-884
-917
-927
-918
-928
-989
-999
828
-827
817
-815
-816
-818
-117
-317
327
-324
-377
-397
-548
549
568
-564
554
-559
875
-876
-885
-975
-985
-275
276
-286
-296
-376
-386
-396
-216
-375
-476
477
-497
-976
-177
174
-184
-374
-384
385
-285
197
-198
-199
189
-188
-114
118
314
-315
-316
336
-335
215
-218
-714
712
-912
-792
793
-973
-993
-723
724
923
-924
-914
-915
916
935
-936
-986
-996
373
-372
392
-393
972
-974
-992
991
-981
984
281
-288
-291
298
488
-486
496
-498
886
-889
-896
899
