146
-141
-142
-143
-144
-145
-147
-148
-149
-156
-166
-246
-256
-266
-346
-356
-366
-116
-126
-136
-176
-186
-196
-446
-546
-646
-746
-846
-946
181
-182
-183
-184
-185
-187
-188
-189
-171
-191
-271
-281
-291
-371
-381
-391
-111
-121
-131
-151
-161
-481
-581
-681
-781
-881
-981
214
-211
-212
-213
-215
-216
-217
-218
-219
-114
-124
-134
-224
-234
-314
-324
-334
-244
-254
-264
-274
-284
-294
-414
-514
-614
-714
-814
-914
222
-221
-223
-225
-226
-227
-228
-229
-112
-122
-132
-232
-312
-322
-332
-242
-252
-262
-272
-282
-292
-422
-522
-622
-722
-822
-922
318
-311
-313
-315
-316
-317
-319
-118
-128
-138
-238
-328
-338
-348
-358
-368
-378
-388
-398
-418
-518
-618
-718
-818
-918
425
-421
-423
-424
-426
-427
-428
-429
-415
-435
-515
-525
-535
-615
-625
-635
-445
-455
-465
-475
-485
-495
-125
-325
-725
-825
-925
454
-451
-452
-453
-456
-457
-458
-459
-444
-464
-544
-554
-564
-644
-654
-664
-434
-474
-484
-494
-154
-354
-754
-854
-954
478
-471
-472
-473
-476
-477
-479
-488
-498
-578
-588
-598
-678
-688
-698
-438
-448
-468
-178
-278
-778
-878
-978
539
-531
-532
-533
-534
-536
-537
-538
-419
-439
-519
-529
-619
-629
-639
-549
-559
-569
-579
-589
-599
-139
-239
-339
-739
-839
-939
552
-551
-553
-555
-556
-557
-558
-442
-462
-542
-562
-642
-652
-662
-512
-572
-582
-592
-152
-352
-752
-852
-952
631
-632
-633
-634
-636
-637
-638
-411
-431
-511
-521
-611
-621
-641
-651
-661
-671
-691
-231
-331
321
-323
-326
-327
-329
-341
-351
-361
-721
-821
-921
-731
-831
-931
741
-742
-743
-744
-745
-747
-748
-749
-751
-761
-841
-851
-861
-941
-951
-961
-711
-771
-791
-241
-441
-541
251
-253
-255
-257
-258
-259
-261
766
-762
-763
-764
-765
-767
-768
-769
-756
-856
-866
-956
-966
-716
-726
-736
-776
-786
-796
656
-653
-655
-657
-658
-659
-466
-566
-666
-616
-626
-676
-686
-696
797
-792
-793
-794
-795
-798
-799
-777
-787
-877
-887
-897
-977
-987
-997
-717
-727
-737
-757
-197
-297
-397
-497
-597
-697
813
-811
-812
-815
-816
-817
-819
911
-912
-913
-915
-916
-917
-919
-713
-723
-733
-823
-833
-923
-933
-843
-853
-863
-873
-883
-893
-971
-991
-113
-413
-513
-613
874
-871
-872
-875
-876
-879
891
-892
-894
-895
-896
-898
-899
-774
-784
-884
-974
-984
-994
-824
-834
-844
-864
571
-573
-574
-575
-576
-577
-491
-591
461
-463
-467
-469
-561
-174
-374
-674
949
-942
-943
-944
-945
-947
-948
964
-962
-963
-965
-967
-968
-969
-759
-849
-859
-869
-959
-924
-934
-929
-979
-989
-999
734
-732
-735
-738
-724
344
-342
-343
-345
-347
-349
-164
-364
194
-192
-193
-195
-198
-199
-384
-394
842
-845
-847
-848
-862
-832
-882
-249
-449
-649
669
-663
-665
-667
-668
-679
-689
-699
-169
-269
-369
-594
-694
-115
715
-712
-719
932
-935
-936
-937
-938
-835
-755
-775
-785
-972
-982
-992
119
-117
-129
-159
359
-353
-355
-357
-179
-379
-389
-399
-432
838
-836
-837
-728
729
-828
-928
-829
-779
-789
889
-885
-886
-888
826
-827
-926
927
-858
-868
-957
-526
-127
123
-133
-233
-333
-153
-163
-173
-523
-623
433
-436
-437
-443
447
-547
-567
-647
-483
-493
-417
-487
-527
-627
-247
279
-273
-275
-276
-277
-289
-299
-489
499
-492
-496
135
-137
-235
-335
-155
-165
-175
157
-158
-167
-267
-367
-177
172
-372
-382
-392
-162
168
362
-363
-365
-248
-268
-857
855
-865
867
-955
-568
-672
-772
773
782
-783
-788
-973
-983
-993
-753
758
953
-958
-373
-673
-482
486
-586
-596
412
-416
-612
617
516
-517
587
-583
-584
-585
684
-682
-683
-685
-687
692
-693
-695
593
-595
675
-677
-543
-563
565
643
-645
-648
-545
548
524
-528
-624
628
-243
245
263
-265
-283
-293
-285
-295
-375
-975
976
-986
-996
-376
377
-287
-387
237
-236
336
-337
-386
-396
383
-385
-393
395
985
-988
-995
998
-286
288
296
-298
