173
-171
-172
-174
-175
-176
-177
-178
-179
-183
-193
-273
-283
-293
-373
-383
-393
-113
-123
-133
-143
-153
-163
-473
-573
-673
-773
-873
-973
231
-232
-233
-234
-235
-236
-237
-238
-239
-111
-121
-131
-211
-221
-311
-321
-331
-241
-251
-261
-271
-281
-291
-431
-531
-631
-731
-831
-931
242
-243
-244
-245
-246
-247
-248
-249
-142
-152
-162
-252
-262
-342
-352
-362
-212
-222
-272
-282
-292
-442
-542
-642
-742
-842
-942
264
-263
-265
-266
-267
-268
-269
-144
-154
-164
-254
-344
-354
-364
-214
-224
-274
-284
-294
-464
-564
-664
-764
-864
-964
343
-341
-345
-346
-347
-348
-349
-253
-353
-363
-313
-323
-333
-443
-543
-643
-743
-843
-943
388
-381
-382
-384
-385
-386
-387
-389
-188
-198
-278
-288
-298
-378
-398
-318
-328
-338
-358
-368
-488
-588
-688
-788
-888
-988
397
-391
-392
-394
-395
-396
-399
-187
-197
-277
-287
-297
-377
-317
-327
-337
-357
-367
-497
-597
-697
-797
-897
-997
479
-471
-472
-474
-475
-476
-477
-478
-489
-499
-579
-589
-599
-679
-689
-699
-419
-429
-439
-449
-459
-469
-279
-379
-779
-879
-979
538
-532
-533
-534
-535
-536
-537
-539
-418
-428
-438
-518
-528
-618
-628
-638
-548
-558
-568
-578
-598
-138
-738
-838
-938
547
-541
-544
-545
-546
-549
-447
-457
-467
-557
-567
-647
-657
-667
-517
-527
-577
-587
-147
-747
-847
-947
561
-562
-563
-565
-566
-569
-441
-451
-461
-551
-641
-651
-661
-511
-521
-571
-581
-591
-161
-361
-761
-861
-961
582
-583
-584
-585
-586
-482
-492
-572
-592
-672
-682
-692
-512
-522
-552
-182
-782
-882
-982
639
-632
-633
-634
-635
-636
-637
-519
-529
-619
-629
559
-553
-554
-555
-556
-649
-659
-669
-139
-339
-739
-839
-939
-159
-259
-359
-759
-859
-959
655
-652
-653
-654
-656
-658
-445
-455
-465
-645
-665
-615
-625
-675
-685
-695
-155
-255
-355
-755
-855
-955
736
-732
-733
-734
-735
-737
-716
-726
-816
-826
-836
-916
-926
-936
-746
-756
-766
-776
-786
-796
-136
-336
-436
767
-762
-763
-765
-768
-769
-757
-857
-867
-957
-967
-717
-727
-777
-787
-167
795
-791
-792
-793
-794
-798
-799
-775
-785
-875
-885
-895
-975
-985
-995
-715
-725
-745
-195
-295
-495
-595
828
-821
-822
-823
-824
-825
-827
-829
-718
-728
-818
-918
-928
-848
-858
-868
-878
-898
-128
-228
832
-833
-834
-835
-837
-712
-722
-812
-912
-922
-932
-852
-862
-872
-892
-132
-332
-432
899
-891
-893
-894
-896
-789
-889
-989
-999
-819
-849
-869
-199
-299
296
-186
-196
-276
275
-185
-285
-375
-286
289
-376
-189
-215
-225
-216
-226
-256
-219
-229
-575
485
-481
-483
-484
-486
-487
-415
-425
-435
-496
-596
-696
-996
962
-963
-965
-966
-968
-969
-752
-952
772
-771
-774
-778
-972
-992
452
-453
-454
-456
-458
-462
-662
-412
-422
-372
192
-191
-194
-112
-122
977
-971
-974
-976
-978
-877
-887
-987
998
-991
-993
-994
817
-811
-813
-814
-815
-917
-927
-937
-948
-958
-117
-217
-417
-617
-677
687
-681
-683
-684
-686
-627
678
-671
-674
-676
576
-574
-498
-698
-516
-526
-648
-668
-876
983
-981
-984
-986
-783
-883
886
-881
-884
-846
-856
-866
-913
-923
-933
-953
433
-434
-437
-413
-423
-513
-523
-613
-623
427
-421
-424
-426
-463
663
-666
-493
593
-594
-693
-127
-227
223
-213
218
137
-134
-135
-118
-157
257
-258
713
-711
-714
-719
-723
-753
853
-851
-854
-863
865
-845
-945
145
-141
-146
-148
-149
-165
-365
-115
-125
-114
116
-119
-126
-316
-326
-156
-166
-416
-616
626
-621
-622
-624
612
-611
-614
411
-414
-491
494
691
-694
-444
644
-646
-911
-312
322
-324
-325
-329
-744
-844
841
-741
-751
-941
-951
-871
874
781
-784
-721
921
-924
-925
-929
525
-524
514
-515
-314
-914
-944
371
-374
-181
184
151
-158
-351
356
-366
369
168
-169
-124
129
334
-335
315
-319
-915
919
935
-934
724
-729
-754
758
954
-956
946
-949
-748
749
-446
448
466
-468
