124
-121
-122
-123
-125
-126
-127
-128
-129
-114
-134
-214
-224
-234
-314
-324
-334
-144
-154
-164
-174
-184
-194
-424
-524
-624
-724
-824
-924
177
-171
-172
-173
-175
-176
-178
-179
-187
-197
-277
-287
-297
-377
-387
-397
-117
-137
-147
-157
-167
-477
-577
-677
-777
-877
-977
256
-251
-252
-253
-254
-255
-257
-258
-259
-146
-156
-166
-246
-266
-346
-356
-366
-216
-226
-236
-276
-286
-296
-456
-556
-656
-756
-856
-956
275
-271
-272
-273
-274
-278
-279
-185
-195
-285
-295
-375
-385
-395
-215
-225
-235
-245
-265
-475
-575
-675
-775
-875
-975
322
-321
-323
-325
-326
-327
-328
-329
-112
-132
-212
-222
-232
-312
-332
-342
-352
-362
-372
-382
-392
-422
-522
-622
-722
-822
-922
348
-341
-343
-344
-345
-347
-349
-148
-158
-168
-248
-268
-358
-368
-318
-338
-378
-388
-398
-448
-548
-648
-748
-848
-948
416
-411
-412
-413
-414
-415
-417
-418
-419
-426
-436
-516
-526
-536
-616
-626
-636
-446
-466
-476
-486
-496
-116
-316
-716
-816
-916
457
-451
-452
-453
-454
-455
-458
-459
-447
-467
-547
-557
-567
-647
-657
-667
-427
-437
-487
-497
-357
-757
-857
-957
582
-581
-583
-584
-585
-586
-587
-588
-589
-472
-482
-492
-572
-592
-672
-682
-692
-512
-532
-542
-552
-562
-182
-282
-782
-882
-982
689
-681
-683
-684
-685
-686
-687
-688
-479
-489
-499
-579
-599
-679
-699
-619
-629
-639
-649
-659
-669
-189
-289
-389
-789
-889
-989
717
-711
-712
-713
-714
-715
-718
-719
-727
-737
-817
-827
-837
-917
-927
-937
-747
-767
-787
-797
-217
-317
-517
-617
778
-771
-772
-773
-774
-776
-779
-788
-798
-878
-888
-898
-978
-988
-998
-728
-738
-758
-768
-478
-578
-678
791
-792
-793
-794
-795
-796
-799
-781
-871
-881
-891
-971
-981
-991
-721
-731
-741
-751
-761
-191
-291
-391
-491
-591
-691
833
-831
-832
-834
-835
-836
-838
-839
-723
-733
-813
-823
-913
-923
-933
-843
-853
-863
-873
-883
-893
-133
-233
-333
-433
-533
-633
842
-841
-844
-845
-846
-847
-849
-742
-752
-762
-852
-862
-942
-952
-962
732
-734
-735
-736
-739
-812
-912
-932
-872
-892
612
-611
-613
-614
-615
-618
-432
-632
-642
-652
-662
-142
-242
-442
462
-461
-463
-464
-465
-468
-469
152
-151
-153
-155
-159
-162
-262
-192
292
-293
-294
-298
-299
972
-973
-974
-976
-979
-992
869
-861
-864
-865
-866
-867
-868
-749
-759
-769
-859
-949
-959
-969
729
-725
-726
-819
-829
-919
-929
-939
-879
-899
999
-993
-994
-995
-996
-997
-229
-429
-529
-169
-269
-369
-569
379
-371
-373
-374
-376
-199
-399
-319
-339
-359
559
-551
-553
-554
-555
-558
-449
-549
439
-431
-434
-435
-438
-519
-539
-139
-239
944
-941
-943
-945
-946
-947
-744
-754
-764
-854
-954
-964
967
-961
-963
-965
-966
-968
784
-783
-785
-786
983
-984
-985
-986
-987
-874
876
-884
-894
-886
-896
814
-811
-815
-818
-914
-934
-826
-953
-514
926
-921
-925
-928
-936
-244
-444
-544
-644
247
-241
-243
-249
-267
-367
149
-141
-143
-145
-119
219
-211
-213
-218
-227
-237
337
-331
-335
-336
136
-131
-135
-138
-186
-196
-537
-637
-576
-676
-183
-283
-383
-483
-284
264
-261
-263
-354
-364
223
-221
-228
-113
-313
513
-511
-515
-518
-423
-523
-623
-543
-563
-573
-593
654
-651
-653
-655
-658
-564
-664
-634
534
-531
-535
-538
-574
571
-471
-481
-671
-521
-541
-561
-594
-674
673
-473
474
-493
-693
-484
-494
-694
443
-441
-445
-643
-663
421
-425
-428
-621
-631
-821
851
-855
-858
-951
958
-955
828
-825
-918
-938
118
-111
-115
315
-311
231
-238
165
-161
-163
-355
-365
181
-188
-281
288
-381
-198
193
-393
911
-915
-931
935
-528
-628
638
-635
-668
568
-565
-566
-598
-698
641
-645
-646
-661
-743
-351
353
361
-363
-753
755
763
-765
-766
-745
746
545
-546
-665
666
-525
527
625
-627
-595
596
-597
-696
697
-695
-384
386
394
-396
887
-885
895
-897
485
-488
-495
498
