145
-141
-142
-143
-144
-146
-147
-148
-149
-155
-165
-245
-255
-265
-345
-355
-365
-115
-125
-135
-175
-185
-195
-445
-545
-645
-745
-845
-945
152
-151
-153
-154
-156
-157
-158
-159
-162
-242
-252
-262
-342
-352
-362
-112
-122
-132
-172
-182
-192
-452
-552
-652
-752
-852
-952
161
-163
-164
-166
-167
-168
-169
-241
-251
-261
-341
-351
-361
-111
-121
-131
-171
-181
-191
-461
-561
-661
-761
-861
-961
187
-183
-184
-186
-188
-189
-177
-197
-277
-287
-297
-377
-387
-397
-117
-127
-137
-487
-587
-687
-787
-887
-987
236
-231
-232
-233
-234
-235
-237
-238
-239
-116
-126
-136
-216
-226
-316
-326
-336
-246
-256
-266
-276
-286
-296
-436
-536
-636
-736
-836
-936
247
-243
-244
-248
-249
-257
-267
-347
-357
-367
-217
-227
-447
-547
-647
-747
-847
-947
274
-271
-272
-273
-275
-278
-279
-174
-194
-284
-294
-374
-384
-394
-214
-224
-254
-264
-474
-574
-674
-774
-874
-974
281
-282
-283
-285
-288
-289
-291
-371
-381
-391
-211
-221
-481
-581
-681
-781
-881
-981
328
-321
-322
-323
-324
-325
-327
-329
-118
-128
-138
-218
-228
-318
-338
-348
-358
-368
-378
-388
-398
-428
-528
-628
-728
-828
-928
383
-382
-385
-386
-389
-173
-193
-293
-373
-393
-313
-333
-343
-353
-363
-483
-583
-683
-783
-883
-983
429
-421
-422
-423
-424
-425
-426
-427
-419
-439
-519
-529
-539
-619
-629
-639
-449
-459
-469
-479
-489
-499
-129
-229
-729
-829
-929
467
-462
-463
-464
-465
-466
-468
-457
-557
-567
-657
-667
-417
-437
-477
-497
-767
-867
-967
493
-491
-492
-494
-495
-496
-498
-473
-573
-593
-673
-693
-413
-433
-443
-453
-793
-893
-993
551
-553
-554
-555
-556
-558
-559
-441
-451
-541
-641
-651
-511
-521
-531
-571
-591
-751
-851
-951
613
-611
-612
-614
-615
-616
-617
-618
-513
-523
-533
-623
-633
-643
-653
-663
-113
-213
-713
-813
-913
644
-642
-646
-648
-649
-444
-454
-544
-564
-654
-664
-624
-634
-684
-694
-344
-744
-844
-944
686
-682
-685
-688
-689
-476
-486
-576
-586
-596
-676
-696
-626
-656
-666
-786
-886
-986
724
-721
-722
-723
-725
-726
-727
-714
-734
-814
-824
-834
-914
-924
-934
-754
-764
-784
-794
-124
123
-133
-223
-823
-923
-524
788
-782
-785
-789
-778
-798
-878
-888
-898
-978
-988
-998
-718
-738
-748
-758
-768
-488
-588
826
-821
-822
-825
-827
-716
-816
-916
-926
-846
-856
-866
-876
-896
-526
838
-831
-832
-833
-835
-837
-839
-818
-918
-938
-848
-858
-868
-438
-538
-638
865
-862
-863
-864
-869
-755
-765
-855
-955
-965
-815
-875
-885
-895
-565
-665
873
-871
-872
-877
-879
-773
-973
-843
-853
922
-921
-925
-927
-712
-732
-812
-912
-932
-942
-962
-972
-982
-992
621
-622
-625
-627
-411
-431
-631
471
-472
-475
-478
-671
-691
-222
225
-215
-315
-335
-295
-522
-525
527
-517
-537
-637
-577
-597
-771
-971
949
-941
-943
-946
-948
-749
-759
-769
-849
-859
-959
-969
-919
-939
-979
-989
-999
-349
346
-356
-366
-376
-396
-446
-546
-746
-549
958
-953
-954
-956
-957
-968
-258
268
-263
-269
253
-259
-298
-753
-458
-658
-568
-668
966
-963
-964
854
-857
-756
757
-766
-717
-737
-777
-797
-884
-894
933
-931
-935
-937
-733
-976
-996
337
-331
-332
-334
-339
311
-312
-314
-317
-319
212
-219
-292
299
-179
-199
-379
-399
-711
-811
-911
731
-735
-739
-741
841
-842
-791
-891
991
-994
-995
-997
984
-985
-412
-512
139
-134
114
-119
-414
-514
-354
359
364
-369
456
-455
655
-659
-566
-416
516
-515
-518
418
-415
-448
442
-542
-562
-662
669
548
-543
563
-569
-432
-482
-578
-598
-635
632
-532
-672
-692
-675
-695
-679
-699
-742
743
762
-763
-772
-792
-484
485
-575
-585
-595
434
-435
-534
535
-584
594
-592
-599
-799
-899
176
-178
-196
198
-776
796
-795
678
-677
697
-698
977
-975
775
-779
-897
892
-882
889
-715
719
915
-917
817
-819
-375
372
-392
395
-572
579
582
-589
