148
-141
-142
-143
-144
-145
-146
-147
-149
-158
-168
-248
-258
-268
-348
-358
-368
-118
-128
-138
-178
-188
-198
-448
-548
-648
-748
-848
-948
195
-191
-192
-193
-194
-196
-197
-199
-175
-185
-275
-285
-295
-375
-385
-395
-115
-125
-135
-155
-165
-495
-595
-695
-795
-895
-995
227
-221
-222
-223
-224
-225
-226
-228
-229
-117
-127
-137
-217
-237
-317
-327
-337
-247
-257
-267
-277
-287
-297
-427
-527
-627
-727
-827
-927
254
-251
-252
-253
-255
-256
-259
-154
-164
-244
-264
-344
-354
-364
-214
-234
-274
-284
-294
-454
-554
-654
-754
-854
-954
321
-322
-323
-324
-325
-326
-328
-329
-111
-121
-131
-211
-231
-311
-331
-341
-351
-361
-371
-381
-391
-421
-521
-621
-721
-821
-921
456
-451
-452
-453
-455
-457
-458
-459
-446
-466
-546
-556
-566
-646
-656
-666
-416
-426
-436
-476
-486
-496
-156
-356
-756
-856
-956
477
-471
-472
-473
-474
-475
-478
-479
-487
-497
-577
-587
-597
-677
-687
-697
-417
-437
-447
-467
-177
-377
-777
-877
-977
481
-482
-483
-484
-485
-488
-489
-491
-571
-581
-591
-671
-681
-691
-411
-431
-441
-461
-181
-281
-781
-881
-981
515
-511
-512
-513
-514
-516
-517
-518
-519
-415
-425
-435
-525
-535
-615
-625
-635
-545
-555
-565
-575
-585
-215
-315
-715
-815
-915
542
-541
-543
-544
-547
-549
-442
-462
-552
-562
-642
-652
-662
-522
-532
-572
-582
-592
-242
-342
-742
-842
-942
613
-611
-612
-614
-616
-617
-618
-619
-413
-423
-433
-523
-533
-623
-633
-643
-653
-663
-673
-683
-693
-113
-213
-313
-713
-813
-913
679
-672
-674
-675
-676
-678
685
-682
-684
-686
-688
-689
-499
-579
-589
-599
-699
-645
-655
-665
-629
-639
-649
-659
-669
-179
-279
-379
-779
-879
-979
-785
-885
-985
718
-711
-712
-714
-716
-717
-719
-728
-738
-818
-828
-838
-918
-928
-938
-758
-768
-778
-788
-798
-218
-318
-418
745
-741
-743
-744
-746
-747
-749
-755
-765
-845
-855
-865
-945
-955
-965
-725
-735
-775
-245
-345
-445
465
-463
-464
-468
-469
355
-352
-353
-357
-359
-265
-365
235
-232
-233
-236
-238
-239
-335
338
-332
-333
-334
-336
-339
-378
-388
-398
-835
-935
-438
-538
-638
763
-761
-762
-764
-766
-767
-769
-753
-843
-853
-863
-943
-953
-963
-723
-733
-773
-783
-793
-163
-263
-363
-563
862
-861
-864
-866
-867
-868
-869
-752
-852
-952
-962
-812
-822
-832
-872
-882
-892
152
-151
-153
-157
-159
-162
-262
-362
-112
-122
-132
-172
-182
553
-551
-557
-558
-559
-443
493
-492
-494
-498
692
-694
-696
-698
-573
-583
-593
428
-422
-424
-429
-528
-628
-622
-632
-292
-392
-792
-992
-293
-393
-893
-993
971
-972
-973
-974
-975
-976
-978
-771
-791
-871
-891
-991
875
-873
-874
-876
-878
-825
925
-922
-923
-924
-926
-929
-911
-931
-941
-951
-961
811
-814
-816
-817
-819
-731
-831
751
-757
-759
-841
-851
917
-912
-914
-916
-919
-737
-837
-937
-947
-957
-967
-987
-997
722
-724
-726
-729
-732
-932
-772
-782
982
-983
-984
-986
-988
-989
883
-884
-886
-887
-888
-889
-823
-833
933
-934
-936
-939
123
-124
-126
-129
-133
-173
-183
432
-434
-439
-412
-651
-171
161
-166
-167
-169
-241
-261
187
-184
-186
-189
-387
-397
641
-644
-647
-561
-661
531
-534
-536
-537
-539
-631
637
-634
-636
567
-564
-568
-569
-657
658
-667
-668
664
-444
449
414
-419
-524
-624
626
-526
529
-114
-314
134
-136
-139
-174
176
-276
-286
-296
-376
-386
-396
-116
119
-219
-319
824
-826
-829
-734
-834
-844
-894
944
-946
-949
-964
-994
-249
-349
-849
857
-858
-859
-847
846
-966
-836
839
736
-739
-776
774
-784
-794
-786
-796
-896
996
-998
-999
898
-897
-899
-246
243
-343
-273
-283
-346
347
-367
-958
959
968
-969
-271
291
-298
-299
373
-372
-374
-383
272
-278
-282
-382
288
-289
-212
216
312
-316
-266
269
366
-369
-574
-576
578
-588
-598
586
-584
594
-596
384
-389
-394
399
-787
789
797
-799
