122
-121
-123
-124
-125
-126
-127
-128
-129
-112
-132
-212
-222
-232
-312
-322
-332
-142
-152
-162
-172
-182
-192
-422
-522
-622
-722
-822
-922
158
-151
-153
-154
-155
-156
-157
-159
-148
-168
-248
-258
-268
-348
-358
-368
-118
-138
-178
-188
-198
-458
-558
-658
-758
-858
-958
169
-161
-163
-164
-165
-166
-167
-149
-249
-259
-269
-349
-359
-369
-119
-139
-179
-189
-199
-469
-569
-669
-769
-869
-969
238
-231
-233
-234
-235
-236
-237
-239
-218
-228
-318
-328
-338
-278
-288
-298
-438
-538
-638
-738
-838
-938
284
-281
-282
-283
-285
-286
-287
-289
-174
-184
-194
-274
-294
-374
-384
-394
-214
-224
-244
-254
-264
-484
-584
-684
-784
-884
-984
314
-311
-313
-315
-316
-317
-319
-114
-134
-324
-334
144
-141
-143
-145
-146
-147
-344
-354
-364
-414
-514
-614
-714
-814
-914
-444
-544
-644
-744
-844
-944
327
-321
-323
-325
-326
-329
-117
-137
-217
-227
-337
-347
-357
-367
-377
-387
-397
-427
-527
-627
-727
-827
-927
346
-341
-342
-343
-345
-246
-256
-266
-356
-366
-336
-376
-386
-396
-446
-546
-646
-746
-846
-946
399
-391
-392
-393
-395
-398
-279
-299
-379
-389
-339
-499
-599
-699
-799
-899
-999
476
-471
-472
-473
-474
-475
-477
-478
-479
-486
-496
-576
-586
-596
-676
-686
-696
-416
-426
-436
-456
-466
-176
-276
-776
-876
-976
485
-481
-482
-483
-487
-488
-489
-495
-575
-585
-595
-675
-685
-695
-415
-425
-435
-445
-455
-465
-185
-385
-785
-885
-985
493
-491
-492
-494
-497
-498
-573
-583
-593
-673
-683
-693
-413
-423
-433
-443
-453
-463
-193
-293
-793
-893
-993
582
-581
-587
-588
-589
-572
-592
-672
-682
-692
-512
-532
-542
-552
-562
-382
-782
-882
-982
613
-611
-612
-615
-616
-617
-618
-619
-513
-523
-533
-623
-633
-643
-653
-663
-113
-213
-713
-813
-913
628
-621
-624
-625
-626
-629
-418
-428
-518
-528
-648
-668
-678
-688
-698
-728
-828
-928
635
-631
-632
-634
-636
-637
-639
-515
-525
-535
-645
-655
-665
-135
-335
-735
-835
-935
717
-711
-712
-715
-716
-718
-719
-737
-817
-837
-917
-937
-747
-757
-767
-777
-787
-797
-417
-517
765
-761
-762
-763
-764
-766
-768
-745
-755
-845
-855
-865
-945
-955
-965
-725
-775
-795
-265
-365
-565
783
-781
-786
-788
-789
-773
-873
-883
-973
-983
-723
-733
-743
-753
-183
-383
794
-791
-792
-796
-798
-774
-874
-894
-974
-994
-724
-734
-754
-594
-694
829
-821
-823
-824
-825
-826
-729
-739
-819
-839
-919
-929
-939
-849
-859
-879
-889
-229
219
-211
-215
-216
-419
-519
-429
-529
878
-871
-872
-875
-877
-778
-888
-898
-978
-988
-998
748
-741
-742
-749
-848
-868
-948
-968
-818
918
-911
-912
-915
-916
-448
468
-461
-462
-464
-467
-548
-568
-378
388
-381
-578
598
-591
-597
941
-942
-943
-947
-949
-751
-841
-851
-861
-951
-961
-921
-931
-971
-981
-991
-241
-441
-541
-641
953
-952
-954
-956
-957
-959
-843
-853
-863
-963
759
-752
-756
-779
833
-831
-832
-834
-836
-923
-933
223
-221
-225
-226
-133
-333
331
-111
-131
136
115
-116
173
-171
-175
-177
-273
-373
-195
-186
-196
296
-291
-292
-295
-297
-243
-253
-263
-351
-361
-371
-815
925
-924
-926
934
-932
-936
895
-891
-892
-896
-897
-975
-995
-964
-431
-531
-731
-434
-534
-536
-736
732
-812
-772
771
-881
-721
726
811
-816
-411
412
-432
-442
-452
-511
516
-526
-556
-566
543
-545
-547
-549
-553
-563
555
-551
-554
-557
-559
245
-242
-247
-255
-355
-275
375
-372
272
-271
-277
-252
-262
-353
352
-362
363
-652
-852
-459
-659
-571
-671
-972
992
-996
-997
-962
986
-987
-989
-886
887
-977
979
-847
842
-862
-857
-867
967
-966
-642
662
-661
-664
-666
-667
656
-651
-654
-657
674
-677
-679
-574
-856
854
-864
866
-454
564
-561
-567
451
-457
-421
424
521
-524
-251
257
261
-267
577
-579
-687
-697
691
-681
689
-537
539
437
-439
-447
449
647
-649
181
-187
-191
197
