136
-131
-132
-133
-134
-135
-137
-138
-139
-116
-126
-216
-226
-236
-316
-326
-336
-146
-156
-166
-176
-186
-196
-436
-536
-636
-736
-836
-936
179
-171
-172
-173
-174
-175
-177
-178
-189
-199
-279
-289
-299
-379
-389
-399
-119
-129
-149
-159
-169
-479
-579
-679
-779
-879
-979
184
-181
-182
-183
-185
-187
-188
-194
-274
-284
-294
-374
-384
-394
-114
-124
-144
-154
-164
-484
-584
-684
-784
-884
-984
229
-221
-222
-223
-224
-225
-227
-228
-219
-239
-319
-329
-339
-249
-259
-269
-429
-529
-629
-729
-829
-929
232
-231
-233
-234
-235
-237
-238
-112
-122
-212
-312
-322
-332
-242
-252
-262
-272
-282
-292
-432
-532
-632
-732
-832
-932
246
-241
-243
-244
-245
-247
-248
-256
-266
-346
-356
-366
-276
-286
-296
-446
-546
-646
-746
-846
-946
251
-253
-254
-255
-257
-258
-141
-151
-161
-261
-341
-351
-361
-211
-271
-281
-291
-451
-551
-651
-751
-851
-951
278
-273
-275
-277
-198
-288
-298
-378
-388
-398
-218
-268
-478
-578
-678
-778
-878
-978
411
-412
-413
-414
-415
-416
-417
-418
-419
-421
-431
-511
-521
-531
-611
-621
-631
-441
-461
-471
-481
-491
-111
-311
-711
-811
-911
426
-422
-423
-424
-425
-427
-428
-516
-526
-616
-626
-456
-466
-476
-486
-496
-726
-826
-926
438
-433
-434
-435
-437
-439
-518
-528
-538
-618
-628
-638
-448
-458
-468
-488
-498
-338
-738
-838
-938
444
-442
-443
-445
-447
-449
-454
-464
-544
-554
-564
-644
-654
-664
-474
-494
-344
-744
-844
-944
453
-452
-455
-457
-459
-463
-543
-553
-563
-643
-653
-663
-473
-483
-493
-153
-353
-753
-853
-953
477
-472
-475
-487
-497
-577
-587
-597
-677
-687
-697
-467
-377
-777
-877
-977
524
-522
-523
-525
-527
-514
-534
-614
-624
-634
-574
-594
-324
-724
-824
-924
545
-541
-542
-547
-548
-549
-465
-555
-565
-645
-655
-665
-515
-535
-575
-585
-595
-145
-345
-745
-845
-945
556
-552
-557
-558
-559
-566
-656
-666
-576
-586
-596
-756
-856
-956
727
-721
-722
-723
-725
-728
-717
-737
-817
-827
-837
-917
-927
-937
-747
-757
-767
-787
-797
-127
-327
-627
774
-771
-772
-773
-775
-776
-794
-874
-894
-974
-994
-714
-734
-754
-764
-674
694
-691
-692
-693
-695
-696
-698
-699
795
-791
-792
-793
-796
-798
-799
-785
-875
-885
-895
-975
-985
-995
-715
-735
-755
-765
-195
-295
-395
-495
485
-482
-489
-675
-685
375
-371
-372
-373
-376
-285
-385
-315
-325
-335
-355
-365
815
-812
-813
-814
-816
-818
-819
-825
-835
-915
-925
-935
-855
-865
-115
-215
125
-121
-123
-128
191
-192
-193
-197
-381
-391
-155
-165
265
-263
-264
-267
214
-213
-217
-314
-334
-914
-615
-625
635
-633
-637
-639
955
-952
-954
-957
-958
-959
-965
-591
-891
-991
834
-831
-833
-839
-934
-854
-864
964
-961
-962
-963
-966
-967
-968
-969
354
-352
-357
-358
-359
-364
842
-841
-843
-847
-848
-849
-742
-752
-762
-852
-862
-942
-822
-872
-882
-892
-142
-342
-642
857
-858
-859
-867
-947
-887
-897
-157
-657
873
-871
-876
-783
-883
-893
-973
-983
-993
-823
-863
-573
-673
989
-981
-982
-986
-987
-988
997
-992
-996
-998
-999
-789
-889
-899
869
-861
-866
-868
766
-761
-763
-768
-769
-749
-759
758
-748
-948
-949
-716
916
-912
-913
-918
-919
-786
-718
-788
-976
928
-921
-922
-923
712
-713
-719
-828
821
-731
-931
-782
781
-881
-971
972
-741
743
941
-943
-733
739
933
-939
-512
-612
622
-623
-652
-662
-672
-682
-321
331
-333
-337
323
-328
-113
-313
-343
-363
-383
-393
-533
537
-539
-517
-617
-567
-641
-143
163
-162
-167
-168
152
-158
-362
-658
659
-469
462
-562
-569
-649
-669
-492
499
-589
-599
-689
519
-513
613
-619
-683
349
-347
-348
-369
-572
571
-581
-671
676
-681
-686
688
-588
-598
-561
568
661
-667
-668
647
-648
-147
148
367
-368
117
-118
-317
318
-387
-397
287
-283
293
-297
583
-582
592
-593
382
-386
-392
396
886
-888
-896
898
