149
-141
-142
-143
-144
-145
-146
-147
-148
-159
-169
-249
-259
-269
-349
-359
-369
-119
-129
-139
-179
-189
-199
-449
-549
-649
-749
-849
-949
151
-152
-153
-154
-155
-156
-157
-158
-161
-241
-251
-261
-341
-351
-361
-111
-121
-131
-171
-181
-191
-451
-551
-651
-751
-851
-951
187
-182
-183
-184
-185
-186
-188
-177
-197
-277
-287
-297
-377
-387
-397
-117
-127
-137
-167
-487
-587
-687
-787
-887
-987
215
-211
-212
-213
-214
-216
-217
-218
-219
-115
-125
-135
-225
-235
-315
-325
-335
-245
-255
-265
-275
-285
-295
-415
-515
-615
-715
-815
-915
222
-221
-223
-224
-226
-227
-228
-229
-112
-122
-132
-232
-312
-322
-332
-242
-252
-262
-272
-282
-292
-422
-522
-622
-722
-822
-922
234
-231
-233
-236
-237
-238
-239
-114
-124
-134
-314
-324
-334
-244
-254
-264
-274
-284
-294
-434
-534
-634
-734
-834
-934
364
-362
-363
-365
-366
-367
-368
-164
-344
-354
-374
-384
-394
-464
-564
-664
-764
-864
-964
393
-391
-392
-395
-396
-398
-399
-173
-193
-273
-283
-293
-373
-383
-313
-323
-333
-343
-353
-493
-593
-693
-793
-893
-993
432
-431
-433
-435
-436
-437
-438
-439
-412
-512
-532
-612
-632
-442
-452
-462
-472
-482
-492
-732
-832
-932
453
-454
-455
-456
-457
-458
-459
-443
-463
-543
-553
-563
-643
-653
-663
-413
-423
-473
-483
-253
-753
-853
-953
479
-471
-474
-475
-476
-477
-478
-489
-499
-579
-589
-599
-679
-689
-699
-419
-429
-469
-279
-379
-779
-879
-979
521
-523
-524
-525
-526
-527
-528
-529
-411
-421
-511
-531
-611
-621
-631
-541
-561
-571
-581
-591
-321
-721
-821
-921
582
-583
-584
-585
-586
-588
-572
-592
-672
-682
-692
-542
-552
-562
-382
-782
-882
-982
635
-633
-636
-637
-638
-639
-425
-535
-625
-645
-655
-665
-675
-685
-695
-735
-835
-935
659
-652
-654
-656
-657
-658
-559
-569
-669
-619
-629
-759
-859
-959
677
-671
-673
-674
-676
-678
-497
-577
-597
-697
-617
-627
-647
-667
-777
-877
-977
718
-711
-712
-713
-714
-716
-717
-719
-728
-738
-818
-828
-838
-918
-928
-938
-748
-758
-768
-778
-788
-798
-118
-318
-418
-518
-618
745
-741
-742
-743
-744
-746
-747
-755
-765
-845
-855
-865
-945
-955
-965
-725
-775
-785
-795
-345
-445
-545
873
-871
-872
-874
-875
-876
-878
-773
-783
-883
-973
-983
-813
-823
-833
-843
-863
-573
683
-681
-684
-686
-688
-613
-623
888
-881
-884
-885
-886
-889
-898
-978
-988
-998
-848
-858
-868
-288
-388
-488
896
-891
-892
-894
-895
-897
-899
-776
-786
-796
-976
-986
-996
825
-824
-826
-827
-829
-925
-816
-836
-846
-856
-866
-196
-296
-496
-596
-696
924
-923
-926
-927
-929
-724
-814
-914
-944
-954
-974
-984
-994
-424
-624
956
-952
-957
-958
-756
-766
-946
-966
-916
-936
-256
-356
-556
969
-961
-962
-963
-967
-968
948
-941
-942
-943
-947
763
-761
-762
-767
-769
-869
-723
-733
-919
-939
-989
-999
123
-126
-128
-113
116
-133
-136
138
-316
-326
-336
-328
-338
-163
-166
-176
-168
-178
-198
-416
-516
-616
614
-414
417
-514
-427
-517
-537
-447
-467
-644
-694
-317
-817
-917
-538
243
-246
-247
-248
-263
-348
-448
-548
-648
-162
165
-355
-175
-195
555
-554
-557
-558
-465
-565
-575
-595
-172
174
-194
192
-372
-574
-774
-792
-992
257
-258
-267
-347
-357
-757
-857
358
-352
342
-346
266
-268
-276
-286
-378
-642
662
-661
-666
-668
-842
-862
-466
-566
-271
278
-298
-578
576
-486
-536
-546
736
-731
-737
-739
-726
-376
386
-381
-385
-389
375
-371
-975
281
-289
-291
299
-481
-781
-981
985
-995
-485
484
-494
-594
598
495
-491
-498
691
-698
-444
544
-547
567
-568
468
-461
441
-446
-641
646
426
-428
-626
628
-841
861
-867
847
-844
-811
-831
854
-852
752
-754
-772
771
-791
-971
972
-991
997
-797
727
-729
-837
839
-937
-819
812
-912
-327
329
337
-331
-339
311
-319
-911
913
931
-933
-513
519
533
-539
-784
789
794
-799
