139
-131
-132
-133
-134
-135
-136
-137
-138
-119
-129
-219
-229
-239
-319
-329
-339
-149
-159
-169
-179
-189
-199
-439
-539
-639
-739
-839
-939
155
-151
-152
-153
-154
-156
-157
-158
-145
-165
-245
-255
-265
-345
-355
-365
-115
-125
-175
-185
-195
-455
-555
-655
-755
-855
-955
178
-171
-172
-173
-174
-176
-177
-188
-198
-278
-288
-298
-378
-388
-398
-118
-128
-148
-168
-478
-578
-678
-778
-878
-978
194
-191
-192
-193
-196
-197
-184
-274
-284
-294
-374
-384
-394
-114
-124
-144
-164
-494
-594
-694
-794
-894
-994
251
-252
-253
-254
-256
-257
-258
-259
-141
-161
-241
-261
-341
-351
-361
-211
-221
-231
-271
-281
-291
-451
-551
-651
-751
-851
-951
295
-292
-293
-296
-297
-299
-275
-285
-375
-385
-395
-215
-225
-235
-495
-595
-695
-795
-895
-995
316
-311
-312
-313
-314
-315
-317
-318
-116
-126
-216
-226
-236
-326
-336
-346
-356
-366
-376
-386
-396
-416
-516
-616
-716
-816
-916
325
-321
-322
-323
-324
-327
-328
-335
-425
-525
-625
-725
-825
-925
368
-362
-363
-364
-367
-369
-248
-268
-348
-358
-338
-468
-568
-668
-768
-868
-968
429
-421
-422
-423
-424
-426
-427
-428
-419
-519
-529
-619
-629
-449
-459
-469
-479
-489
-499
-729
-829
-929
431
-432
-433
-434
-435
-436
-437
-438
-411
-511
-521
-531
-611
-621
-631
-441
-461
-471
-481
-491
-331
-731
-831
-931
443
-442
-444
-445
-446
-447
-448
-453
-463
-543
-553
-563
-643
-653
-663
-413
-473
-483
-493
-143
-243
-343
-743
-843
-943
514
-512
-513
-515
-517
-518
-414
-524
-534
-614
-624
-634
-544
-554
-564
-574
-584
-214
-714
-814
-914
592
-591
-593
-596
-597
-598
-599
-472
-482
-492
-572
-582
-672
-682
-692
-522
-532
-542
-552
-562
-392
-792
-892
-992
669
-661
-662
-664
-665
-666
-667
-549
-559
-569
-649
-659
-679
-689
-699
-269
-769
-869
-969
676
-671
-673
-674
-675
-677
-476
-486
-496
-576
-586
-686
-696
-626
-636
-646
-656
-276
-776
-876
-976
681
-683
-684
-685
-687
-688
-571
-581
-691
-641
-181
-381
-781
-881
-981
745
-741
-742
-744
-746
-747
-748
-749
-765
-845
-865
-945
-965
-715
-735
-775
-785
-545
-645
784
-782
-783
-786
-787
-788
-789
-774
-874
-884
-974
-984
-724
-734
-754
-764
474
-475
-477
-484
-454
-464
798
-791
-793
-796
-797
-799
-888
-898
-988
-998
-718
-728
-738
-758
-498
497
-487
-577
-587
-697
-417
-457
-467
-397
-897
-997
-698
693
-573
-583
-613
-623
-633
-393
-893
-993
813
-811
-812
-815
-817
-818
-819
-713
-723
-733
-823
-833
-913
-923
-933
-853
-863
-873
-883
-113
-213
854
-852
-856
-857
-858
-859
-844
-864
-944
-954
-964
-824
-834
-354
-654
644
-642
-647
-648
-244
-344
264
-262
-263
-266
-267
-224
-234
334
-332
-333
-337
924
-921
-922
-926
-927
-928
-934
918
-911
-912
-915
-917
-919
-828
-838
-938
719
-711
-712
-717
-759
-779
848
-841
-842
-846
-847
-849
-948
-958
111
-112
-117
-121
-218
-418
-618
-548
936
-932
-935
-937
835
-832
-836
-837
-726
-736
-826
-875
-885
-946
-956
-966
-986
-996
526
-523
-527
-528
533
-535
-536
-537
-538
-546
-556
-566
-233
-635
615
-612
-617
-415
412
-622
-632
-452
-462
652
-657
-658
-212
217
-127
-227
-237
-247
-277
-287
-352
-752
-952
896
-891
-899
-886
-866
959
-953
-957
-949
-979
-989
-999
991
-771
-871
-971
-941
-961
541
-547
-561
-359
371
-372
-373
-377
-379
-391
399
-279
-289
-389
249
-242
-246
-349
286
-282
-283
-186
146
-142
-147
-166
973
-972
-975
-977
-773
-983
985
-982
-987
-963
-273
272
-182
-382
-222
-232
238
122
-123
223
-228
-162
342
-347
-722
-822
732
-737
-762
-772
777
-877
-887
-727
721
-821
827
-761
861
-862
-867
-757
-767
-627
628
637
-638
-942
947
962
-967
-872
879
882
-889
575
-579
-485
488
-585
-588
589
465
-466
-565
567
456
-458
-557
558
-756
753
-763
766
-353
357
163
-167
-183
187
383
-387
