275
-271
-272
-273
-274
-276
-277
-278
-279
-175
-185
-195
-285
-295
-375
-385
-395
-215
-225
-235
-245
-255
-265
-475
-575
-675
-775
-875
-975
324
-321
-322
-323
-325
-326
-327
-328
-329
-114
-124
-134
-214
-224
-234
-314
-334
-344
-354
-364
-374
-384
-394
-424
-524
-624
-724
-824
-924
338
-331
-332
-333
-335
-336
-337
-339
-118
-128
-138
-218
-228
-238
-318
-348
-358
-368
-378
-388
-398
-438
-538
-638
-738
-838
-938
356
-351
-352
-353
-355
-357
-359
-146
-156
-166
-246
-256
-266
-346
-366
-316
-376
-386
-396
-456
-556
-656
-756
-856
-956
382
-381
-383
-387
-389
-172
-182
-192
-282
-292
-372
-392
-312
-342
-362
-482
-582
-682
-782
-882
-982
439
-431
-432
-433
-434
-435
-436
-437
-419
-429
-519
-529
-539
-619
-629
-639
-449
-459
-469
-479
-489
-499
-139
-239
-739
-839
-939
463
-461
-462
-464
-465
-466
-467
-468
-443
-453
-543
-553
-563
-643
-653
-663
-413
-423
-473
-483
-493
-163
-263
-363
-763
-863
-963
477
-471
-472
-474
-476
-478
-487
-497
-577
-587
-597
-677
-687
-697
-417
-427
-447
-457
-177
-377
-777
-877
-977
517
-511
-512
-513
-514
-515
-516
-518
-527
-537
-617
-627
-637
-547
-557
-567
-117
-217
-317
-717
-817
-917
525
-521
-522
-523
-526
-528
-415
-425
-535
-615
-625
-635
-545
-555
-565
-585
-595
-125
-725
-825
-925
544
-541
-542
-546
-548
-549
-444
-454
-554
-564
-644
-654
-664
-534
-574
-584
-594
-144
-244
-744
-844
-944
562
-561
-566
-568
-569
-442
-452
-552
-642
-652
-662
-532
-572
-592
-162
-262
-762
-862
-962
598
-591
-593
-596
-599
-488
-498
-578
-588
-678
-688
-698
-558
-198
-298
-798
-898
-998
622
-621
-623
-626
-628
-412
-422
-612
-632
492
-491
-494
-495
-496
-672
-692
-122
-222
-722
-822
-922
-792
-892
-992
645
-641
-646
-647
-648
-649
-445
-455
-655
-665
485
-481
-484
-486
-685
-695
414
-411
-416
-418
-614
-634
-714
-814
-914
-145
-345
-745
-845
-945
-785
-885
-985
658
-651
-657
-659
667
-661
-666
-668
-669
446
-441
-448
-458
451
-551
559
-421
-426
428
-618
-579
-589
-728
-828
-928
-746
-846
-946
-151
-251
-751
-851
-951
-158
-258
-758
-858
-958
-159
-259
-759
-859
-959
-167
-267
-367
-767
-867
-967
693
-691
-694
-696
-699
-573
-583
-673
-683
533
-531
-536
-613
-633
-133
-233
-733
-833
-933
-193
-293
-393
-793
-893
-993
752
-753
-754
-755
-757
-742
-842
-852
-942
-952
-712
-732
-772
-152
-252
765
-761
-764
-766
-768
-769
-855
-865
-955
-965
-715
-735
-795
155
-153
-154
-157
-165
-365
-115
-135
315
-311
-313
-319
-815
-915
847
-841
-843
-848
-849
-747
-857
-947
-957
-827
-837
-887
-897
-147
-247
-347
257
-253
-254
-227
-237
-287
-297
397
-391
-399
-187
-197
-797
-997
889
-881
-883
-884
-886
-888
-779
-789
-799
-879
-899
-979
-989
-999
-819
-829
-869
-189
-289
-689
679
-671
-674
-676
684
-681
-686
-179
-379
-184
-284
-784
-984
911
-912
-913
-916
-918
-919
-711
-721
-731
-811
-821
-831
-921
-931
-941
-961
-971
-981
-991
-111
-211
-611
616
631
-636
-116
-216
-716
-816
-131
-231
973
-972
-974
-976
-978
872
-871
-873
-874
-876
-878
-773
-783
-983
-812
-832
932
-934
-935
-936
-937
835
-834
-836
734
-736
-737
-774
-794
-895
995
-994
-996
894
-891
-896
861
-864
-866
-868
-741
966
-964
-968
-969
-854
853
-743
-943
-953
954
-813
818
-718
-823
826
-726
-926
-923
-986
-126
-226
-132
-232
236
-136
137
-127
-286
-296
-161
-261
-361
369
-149
-169
-249
-269
-349
-173
-373
371
-171
-181
-191
-281
-291
-341
343
-143
-243
-571
576
581
-586
-771
174
-176
-178
-194
-294
299
-199
196
-186
-164
168
264
-268
-148
-248
-188
183
-283
288
-113
-123
-219
-229
-776
778
-788
-988
987
-787
727
-723
-729
713
-719
-927
929
-748
749
948
-949
-213
212
-112
119
223
-221
121
-129
-141
142
241
-242
-781
786
791
-796
