123
-121
-122
-124
-125
-126
-127
-128
-129
-113
-133
-213
-223
-233
-313
-323
-333
-143
-153
-163
-173
-183
-193
-423
-523
-623
-723
-823
-923
142
-141
-144
-145
-146
-147
-148
-149
-152
-162
-242
-252
-262
-342
-352
-362
-112
-132
-172
-182
-192
-442
-542
-642
-742
-842
-942
176
-171
-174
-175
-177
-178
-179
-186
-196
-276
-286
-296
-376
-386
-396
-116
-136
-156
-166
-476
-576
-676
-776
-876
-976
215
-211
-212
-214
-216
-217
-218
-219
-115
-135
-225
-235
-315
-325
-335
-245
-255
-265
-275
-285
-295
-415
-515
-615
-715
-815
-915
269
-261
-263
-264
-266
-267
-268
-159
-169
-249
-259
-349
-359
-369
-229
-239
-279
-289
-299
-469
-569
-669
-769
-869
-969
341
-343
-344
-345
-346
-347
-348
-151
-161
-241
-251
-351
-361
-311
-321
-331
-371
-381
-391
-441
-541
-641
-741
-841
-941
446
-443
-444
-445
-447
-448
-449
-456
-466
-546
-556
-566
-646
-656
-666
-416
-426
-436
-486
-496
-246
-746
-846
-946
453
-451
-452
-454
-455
-457
-458
-459
-463
-543
-553
-563
-643
-653
-663
-413
-433
-473
-483
-493
-253
-353
-753
-853
-953
475
-471
-472
-474
-477
-478
-479
-485
-495
-575
-585
-595
-675
-685
-695
-425
-435
-465
-375
-775
-875
-975
511
-512
-513
-514
-516
-517
-518
-519
-411
-421
-431
-521
-531
-611
-621
-631
-551
-561
-571
-581
-591
-111
-711
-811
-911
539
-532
-533
-534
-535
-536
-537
-538
-419
-429
-439
-529
-619
-629
-639
-549
-559
-579
-589
-599
-139
-339
-739
-839
-939
618
-612
-613
-614
-616
-617
633
-632
-634
-635
-636
-637
-638
-418
-428
-438
-528
-628
-673
-683
-693
-648
-658
-668
-678
-688
-698
-118
-318
-718
-818
-918
-733
-833
-933
724
-721
-722
-725
-726
-727
-728
-729
-714
-734
-814
-824
-834
-914
-924
-934
-744
-754
-764
-774
-784
-794
-224
-324
-424
-524
-624
758
-751
-752
-755
-756
-757
-759
-748
-768
-848
-858
-868
-948
-958
-968
-738
-778
-788
-798
-158
-258
-358
-558
812
-813
-816
-817
-819
-712
-732
-822
-832
-912
-922
-932
-852
-862
-872
-882
-892
-312
-412
857
-851
-854
-855
-856
-859
-747
-767
-847
-867
-947
-957
-967
-827
-837
-877
-887
-897
-157
-257
-357
-557
-657
981
-982
-983
-984
-985
-986
-987
-988
-989
-771
-781
-791
-871
-881
-891
-971
-991
-921
-931
-951
-961
651
-652
-654
-655
-659
-461
-661
649
-644
-645
-647
-671
-681
-691
-679
-689
-699
-749
-849
-949
959
-952
-954
-955
-956
-919
-929
-979
-999
552
-554
-555
-462
-562
-662
-522
-572
-582
-592
271
-272
-273
-274
-277
-278
-181
-191
-281
-291
131
-134
-137
-138
-221
-231
821
-825
-826
-828
-829
-731
-831
719
-713
-716
-717
913
-916
-917
761
-762
-763
-765
-766
-861
962
-963
-964
-965
-966
866
-863
-864
-865
-779
-789
-799
-836
-886
-896
-972
-992
-943
-973
-993
316
-314
-317
-319
-226
-236
-326
-336
256
-254
-356
-366
-119
329
-322
-327
-328
-379
-389
-399
363
-364
-365
-367
-368
-243
-373
-383
-393
879
-873
-874
-878
-889
-899
-481
491
-492
-494
-497
-498
-499
489
-482
-484
-487
-488
468
-464
-467
-548
-568
248
-244
-247
167
-164
-165
-168
-117
114
-234
-334
-154
155
354
-355
-184
-194
-185
-195
-187
-197
-228
-238
338
-332
-337
-288
-298
-374
-384
-394
-378
-388
-398
-414
417
434
-432
-437
-427
422
-622
-527
-627
-222
227
232
-237
-282
-292
-287
-297
-927
928
-925
-926
-838
835
-735
-935
-938
-845
-885
-895
-978
-998
547
-544
-545
-567
-667
-577
-587
-597
578
-573
-574
-588
-598
773
-772
-777
-783
-793
-883
-893
-743
745
843
-844
944
-945
-785
-795
995
-994
-996
-997
-974
977
-787
-797
737
-736
936
-937
674
-672
-677
-584
-594
-684
-694
564
-565
-664
665
525
-526
-625
626
-686
-696
372
-377
-382
-392
385
-387
-395
397
687
-682
692
-697
782
-786
-792
796
586
-583
593
-596
283
-284
-293
294
884
-888
-894
898
188
-189
-198
199
