139
-131
-132
-133
-134
-135
-136
-137
-138
-119
-129
-219
-229
-239
-319
-329
-339
-149
-159
-169
-179
-189
-199
-439
-539
-639
-739
-839
-939
157
-151
-152
-153
-154
-155
-156
-158
-147
-167
-247
-257
-267
-347
-357
-367
-117
-127
-177
-187
-197
-457
-557
-657
-757
-857
-957
162
-161
-163
-164
-165
-166
-168
-142
-242
-252
-262
-342
-352
-362
-112
-122
-172
-182
-192
-462
-562
-662
-762
-862
-962
227
-221
-222
-223
-224
-225
-226
-228
-217
-237
-317
-327
-337
-277
-287
-297
-427
-527
-627
-727
-827
-927
248
-241
-243
-244
-245
-246
-249
-148
-258
-268
-348
-358
-368
-218
-238
-278
-288
-298
-448
-548
-648
-748
-848
-948
251
-253
-254
-255
-256
-259
-141
-261
-341
-351
-361
-211
-231
-271
-281
-291
-451
-551
-651
-751
-851
-951
289
-282
-283
-284
-285
-286
-279
-299
-379
-389
-399
-269
-489
-589
-689
-789
-889
-989
335
-331
-332
-333
-334
-336
-338
-115
-125
-215
-235
-315
-325
-345
-355
-365
-375
-385
-395
-435
-535
-635
-735
-835
-935
391
-392
-393
-394
-396
-397
-398
-171
-181
-191
-371
-381
-311
-321
-491
-591
-691
-791
-891
-991
456
-452
-453
-454
-455
-458
-459
-446
-466
-546
-556
-566
-646
-656
-666
-416
-426
-436
-476
-486
-496
-356
-756
-856
-956
467
-461
-463
-464
-465
-468
-469
-447
-547
-567
-647
-667
-417
-437
-477
-487
-497
-767
-867
-967
482
-481
-483
-484
-485
-488
-472
-492
-572
-582
-592
-672
-682
-692
-412
-422
-432
-442
-382
-782
-882
-982
517
-511
-512
-513
-514
-515
-516
-518
-519
-537
-617
-637
-577
-587
-597
-717
-817
-917
531
-532
-533
-534
-536
-538
-411
-421
-431
-521
-611
-621
-631
-541
-561
-571
-581
-731
-831
-931
575
-573
-574
-576
-578
-579
-475
-495
-585
-595
-675
-685
-695
-525
-545
-555
-565
-175
-275
-775
-875
-975
598
-593
-594
-596
-599
-478
-498
-588
-678
-688
-698
-528
-558
-568
-198
-798
-898
-998
622
-623
-624
-625
-626
-628
-629
-522
-612
-632
-642
-652
-322
-722
-822
-922
641
-643
-644
-645
-649
-441
-661
471
-473
-474
-479
-671
-681
-741
-841
-941
-771
-871
-971
658
-653
-654
-655
-659
-668
-618
-638
-758
-858
-958
719
-711
-712
-713
-714
-715
-716
-718
-729
-819
-829
-919
-929
-749
-759
-769
-779
-799
-419
-619
777
-772
-773
-774
-776
-778
-787
-797
-877
-887
-897
-977
-987
-997
-737
-747
-377
387
-383
-384
-386
-388
-677
-687
697
-693
-694
-696
-699
824
-821
-823
-825
-826
-828
-724
-734
-814
-834
-914
-924
-934
-844
-854
-864
-874
-884
-894
-124
-324
-424
-524
859
-852
-853
-855
-849
-869
-949
-959
-969
-879
-899
-359
-559
866
-861
-863
-865
-868
-746
-766
-846
-946
-966
-816
-836
-876
-886
-896
-266
-366
881
-883
-885
-888
-781
-981
-811
947
-942
-943
-944
-945
-847
837
-832
-833
-838
-937
953
-952
-954
-955
-743
-753
-763
-843
-963
-913
-923
-933
-973
-983
-993
-353
354
-144
-264
-344
-364
-314
-374
-553
-554
552
-542
-752
-754
755
-745
-765
-845
842
-742
744
-764
-964
-965
-784
-794
-725
-785
-795
-812
-872
-892
-444
-544
972
-974
-976
-978
-979
-792
-992
999
-994
-995
-996
984
-985
-986
-988
895
-893
732
-733
-736
-738
-912
-932
-815
-232
-272
-372
292
-293
-294
-295
-296
-212
312
-313
-316
-318
265
-263
-145
445
-443
-449
-665
-415
-425
615
-613
-614
-616
-915
925
-921
-926
-928
679
-673
-674
-676
-499
429
-423
-428
-529
-669
-184
-584
564
-563
-569
-664
663
-543
549
-633
-683
-349
369
-363
-684
686
494
-493
583
-586
-414
-434
634
-636
526
-523
-126
-326
-726
-234
-183
-783
185
-186
-188
-195
-786
788
796
-793
873
-878
723
-721
-728
911
-916
-918
-813
818
936
-938
761
-768
-961
968
-111
121
-123
-128
-118
328
-323
178
-173
-174
-176
-378
-418
413
-433
438
-113
-213
233
-236
-273
-373
376
193
-194
-196
274
-276
-143
146
343
-346
114
-116
-214
216
