123
-121
-122
-124
-125
-126
-127
-128
-129
-113
-133
-213
-223
-233
-313
-323
-333
-143
-153
-163
-173
-183
-193
-423
-523
-623
-723
-823
-923
164
-161
-162
-165
-166
-167
-168
-169
-144
-154
-244
-254
-264
-344
-354
-364
-114
-134
-174
-184
-194
-464
-564
-664
-764
-864
-964
236
-231
-232
-234
-235
-237
-238
-239
-116
-136
-216
-226
-316
-326
-336
-246
-256
-266
-276
-286
-296
-436
-536
-636
-736
-836
-936
247
-241
-242
-243
-245
-248
-249
-147
-157
-257
-267
-347
-357
-367
-217
-227
-277
-287
-297
-447
-547
-647
-747
-847
-947
273
-271
-272
-274
-275
-278
-279
-283
-293
-373
-383
-393
-253
-263
-473
-573
-673
-773
-873
-973
312
-311
-314
-315
-317
-318
-319
-112
-132
-212
-222
-322
-332
-342
-352
-362
-372
-382
-392
-412
-512
-612
-712
-812
-912
334
-331
-335
-337
-338
-339
-214
-224
-324
-374
-384
-394
-434
-534
-634
-734
-834
-934
375
-371
-376
-377
-378
-379
-175
-185
-195
-285
-295
-385
-395
-325
-345
-355
-365
-475
-575
-675
-775
-875
-975
399
-391
-396
-397
-398
-179
-189
-199
-289
-299
-389
-329
-349
-359
-369
-499
-599
-699
-799
-899
-999
549
-541
-542
-543
-544
-545
-546
-548
-449
-459
-469
-559
-569
-649
-659
-669
-519
-529
-539
-579
-589
-149
-749
-849
-949
555
-551
-552
-553
-554
-556
-557
-558
-445
-455
-465
-565
-645
-655
-665
-515
-525
-535
-585
-595
-155
-255
-755
-855
-955
566
-561
-562
-563
-567
-568
-446
-456
-466
-646
-656
-666
-516
-526
-576
-586
-596
-366
-766
-866
-966
581
-582
-583
-584
-587
-588
-471
-481
-491
-571
-591
-671
-681
-691
-511
-521
-531
-181
-281
-381
-781
-881
-981
629
-621
-622
-624
-625
-626
-627
-628
-419
-429
-439
-619
-639
-679
-689
-229
-729
-829
-929
632
-631
-633
-635
-637
-638
-422
-432
-522
-532
-642
-652
-662
-672
-682
-692
-732
-832
-932
654
-651
-653
-657
-658
-444
-454
-644
-614
-674
-684
-694
-754
-854
-954
697
-693
-695
-696
-698
-477
-487
-497
-577
-597
-677
-687
-617
-667
-197
-797
-897
-997
857
-851
-852
-853
-856
-858
-859
-757
-767
-867
-957
-967
-817
-827
-837
-877
-887
-457
467
-461
-462
-463
-468
-417
-427
-437
883
-882
-884
-885
-886
-888
-889
-783
-793
-893
-983
-993
-813
-833
-843
-863
-483
-683
892
-891
-894
-895
-896
-898
-772
-782
-792
-872
-972
-982
-992
-822
-842
-862
-192
-292
-492
-592
572
-574
-578
-472
-482
-172
911
-913
-914
-915
-916
-917
-918
-919
-711
-721
-731
-811
-821
-831
-921
-931
-941
-951
-961
-971
-991
-111
-211
-411
-611
938
-933
-935
-937
-939
-718
-728
-738
-818
-828
-838
-928
-948
-958
-968
-978
-988
-998
-138
-438
-538
952
-953
-956
-959
-742
-752
-762
-942
-962
722
-724
-725
-726
-727
-922
-152
-252
-452
442
-441
-443
-448
-142
262
-261
-265
-268
-269
145
-141
-146
-148
182
-186
-187
-188
-282
-115
-135
-745
-845
-945
977
-974
-976
-979
-777
-787
-987
-927
-177
387
-386
-388
-327
527
-524
-528
-517
-537
533
-413
-433
-513
-613
-593
493
-494
-495
-496
-498
-453
713
-714
-715
-716
-717
-719
-733
737
-735
-739
-743
-753
-763
117
-118
-119
-137
353
-351
-356
-358
-343
-363
346
-341
-348
-156
-746
-846
-946
756
-751
-758
-759
-776
-786
-796
-131
139
-219
-159
259
-251
-258
819
-814
-815
-816
-839
835
-825
-925
-865
-869
-879
431
-435
-421
-451
458
-648
-668
-418
-428
-478
-488
151
-158
-361
368
-171
-191
291
-294
-298
284
-288
-221
321
-328
228
-225
215
-218
-415
-615
425
-424
-426
-485
685
-686
-688
-768
-868
861
-741
-761
-841
-871
641
-643
-661
663
943
-944
-963
771
-774
-778
-779
-791
479
-474
-476
-489
874
-876
-878
-784
-794
-984
-994
744
-748
-844
848
-824
826
924
-926
-484
486
594
-598
-676
678
414
-416
-514
518
616
-618
176
-178
-196
198
-785
-985
-986
989
996
-995
795
-798
788
-789
-765
769
965
-969
