132
-131
-133
-134
-135
-136
-137
-138
-139
-112
-122
-212
-222
-232
-312
-322
-332
-142
-152
-162
-172
-182
-192
-432
-532
-632
-732
-832
-932
166
-161
-163
-164
-165
-167
-168
-169
-146
-156
-246
-256
-266
-346
-356
-366
-116
-126
-176
-186
-196
-466
-566
-666
-766
-866
-966
177
-171
-173
-174
-175
-178
-179
-187
-197
-277
-287
-297
-377
-387
-397
-117
-127
-147
-157
-477
-577
-677
-777
-877
-977
225
-221
-223
-224
-226
-227
-228
-229
-115
-125
-215
-235
-315
-325
-335
-245
-255
-265
-275
-285
-295
-425
-525
-625
-725
-825
-925
248
-241
-242
-243
-244
-247
-249
-148
-158
-258
-268
-348
-358
-368
-218
-238
-278
-288
-298
-448
-548
-648
-748
-848
-948
254
-251
-252
-253
-257
-259
-144
-154
-264
-344
-354
-364
-214
-234
-274
-284
-294
-454
-554
-654
-754
-854
-954
267
-261
-262
-263
-269
-347
-357
-367
-217
-237
-467
-567
-667
-767
-867
-967
283
-281
-282
-286
-289
-183
-193
-273
-293
-373
-383
-393
-213
-233
-483
-583
-683
-783
-883
-983
386
-381
-382
-384
-385
-388
-389
-276
-296
-376
-396
-316
-326
-336
-486
-586
-686
-786
-886
-986
457
-451
-452
-453
-455
-456
-458
-459
-447
-547
-557
-647
-657
-417
-427
-437
-487
-497
-757
-857
-957
491
-492
-493
-494
-495
-496
-498
-499
-471
-481
-571
-581
-591
-671
-681
-691
-411
-421
-431
-441
-461
-191
-291
-391
-791
-891
-991
515
-511
-512
-513
-514
-516
-517
-518
-519
-415
-435
-535
-615
-635
-545
-555
-565
-575
-585
-595
-715
-815
-915
541
-542
-543
-544
-546
-549
-551
-561
-641
-651
-661
-521
-531
-141
-341
-741
-841
-941
562
-563
-564
-568
-569
-442
-462
-552
-642
-652
-662
-522
-572
-582
-592
-362
-762
-862
-962
594
-593
-596
-597
-598
-599
-474
-484
-574
-584
-674
-684
-694
-524
-534
-194
-394
-794
-894
-994
618
-611
-612
-613
-614
-616
-617
-619
-418
-428
-438
-528
-538
-628
-638
-658
-668
-678
-688
-698
-118
-318
-718
-818
-918
659
-653
-655
-656
-449
-469
-559
-649
-669
-629
-639
-679
-689
-699
-159
-359
-759
-859
-959
729
-721
-722
-723
-724
-726
-727
-728
-719
-739
-819
-829
-839
-919
-929
-939
-749
-769
-779
-789
-799
-129
-329
-429
-529
826
-821
-822
-823
-824
-827
-828
-716
-736
-816
-836
-916
-926
-936
-846
-856
-876
-896
-426
-526
-626
842
-843
-844
-845
-847
-849
-742
-752
-852
-942
-952
-812
-872
-882
-892
-342
352
-351
-353
-355
-372
-392
858
-851
-853
-855
-758
-768
-868
-958
-968
-838
-878
-888
-898
-558
468
-463
-464
-465
-478
-488
863
-861
-864
-865
-869
-743
-753
-763
-943
-953
-963
-813
-833
-873
-893
-363
-663
887
-881
-884
-885
-889
-787
-797
-897
-987
-997
-817
-837
-587
-687
697
-692
-693
-695
-696
-627
-637
933
-931
-934
-935
-937
-938
-713
-733
-913
-923
-973
-993
-333
-433
-533
-633
793
-792
-795
-796
-798
-773
996
-992
-995
-998
-999
-776
-976
-946
-956
292
-299
-272
945
-944
-947
-949
-745
-755
-765
-955
951
-751
756
-761
764
-961
-744
-964
-965
969
-746
747
-714
-734
-774
-784
-717
-737
-911
-921
-971
-981
-975
-985
-979
-989
-145
-345
-445
-645
665
-664
-675
-685
682
-472
-482
-672
-622
-151
361
-365
-369
155
-153
-185
-195
-311
-321
-331
-371
553
-556
-443
-643
-523
527
-537
-573
-327
-927
917
-912
-914
-317
337
-334
-338
-339
738
-731
-735
835
-831
-834
-928
-778
-788
-875
-895
899
-879
-782
-982
395
-398
-399
-375
198
-199
-188
-378
-128
328
-323
-324
972
-974
-978
-772
988
-984
874
-871
712
-711
811
-814
-922
924
-111
-211
-412
422
-423
-424
-124
-624
-374
379
184
-181
-189
271
-279
121
-123
-231
-114
314
-313
-319
113
-119
-143
149
343
-349
-413
623
-621
631
-634
-636
473
-475
-476
-479
-673
676
485
-489
-576
536
-539
-416
-436
446
-444
644
-646
-414
419
434
-439
216
-219
-236
239
-771
775
781
-785
578
-579
-588
589
