121
-122
-123
-124
-125
-126
-127
-128
-129
-111
-131
-211
-221
-231
-311
-321
-331
-141
-151
-161
-171
-181
-191
-421
-521
-621
-721
-821
-921
186
-182
-183
-184
-185
-187
-188
-189
-176
-196
-276
-286
-296
-376
-386
-396
-116
-136
-146
-156
-166
-486
-586
-686
-786
-886
-986
217
-212
-213
-214
-215
-216
-218
-219
-117
-137
-227
-237
-317
-327
-337
-247
-257
-267
-277
-287
-297
-417
-517
-617
-717
-817
-917
226
-222
-223
-224
-225
-228
-229
-236
-316
-326
-336
-246
-256
-266
-426
-526
-626
-726
-826
-926
279
-271
-272
-273
-274
-275
-278
-179
-199
-289
-299
-379
-389
-399
-239
-249
-259
-269
-479
-579
-679
-779
-879
-979
281
-282
-283
-284
-285
-288
-291
-371
-381
-391
-241
-251
-261
-481
-581
-681
-781
-881
-981
293
-292
-294
-295
-298
-173
-193
-373
-383
-393
-233
-243
-253
-263
-493
-593
-693
-793
-893
-993
334
-332
-333
-335
-338
-339
-114
-134
-234
-314
-324
-344
-354
-364
-374
-384
-394
-434
-534
-634
-734
-834
-934
341
-342
-343
-345
-346
-347
-348
-349
-351
-361
-441
-541
-641
-741
-841
-941
353
-352
-355
-356
-357
-358
-359
-143
-153
-163
-363
366
-362
-365
-367
-368
-369
-313
-323
-453
-553
-653
-753
-853
-953
-466
-566
-666
-766
-866
-966
412
-411
-413
-414
-415
-416
-418
-419
-422
-432
-512
-522
-532
-612
-622
-632
-442
-452
-462
-472
-482
-492
-112
-312
-712
-812
-912
476
-471
-473
-474
-475
-477
-478
-496
-576
-596
-676
-696
-436
-446
-456
-776
-876
-976
484
-483
-485
-487
-488
-489
-494
-574
-584
-594
-674
-684
-694
-424
-444
-454
-464
-784
-884
-984
518
-511
-513
-514
-515
-516
-519
-428
-438
-528
-538
-618
-628
-638
-548
-558
-568
-578
-588
-598
-118
-318
-718
-818
-918
544
-542
-543
-545
-546
-547
-549
-554
-564
-644
-654
-664
-524
-144
-244
-744
-844
-944
599
-591
-592
-595
-597
-499
-589
-689
-699
-529
-539
-559
-569
-799
-899
-999
623
-624
-625
-627
-629
-423
-433
-523
-533
-613
-633
614
-611
-615
-616
-619
-643
-663
-673
-683
-714
-814
-914
-723
-823
-923
637
-631
-635
-636
-639
536
-531
-535
-537
431
-435
-437
-439
-427
-527
525
-425
429
-451
-461
-491
-449
-459
-469
-555
-565
-575
-585
-556
-647
-657
-667
-677
-687
-697
-325
-725
-825
-925
-329
319
-315
-119
-139
-719
-819
-919
-729
-829
-929
-731
-831
-931
-736
-836
-936
-737
-837
-937
695
-691
-692
-698
-495
-675
-685
-645
-655
-665
-195
-395
-795
-895
-995
752
-751
-754
-755
-756
-757
-758
-759
-742
-762
-842
-852
-862
-942
-952
-962
-722
-732
-772
-782
-792
-152
-252
-552
-652
769
-761
-763
-764
-765
-767
-768
-749
-849
-859
-869
-949
-959
-969
-739
-789
-169
-669
778
-771
-773
-774
-775
-777
-788
-798
-878
-888
-898
-978
-988
-998
-728
-738
-748
-178
-378
-678
813
-811
-815
-816
-713
-733
735
-833
-913
-933
-715
-835
-915
-935
-745
-785
-843
-863
-873
-883
-113
115
133
-132
-135
-138
-235
-145
-155
-165
-175
822
-824
-827
-828
-832
-922
-932
-872
-882
-892
-322
328
232
-238
-242
-262
-388
-398
198
-192
-194
-197
174
-172
-177
-154
-164
-148
-158
-168
-928
-874
-974
688
-682
-498
497
-577
-587
-447
-457
-467
-648
-658
-668
-397
392
-372
-382
-992
-797
-897
-997
839
-838
938
-939
-889
989
-982
-983
-985
-987
972
-971
-973
-975
-977
783
-787
-743
-948
-958
-968
-572
-672
671
-571
573
582
-583
-562
-563
-651
-661
662
-642
142
-147
-149
-162
167
-157
159
649
-646
656
-659
-856
-956
-567
561
-551
557
-857
-957
-861
-961
-867
-967
-871
887
-885
875
-877
-845
-855
-865
-847
-375
377
385
-387
896
-891
-894
-796
-996
851
-854
-858
-951
864
-868
-954
955
-964
-945
-965
963
-943
848
-846
443
-445
-448
-463
245
-248
-255
-265
254
-258
-264
268
-455
458
465
-468
924
-927
-724
727
794
-791
991
-994
711
-716
-911
916
746
-747
-946
947
