174
-171
-172
-173
-175
-176
-177
-178
-179
-184
-194
-274
-284
-294
-374
-384
-394
-114
-124
-134
-144
-154
-164
-474
-574
-674
-774
-874
-974
197
-191
-192
-193
-195
-196
-198
-199
-187
-277
-287
-297
-377
-387
-397
-117
-127
-137
-147
-157
-167
-497
-597
-697
-797
-897
-997
243
-241
-242
-244
-245
-246
-247
-248
-249
-143
-153
-163
-253
-263
-343
-353
-363
-213
-223
-233
-273
-283
-293
-443
-543
-643
-743
-843
-943
258
-251
-252
-254
-255
-256
-257
-259
-148
-158
-168
-268
-348
-358
-368
-218
-228
-238
-278
-288
-298
-458
-558
-658
-758
-858
-958
285
-281
-282
-286
-289
-185
-275
-295
-375
-385
-395
-215
-225
-235
-265
-485
-585
-685
-785
-885
-985
323
-321
-322
-324
-325
-326
-327
-328
-329
-113
-123
-133
-313
-333
183
-181
-182
-186
-188
-189
-373
-383
-393
-423
-523
-623
-723
-823
-923
-483
-583
-683
-783
-883
-983
335
-331
-332
-334
-336
-337
-338
-339
-115
-125
-135
-315
-345
-355
-365
-435
-535
-635
-735
-835
-935
364
-361
-362
-366
-367
-369
-264
-344
-354
-314
-464
-564
-664
-764
-864
-964
429
-421
-422
-424
-425
-426
-427
-428
-419
-439
-519
-529
-539
-619
-629
-639
-449
-459
-469
-479
-489
-499
-129
-229
-729
-829
-929
461
-462
-463
-465
-466
-467
-468
-441
-451
-541
-551
-561
-641
-651
-661
-411
-431
-471
-481
-491
-161
-261
-761
-861
-961
473
-472
-475
-476
-477
-478
-493
-573
-593
-673
-693
-413
-433
-453
-773
-873
-973
492
-494
-495
-496
-498
-482
-572
-582
-592
-672
-682
-692
-412
-432
-442
-452
-292
-392
-792
-892
-992
518
-511
-512
-513
-514
-515
-516
-517
-418
-438
-528
-538
-618
-628
-638
-548
-568
-578
-588
-598
-118
-318
-718
-818
-918
594
-591
-595
-596
-599
-484
-584
-684
-694
-524
-534
-544
-554
-794
-894
-994
613
-611
-612
-614
-615
-616
-617
-533
-633
-653
-663
-713
-813
-913
631
-632
-634
-636
-637
-521
-531
-621
-671
-681
-691
-131
-231
-731
-831
-931
642
-644
-645
-646
-647
-648
-649
-542
-552
-562
-652
-662
-622
-142
-342
-742
-842
-942
686
-687
-688
-689
-486
-576
-586
-676
-696
-626
-656
-666
-386
-786
-886
-986
745
-741
-744
-746
-747
-748
-749
-755
-765
-845
-855
-865
-945
-955
-965
-715
-725
-775
-795
-145
-445
-545
778
-771
-772
-776
-777
-779
-788
-798
-878
-888
-898
-978
-988
-998
-728
-738
-768
-378
-678
784
-781
-782
-787
-789
-884
-984
-714
-724
-734
-754
827
-821
-822
-824
-825
-826
-828
-717
-727
-737
-817
-837
-917
-927
-937
-847
-857
-867
-877
-887
-227
-527
-627
856
-851
-852
-853
-854
-859
-756
-766
-846
-866
-946
-956
-966
-816
-836
-876
-896
-156
-356
-456
-556
868
-862
-863
-869
-848
-948
-968
-838
448
-444
-446
-447
-668
-488
487
-577
-587
-677
698
-695
-699
-417
-437
537
-532
-536
522
-525
-526
-457
-547
-557
-567
-122
-222
-722
-922
-237
977
-971
-972
-975
-976
-979
-987
-947
-957
-967
347
-341
-346
-349
-267
-357
217
-211
-212
-214
-216
-219
-317
388
-381
-382
-389
-398
916
-911
-912
-914
-915
-919
-716
-726
721
-711
-811
-921
-736
-926
-936
-751
-791
796
-793
-799
-996
-116
-316
-416
436
-434
-121
-221
-136
-236
-296
-396
376
-371
-372
-379
272
-271
-276
-279
291
-299
-391
399
-232
-262
-319
-359
-872
-891
-991
-899
-999
933
-932
-934
-938
-939
-733
-833
928
-924
-925
815
-812
-814
-819
834
-832
-839
882
-881
-889
-982
893
-895
-993
995
-875
-844
-953
-963
414
-415
-624
625
-454
455
654
-655
-657
-659
-555
-565
-665
667
-669
575
-571
-579
581
-589
-675
679
224
-226
-234
239
126
-128
138
-132
-139
-119
-146
-166
266
-269
719
-712
732
-739
-752
-762
-759
-769
944
-941
-949
-954
546
-549
-566
-155
165
-162
-169
757
-753
763
-767
553
-559
-563
569
962
-969
-952
871
-879
-981
989
-841
849
951
-959
141
-149
-151
-351
352
-152
159
-111
112
311
-312
