135
-131
-132
-133
-134
-136
-137
-138
-139
-115
-125
-215
-225
-235
-315
-325
-335
-145
-155
-165
-175
-185
-195
-435
-535
-635
-735
-835
-935
151
-152
-153
-154
-156
-157
-158
-159
-141
-161
-241
-251
-261
-341
-351
-361
-111
-121
-171
-181
-191
-451
-551
-651
-751
-851
-951
216
-211
-212
-213
-214
-217
-218
-219
-116
-126
-226
-236
-316
-326
-336
-246
-256
-266
-276
-286
-296
-416
-516
-616
-716
-816
-916
228
-221
-222
-223
-224
-227
-229
-118
-128
-238
-318
-328
-338
-248
-258
-268
-278
-288
-298
-428
-528
-628
-728
-828
-928
263
-262
-264
-265
-267
-269
-143
-163
-243
-253
-343
-353
-363
-233
-273
-283
-293
-463
-563
-663
-763
-863
-963
274
-271
-272
-275
-277
-279
-174
-184
-194
-284
-294
-374
-384
-394
-234
-244
-254
-474
-574
-674
-774
-874
-974
282
-281
-285
-287
-289
-172
-182
-192
-292
-372
-382
-392
-232
-242
-252
-482
-582
-682
-782
-882
-982
333
-331
-332
-334
-337
-339
-113
-123
-313
-323
-373
-383
-393
-433
-533
-633
-733
-833
-933
346
-342
-344
-345
-347
-348
-349
-146
-166
-356
-366
-376
-386
-396
-446
-546
-646
-746
-846
-946
364
-362
-365
-367
-368
-369
-144
-164
-354
-314
-324
-464
-564
-664
-764
-864
-964
426
-421
-422
-423
-424
-425
-427
-429
-436
-526
-536
-626
-636
-456
-466
-476
-486
-496
-726
-826
-926
448
-441
-442
-443
-444
-445
-447
-449
-458
-468
-548
-558
-568
-648
-658
-668
-418
-438
-478
-488
-498
-148
-748
-848
-948
493
-491
-492
-494
-495
-497
-499
-473
-483
-573
-583
-593
-673
-683
-693
-413
-453
-193
-793
-893
-993
521
-522
-523
-524
-525
-527
-529
-411
-431
-511
-531
-611
-621
-631
-541
-561
-571
-581
-591
-321
-721
-821
-921
578
-572
-575
-576
-577
-579
-588
-598
-678
-688
-698
-518
-538
-178
-378
-778
-878
-978
586
-584
-585
-587
-589
-596
-676
-686
-696
-556
-566
-186
-786
-886
-986
615
-612
-613
-614
-617
-618
-619
-415
-515
-625
638
-632
-634
-637
-639
-645
-655
-665
-675
-685
-695
-715
-815
-915
-738
-838
-938
666
-661
-662
-667
-669
-656
-766
-866
-966
689
-681
-684
-687
-479
-489
-599
-679
-699
-629
-649
-659
-189
-389
-789
-889
-989
742
-741
-743
-744
-745
-747
-749
-752
-762
-842
-852
-862
-942
-952
-962
-712
-722
-732
-772
-792
-142
-542
-642
765
-761
-767
-768
-769
-755
-845
-855
-865
-945
-955
-965
-725
-775
-785
-795
-465
-565
773
-771
-776
-777
-779
-783
-873
-883
-973
-983
-713
-723
-753
-173
183
-187
-188
825
-822
-823
-824
-827
-829
-925
-875
-885
-895
839
-831
-832
-834
-836
-837
-719
-729
-739
-819
-919
-929
-939
-849
-859
-869
-879
-899
-239
-439
-539
843
-841
-844
-847
-853
-943
-953
-813
-543
-643
888
-881
-884
-887
-788
-798
-898
-988
-998
-818
-858
-868
-388
894
-891
-892
-896
-897
-784
-794
-984
-994
-814
-854
484
-481
-485
-487
-594
-694
-414
-434
-454
958
-954
-956
-957
-959
-758
-968
718
-711
-714
-717
-918
-358
168
-162
-167
-169
352
-355
-357
-359
-198
398
-391
-395
-397
-399
-312
-322
-452
-552
-652
976
-971
-972
-975
-977
-979
-796
-876
-996
856
-857
-756
736
-731
-734
-737
-936
-176
196
-197
-199
-112
122
-124
-127
-129
114
-117
-119
-514
-914
-622
-922
329
-327
-319
-379
179
-177
-299
147
-149
-247
-257
-547
-647
-947
-231
237
311
-317
291
-295
-297
-371
-381
-811
-911
931
-932
-934
-937
-941
-961
861
-867
-871
-981
-991
534
-532
-537
-624
-544
-554
432
-437
-412
-512
-462
562
-567
-569
-472
-592
641
-644
-461
654
-653
-657
553
-555
-557
-559
471
-475
-477
-671
-691
595
-597
455
-457
-459
-545
549
467
-469
-417
419
-519
-513
517
623
-627
913
-912
-917
812
-817
-923
-872
877
992
-995
-997
-999
985
-987
-787
781
-791
-797
799
-759
944
-949
-754
757
-967
969
724
-727
-924
927
245
-249
-255
259
672
-677
-692
697
375
-377
-385
387
