146
-141
-142
-143
-144
-145
-147
-148
-149
-156
-166
-246
-256
-266
-346
-356
-366
-116
-126
-136
-176
-186
-196
-446
-546
-646
-746
-846
-946
162
-161
-163
-164
-165
-167
-168
-169
-152
-242
-252
-262
-342
-352
-362
-112
-122
-132
-172
-182
-192
-462
-562
-662
-762
-862
-962
213
-211
-212
-214
-215
-216
-217
-218
-219
-113
-123
-133
-223
-233
-313
-323
-333
-243
-253
-263
-273
-283
-293
-413
-513
-613
-713
-813
-913
244
-241
-245
-247
-248
-249
-154
-254
-264
-344
-354
-364
-224
-234
-274
-284
-294
-444
-544
-644
-744
-844
-944
279
-271
-272
-275
-276
-277
-278
-179
-189
-199
-289
-299
-379
-389
-399
-229
-239
-259
-269
-479
-579
-679
-779
-879
-979
298
-291
-292
-295
-296
-297
-178
-188
-198
-288
-378
-388
-398
-228
-238
-258
-268
-498
-598
-698
-798
-898
-998
338
-331
-332
-334
-335
-336
-337
-339
-118
-128
-138
-318
-328
158
-151
-153
-155
-157
-159
-348
-358
-368
-438
-538
-638
-738
-838
-938
-458
-558
-658
-758
-858
-958
377
-371
-372
-373
-374
-375
-376
-177
-187
-197
-287
-387
-397
-317
-327
-347
-357
-367
-477
-577
-677
-777
-877
-977
394
-391
-392
-393
-395
-396
-174
-184
-194
-384
-314
-324
-494
-594
-694
-794
-894
-994
414
-411
-412
-415
-416
-417
-418
-419
-424
-434
-514
-524
-534
-614
-624
-634
-454
-464
-474
-484
-114
-714
-814
-914
451
-452
-453
-455
-456
-457
-459
-441
-461
-541
-551
-561
-641
-651
-661
-421
-431
-471
-481
-491
-251
-351
-751
-851
-951
475
-472
-473
-476
-478
-485
-495
-575
-585
-595
-675
-685
-695
-425
-435
-445
-465
-175
-775
-875
-975
522
-521
-523
-525
-526
-527
-528
-529
-422
-432
-512
-532
-612
-622
-632
-542
-552
-572
-582
-592
-222
-322
-722
-822
-922
555
-553
-554
-556
-557
-559
-545
-565
-645
-655
-665
-515
-535
-255
257
-267
-227
-237
-355
-755
-855
-955
-657
-757
-857
-957
581
-583
-584
-586
-587
-588
-589
-571
-591
-671
-681
-691
-511
-531
-181
-281
-381
-781
-881
-981
636
-631
-633
-635
-637
-639
-426
-436
-516
-536
-616
-626
-656
-666
-676
-686
-696
-236
-736
-836
-936
652
-653
-654
-659
-442
-642
-672
-682
-692
-752
-852
-952
697
-693
-699
-487
-497
-597
-687
-617
-627
-647
-667
-797
-897
-997
716
-711
-712
-715
-717
-718
-719
-726
-816
-826
-916
-926
-756
-766
-776
-786
-796
-316
732
-731
-733
-734
-735
-737
-739
-812
-832
-912
-932
-742
-772
-782
-792
312
-311
-315
-319
-232
282
-285
-286
-382
386
-383
-385
226
-221
-225
-326
-482
492
-493
-496
-499
-882
-982
-486
466
-463
-467
-468
-469
-566
-866
-966
-886
-986
-892
-992
773
-771
-774
-778
-783
-793
-873
-883
-893
-973
-983
-993
-723
-743
-753
-763
-173
171
-191
-111
-121
-131
-871
-971
-573
-673
819
-811
-815
-817
-818
-729
-829
-839
-919
-929
-939
-849
-859
-869
-889
-899
-119
-519
-619
831
-833
-834
-835
-837
-721
-821
-911
-921
-931
-841
-861
-891
611
-615
-618
-621
625
-623
-628
-629
321
-325
-329
-231
235
-115
117
-125
-135
-127
-137
261
-265
-341
-361
915
-917
-918
-725
-825
-925
-935
-945
-965
-985
-995
-517
518
-428
-548
-568
-578
-761
-961
865
-863
-864
-867
-868
-745
-765
-845
-885
-895
896
-876
-976
-996
-856
956
-953
-954
-959
345
-343
-349
-365
576
-574
-596
564
-563
-567
-569
-664
-764
-964
943
-941
-942
-947
-948
-949
741
-747
-748
-749
842
-843
-847
-848
-853
854
-963
-754
759
-769
-969
-791
991
-999
-789
-799
795
-785
989
-984
-987
-988
-872
972
-974
-978
823
-824
-827
-828
-923
-933
-874
878
-788
-888
-884
887
784
-787
-724
-423
-443
-543
-643
663
-668
-669
-683
353
-359
-363
369
674
-678
-684
185
-183
193
-195
483
-488
-489
-593
599
688
-689
-433
533
-537
-539
448
-447
-449
547
-549
-648
649
967
-968
-767
768
727
-728
-927
-937
934
-924
928
124
-129
-134
139
-427
429
437
-439
