123
-121
-122
-124
-125
-126
-127
-128
-129
-113
-133
-213
-223
-233
-313
-323
-333
-143
-153
-163
-173
-183
-193
-423
-523
-623
-723
-823
-923
157
-151
-152
-154
-155
-156
-158
-159
-147
-167
-247
-257
-267
-347
-357
-367
-117
-137
-177
-187
-197
-457
-557
-657
-757
-857
-957
174
-171
-172
-175
-176
-178
-179
-184
-194
-274
-284
-294
-374
-384
-394
-114
-134
-144
-164
-474
-574
-674
-774
-874
-974
211
-212
-214
-215
-216
-217
-218
-219
-111
-131
-221
-231
-311
-321
-331
-241
-251
-261
-271
-281
-291
-411
-511
-611
-711
-811
-911
249
-242
-243
-244
-245
-246
-248
-149
-169
-259
-269
-349
-359
-369
-229
-239
-279
-289
-299
-449
-549
-649
-749
-849
-949
288
-282
-283
-285
-286
-287
-188
-198
-278
-298
-378
-388
-398
-228
-238
-258
-268
-488
-588
-688
-788
-888
-988
363
-361
-362
-364
-365
-366
-368
-253
-263
-343
-353
-373
-383
-393
-463
-563
-663
-763
-863
-963
377
-371
-372
-375
-376
-379
-277
-297
-387
-397
-317
-327
-337
-477
-577
-677
-777
-877
-977
392
-391
-395
-396
-399
-182
-192
-272
-292
-382
-312
-322
-332
-342
-352
-492
-592
-692
-792
-892
-992
445
-441
-442
-443
-444
-446
-447
-448
-455
-465
-545
-555
-565
-645
-655
-665
-415
-425
-435
-475
-485
-495
-145
-345
-745
-845
-945
479
-471
-472
-473
-476
-478
-489
-499
-579
-589
-599
-679
-689
-699
-419
-429
-439
-459
-469
-779
-879
-979
498
-491
-493
-494
-496
-497
-578
-598
-678
-698
-418
-428
-438
-458
-468
-798
-898
-998
524
-521
-522
-525
-526
-527
-528
-529
-414
-424
-434
-514
-534
-614
-624
-634
-544
-554
-564
-584
-594
-224
-324
-724
-824
-924
582
-581
-583
-585
-586
-587
-482
-572
-672
-682
-512
-532
-542
-552
-562
-782
-882
-982
618
-612
-613
-615
-616
-617
-619
-518
-538
-628
-638
-648
-658
-668
-118
-318
-718
-818
-918
639
-631
-632
-633
-635
-636
-637
-519
-539
-629
-659
-669
-139
-339
-739
-839
-939
647
-641
-642
-643
-644
-646
-467
-547
-567
-667
-627
-687
-697
-747
-847
-947
662
-661
-664
-666
-452
-462
-652
-622
-162
-262
-762
-862
-962
714
-712
-713
-715
-716
-717
-719
-734
-814
-834
-914
-934
-744
-754
-764
-784
-794
-314
733
-731
-732
-735
-736
-737
-738
-813
-833
-913
-933
-743
-753
-773
-783
-793
-433
-533
741
-742
-746
-748
-751
-761
-841
-851
-861
-941
-951
-961
-721
-771
-781
-791
-141
-341
-541
827
-821
-822
-825
-826
-828
-829
-727
-817
-837
-917
-927
-937
-867
-887
-897
-227
237
-232
-234
-235
-236
334
-335
-336
-338
-344
-354
-427
-437
-537
866
-864
-865
-868
-869
-756
-766
-846
-856
-946
-956
-966
-816
-836
-876
-886
-896
-166
-266
-466
-566
893
-891
-894
-895
-899
-873
-883
-973
-983
-993
-843
-853
-293
273
-275
-276
-573
-673
-593
-693
938
-931
-932
-935
-936
-728
-838
-928
-948
-958
-968
-978
328
-325
-326
-329
-138
-348
346
-146
-256
-356
-316
-386
-358
-546
953
-952
-954
-955
-959
-943
543
-548
-453
-553
-653
-513
413
-412
-416
-417
517
-515
-516
-483
683
-681
-684
-685
-686
487
-481
-484
-486
694
-691
-695
-696
-597
-654
-787
-987
-994
986
-981
-984
-985
-989
884
-881
-885
-889
-776
-786
-796
-976
-996
726
-722
-725
-729
-916
-926
-844
-854
116
-112
-115
-119
-136
-226
319
-315
-186
-196
296
-295
-389
-819
859
-852
-855
-858
-759
-769
-969
-919
929
-921
-922
-925
831
-832
-835
-871
-999
-426
-626
-431
-531
944
-942
-964
-559
569
-561
-568
558
-551
-556
-758
-596
132
-135
-222
225
-142
148
252
-254
-255
264
-265
-168
422
-421
621
-625
-432
436
535
-536
-456
656
-651
-575
-595
591
-571
576
-671
675
-676
842
-848
-752
755
-765
-965
967
-767
768
772
-775
-778
-872
-972
878
-875
-785
789
-799
-795
797
-997
-812
815
912
-915
454
-451
461
-464
351
-355
-161
165
-185
-195
385
-381
971
-975
-991
995
181
-189
-191
199
