137
-131
-132
-133
-134
-135
-136
-138
-139
-117
-127
-217
-227
-237
-317
-327
-337
-147
-157
-167
-177
-187
-197
-437
-537
-637
-737
-837
-937
143
-141
-142
-144
-145
-146
-148
-149
-153
-163
-243
-253
-263
-343
-353
-363
-113
-123
-173
-183
-193
-443
-543
-643
-743
-843
-943
156
-151
-152
-154
-155
-158
-159
-166
-246
-256
-266
-346
-356
-366
-116
-126
-176
-186
-196
-456
-556
-656
-756
-856
-956
168
-161
-162
-164
-165
-169
-248
-258
-268
-348
-358
-368
-118
-128
-178
-188
-198
-468
-568
-668
-768
-868
-968
195
-191
-192
-194
-199
-175
-185
-275
-285
-295
-375
-385
-395
-115
-125
-495
-595
-695
-795
-895
-995
215
-211
-212
-213
-214
-216
-218
-219
-225
-235
-315
-325
-335
-245
-255
-265
-415
-515
-615
-715
-815
-915
261
-262
-264
-267
-269
-241
-251
-341
-351
-361
-221
-231
-271
-281
-291
-461
-561
-661
-761
-861
-961
355
-352
-354
-357
-359
-345
-365
-455
-555
-655
-755
-855
-955
381
-382
-383
-384
-386
-387
-388
-389
-171
-181
-371
-391
-311
-321
-331
-481
-581
-681
-781
-881
-981
418
-411
-412
-413
-414
-416
-417
-419
-428
-438
-518
-528
-538
-618
-628
-638
-448
-458
-478
-488
-498
-318
-718
-818
-918
433
-431
-432
-434
-435
-436
-439
-423
-513
-523
-533
-613
-623
-633
-453
-463
-473
-483
-493
-233
-333
-733
-833
-933
462
-464
-465
-466
-467
-469
-442
-452
-542
-552
-562
-642
-652
-662
-422
-472
-482
-492
-362
-762
-862
-962
484
-485
-486
-487
-489
-474
-494
-574
-584
-594
-674
-684
-694
-424
-444
-454
-184
-284
-784
-884
-984
496
-491
-497
-499
-476
-576
-586
-596
-676
-686
-696
-426
-446
-296
-396
-796
-896
-996
525
-521
-522
-524
-526
-527
-529
-425
-535
-625
-635
-545
-565
-575
-585
-725
-825
-925
582
-583
-587
-588
-589
-572
-592
-672
-682
-692
-512
-532
-182
189
-179
-279
-289
-299
-379
-399
-119
-129
-282
-782
-882
-982
-689
-789
-889
-989
614
-611
-612
-616
-617
-619
-514
-534
-624
-634
-644
-654
-664
-114
-314
-714
-814
-914
626
-621
-622
-627
-629
632
-631
-636
-639
-516
-536
-646
-666
-226
-326
-726
-826
-926
-232
-332
-732
-832
-932
648
-641
-645
-647
-649
-548
-558
-658
-678
-688
-698
-748
-848
-948
675
-671
-673
-677
-679
-475
-685
445
-441
-447
-449
-665
-745
-845
-945
-775
-875
-975
699
-691
-693
-697
-479
-579
-599
651
-653
-657
-659
-451
-541
-551
-669
-751
-851
-951
-799
-899
-999
727
-721
-722
-723
-724
-728
-729
-717
-817
-827
-917
-927
-747
-757
-767
-777
-787
-797
517
-511
-519
-427
-547
-557
-567
-577
-597
752
-753
-754
-758
-759
-742
-842
-852
-942
-952
-712
-772
-792
-252
847
-841
-844
-846
-849
-857
-867
-947
-957
-967
-877
-887
-897
-247
-347
893
-891
-892
-894
-898
-773
-783
-793
-873
-883
-973
-983
-993
-813
-823
-853
-863
-293
-393
-593
919
-911
-912
-913
-916
-719
-739
-819
-829
-839
-929
-939
-949
-959
-969
-979
-319
941
-944
-946
-741
-921
-931
-971
-991
954
-953
-958
-744
-764
-854
-864
-964
858
-859
-828
-838
-878
-888
-924
-934
-974
-994
553
-554
-559
-563
-663
667
-457
459
-549
-569
477
-471
-687
683
-573
421
-429
-531
539
-121
111
-112
-711
-811
-821
-239
-339
-254
257
-259
-367
-277
-287
-297
-377
397
-392
-394
-398
-977
-283
987
-985
-986
-988
-997
966
-963
-965
763
-765
-766
-769
865
-866
-869
-746
749
-713
716
923
-922
-928
-736
-816
812
-822
824
-734
-834
-836
-936
-776
-786
-779
879
-871
-872
-874
-876
831
-835
-731
-885
886
785
-788
-976
-735
738
935
-938
-778
-798
-312
313
-316
-223
-323
273
-272
-274
-276
-278
-373
-124
122
-222
-322
-172
174
-294
-374
-224
-324
-238
-338
546
-544
564
-566
-249
229
-228
328
-329
-378
-349
369
-364
-774
771
-791
794
-571
578
591
-598
376
-372
292
-298
-286
288
-242
244
342
-344
-234
236
334
-336
972
-978
-992
998
