121
-122
-123
-124
-125
-126
-127
-128
-129
-111
-131
-211
-221
-231
-311
-321
-331
-141
-151
-161
-171
-181
-191
-421
-521
-621
-721
-821
-921
142
-143
-144
-145
-146
-147
-148
-149
-152
-162
-242
-252
-262
-342
-352
-362
-112
-132
-172
-182
-192
-442
-542
-642
-742
-842
-942
228
-222
-223
-224
-225
-226
-227
-229
-118
-138
-218
-238
-318
-328
-338
-248
-258
-268
-278
-288
-298
-428
-528
-628
-728
-828
-928
241
-243
-244
-245
-246
-247
-249
-251
-261
-341
-351
-361
-271
-281
-291
-441
-541
-641
-741
-841
-941
272
-273
-274
-275
-276
-277
-279
-282
-292
-372
-382
-392
-212
-232
-472
-572
-672
-772
-872
-972
285
-283
-284
-286
-287
-289
-175
-185
-195
-295
-375
-385
-395
-215
-235
-255
-265
-485
-585
-685
-785
-885
-985
344
-343
-345
-346
-347
-348
-349
-154
-164
-254
-264
-354
-364
-314
-324
-334
-374
-384
-394
-444
-544
-644
-744
-844
-944
356
-353
-355
-357
-358
-359
-156
-166
-256
-266
-366
-316
-326
-336
-376
-386
-396
-456
-556
-656
-756
-856
-956
368
-363
-365
-367
-369
-158
-168
-378
-388
-398
-468
-568
-668
-768
-868
-968
393
-391
-397
-399
-173
-183
-193
-293
-373
-383
-313
-323
-333
-493
-593
-693
-793
-893
-993
466
-461
-462
-463
-464
-465
-467
-469
-446
-546
-566
-646
-666
-416
-426
-436
-476
-486
-496
-766
-866
-966
483
-481
-482
-484
-487
-488
-489
-473
-573
-583
-673
-683
-413
-423
-433
-443
-453
-783
-883
-983
499
-491
-492
-494
-495
-497
-498
-479
-579
-589
-599
-679
-689
-699
-419
-429
-439
-449
-459
-199
-299
-799
-899
-999
515
-511
-512
-513
-514
-516
-517
-518
-519
-415
-425
-435
-525
-535
-615
-625
-635
-545
-555
-565
-575
-595
-115
-315
-715
-815
-915
594
-591
-592
-596
-597
-598
-474
-574
-584
-674
-684
-694
-524
-534
-554
-564
-194
-294
-794
-894
-994
613
-611
-612
-614
-616
-617
-618
-619
-523
-533
-623
-633
-643
-653
-663
-113
-213
-713
-813
-913
629
-622
-624
-626
-627
-529
-539
-639
-649
-659
-669
-329
-729
-829
-929
648
-645
-647
-448
-458
-548
-558
-658
-638
-678
-688
-698
-748
-848
-948
711
-712
-714
-716
-717
-718
-719
-731
-811
-831
-911
-931
-751
-761
-771
-781
-791
-411
747
-743
-745
-746
-749
-757
-767
-847
-857
-867
-947
-957
-967
-727
-737
-777
-787
-797
-447
445
-455
-655
-665
-475
-845
-945
-547
758
-752
-753
-754
-755
-759
-858
-958
-738
-778
-788
-798
764
-762
-763
-765
-769
-854
-864
-954
-964
-724
-734
-774
-784
-664
825
-822
-823
-824
-826
-827
-725
-735
-835
-925
-935
-855
-865
-875
-895
-325
335
-332
-337
-339
-135
834
-832
-833
-836
-837
-838
-839
-814
-914
-924
-934
-874
-884
424
-422
-427
-414
-434
-634
-454
654
-651
-652
-657
-134
-234
214
-216
-217
-219
-114
862
-861
-863
-869
-852
-952
-962
-812
-882
-892
-562
-662
887
-881
-886
-888
-889
-877
-897
-977
-987
-997
-817
-187
-387
-587
-687
969
-961
-963
-965
955
-951
-953
-959
851
-853
-859
-849
-949
-871
-891
-975
-995
-919
-939
-979
-989
549
-543
-559
-569
-451
-551
-155
165
-163
-167
-169
-269
981
-982
-984
-986
-988
-971
-991
974
-973
-976
-978
-174
184
-186
-188
-189
-381
389
371
-377
-379
-179
-319
-471
431
-432
-437
-438
-531
-631
-571
-671
-581
561
-563
-567
-661
667
553
-552
-557
452
-457
-412
-637
-677
-697
-153
133
-136
-137
-139
-233
-733
-933
-253
263
-267
-681
691
-692
-695
-696
675
-676
-775
795
-792
-796
588
-582
-586
682
-686
576
-577
-578
477
-478
-417
418
-538
-526
-536
636
-632
-818
-918
938
-932
-936
-937
-998
-236
116
-117
-119
239
-237
-176
-196
296
-297
159
-157
257
-259
-816
819
-739
-879
-916
-736
732
-722
-912
917
-922
-927
-782
992
-996
312
-317
-322
327
522
-527
-532
537
-776
-876
-177
178
197
-198
-878
873
-773
779
898
-896
786
-789
723
-726
-923
926
-843
846
943
-946
