136
-131
-132
-133
-134
-135
-137
-138
-139
-116
-126
-216
-226
-236
-316
-326
-336
-146
-156
-166
-176
-186
-196
-436
-536
-636
-736
-836
-936
149
-141
-142
-143
-144
-145
-147
-148
-159
-169
-249
-259
-269
-349
-359
-369
-119
-129
-179
-189
-199
-449
-549
-649
-749
-849
-949
256
-251
-252
-253
-254
-255
-257
-258
-246
-266
-346
-356
-366
-276
-286
-296
-456
-556
-656
-756
-856
-956
273
-271
-272
-274
-275
-277
-278
-279
-173
-183
-193
-283
-293
-373
-383
-393
-213
-223
-233
-243
-263
-473
-573
-673
-773
-873
-973
285
-281
-282
-284
-287
-288
-289
-175
-185
-195
-295
-375
-385
-395
-215
-225
-235
-245
-265
-485
-585
-685
-785
-885
-985
299
-291
-292
-294
-297
-298
-379
-389
-399
-219
-229
-239
-499
-599
-699
-799
-899
-999
313
-311
-312
-314
-315
-317
-318
-319
-113
-123
-323
-333
-343
-353
-363
-413
-513
-613
-713
-813
-913
344
-341
-342
-345
-347
-348
-154
-164
-244
-264
-354
-364
-324
-334
-374
-384
-394
-444
-544
-644
-744
-844
-944
351
-352
-355
-357
-358
-151
-161
-241
-261
-361
-321
-331
-371
-381
-391
-451
-551
-651
-751
-851
-951
435
-431
-432
-433
-434
-437
-438
-439
-415
-425
-515
-525
-535
-615
-625
-635
-445
-455
-465
-475
-495
-335
-735
-835
-935
481
-482
-483
-484
-486
-487
-488
-489
-471
-491
-571
-581
-591
-671
-681
-691
-411
-421
-441
-461
-181
-781
-881
-981
494
-492
-493
-496
-497
-498
-474
-574
-584
-594
-674
-684
-694
-414
-424
-454
-464
-194
-794
-894
-994
517
-511
-512
-514
-516
-518
-519
-417
-427
-527
-537
-617
-627
-637
-547
-557
-567
-577
-587
-597
-117
-217
-717
-817
-917
524
-521
-522
-523
-526
-528
-529
-534
-614
-624
-634
-554
-564
-124
-224
-724
-824
-924
586
-582
-583
-588
-589
-476
-576
-596
-676
-686
-696
-546
-566
-386
-786
-886
-986
595
-592
-593
-598
-575
-675
-695
-545
-555
-565
-795
-895
-995
619
-611
-612
-616
-618
-419
-429
-539
-629
-639
-659
-669
-679
-689
-719
-819
-919
628
-621
-622
-623
-626
-418
-428
-538
-638
-648
-658
-668
-678
-688
-698
-128
-228
-328
-728
-828
-928
664
-661
-662
-663
-665
-666
-667
-654
646
-641
-642
-643
-645
-647
655
-652
-653
-657
-446
-466
631
-632
-633
-531
-231
-731
-831
-931
-746
-846
-946
-155
-755
-855
-955
-764
-864
-964
677
-672
-477
-687
-697
-177
-377
-777
-877
-977
752
-753
-754
-757
-758
-759
-742
-762
-842
-852
-862
-942
-952
-962
-712
-722
-732
-772
-782
-792
-152
-452
-552
768
-761
-763
-765
-766
-767
-769
-748
-848
-858
-868
-948
-958
-968
-718
-738
-778
-788
-798
-168
-268
-368
-468
-568
791
-793
-796
-797
-771
-871
-891
-971
-991
-711
-721
-741
171
-172
-174
-178
-191
184
-182
-187
-188
-111
-121
-114
-784
-884
-984
814
-811
-812
-815
-816
-818
-714
-734
-834
-914
-934
774
-775
-776
-779
-874
-974
-854
954
-953
-957
-959
-214
234
-232
-237
-238
827
-821
-822
-823
-825
-826
-829
-727
-737
-837
-927
-937
-847
-857
-867
-887
-897
-127
-227
-327
337
-332
-338
-339
329
-322
-325
365
-362
-367
-165
-387
-397
197
-192
-198
-157
-167
-729
-929
457
-453
-458
-459
-447
-467
-865
-965
-997
839
-832
-833
-838
-739
733
-723
-923
-933
-939
-743
-783
789
-787
987
-982
-983
-988
-989
-879
-889
-979
747
-745
-947
-967
-859
853
-843
-863
-943
-963
-883
-893
993
-992
-996
-998
-869
969
-961
-966
866
-861
841
-845
-941
945
875
-872
-876
-878
-975
-896
976
-972
-978
-915
-925
-916
-926
423
-422
-426
-533
532
-412
416
-443
-463
-542
-562
-572
-716
715
-725
726
-115
125
-122
-932
938
-918
-541
561
-563
-569
543
-548
-553
-247
267
-262
-153
158
163
-162
242
-248
112
-118
-212
-222
221
-211
218
911
-912
-921
922
-442
448
462
-469
-558
559
-472
-478
479
578
-579
372
-376
-378
-382
388
-392
396
-398
683
-682
692
-693
882
-888
-892
898
