243
-241
-242
-244
-245
-246
-247
-248
-249
-143
-153
-163
-253
-263
-343
-353
-363
-213
-223
-233
-273
-283
-293
-443
-543
-643
-743
-843
-943
271
-272
-274
-275
-276
-277
-278
-279
-171
-181
-191
-281
-291
-371
-381
-391
-211
-221
-231
-251
-261
-471
-571
-671
-771
-871
-971
287
-282
-284
-285
-286
-288
-289
-177
-187
-197
-297
-377
-387
-397
-217
-227
-237
-257
-267
-487
-587
-687
-787
-887
-987
296
-292
-294
-295
-298
-299
-176
-186
-196
-376
-386
-396
-216
-226
-236
-256
-266
-496
-596
-696
-796
-896
-996
328
-321
-322
-323
-324
-325
-326
-327
-329
-118
-128
-138
-218
-228
-238
-318
-338
-348
-358
-368
-378
-388
-398
-428
-528
-628
-728
-828
-928
339
-331
-332
-333
-334
-335
-336
-337
-119
-129
-139
-219
-229
-239
-319
-349
-359
-369
-379
-389
-399
-439
-539
-639
-739
-839
-939
364
-361
-362
-365
-366
-367
-144
-154
-164
-254
-264
-344
-354
-314
-374
-384
-394
-464
-564
-664
-764
-864
-964
383
-382
-385
-173
-183
-193
-373
-393
-313
-483
-583
-683
-783
-883
-983
415
-411
-412
-413
-414
-416
-417
-418
-419
-425
-435
-515
-525
-535
-615
-625
-635
-445
-455
-465
-475
-485
-495
-115
-215
-315
-715
-815
-915
437
-431
-432
-433
-434
-436
-438
-427
-517
-527
-537
-617
-627
-637
-447
-457
-467
-477
-497
-137
-737
-837
-937
452
-451
-453
-454
-456
-458
-459
-442
-462
-542
-552
-562
-642
-652
-662
-422
-472
-482
-492
-152
-252
-352
-752
-852
-952
463
-461
-466
-468
-469
-553
-563
-653
-663
-423
-473
-493
-763
-863
-963
494
-491
-498
-499
-474
-484
-574
-584
-594
-674
-684
-694
-424
-444
-194
-794
-894
-994
614
-611
-612
-613
-616
-618
-619
-514
-524
-534
-624
-634
-644
-654
-114
-214
212
-112
-122
-132
-222
-232
-312
-262
-512
-712
-812
-912
-714
-814
-914
645
-641
-646
-647
-648
-649
-545
-555
-565
-655
-665
-675
-685
-695
-145
-345
-745
-845
-945
656
-651
-657
-658
-659
-446
-546
-556
-566
-666
-626
-636
-676
-686
-156
-356
-756
-856
-956
673
-672
-677
-678
-679
-573
-593
-693
-623
-633
-773
-873
-973
697
-691
-692
-698
-699
-577
-597
-667
-797
-897
-997
722
-721
-723
-724
-725
-726
-727
-729
-732
-822
-832
-922
-932
-742
-762
-772
-782
-792
-522
-622
748
-741
-744
-746
-747
-749
-758
-768
-848
-858
-868
-948
-958
-968
-718
-738
-778
-788
-798
-148
-448
-548
775
-774
-776
-777
-779
-785
-795
-875
-885
-895
-975
-985
-995
-735
-755
-765
-175
-375
372
-172
-182
-192
-392
395
-185
-195
-342
-355
-572
-872
-972
-575
585
-581
-582
-586
-588
-589
-595
781
-784
-786
-789
-791
-881
-891
-981
-991
-711
-731
-751
-761
-481
-681
591
-592
-598
-599
682
-688
-689
-511
-521
-531
-541
-551
-561
532
-533
-536
-538
-632
-882
-982
816
-811
-813
-817
-818
-819
-716
-736
-826
-836
-916
-926
-936
766
-767
-769
-846
-866
-946
-966
-876
-886
-116
-316
346
-341
-347
-146
-166
-516
136
-131
-133
-134
-135
-126
824
-821
-823
-825
-827
-829
-734
733
-713
-833
-913
-923
-933
-834
-924
-934
-753
-793
799
-879
-889
-899
-979
-989
-999
754
-757
-759
-844
-854
-944
-954
717
-719
-917
-927
-874
-884
888
-878
877
-977
-898
-978
-988
-998
-847
-857
-867
-838
-117
-317
311
-111
113
-121
-123
127
-124
-125
-147
-157
-167
357
-351
-911
-513
523
-526
-529
426
-421
-429
441
-449
-661
-476
-486
576
-578
-579
-224
225
234
-235
-255
-265
-925
-141
-841
-941
544
-547
-549
-554
947
-942
-949
-957
-967
-557
567
-568
-569
-976
974
-984
986
-174
184
-188
-189
-488
489
478
-479
-178
179
198
-199
-158
-168
-149
142
-162
-159
-169
-842
849
-859
-869
-959
-969
831
-835
-921
929
-931
935
-938
918
-919
-851
-861
-955
-965
-518
519
638
-631
621
-629
558
-559
-668
669
-258
259
268
-269
862
-865
-962
961
-951
953
-853
855
-892
893
992
-993
151
-155
-161
165
