176
-171
-172
-173
-174
-175
-177
-178
-179
-186
-196
-276
-286
-296
-376
-386
-396
-116
-126
-136
-146
-156
-166
-476
-576
-676
-776
-876
-976
187
-181
-182
-183
-184
-185
-188
-189
-197
-277
-287
-297
-377
-387
-397
-117
-127
-137
-147
-157
-167
-487
-587
-687
-787
-887
-987
229
-221
-222
-223
-224
-225
-226
-227
-228
-119
-129
-139
-219
-239
-319
-329
-339
-249
-259
-269
-279
-289
-299
-429
-529
-629
-729
-829
-929
248
-241
-242
-243
-244
-245
-246
-247
-148
-158
-168
-258
-268
-348
-358
-368
-218
-238
-278
-288
-298
-448
-548
-648
-748
-848
-948
292
-291
-293
-294
-295
-192
-272
-282
-372
-382
-392
-212
-232
-252
-262
-492
-592
-692
-792
-892
-992
312
-311
-313
-314
-315
-316
-317
-318
-112
-122
-132
-322
-332
-342
-352
-362
-412
-512
-612
-712
-812
-912
354
-351
-353
-355
-356
-357
-359
-144
-154
-164
-254
-264
-344
-364
-324
-334
-374
-384
-394
-454
-554
-654
-754
-854
-954
393
-391
-395
-398
-399
-193
-273
-283
-373
-383
-323
-333
-343
-363
-493
-593
-693
-793
-893
-993
434
-431
-432
-433
-435
-436
-437
-438
-439
-414
-424
-514
-524
-534
-614
-624
-634
-444
-464
-474
-484
-494
-134
-234
-734
-834
-934
442
-441
-443
-445
-446
-447
-449
-452
-462
-542
-552
-562
-642
-652
-662
-422
-472
-482
-142
-742
-842
-942
527
-521
-522
-523
-525
-526
-528
-417
-427
-517
-537
-617
-627
-637
-547
-557
-567
-577
-597
-327
-727
-827
-927
532
-531
-533
-535
-536
-538
-539
-622
-632
-572
-582
-732
-832
-932
544
-541
-543
-545
-546
-549
-564
-644
-664
-574
-584
-594
-744
-844
-944
565
-561
-563
-566
-568
-569
-455
-465
-555
-645
-655
-665
-515
-575
-585
-595
-165
-265
-365
-765
-865
-965
571
-573
-578
-579
-471
-481
-491
-581
-591
-671
-681
-691
-511
-551
-271
-371
-771
-871
-971
589
-583
-586
-588
-479
-489
-499
-599
-679
-689
-699
-519
-559
-389
-789
-889
-989
666
-661
-663
-667
-668
-669
-456
-466
-556
-646
-656
-616
-626
-636
-686
-696
-266
-366
-766
-866
-966
677
-672
-673
-674
-675
-678
682
-683
-684
-685
-688
694
-695
-697
-698
-477
-497
-647
-657
-777
-877
-977
-782
-882
-982
-194
-794
-894
-994
713
-711
-714
-715
-716
-717
-718
-719
-723
-733
-813
-823
-833
-913
-923
-933
-743
-753
-763
-773
-783
-113
-213
-413
-513
553
-558
-453
-463
-643
-653
-613
-153
-253
-853
-953
752
-751
-755
-756
-757
-758
-759
-762
-852
-862
-952
-962
-722
-772
-152
162
-161
-163
-169
761
-764
-767
-768
-769
-741
-841
-851
-861
-941
-951
-961
-721
-731
-781
-791
-261
-361
-461
797
-795
-796
-798
-799
-897
-997
-737
-747
816
-811
-814
-815
-817
-818
-819
-726
-736
-826
-836
-916
-926
-936
-846
-856
-886
-896
-216
-416
-516
518
426
-421
-423
-425
-428
-418
-618
-628
-638
-486
-496
596
-598
658
-651
-659
-458
-468
-118
-918
-326
-858
-958
-996
868
-863
-864
-867
-869
964
-963
-967
-968
-969
-828
-838
-878
-888
-898
-914
-924
-974
-984
263
-267
-143
-233
885
-881
-883
-884
-775
-785
-875
-895
-975
-985
-995
-825
-835
-845
-855
-285
-385
-485
921
-922
-925
-928
-821
-831
-911
-931
822
-824
724
-725
-728
-774
-784
874
-872
-873
-879
972
-973
-978
-979
983
-981
-986
-988
786
-788
-746
891
-899
-991
843
-847
-849
-943
-121
-321
-621
-124
114
-111
-115
-214
473
-475
-478
-483
488
495
-498
-415
-274
275
284
-281
-195
-375
-215
-235
-255
381
-388
-191
-331
-341
937
-935
-938
-939
-837
839
-917
738
-735
-739
915
-919
745
-749
-945
-955
-778
779
998
-999
857
-859
-947
-957
-615
217
-211
-237
-337
-257
-138
-338
-639
-145
-345
155
-151
-159
-125
-135
347
-346
-349
256
-251
141
-149
-367
369
-131
133
231
-236
-123
128
336
-335
325
-328
-198
199
378
-379
623
-625
-633
635
-631
-641
649
451
-457
-459
467
-469
-411
419
611
-619
946
-949
-956
959
