138
-131
-132
-133
-134
-135
-136
-137
-139
-118
-128
-218
-228
-238
-318
-328
-338
-148
-158
-168
-178
-188
-198
-438
-538
-638
-738
-838
-938
181
-182
-183
-184
-185
-186
-187
-189
-171
-191
-271
-281
-291
-371
-381
-391
-111
-121
-141
-151
-161
-481
-581
-681
-781
-881
-981
229
-221
-222
-223
-224
-225
-226
-227
-119
-129
-219
-239
-319
-329
-339
-249
-259
-269
-279
-289
-299
-429
-529
-629
-729
-829
-929
265
-261
-262
-263
-264
-266
-267
-268
-145
-155
-165
-245
-255
-345
-355
-365
-215
-235
-275
-285
-295
-465
-565
-665
-765
-865
-965
384
-382
-383
-385
-386
-387
-388
-389
-174
-194
-274
-284
-294
-374
-394
-314
-324
-334
-344
-354
-364
-484
-584
-684
-784
-884
-984
413
-411
-412
-414
-415
-416
-417
-418
-419
-423
-433
-513
-523
-533
-613
-623
-633
-443
-453
-463
-473
-483
-493
-113
-213
-313
-713
-813
-913
425
-421
-422
-424
-426
-427
-428
-435
-515
-525
-535
-615
-625
-635
-445
-455
-475
-485
-495
-125
-325
-725
-825
-925
472
-471
-474
-476
-477
-478
-479
-482
-492
-572
-582
-592
-672
-682
-692
-432
-442
-452
-462
-172
-272
-372
-772
-872
-972
541
-542
-543
-544
-545
-546
-547
-548
-549
-441
-451
-461
-551
-561
-641
-651
-661
-511
-521
-531
-571
-591
-241
-341
-741
-841
-941
679
-671
-673
-674
-675
-676
-677
-678
-489
-499
-579
-589
-599
-689
-699
-619
-639
-649
-659
-669
-179
-379
-779
-879
-979
736
-731
-732
-733
-734
-735
-737
-739
-716
-726
-816
-826
-836
-916
-926
-936
-746
-756
-766
-776
-786
-796
-236
-336
-436
-536
-636
744
-742
-743
-745
-747
-748
-749
-754
-764
-844
-854
-864
-944
-954
-964
-714
-724
-774
-794
-144
-244
-444
-644
751
-752
-753
-755
-757
-758
-759
-761
-851
-861
-951
-961
-711
-721
-771
-791
-251
-351
361
-362
-363
-366
-367
-368
-369
-311
-321
-331
817
-811
-812
-814
-815
-818
-819
-717
-727
-827
-837
-917
-927
-937
-847
-857
-867
-877
-887
-897
-117
-217
-317
-517
-617
875
-871
-873
-874
-876
-878
-775
-785
-795
-885
-895
-975
-985
-995
715
-712
-718
-719
-835
-915
-935
-845
-855
-115
-315
335
-332
-333
-337
-375
-395
971
-973
-974
-976
-977
-978
-891
-991
-911
-921
-931
574
-573
-575
-576
-577
-578
-494
-594
-694
-514
-524
-534
-554
-564
-175
195
-192
-193
-196
-197
-199
399
-392
-393
-396
-397
-398
-349
-359
-595
-695
-799
-899
-999
893
-892
-894
-896
-898
-773
-783
-793
-883
-983
-993
994
-992
-996
-997
-998
-823
-833
-843
-853
-863
-914
-924
-934
-293
-593
-693
948
-942
-943
-945
-946
-947
-949
955
-952
-953
-956
-957
-958
-959
-768
-848
-858
-868
-968
-918
-928
-988
645
-642
-643
-646
-647
-648
-555
-655
585
-583
-586
-587
-588
683
-685
-686
-687
-688
-653
-663
-248
-348
-448
-283
-112
114
-116
-124
-214
-234
-154
-164
254
-252
-253
-256
-257
-258
358
-352
-353
-356
-357
-378
-614
-454
-654
-458
-558
-658
-122
-123
-126
127
-237
-327
-147
-157
-167
-177
-527
-627
-142
143
-146
-149
-153
-163
-243
-343
-173
176
-276
-286
-296
-376
-156
-166
553
-552
-556
-557
-559
-563
152
-159
-162
169
-242
-342
842
-846
-849
-762
-852
-862
-962
-822
-832
-882
449
-446
-447
-459
-469
-569
-439
-652
859
-856
-769
-869
866
-966
-969
789
-782
-787
-788
-889
-989
-886
888
986
-982
-987
792
-797
-798
777
-778
-722
-767
763
-963
967
-723
728
-828
-839
-528
-628
-466
-566
-666
-467
-567
-667
-277
-377
373
-273
278
-288
-298
233
-231
-232
211
-212
-216
-323
246
-247
-346
347
-611
923
-922
-933
282
-287
-292
297
-486
487
-488
-497
-597
-697
-437
-457
456
-656
657
-496
537
-532
-539
-637
519
-512
-516
-518
618
-612
-616
-668
-698
316
-312
322
-326
912
-919
-932
939
-522
526
-626
562
-568
-662
664
-464
468
434
-431
-624
-634
491
-498
-691
696
-596
598
-622
621
-631
632
-821
824
831
-834
