135
-131
-132
-133
-134
-136
-137
-138
-139
-115
-125
-215
-225
-235
-315
-325
-335
-145
-155
-165
-175
-185
-195
-435
-535
-635
-735
-835
-935
163
-161
-162
-164
-166
-167
-168
-169
-143
-153
-243
-253
-263
-343
-353
-363
-113
-123
-173
-183
-193
-463
-563
-663
-763
-863
-963
184
-181
-182
-186
-187
-188
-189
-174
-194
-274
-284
-294
-374
-384
-394
-114
-124
-144
-154
-484
-584
-684
-784
-884
-984
238
-231
-232
-233
-234
-236
-237
-239
-118
-128
-218
-228
-318
-328
-338
-248
-258
-268
-278
-288
-298
-438
-538
-638
-738
-838
-938
245
-241
-242
-244
-246
-247
-249
-255
-265
-345
-355
-365
-275
-285
-295
-445
-545
-645
-745
-845
-945
296
-291
-292
-293
-297
-299
-176
-196
-276
-286
-376
-386
-396
-216
-226
-256
-266
-496
-596
-696
-796
-896
-996
354
-351
-352
-356
-357
-358
-359
-254
-264
-344
-364
-314
-324
-334
-454
-554
-654
-754
-854
-954
382
-381
-383
-385
-387
-388
-389
-172
-192
-272
-282
-372
-392
-312
-322
-332
-342
-362
-482
-582
-682
-782
-882
-982
391
-393
-395
-397
-398
-399
-171
-191
-271
-281
-371
375
-373
-377
-378
-379
-311
-321
-331
-341
-361
-475
-575
-675
-775
-875
-975
-491
-591
-691
-791
-891
-991
451
-452
-453
-455
-456
-457
-458
-459
-441
-461
-541
-551
-561
-641
-651
-661
-411
-421
-431
-471
-481
-151
-251
-751
-851
-951
466
-462
-464
-465
-467
-468
-469
-446
-546
-556
-566
-646
-656
-666
-416
-426
-436
-476
-486
-366
-766
-866
-966
497
-492
-493
-494
-495
-498
-499
-477
-487
-577
-587
-597
-677
-687
-697
-417
-427
-437
-447
-197
-797
-897
-997
516
-511
-512
-513
-514
-515
-517
-518
-519
-526
-536
-616
-626
-636
-576
-586
-116
-316
-716
-816
-916
539
-531
-532
-533
-534
-537
-419
-429
-439
-529
-619
-629
-639
-549
-559
-569
-579
-589
-599
-339
-739
-839
-939
573
-571
-572
-574
-578
-473
-483
-583
-593
-673
-683
-693
-523
-543
-553
-273
283
-287
-289
-213
-223
-773
-873
-973
-783
-883
-983
594
-592
-595
-598
-474
-674
-694
-524
-544
-564
-794
-894
-994
647
-642
-643
-644
-648
-649
-547
-557
-567
-657
-667
527
-521
-522
-525
-528
-617
-627
-637
581
-585
-588
-671
-681
-127
-227
-327
-727
-827
-927
-147
-347
-747
-847
-947
-781
-881
-981
653
-652
-655
-658
-659
-443
-613
-623
-633
-753
-853
-953
712
-711
-713
-714
-715
-717
-718
-719
-722
-732
-812
-822
-832
-912
-922
-932
-742
-752
-762
-772
-792
-112
-212
-412
-612
725
-721
-723
-724
-726
-728
-729
-815
-825
-915
-925
-755
-765
-785
-795
-425
-625
758
-756
-757
-759
-748
-768
-848
-858
-868
-948
-958
-968
-778
-788
-798
-158
-558
811
-813
-814
-817
-818
-819
-731
-821
-831
-911
-921
-931
-841
-861
-871
-111
-211
-611
631
-632
-634
-621
432
-433
-434
-422
-622
-442
-472
865
-862
-864
-867
-869
-855
-955
-965
-885
-895
555
-552
-565
-665
876
-872
-874
-877
-878
-879
-776
-786
-886
-976
-986
-826
-836
-846
-856
-676
686
-685
-688
-689
928
-923
-924
-926
-929
-828
-918
-978
-988
-998
-428
-628
624
-414
-424
423
-413
-614
444
-448
-449
-664
669
-662
-668
-679
-699
-323
-823
-224
214
-217
-219
-914
-824
829
-919
-849
-859
-889
-899
-129
-229
-329
326
-126
-336
-346
-744
-844
834
-833
-837
-734
-934
-944
-269
-369
-769
-969
942
-941
-943
-946
-949
-842
843
-852
857
-952
-962
-743
-767
-957
-967
892
-893
-898
-972
-992
888
-887
-142
-542
548
562
-568
-148
-348
349
368
-367
-149
-159
-259
279
-277
177
-178
-179
198
-199
-117
119
-319
-157
-749
959
-956
746
-741
-736
936
-933
-937
-979
-989
-999
141
-146
-261
156
-152
-121
122
221
-222
252
-257
-262
267
672
-678
-692
-777
-977
478
-479
-488
-698
695
-485
489
415
-418
-615
618
-779
985
-987
-995
993
-793
799
787
-789
733
-737
-913
917
313
-317
-333
337
971
-974
-771
774
761
-764
-961
964
