148
-141
-142
-143
-144
-145
-146
-147
-149
-158
-168
-248
-258
-268
-348
-358
-368
-118
-128
-138
-178
-188
-198
-448
-548
-648
-748
-848
-948
173
-171
-172
-174
-175
-176
-177
-179
-183
-193
-273
-283
-293
-373
-383
-393
-113
-123
-133
-153
-163
-473
-573
-673
-773
-873
-973
216
-211
-212
-213
-214
-215
-217
-218
-219
-116
-126
-136
-226
-236
-316
-326
-336
-246
-256
-266
-276
-286
-296
-416
-516
-616
-716
-816
-916
222
-221
-223
-224
-225
-227
-228
-229
-112
-122
-132
-232
-312
-322
-332
-242
-252
-262
-272
-282
-292
-422
-522
-622
-722
-822
-922
234
-231
-233
-235
-237
-238
-239
-114
-124
-134
-314
-324
-334
-244
-254
-264
-274
-284
-294
-434
-534
-634
-734
-834
-934
279
-271
-275
-277
-278
-189
-199
-289
-299
-379
-389
-399
-249
-259
-269
-479
-579
-679
-779
-879
-979
344
-341
-342
-343
-345
-346
-347
-349
-154
-164
-354
-364
-374
-384
-394
-444
-544
-644
-744
-844
-944
369
-361
-362
-363
-365
-366
-367
-159
-169
-359
-319
-329
-339
-469
-569
-669
-769
-869
-969
395
-391
-392
-396
-397
-398
-185
-195
-285
-295
-375
-385
-315
-325
-335
-355
-495
-595
-695
-795
-895
-995
446
-441
-442
-443
-445
-447
-449
-456
-466
-546
-556
-566
-646
-656
-666
-426
-436
-476
-486
-496
-746
-846
-946
478
-471
-472
-474
-475
-477
-488
-498
-578
-588
-598
-678
-688
-698
-418
-428
-438
-458
-468
-378
-778
-878
-978
482
-481
-483
-484
-485
-487
-489
-492
-572
-582
-592
-672
-682
-692
-412
-432
-452
-462
-182
-382
-782
-882
-982
514
-511
-512
-513
-515
-517
-518
-519
-414
-424
-524
-614
-624
-554
-564
-574
-584
-594
-714
-814
-914
597
-591
-593
-596
-599
-497
-577
-587
-677
-687
-697
-527
-537
-547
-557
-567
-197
-297
-797
-897
-997
628
-621
-623
-625
-626
-627
-629
-528
-538
-618
-638
-658
-668
-328
-728
-828
-928
635
-631
-632
-633
-636
-637
-639
-415
-425
-435
-525
-535
-615
-645
-655
-665
-675
-685
-135
-735
-835
-935
661
-662
-663
-664
-667
-451
-461
-541
-551
-561
-641
-651
-611
-671
-681
-691
-161
-261
-761
-861
-961
715
-711
-712
-713
-717
-718
-719
-725
-815
-825
-915
-925
-745
-755
-765
-775
-785
-115
125
-121
-127
-129
-155
-165
747
-741
-742
-743
-749
-757
-767
-847
-857
-867
-947
-957
-967
-727
-737
-777
-787
-247
-647
766
-762
-763
-764
-768
-756
-856
-866
-956
-966
-726
-736
-776
-786
-796
-166
836
-831
-832
-833
-837
-838
-839
-826
-926
-936
-876
-886
-896
526
-521
-523
-529
-536
-576
-586
875
-871
-872
-874
-877
-885
-975
-985
-845
-855
-865
-575
571
-491
-581
585
-583
-589
-531
-545
-555
-565
-371
-771
-971
883
-881
-884
-887
-888
-889
-783
-793
-893
-983
-993
-813
-823
-843
-853
-863
-683
894
-891
-892
-898
-899
-774
772
-792
-972
-992
-784
-794
-974
-984
-994
-732
-752
-824
-854
-864
-372
192
-191
-194
-196
184
-181
-186
-187
-152
-162
167
352
-351
-353
-356
-357
156
-151
-157
-257
-267
-117
-137
287
-281
-288
-377
376
-386
-387
298
-291
381
-388
-311
-321
-331
-552
-652
-852
-952
-467
674
-676
-494
-684
-694
-654
-976
977
-987
-917
-927
-937
-781
-981
-798
-998
932
-931
-933
-938
-939
-812
-912
-942
-962
612
-613
-617
-619
-532
-642
657
-653
-659
-457
968
-963
-964
-965
-758
-858
-868
862
-842
-958
818
-811
-817
-819
827
-821
-829
-738
-918
788
-789
-988
-318
338
-333
-337
-327
323
-313
317
-417
-423
-723
-923
-427
437
-431
-433
-439
542
-543
-549
-562
558
-553
-559
-568
563
-453
-463
-643
649
-459
-533
539
413
-411
-419
421
-429
-493
499
693
-696
-699
686
-689
-913
733
-731
-739
-753
-721
-921
911
-919
-941
-951
-991
791
-799
-751
-111
119
131
-139
-849
841
-851
859
-759
754
-954
-949
-959
-724
729
924
-929
-241
251
-253
-255
953
-955
-943
945
243
-245
-263
265
-454
455
464
-465
-986
989
996
-999
