123
-121
-122
-124
-125
-126
-127
-128
-129
-113
-133
-213
-223
-233
-313
-323
-333
-143
-153
-163
-173
-183
-193
-423
-523
-623
-723
-823
-923
146
-141
-142
-144
-145
-147
-148
-149
-156
-166
-246
-256
-266
-346
-356
-366
-116
-136
-176
-186
-196
-446
-546
-646
-746
-846
-946
169
-161
-162
-164
-165
-167
-168
-159
-249
-259
-269
-349
-359
-369
-119
-139
-179
-189
-199
-469
-569
-669
-769
-869
-969
212
-211
-214
-215
-216
-217
-218
-219
-112
-132
-222
-232
-312
-322
-332
-242
-252
-262
-272
-282
-292
-412
-512
-612
-712
-812
-912
273
-271
-274
-275
-276
-277
-278
-279
-283
-293
-373
-383
-393
-243
-253
-263
-473
-573
-673
-773
-873
-973
344
-341
-342
-343
-345
-347
-348
-154
-244
-254
-264
-354
-364
-314
-324
-334
-374
-384
-394
-444
-544
-644
-744
-844
-944
436
-431
-432
-433
-434
-435
-437
-438
-439
-416
-426
-516
-526
-536
-616
-626
-636
-456
-466
-476
-486
-496
-236
-336
-736
-836
-936
441
-442
-443
-445
-447
-448
-449
-451
-461
-541
-551
-561
-641
-651
-661
-411
-421
-471
-481
-491
-241
-741
-841
-941
524
-521
-522
-525
-527
-528
-529
-414
-424
-514
-534
-614
-624
-634
-554
-564
-574
-584
-594
-224
-724
-824
-924
572
-571
-575
-576
-577
-578
-579
-472
-482
-492
-582
-592
-672
-682
-692
-532
-542
-552
-562
-172
-372
-772
-872
-972
657
-652
-653
-654
-655
-656
-658
-659
-457
-467
-547
-557
-567
-647
-667
-617
-627
-637
-677
-687
-697
-157
-257
-357
-757
-857
-957
675
-671
-674
-676
-678
-679
-475
-485
-495
-585
-595
-685
-695
-615
-625
-635
-645
-665
-175
-375
-775
-875
-975
715
-711
-713
-714
-716
-717
-718
-719
-725
-735
-815
-825
-835
-915
-925
-935
-745
-755
-765
-785
-795
-115
-315
-415
-515
752
-751
-753
-754
-756
-758
-759
-742
-762
-842
-852
-862
-942
-952
-962
-722
-732
-782
-792
642
-643
-648
-649
-452
-462
-662
422
-425
-427
-428
-429
-622
-632
535
-531
-533
-537
-538
-539
-545
-555
-565
-822
-922
-135
-235
-335
-152
-352
362
-361
-363
-365
-367
-368
353
-351
-355
-358
-382
-392
-453
-553
-853
-953
838
-831
-832
-833
-834
-837
-839
932
-931
-933
-934
-937
-938
-939
-728
-738
-818
-828
-918
-928
-848
-858
-868
-878
-888
-898
-982
-992
-138
-238
-338
-638
886
-881
-882
-883
-884
-885
-887
-889
892
-891
-893
-894
-895
-896
-897
-899
-776
-786
-796
-876
-976
-986
-996
-816
-826
-856
-866
376
-371
-377
-378
-379
-286
-296
-386
-396
226
-221
-225
-227
-228
-229
325
-321
-326
-327
-328
-329
-316
-385
-395
916
-911
-913
-914
-917
-919
-726
-926
766
-761
-763
-764
-767
-768
-956
-966
628
-621
-629
-418
-518
-618
-668
-688
-698
556
-558
-559
-566
-666
-586
-596
182
-181
-184
-185
-187
-188
-192
-686
696
-691
-693
-694
-699
981
-983
-984
-985
-987
-988
-989
-771
-781
-791
-871
-971
-991
995
-993
-994
-997
-998
-999
-921
-951
-961
-945
-955
-965
171
-174
-177
-178
-191
-281
-291
-381
-391
-111
-131
-151
-581
-681
591
-593
-597
-598
-599
-511
285
-284
-287
-288
-289
-195
-295
155
-158
-245
-255
-265
845
-843
-847
-849
-855
-865
-455
465
-463
-464
-468
114
-117
-118
-134
137
-234
-237
-317
-337
318
-311
-319
-194
294
-297
-298
-299
-197
198
-388
-398
239
-231
331
-339
-814
734
-731
-733
-737
-739
813
-811
-817
-819
721
-727
-729
-821
-774
-784
-794
-863
611
-613
-619
-631
-413
-513
633
-639
-663
664
-454
-683
-684
689
-479
-489
-499
-589
-864
-964
484
-483
-487
-488
-474
-494
493
-497
-498
-583
783
-787
-788
-789
-793
-743
588
-587
477
-478
-417
419
517
-519
458
-459
-548
-568
563
-543
549
943
-947
-948
-949
-963
-749
-258
251
-261
-851
861
-867
-958
-777
-877
827
-829
-927
929
-959
954
-854
859
874
-879
-974
-979
-977
978
797
-798
-799
-778
779
-747
748
967
-968
247
-248
-267
268
387
-389
-397
399
