136
-131
-132
-133
-134
-135
-137
-138
-139
-116
-126
-216
-226
-236
-316
-326
-336
-146
-156
-166
-176
-186
-196
-436
-536
-636
-736
-836
-936
184
-181
-182
-183
-185
-187
-188
-189
-174
-194
-274
-284
-294
-374
-384
-394
-114
-124
-144
-154
-164
-484
-584
-684
-784
-884
-984
249
-241
-242
-243
-244
-245
-246
-247
-248
-149
-159
-169
-259
-269
-349
-359
-369
-219
-229
-239
-279
-289
-299
-449
-549
-649
-749
-849
-949
262
-261
-263
-264
-265
-266
-267
-268
-142
-152
-162
-252
-342
-352
-362
-212
-222
-232
-272
-282
-292
-462
-562
-662
-762
-862
-962
273
-271
-275
-276
-277
-278
-173
-193
-283
-293
-373
-383
-393
-213
-223
-233
-253
-473
-573
-673
-773
-873
-973
291
-295
-296
-297
-298
-171
-191
-281
-371
-381
-391
-211
-221
-231
-251
-491
-591
-691
-791
-891
-991
363
-361
-364
-365
-366
-367
-368
-143
-153
-163
-343
-353
-313
-323
-333
-463
-563
-663
-763
-863
-963
377
-372
-375
-376
-378
-379
-177
-197
-287
-387
-397
-317
-327
-337
-347
-357
-477
-577
-677
-777
-877
-977
398
-392
-395
-396
-399
-178
-198
-288
-388
-318
-328
-338
-348
-358
-498
-598
-698
-798
-898
-998
444
-441
-442
-443
-445
-446
-447
-448
-454
-464
-544
-554
-564
-644
-654
-664
-414
-424
-434
-474
-494
-344
-744
-844
-944
459
-451
-452
-453
-455
-456
-457
-458
-469
-559
-569
-659
-669
-419
-429
-439
-479
-489
-499
-759
-859
-959
488
-481
-482
-483
-485
-486
-487
-478
-578
-588
-678
-688
-418
-428
-438
-468
-788
-888
-988
493
-492
-495
-496
-497
-583
-593
-683
-693
-413
-423
-433
-793
-893
-993
613
-611
-612
-614
-615
-616
-617
-618
-619
-513
-523
-533
-623
-633
-643
-653
-113
123
-121
-122
-125
-127
-128
-129
-713
-813
-913
-723
-823
-923
622
-621
-624
-625
-626
-627
-628
-629
-412
-422
-432
-512
-522
-532
-632
472
-471
-475
-476
-572
-582
-592
-672
-682
-692
-642
-652
-322
-722
-822
-922
-172
-772
-872
-972
657
-651
-655
-656
-658
-467
-547
-557
-567
-647
-667
-637
-687
-697
-157
-257
-757
-857
-957
666
-661
-665
-668
-466
-546
-556
-566
-646
-676
-686
-696
-766
-866
-966
712
-711
-714
-715
-716
-717
-718
-719
-732
-812
-832
-912
-932
-742
-752
-782
-792
-112
192
-195
-199
-382
-312
332
-331
-334
-335
-339
-892
-992
733
-731
-734
-735
-737
-738
-739
-833
-933
-743
-753
-783
741
-745
-746
-747
-748
-751
-761
-841
-851
-861
-941
-951
-961
-721
-771
-781
-141
-341
-541
-641
818
-811
-814
-815
-816
-817
-819
-728
-828
-838
-918
-928
-938
-848
-858
-868
-878
-118
-218
-518
831
-834
-835
-837
-839
-821
-911
-921
-931
-871
-881
-431
-531
-631
842
-843
-845
-846
-847
-852
-942
-952
-882
982
-981
-983
-985
-986
-987
-989
971
-974
-975
-976
-978
-979
883
-885
-886
-887
-889
778
-774
-775
-776
-779
-758
-768
-853
-542
552
-551
-553
-555
-558
543
-545
-548
-943
953
-954
-955
-956
-958
-571
-671
681
-685
-689
-581
864
-865
-867
-869
-754
-764
-854
-964
-824
-874
-894
924
-925
-926
-927
-929
-724
-914
-934
794
-795
-796
-797
-799
-994
-224
-324
-524
-594
-694
111
-115
-117
-119
-311
-321
-151
-161
351
-354
-355
-356
254
-255
-256
-258
346
-345
179
-175
-389
-214
-234
314
-315
-319
329
-325
286
-285
385
-386
-411
-511
-514
-529
-729
-829
-946
158
-155
-148
-168
-579
-679
-879
899
-895
-896
-897
-789
-999
769
-765
-767
-969
827
-825
-826
-727
-917
-937
787
-785
-786
-997
-227
-427
-527
-585
-586
-587
589
597
-595
-596
-599
576
-574
-575
674
-675
695
-699
534
-535
-537
-538
-539
-634
-516
-526
-517
-519
515
-415
-425
-435
437
-525
-635
-417
416
-426
421
-521
528
-638
639
-461
465
561
-565
-568
-645
648
-215
217
-237
-915
-916
919
726
-725
935
-939
755
-756
-855
856
-945
-965
875
-876
-995
996
225
-228
-235
238
145
-147
-165
167
947
-948
-967
968
