139
-131
-132
-133
-134
-135
-136
-137
-138
-119
-129
-219
-229
-239
-319
-329
-339
-149
-159
-169
-179
-189
-199
-439
-539
-639
-739
-839
-939
165
-161
-162
-163
-164
-166
-167
-168
-145
-155
-245
-255
-265
-345
-355
-365
-115
-125
-175
-185
-195
-465
-565
-665
-765
-865
-965
235
-231
-232
-233
-234
-236
-237
-238
-215
-225
-315
-325
-335
-275
-285
-295
-435
-535
-635
-735
-835
-935
251
-252
-253
-254
-256
-257
-258
-259
-141
-151
-241
-261
-341
-351
-361
-211
-221
-271
-281
-291
-451
-551
-651
-751
-851
-951
274
-272
-273
-276
-277
-278
-279
-174
-184
-194
-284
-294
-374
-384
-394
-214
-224
-244
-264
-474
-574
-674
-774
-874
-974
288
-282
-283
-286
-287
-289
-178
-188
-198
-298
-378
-388
-398
-218
-228
-248
-268
-488
-588
-688
-788
-888
-988
299
-292
-293
-296
-297
-379
-389
-399
-249
-269
-499
-599
-699
-799
-899
-999
322
-321
-323
-324
-326
-327
-328
-112
-122
-212
-222
-312
-332
-342
-352
-362
-372
-382
-392
-422
-522
-622
-722
-822
-922
337
-331
-333
-334
-336
-338
-117
-127
-217
-227
-317
-347
-357
-367
-377
-387
-397
-437
-537
-637
-737
-837
-937
343
-344
-346
-348
-349
-143
-153
-243
-263
-353
-363
-313
-373
-383
-393
-443
-543
-643
-743
-843
-943
457
-452
-453
-454
-455
-456
-458
-459
-447
-467
-547
-557
-567
-647
-657
-667
-417
-427
-477
-487
-497
-157
-757
-857
-957
463
-461
-462
-464
-466
-468
-469
-553
-563
-653
-663
-413
-423
-433
-473
-483
-493
-763
-863
-963
471
-472
-475
-476
-478
-479
-481
-491
-571
-581
-591
-671
-681
-691
-411
-421
-431
-441
-171
-371
-771
-871
-971
526
-521
-523
-524
-525
-527
-528
-529
-416
-426
-436
-516
-536
-616
-626
-636
-546
-556
-566
-576
-586
-596
-126
-226
223
-113
-123
-213
216
-116
-316
-246
-266
-716
-816
-916
-623
-723
-823
-923
-726
-826
-926
544
-541
-542
-545
-548
-549
-444
-554
-564
-644
-654
-664
-514
-534
-584
-594
-144
-744
-844
-944
561
-562
-568
-569
-641
-661
-511
-531
-761
-861
-961
587
-582
-583
-585
-589
-577
-597
-677
-687
-697
-517
-187
-787
-887
-987
633
-631
-632
-634
-638
-513
-533
-613
-673
-683
-693
-733
-833
-933
649
-642
-645
-646
-648
-449
-559
-659
-669
-619
-629
-679
-689
-749
-849
-949
652
-655
-656
-658
-442
-552
-662
-612
-672
-682
-692
-152
-752
-852
-952
768
-762
-764
-766
-767
-769
-748
-758
-848
-858
-868
-948
-958
-968
-718
-728
-738
-778
-798
-368
-668
666
-446
-676
-686
-696
-366
-866
-966
775
-772
-773
-776
-777
-779
-785
-795
-875
-885
-895
-975
-985
-995
-715
-725
-745
-755
-375
376
-176
-186
-196
-386
-396
-356
-575
-675
678
-498
-578
-598
-698
-618
-628
-876
-976
-878
-978
781
-782
-783
-784
-786
-789
-791
-881
-891
-981
-991
-711
-721
-731
-741
-181
-381
385
-395
391
-191
-311
-485
-685
684
-484
-494
-694
695
-495
-595
-614
-624
-615
-625
-884
-984
815
-811
-812
-813
-814
-817
-818
-819
-825
-915
-925
-845
-855
-415
-515
425
-424
-428
-429
-445
448
555
-558
-418
-438
945
-941
-942
-946
-947
841
-842
-846
-847
-955
-821
-831
931
-932
-934
-936
-938
-911
-921
-148
827
-824
-828
-829
-717
-727
-917
-927
-867
-877
-897
617
-611
621
-627
111
-114
-118
-121
836
-832
-834
-838
-736
-856
-886
-896
898
-892
-893
-894
-998
538
-532
-518
854
-853
-859
-754
-864
-954
-964
-154
124
-128
-314
318
158
-156
146
-142
-147
-358
-918
928
-924
-929
-724
729
-719
-919
-759
-746
-354
359
364
-369
-959
873
-872
-879
-793
-883
-973
-983
-993
-173
-573
593
-592
183
-182
-193
972
-977
-979
-792
-882
889
-982
-992
-989
986
-796
-996
756
-753
953
-956
713
-712
-714
-913
862
-869
-742
747
-962
-967
969
732
-734
-912
914
794
-797
-994
997
-414
434
-432
242
-247
-262
267
-172
177
192
-197
-572
579
-489
419
-412
512
-519
482
-486
-492
496
