148
-141
-142
-143
-144
-145
-146
-147
-149
-158
-168
-248
-258
-268
-348
-358
-368
-118
-128
-138
-178
-188
-198
-448
-548
-648
-748
-848
-948
153
-151
-152
-154
-155
-156
-157
-159
-163
-243
-253
-263
-343
-353
-363
-113
-123
-133
-173
-183
-193
-453
-553
-653
-753
-853
-953
174
-171
-172
-175
-176
-177
-179
-184
-194
-274
-284
-294
-374
-384
-394
-114
-124
-134
-164
-474
-574
-674
-774
-874
-974
221
-222
-223
-224
-225
-226
-227
-228
-229
-111
-121
-131
-211
-231
-311
-321
-331
-241
-251
-261
-271
-281
-291
-421
-521
-621
-721
-821
-921
232
-233
-234
-235
-236
-237
-238
-239
-112
-122
-132
-212
-312
-322
-332
-242
-252
-262
-272
-282
-292
-432
-532
-632
-732
-832
-932
275
-273
-276
-277
-278
-279
-185
-195
-285
-295
-375
-385
-395
-215
-245
-255
-265
-475
-575
-675
-775
-875
-975
323
-324
-325
-326
-327
-328
-329
-213
-313
-333
-373
-383
-393
-423
-523
-623
-723
-823
-923
415
-411
-412
-413
-414
-416
-417
-418
-419
-425
-435
-515
-525
-535
-615
-625
-635
-445
-455
-465
-485
-495
-115
-315
-715
-815
-915
451
-452
-454
-456
-457
-458
-459
-441
-461
-541
-551
-561
-641
-651
-661
-431
-471
-481
-491
-351
-751
-851
-951
462
-463
-464
-466
-467
-468
-469
-442
-542
-552
-562
-642
-652
-662
-422
-472
-482
-492
-162
-362
-762
-862
-962
518
-511
-512
-513
-514
-516
-517
-519
-428
-438
-528
-538
-618
-628
-638
-558
-568
-578
-588
-598
-218
-318
338
-334
-335
-336
-337
-339
-378
-388
-398
-718
-818
-918
-738
-838
-938
576
-571
-572
-573
-577
-579
-476
-486
-496
-586
-596
-676
-686
-696
-526
-536
-546
-556
-566
-376
-776
-876
-976
716
-711
-712
-713
-714
-717
-719
-726
-736
-816
-826
-836
-916
-926
-936
-746
-756
-766
-786
-796
-116
-216
-316
-616
727
-722
-724
-725
-728
-729
-737
-817
-827
-837
-917
-927
-937
-747
-757
-767
-777
-787
-797
-127
-427
-527
-627
744
-741
-742
-743
-745
-749
-754
-764
-844
-854
-864
-944
-954
-964
-734
-784
-794
-244
-344
-444
-544
-644
881
-882
-883
-884
-885
-886
-887
-888
-889
-771
-781
-791
-871
-891
-971
-981
-991
-811
-831
-841
-861
-181
-381
-581
-681
946
-941
-942
-943
-945
-947
-949
-846
-856
-866
-956
-966
896
-892
-893
-894
-895
-897
-898
-899
-986
-996
341
-342
-345
-346
-347
-349
-161
-361
352
-354
-355
-356
-357
-359
191
-192
-196
-197
-199
-371
-391
182
-186
-187
-189
-372
-382
-392
365
-364
-366
-367
-369
-165
314
-317
-319
-214
-614
-814
-914
842
-843
-845
-847
-849
-752
-852
-952
-812
-822
-872
-246
-446
-646
-565
-665
-765
-865
-965
671
-672
-673
-677
-678
-679
-591
-691
531
-533
-534
-537
-539
-611
-631
911
-912
-913
-919
-731
-931
922
-924
-925
-928
-929
828
-824
-825
-829
761
-763
-768
-769
-961
834
-833
-835
-839
-934
855
-857
-858
-859
-755
-955
-868
-878
-972
-982
-992
612
-613
-617
-619
-522
-622
-682
-692
813
-819
-733
-933
-863
963
-967
-968
-969
-873
-973
-983
-993
125
-126
-129
-135
136
-137
-139
-166
-434
-634
-436
426
-424
-429
-626
-636
-555
-655
-563
-663
668
-664
-666
-667
-669
656
-654
-657
-658
-659
-688
-698
-256
266
-264
-267
-269
254
-257
-259
-286
-296
-554
564
-567
-569
-524
529
624
-629
-439
-639
-584
-594
-549
-559
557
-447
-547
-647
-587
-597
-589
-599
-684
-694
247
-249
-167
169
117
-119
-217
219
-287
-297
-289
-299
-957
867
-869
-877
879
-779
-789
-799
-979
-989
-999
772
-773
-778
-782
-792
473
-477
-478
-479
-483
-493
-583
-593
-683
-693
-433
437
633
-637
-443
449
-649
-487
-497
-489
-499
543
-545
-643
645
-685
-695
978
-977
-788
-798
-988
-998
758
-759
-958
959
739
-735
935
-939
-985
-995
377
-379
-387
-397
-582
585
592
-595
-785
783
-793
795
-283
288
293
-298
386
-389
-396
399
-488
484
-494
498
-984
987
994
-997
-687
689
697
-699
