137
-131
-132
-133
-134
-135
-136
-138
-139
-117
-127
-217
-227
-237
-317
-327
-337
-147
-157
-167
-177
-187
-197
-437
-537
-637
-737
-837
-937
149
-141
-142
-143
-144
-145
-146
-148
-159
-169
-249
-259
-269
-349
-359
-369
-119
-129
-179
-189
-199
-449
-549
-649
-749
-849
-949
152
-151
-153
-154
-155
-156
-158
-162
-242
-252
-262
-342
-352
-362
-112
-122
-172
-182
-192
-452
-552
-652
-752
-852
-952
225
-221
-222
-223
-224
-226
-228
-229
-115
-125
-215
-235
-315
-325
-335
-245
-255
-265
-275
-285
-295
-425
-525
-625
-725
-825
-925
257
-251
-253
-254
-256
-258
-247
-267
-347
-357
-367
-277
-287
-297
-457
-557
-657
-757
-857
-957
279
-271
-272
-273
-274
-276
-278
-289
-299
-379
-389
-399
-219
-239
-479
-579
-679
-779
-879
-979
292
-291
-293
-294
-296
-298
-282
-372
-382
-392
-212
-232
-492
-592
-692
-792
-892
-992
394
-391
-393
-395
-396
-397
-398
-174
-184
-194
-284
-374
-384
-314
-324
-334
-344
-354
-364
-494
-594
-694
-794
-894
-994
411
-412
-413
-414
-415
-416
-417
-418
-419
-421
-431
-511
-521
-531
-611
-621
-631
-441
-451
-461
-471
-481
-491
-111
-211
-311
-711
-811
-911
453
-454
-455
-456
-458
-459
-443
-463
-543
-553
-563
-643
-653
-663
-423
-433
-473
-483
-493
-353
-753
-853
-953
482
-484
-485
-486
-487
-488
-489
-472
-572
-582
-672
-682
-422
-432
-442
-462
-782
-882
-982
496
-495
-497
-498
-499
-476
-576
-586
-596
-676
-686
-696
-426
-436
-446
-466
-196
-796
-896
-996
517
-512
-513
-514
-515
-516
-518
-519
-427
-527
-617
-627
-547
-567
-577
-587
-597
-717
-817
-917
555
-551
-554
-556
-558
-559
-445
-465
-545
-565
-645
-655
-665
-535
-575
-585
-595
-355
-755
-855
-955
591
-593
-598
-599
-571
-581
-671
-681
-691
-541
-561
-191
-791
-891
-991
618
-612
-613
-614
-615
-616
-619
-428
-438
-528
-538
-628
-638
-648
-658
-668
-678
-688
-698
-118
-218
-318
-718
-818
-918
626
-622
-623
-624
-629
-526
-536
-636
-646
-656
-666
-126
-326
-726
-826
-926
651
-654
-659
-641
-661
-351
-751
-851
-951
699
-693
-695
-697
-589
-689
-639
-669
-799
-899
-999
715
-712
-713
-714
-716
-719
-735
-815
-835
-915
-935
-745
-765
-775
-785
-795
812
-813
-814
-816
-819
-722
-732
-822
-832
-912
-922
-932
-842
-862
-872
-312
833
-831
-834
-836
-838
-839
-723
-733
-823
-913
-923
-933
-843
-863
-873
-883
-893
-233
-333
-533
-633
523
-522
-524
-529
-573
-583
322
-321
-323
-328
-329
-332
-123
854
-856
-858
-859
-744
-754
-764
-844
-864
-944
-954
-964
-824
-874
-884
881
-885
-886
-887
-888
-889
-771
-781
-871
-971
-981
-821
-841
-861
-181
-281
-381
958
-956
-959
-748
-758
-768
-848
-868
-948
-968
-928
-938
-978
-988
-998
-358
356
-166
-246
-266
-346
-366
-316
-336
-376
-386
-756
759
-769
-869
-969
-729
-739
-789
989
-983
-984
-985
-986
-987
829
-827
-828
-919
-929
-939
319
-313
-339
-429
424
-434
-534
-634
-444
-464
-474
-124
-724
-924
963
-961
-962
-965
-966
-967
-743
-763
-943
-973
-993
-163
-263
-363
974
-972
-975
-976
-977
772
-773
-774
-776
-777
-778
-784
-742
-762
942
-941
-945
-946
-947
734
-731
-736
-738
-914
916
-934
-936
931
-721
-921
927
-727
728
-788
-798
995
-997
-875
-895
-116
-216
236
-231
-234
-238
-286
121
-128
-331
338
-161
-171
371
-373
-375
-377
-378
387
-383
-385
-388
-341
-361
343
-345
-348
-243
365
-368
-165
-542
-642
845
-846
-847
-865
-574
578
-478
-588
584
-674
-684
-544
-564
-548
546
-566
-568
-746
-178
-878
898
-897
-687
-787
-195
797
-793
783
-786
876
-877
766
-761
-767
741
-747
-866
867
-241
261
-264
-268
-467
-667
-176
186
-183
-185
-188
175
-173
673
-675
-677
-683
685
-475
477
435
-439
-635
632
-532
539
-447
448
647
-644
664
-662
562
-569
-468
469
244
-248
-164
168
114
-113
213
-214
193
-198
-283
288
