131
-132
-133
-134
-135
-136
-137
-138
-139
-111
-121
-211
-221
-231
-311
-321
-331
-141
-151
-161
-171
-181
-191
-431
-531
-631
-731
-831
-931
143
-142
-144
-145
-146
-147
-148
-149
-153
-163
-243
-253
-263
-343
-353
-363
-113
-123
-173
-183
-193
-443
-543
-643
-743
-843
-943
246
-241
-242
-244
-245
-247
-248
-249
-156
-166
-256
-266
-346
-356
-366
-216
-226
-236
-276
-286
-296
-446
-546
-646
-746
-846
-946
275
-271
-272
-273
-274
-277
-278
-279
-175
-185
-195
-285
-295
-375
-385
-395
-215
-225
-235
-255
-265
-475
-575
-675
-775
-875
-975
328
-322
-323
-324
-325
-326
-327
-329
-118
-128
-218
-228
-238
-318
-338
-348
-358
-368
-378
-388
-398
-428
-528
-628
-728
-828
-928
384
-381
-382
-383
-386
-387
-389
-174
-184
-194
-284
-294
-374
-394
-314
-334
-344
-354
-364
-484
-584
-684
-784
-884
-984
416
-411
-412
-413
-414
-415
-417
-418
-419
-426
-436
-516
-526
-536
-616
-626
-636
-456
-466
-476
-486
-496
-116
-316
-716
-816
-916
422
-421
-423
-424
-425
-427
-429
-432
-512
-522
-532
-612
-622
-632
-442
-452
-462
-472
-482
-492
-122
-222
-722
-822
-922
473
-471
-474
-477
-478
-479
-483
-493
-573
-583
-593
-673
-683
-693
-433
-453
-463
-373
-773
-873
-973
558
-551
-552
-553
-554
-555
-556
-557
-559
-448
-458
-468
-548
-568
-648
-658
-668
-518
-538
-578
-588
-598
-158
-258
-758
-858
-958
571
-572
-574
-576
-577
-579
-481
-491
-581
-591
-671
-681
-691
-511
-521
-541
-561
-371
-771
-871
-971
654
-651
-652
-653
-655
-656
-657
-659
-444
-454
-464
-544
-564
-644
-664
-614
-624
-634
-674
-694
-154
-254
-754
-854
-954
717
-711
-712
-713
-714
-715
-718
-719
-727
-737
-817
-827
-837
-917
-927
-937
-747
-757
-767
-777
-787
-797
-117
-217
-317
-517
-617
752
-751
-753
-755
-756
-759
-742
-762
-842
-852
-862
-942
-952
-962
-732
-772
-782
-792
-152
-252
-352
788
-781
-783
-785
-786
-789
-778
-798
-878
-888
-898
-978
-988
-998
-738
-748
-768
-188
-288
-488
-688
813
-811
-812
-814
-815
-818
-819
-723
-733
-823
-833
-913
-923
-933
-853
-863
-883
-893
-213
-313
-513
-613
953
-951
-955
-956
-957
-959
-763
-963
793
-791
-794
-795
-796
-799
-983
-993
856
-851
-855
-857
-859
-766
-866
-966
-826
-836
-876
-886
-896
283
-281
-282
-287
-289
-293
-393
-223
-233
333
-332
-335
-336
-337
-339
126
-124
-125
-127
-129
-176
-186
-196
-726
-926
-533
-633
845
-841
-844
-847
-848
-849
-745
-765
-865
-945
-965
-825
-835
-885
-895
-345
-445
-545
-645
948
-941
-944
-947
-949
-868
-968
838
-832
-834
-839
-918
-938
618
-611
-615
-619
621
-623
-625
-627
-629
523
-524
-525
-527
-529
-438
-638
498
-494
-495
-497
-499
594
-592
-595
-596
-597
-599
-678
-698
434
-435
-437
-439
-514
-534
-563
663
-661
-662
-665
-666
-667
-669
566
-562
-565
-567
-569
-586
-641
911
-912
-914
-915
-919
-721
-821
-921
932
-934
-935
-936
-939
736
-734
-735
-739
725
-724
-729
-925
-776
-961
-981
-991
-972
-982
-992
227
-224
-229
-237
-257
-267
-297
-232
-234
239
-119
-219
-319
-259
251
-261
-341
-351
-361
-291
391
-392
-396
-397
-399
376
-372
-377
-379
-269
-299
519
-515
-539
-639
-549
-589
744
-741
-749
-764
-864
-964
761
-769
-861
-774
779
-879
-889
-899
-979
-989
-999
441
-447
-449
-451
-461
-676
-976
178
-172
-177
-179
-198
-298
292
-182
-192
-168
268
-262
-264
164
-162
-165
-167
-169
112
-114
-115
-212
214
-312
315
155
-157
-159
-355
-365
-455
465
-467
-469
-485
362
-367
-369
-342
-679
881
-882
-887
-891
-692
-892
872
-874
-877
-672
677
-487
489
-587
-687
-697
-689
-699
457
-459
-547
542
-642
-647
649
-582
585
682
-685
-686
-695
696
-535
537
635
-637
347
-349
-357
359
974
-977
-894
897
-994
-987
-997
824
-829
-924
929
-867
869
967
-969
-985
986
995
-996
187
-189
-197
199
