147
-141
-142
-143
-144
-145
-146
-148
-149
-157
-167
-247
-257
-267
-347
-357
-367
-117
-127
-137
-177
-187
-197
-447
-547
-647
-747
-847
-947
172
-171
-173
-174
-175
-176
-178
-179
-182
-192
-272
-282
-292
-372
-382
-392
-112
-122
-132
-152
-162
-472
-572
-672
-772
-872
-972
243
-241
-242
-244
-245
-246
-248
-249
-153
-163
-253
-263
-343
-353
-363
-213
-223
-233
-273
-283
-293
-443
-543
-643
-743
-843
-943
269
-261
-262
-264
-265
-266
-268
-159
-169
-259
-349
-359
-369
-219
-229
-239
-279
-289
-299
-469
-569
-669
-769
-869
-969
321
-322
-323
-324
-325
-326
-327
-328
-329
-111
-121
-131
-211
-221
-231
-311
-331
-341
-351
-361
-371
-381
-391
-421
-521
-621
-721
-821
-921
413
-411
-412
-414
-415
-416
-417
-418
-419
-423
-433
-513
-523
-533
-613
-623
-633
-453
-463
-473
-483
-493
-113
-313
-713
-813
-913
446
-441
-442
-444
-445
-448
-449
-456
-466
-546
-556
-566
-646
-656
-666
-426
-436
-476
-486
-496
-346
-746
-846
-946
494
-491
-492
-495
-497
-498
-499
-474
-484
-574
-584
-594
-674
-684
-694
-424
-434
-454
-464
-194
-294
-394
-794
-894
-994
514
-511
-512
-515
-516
-517
-518
-519
-524
-534
-614
-624
-634
-544
-554
-564
-114
-214
-314
-714
-814
-914
581
-582
-583
-585
-586
-587
-588
-589
-471
-481
-571
-591
-671
-681
-691
-531
-541
-551
-561
-181
-281
-781
-881
-981
598
-592
-593
-595
-596
-597
-599
-478
-488
-578
-678
-688
-698
-528
-538
-548
-558
-568
-198
-298
-398
-798
-898
-998
685
-682
-683
-686
-687
-689
-475
-485
-575
-675
-695
-615
-625
-635
-645
-655
-665
-185
-285
-385
-785
-885
-985
716
-711
-712
-715
-717
-718
-719
-726
-736
-816
-826
-836
-916
-926
-936
-756
-766
-776
-786
-796
-116
-216
-316
-616
777
-771
-773
-774
-775
-778
-779
-787
-797
-877
-887
-897
-977
-987
-997
-727
-737
-757
-767
-277
-377
-477
479
-489
-579
-679
-699
-429
-439
-459
-577
-677
-379
-879
-979
825
-822
-823
-824
-827
-828
-829
-725
-735
-815
-835
-915
-925
-935
-845
-855
-865
-875
-895
-125
-225
-425
-525
858
-851
-852
-853
-854
-856
-857
-859
-748
-758
-768
-848
-868
-948
-958
-968
-818
-838
-878
-888
-158
-258
-358
-458
-658
951
-952
-953
-954
-955
-956
-957
-959
-741
-751
-761
-841
-861
-941
-961
-911
-931
-971
-991
641
-642
-644
-648
-649
-451
-461
-651
-661
431
-432
-435
-437
-438
-611
-631
535
-532
-536
-537
-539
-545
-555
-565
811
-812
-817
-819
-731
-831
791
-792
-793
-795
-799
-871
-891
-135
-235
-335
348
-342
-344
-345
-168
-368
-318
-338
-378
-388
-151
-251
161
-164
-165
-166
-191
271
-274
-275
-276
-278
-291
978
-973
-974
-975
-976
995
-992
-993
-996
-999
-788
-988
-945
-965
-918
-928
-938
745
-742
-744
-749
-755
-765
375
-373
-374
-376
-195
-295
-395
-315
-355
-365
465
-462
-467
-468
-455
668
-662
-663
-664
-667
654
-652
-653
-657
-659
428
-422
-427
-618
-628
-638
-128
-228
-728
738
-732
-733
-734
-739
-138
-238
-154
-254
-354
364
-362
-366
-334
-384
-754
-764
-864
-964
874
-873
-876
-784
-884
-984
724
-722
-723
-729
-834
-924
-934
-844
944
-942
-949
-124
-224
115
-118
-119
-215
218
-212
-217
-155
156
255
-252
-256
352
-356
-126
-136
-186
-196
188
-183
-184
-189
284
-286
-287
-288
134
-133
-139
-234
-312
-332
-452
457
-557
-567
482
-487
-692
697
-693
-696
527
-522
-526
-529
-617
-627
-637
576
-573
673
-676
-227
-927
-552
-752
-782
762
-763
-842
849
-862
-962
-759
753
-863
-963
-783
789
-889
-899
-989
-839
542
-549
-562
563
-553
559
-882
-982
892
-893
-896
-832
387
-383
-386
-389
-297
296
-396
-397
-226
222
-232
-236
237
336
-333
-337
-339
123
-129
-317
319
-193
199
393
-399
917
-912
-919
-837
833
-923
-933
-937
-883
886
983
-986
-866
867
966
-967
612
-619
-622
-632
-922
929
932
-939
626
-629
-636
639
