124
-121
-122
-123
-125
-126
-127
-128
-129
-114
-134
-214
-224
-234
-314
-324
-334
-144
-154
-164
-174
-184
-194
-424
-524
-624
-724
-824
-924
181
-182
-183
-185
-186
-187
-188
-189
-171
-191
-271
-281
-291
-371
-381
-391
-111
-131
-141
-151
-161
-481
-581
-681
-781
-881
-981
215
-211
-212
-213
-216
-217
-218
-219
-115
-135
-225
-235
-315
-325
-335
-245
-255
-265
-275
-285
-295
-415
-515
-615
-715
-815
-915
246
-241
-242
-243
-244
-247
-248
-249
-146
-156
-166
-256
-266
-346
-356
-366
-226
-236
-276
-286
-296
-446
-546
-646
-746
-846
-946
337
-331
-332
-333
-336
-338
-339
-117
-137
-227
-237
-317
-327
-347
-357
-367
-377
-387
-397
-437
-537
-637
-737
-837
-937
447
-441
-442
-443
-444
-445
-448
-449
-457
-467
-547
-557
-567
-647
-657
-667
-417
-427
-477
-487
-497
-147
-747
-847
-947
476
-471
-472
-473
-474
-475
-478
-479
-486
-496
-576
-586
-596
-676
-686
-696
-416
-426
-436
-456
-466
-176
-376
-776
-876
-976
495
-491
-492
-493
-494
-498
-499
-485
-575
-585
-595
-675
-685
-695
-425
-435
-455
-465
-195
-395
-795
-895
-995
531
-532
-533
-534
-535
-536
-538
-539
-411
-421
-431
-511
-521
-611
-621
-631
-541
-551
-561
-571
-591
-231
-731
-831
-931
543
-542
-544
-545
-548
-549
-453
-463
-553
-563
-643
-653
-663
-513
-523
-573
-583
-593
-143
-343
-743
-843
-943
622
-623
-625
-626
-627
-628
-629
-412
-422
-432
-512
-522
-612
-632
-642
-652
-662
-672
-682
-692
-222
-322
-722
-822
-922
751
-752
-753
-754
-755
-756
-757
-758
-759
-741
-761
-841
-851
-861
-941
-951
-961
-711
-721
-771
-791
-251
-351
-451
461
-462
-464
-468
-469
-641
-651
-661
341
-342
-344
-345
-348
-349
-261
-361
221
-223
-228
-229
-311
-321
-821
-921
764
-762
-763
-765
-766
-767
-768
-769
-744
-844
-854
-864
-944
-954
-964
-714
-734
-774
-784
-794
644
-645
-648
-649
-454
-554
-564
-654
-664
-614
-634
-674
-684
-694
-264
-364
773
-772
-775
-777
-778
-779
-783
-793
-873
-883
-893
-973
-983
-993
-713
-723
-733
-173
-273
-373
-673
817
-811
-812
-813
-814
-816
-818
-819
911
-912
-913
-914
-916
-917
-918
-919
-717
-727
-827
-927
-857
-867
-877
-887
-897
-971
-991
-517
-617
527
-525
-526
-528
-529
635
-633
-636
-638
-639
-577
-587
-597
-655
-665
-735
-835
-935
878
-871
-872
-874
-875
-879
891
-892
-894
-896
-898
-899
-788
-798
-888
-978
-988
-998
-828
-838
-848
-858
-868
671
-677
-678
-679
-691
-178
-278
-378
-578
952
-953
-955
-956
-957
-958
-959
-742
-842
-852
-862
-942
-962
967
-963
-965
-966
-968
-969
-932
-972
-982
-992
-977
-987
-997
142
-145
-148
-149
-152
-162
-252
-262
-352
-362
-112
-132
-172
-192
-452
482
-483
-484
-488
-489
-572
-582
-592
-552
562
-565
-566
-568
-569
555
-556
-558
-559
516
-514
-518
-519
-616
414
-413
-418
-419
-434
-116
-316
-716
-155
-355
-855
-167
-267
-282
-382
-782
-882
792
-796
-797
-799
787
-785
-786
-789
-712
-732
832
-833
-834
-836
-839
934
-933
-936
-938
-939
884
-885
-886
-889
-974
-984
-994
923
-925
-926
-928
-929
-823
948
-945
-949
-748
312
-313
-318
-319
-232
-372
-392
-323
-423
433
-438
-439
-613
113
-118
-119
-133
-233
-153
-163
-193
272
-274
-277
-279
-292
177
-175
-179
-197
-287
-297
165
-168
-169
-365
-157
257
-253
-254
-258
-259
354
-353
-358
-359
-374
-384
-394
853
-856
-859
-863
866
-865
-869
-826
656
-658
-659
-666
574
-579
-584
-594
-284
294
-293
-298
-299
-687
697
-693
-698
-699
683
-688
-689
-283
263
-268
-269
-363
-383
393
-396
-398
-399
-136
326
-328
-329
196
-198
-199
-386
-726
736
-738
-739
986
-985
-989
975
-979
-996
999
-375
379
385
-388
-389
288
-289
-238
239
138
-139
-158
159
368
-369
458
-459
-668
669
-428
429
618
-619
-718
719
728
-725
-729
825
-829
745
-749
-845
849
-588
589
598
-599
