131
-132
-133
-134
-135
-136
-137
-138
-139
-111
-121
-211
-221
-231
-311
-321
-331
-141
-151
-161
-171
-181
-191
-431
-531
-631
-731
-831
-931
153
-152
-154
-155
-156
-157
-158
-159
-143
-163
-243
-253
-263
-343
-353
-363
-113
-123
-173
-183
-193
-453
-553
-653
-753
-853
-953
184
-182
-185
-186
-187
-188
-189
-174
-194
-274
-284
-294
-374
-384
-394
-114
-124
-144
-164
-484
-584
-684
-784
-884
-984
249
-241
-242
-244
-245
-246
-247
-248
-149
-169
-259
-269
-349
-359
-369
-219
-229
-239
-279
-289
-299
-449
-549
-649
-749
-849
-949
265
-261
-262
-264
-266
-267
-268
-145
-165
-255
-345
-355
-365
-215
-225
-235
-275
-285
-295
-465
-565
-665
-765
-865
-965
337
-332
-333
-334
-335
-336
-338
-339
-117
-127
-217
-227
-237
-317
-327
-347
-357
-367
-377
-387
-397
-437
-537
-637
-737
-837
-937
368
-361
-362
-364
-366
-148
-168
-258
-348
-358
-318
-328
-378
-388
-398
-468
-568
-668
-768
-868
-968
382
-381
-383
-385
-386
-389
-172
-192
-272
-282
-292
-372
-392
-312
-322
-342
-352
-482
-582
-682
-782
-882
-982
432
-433
-434
-435
-436
-438
-439
-412
-422
-512
-522
-532
-612
-622
-632
-442
-452
-462
-472
-492
-232
-732
-832
-932
458
-451
-454
-455
-456
-457
-459
-448
-548
-558
-648
-658
-418
-428
-478
-488
-498
-758
-858
-958
523
-521
-524
-525
-526
-527
-528
-529
-413
-423
-513
-533
-613
-623
-633
-543
-563
-573
-583
-593
-223
-323
-723
-823
-923
566
-561
-562
-564
-567
-569
-446
-466
-546
-556
-646
-656
-666
-516
-536
-576
-586
-596
-166
-766
-866
-966
579
-571
-572
-574
-575
-577
-578
-479
-489
-499
-589
-599
-679
-689
-699
-519
-539
-559
-179
-379
-779
-879
-979
647
-641
-642
-643
-644
-645
-447
-467
-547
-557
-657
-667
-617
-627
-677
-687
-697
-147
-747
-847
-947
676
-671
-672
-673
-674
-675
-678
-476
-486
-496
-686
-696
-616
-626
-636
-176
-276
-376
-776
-876
-976
726
-721
-722
-724
-725
-727
-728
-729
-716
-736
-816
-826
-836
-916
-926
-936
-746
-756
-786
-796
-126
-226
-326
-426
416
-411
-414
-415
-417
-419
-116
-216
-316
236
-233
-234
-238
-256
-286
-296
735
-733
-734
-738
-739
-715
-815
-825
-835
-915
-925
-935
-745
-755
-775
-785
-795
-535
-635
754
-751
-752
-757
-759
-744
-764
-844
-854
-864
-944
-954
-964
-714
-774
-794
-254
-354
344
-341
-346
-314
-324
-444
-544
-554
-654
859
-851
-852
-855
-856
-857
-769
-869
-959
-969
-819
-829
-839
-889
-899
-659
874
-871
-872
-873
-875
-877
-878
-894
-974
-994
-814
-824
-834
-474
933
-934
-938
-939
-713
-813
-833
838
-913
-718
-818
-828
-918
-928
-848
-888
-898
-943
-963
-973
-983
-993
-538
534
-424
-514
-614
-624
-634
-594
-638
639
-429
-619
-629
469
-461
-463
-464
664
-661
-662
-663
-669
443
-441
-445
-473
-483
-493
494
-491
-495
-497
-694
-743
-843
957
-951
-952
-955
-956
-767
-867
-967
-917
-927
-977
-987
-997
356
-351
251
-252
-257
-146
142
-162
167
-112
-122
196
-195
-197
-198
-199
-396
399
-391
-393
-395
-177
-271
-281
-291
371
-373
-375
175
-178
-115
-125
313
-315
-319
-213
325
-329
-425
-625
-542
-742
-842
-942
-551
-651
541
-545
-511
-581
-591
-741
748
-948
-778
-788
-798
-841
-941
-471
-771
-971
-475
477
-487
-587
-597
485
-481
-585
588
-595
-685
-695
-598
592
-692
-688
-698
421
-427
-611
-621
628
517
-515
-518
615
-618
-552
555
652
-655
-717
-817
827
-821
-822
-887
-897
-921
-128
129
-119
118
-218
-228
-929
-975
-277
-777
-885
-985
-288
-988
-792
-892
-992
-896
-996
-799
-999
991
-995
-998
-781
-791
-881
-891
-981
895
-893
978
-972
772
-773
-712
-762
-845
846
945
-946
-886
883
-783
-793
797
986
-989
-787
789
763
-761
-863
711
-719
-811
812
-911
-912
-922
924
-914
919
861
-862
-961
962
-212
214
222
-224
273
-278
-283
287
-293
-297
298
681
-683
-691
693
