138
-131
-132
-133
-134
-135
-136
-137
-139
-118
-128
-218
-228
-238
-318
-328
-338
-148
-158
-168
-178
-188
-198
-438
-538
-638
-738
-838
-938
143
-141
-142
-144
-145
-146
-147
-149
-153
-163
-243
-253
-263
-343
-353
-363
-113
-123
-173
-183
-193
-443
-543
-643
-743
-843
-943
217
-211
-212
-213
-214
-215
-216
-219
-117
-127
-227
-237
-317
-327
-337
-247
-257
-267
-277
-287
-297
-417
-517
-617
-717
-817
-917
275
-271
-272
-273
-274
-276
-278
-279
-175
-185
-195
-285
-295
-375
-385
-395
-225
-235
-245
-255
-265
-475
-575
-675
-775
-875
-975
342
-341
-344
-345
-346
-347
-348
-349
-152
-162
-242
-252
-262
-352
-362
-312
-322
-332
-372
-382
-392
-442
-542
-642
-742
-842
-942
435
-431
-432
-433
-434
-436
-437
-439
-415
-425
-515
-525
-535
-615
-625
-635
-445
-455
-465
-485
-495
-335
-735
-835
-935
476
-471
-472
-473
-474
-477
-478
-479
-486
-496
-576
-586
-596
-676
-686
-696
-416
-426
-446
-456
-466
-176
-376
-776
-876
-976
497
-491
-492
-493
-494
-498
-499
-487
-577
-587
-597
-677
-687
-697
-427
-447
-457
-467
-197
-397
-797
-897
-997
523
-521
-522
-524
-526
-527
-528
-529
-413
-423
-513
-533
-613
-623
-633
-553
-563
-573
-583
-593
-223
-323
-723
-823
-923
549
-541
-544
-545
-546
-547
-548
-449
-459
-469
-559
-569
-649
-659
-669
-519
-539
-579
-589
-599
-249
-749
-849
-949
674
-671
-672
-673
-678
-679
-484
-574
-584
-594
-684
-694
-614
-624
-634
-644
-654
-664
-174
-374
-774
-874
-974
714
-711
-712
-713
-715
-716
-718
-719
-724
-734
-814
-824
-834
-914
-924
-934
-744
-754
-764
-784
-794
-114
-314
-414
-514
767
-761
-762
-763
-765
-766
-768
-769
-747
-757
-847
-857
-867
-947
-957
-967
-727
-737
-777
-787
647
-641
-645
-646
-648
-557
-567
-657
-667
537
-531
-532
-534
-536
424
-421
-422
-428
-429
-627
-637
-444
-454
-464
-124
-224
-324
-837
-937
-167
-367
788
-781
-782
-783
-785
-786
-789
-778
-798
-878
-888
-898
-978
-988
-998
-728
-748
-758
-288
-388
-488
-588
-688
822
-821
-825
-826
-827
-828
-829
-722
-732
-812
-832
-912
-922
-932
927
-921
-925
-926
-928
-929
-852
-862
-872
-882
-892
-977
-987
-122
-222
-622
628
-621
-626
-629
-418
-518
-618
-658
-668
-698
883
-881
-884
-885
-886
-887
-889
-773
-793
-873
-893
-973
-983
-993
877
-871
-879
-813
-833
-853
-863
373
-371
-377
-378
-379
-283
-293
-383
-393
233
-231
-232
-234
-236
-239
112
-111
-115
-116
-119
-313
-333
334
-331
-336
-339
-172
-182
-192
-354
-364
-384
-394
-412
-512
-612
632
-631
-636
-639
-652
-662
-682
-692
913
-911
-915
-916
-918
-919
-733
-933
818
-811
-815
-816
-819
725
-721
-726
-729
753
-751
-752
-755
-756
-759
-953
-963
-745
-795
-848
-858
-868
315
-311
-316
-319
-125
-325
-355
-365
-453
-653
-177
578
-571
-572
-598
-558
-568
-483
463
-461
-462
-468
-663
-683
693
-691
-695
-699
951
-952
-954
-955
-956
-958
-959
-741
746
-841
-851
-861
-941
-961
962
-964
-965
-966
-968
-969
-846
-856
-866
-946
948
-944
-945
-736
-796
-931
-971
-981
-991
-972
979
-779
-799
-899
-989
-999
739
-731
831
-836
-839
936
-939
-891
896
-894
-895
-986
-996
-982
-992
845
-844
-855
-865
244
-241
-246
-248
-154
-164
-254
-264
-284
-294
441
-448
-451
-551
-561
-651
-661
458
-452
-411
419
-619
-481
482
-489
-582
-592
689
-681
-685
611
-616
-511
516
-556
-566
-151
-251
-351
552
-554
-555
-562
564
-565
854
-859
-864
869
-258
-358
-169
-269
-369
772
-771
791
-792
171
-179
-181
-191
-281
-291
-381
-391
-121
-161
581
-585
-591
595
-282
292
-296
-298
-299
398
-396
-399
268
-261
-266
361
-366
-368
221
-226
-229
-321
985
-984
994
-995
184
-186
-187
-189
-194
387
-386
-389
157
-155
-156
-159
165
-166
-357
655
-656
-665
666
286
-289
-196
199
126
-129
-326
329
-256
259
356
-359
