128
-121
-122
-123
-124
-125
-126
-127
-129
-118
-138
-218
-228
-238
-318
-328
-338
-148
-158
-168
-178
-188
-198
-428
-528
-628
-728
-828
-928
136
-131
-132
-133
-134
-135
-137
-139
-116
-216
-226
-236
-316
-326
-336
-146
-156
-166
-176
-186
-196
-436
-536
-636
-736
-836
-936
151
-152
-153
-154
-155
-157
-159
-141
-161
-241
-251
-261
-341
-351
-361
-111
-171
-181
-191
-451
-551
-651
-751
-851
-951
175
-172
-173
-174
-177
-179
-185
-195
-275
-285
-295
-375
-385
-395
-115
-145
-165
-475
-575
-675
-775
-875
-975
222
-221
-223
-224
-225
-227
-229
-112
-212
-232
-312
-322
-332
-242
-252
-262
-272
-282
-292
-422
-522
-622
-722
-822
-922
245
-243
-244
-246
-247
-248
-249
-255
-265
-345
-355
-365
-215
-235
-445
-545
-645
-745
-845
-945
391
-392
-393
-394
-396
-397
-398
-399
-271
-281
-291
-371
-381
-311
-321
-331
-491
-591
-691
-791
-891
-991
525
-521
-523
-524
-526
-527
-529
-415
-425
-435
-515
-535
-615
-625
-635
-555
-565
-585
-595
-325
-725
-825
-925
538
-531
-532
-533
-534
-537
-539
-418
-438
-518
-618
-638
-548
-558
-568
-578
-588
-598
-738
-838
-938
553
-552
-554
-556
-557
-559
-443
-453
-463
-543
-563
-643
-653
-663
-513
-573
-583
-593
-253
-353
-753
-853
-953
571
-572
-574
-576
-577
-579
-471
-481
-581
-671
-681
-511
-541
-561
-771
-871
-971
596
-592
-594
-597
-599
-476
-486
-496
-586
-676
-686
-696
-516
-546
-566
-296
-796
-896
-996
624
-621
-623
-626
-627
-629
-414
-424
-434
-514
-614
-634
-644
-654
-664
-674
-684
-694
-324
-724
-824
-924
631
-632
-633
-637
-639
-411
-421
-431
-611
-641
-661
-231
211
-213
-214
-217
-219
-711
-811
-911
-731
-831
-931
657
-652
-655
-656
-658
-659
-447
-457
-467
-547
-567
-647
-667
-617
-677
-687
-697
-257
-357
-757
-857
-957
699
-692
-693
-695
-698
-479
-489
-499
-589
-679
-689
-619
-649
-669
-199
-299
-799
-899
-999
739
-732
-733
-734
-735
-737
-719
-729
-819
-829
-839
-919
-929
-939
-749
-759
-769
-779
-789
-239
-339
-439
798
-792
-793
-794
-795
-797
-778
-788
-878
-888
-898
-978
-988
-998
-718
-748
-758
-768
-298
-498
835
-832
-833
-834
-837
-715
-815
-915
-935
-855
-865
-885
-895
315
-313
-314
-317
-319
-335
858
-852
-854
-856
-859
-848
-868
-948
-958
-968
-818
918
-912
-913
-914
-916
-917
-258
-358
-458
884
-881
-882
-883
-886
-887
-889
-774
-784
-874
-894
-974
-984
-994
-814
-844
-864
-184
-284
-384
-484
-584
921
-923
-926
-927
-721
-821
-941
-961
-981
781
-782
-783
-785
-786
-787
-741
-761
937
-932
-933
-934
714
-712
-713
-716
-717
812
-813
-816
-817
-727
-827
-744
-754
-764
-842
-862
-872
-892
-947
-967
-977
-987
-997
-412
-512
-612
432
-433
-437
-442
-452
-462
-472
-482
-492
-114
-237
-337
959
-952
-954
-955
-956
-849
-869
-949
-969
879
-873
-876
-877
-979
-989
-259
-359
-459
-279
-379
-113
117
-119
-327
329
-323
-147
-167
-187
-197
-349
-369
-389
-417
-517
519
427
-423
-426
-429
-419
-477
-487
-497
587
-582
-549
-569
-287
-387
-142
143
-144
-149
-163
-263
-343
-363
-183
-193
-743
-843
-943
449
-441
-444
-446
-448
461
-464
-465
-466
-468
-469
841
-846
-847
-861
-162
-164
169
-269
194
-192
-274
-294
-374
182
-189
-372
-382
289
-283
-286
-288
474
-473
-478
-494
-454
488
-483
-485
-678
-688
-682
672
-673
-642
-662
-772
-972
-982
992
-993
-995
985
-983
-986
-942
-962
-965
-685
683
-493
495
413
-416
-613
616
-455
456
665
-666
-668
-646
648
-348
755
-752
-756
-765
352
-354
-356
-342
-362
254
-256
-264
-344
-364
-234
233
-333
334
-273
-293
297
-277
-377
-267
777
-773
-776
976
-973
893
-897
-747
-767
867
-863
-866
-823
826
723
-726
-763
963
-964
-966
944
-946
-544
542
-562
564
-742
746
762
-766
-346
347
-367
373
-376
-378
-383
-276
278
386
-388
266
-268
-366
368
