122
-121
-123
-124
-125
-126
-127
-128
-129
-112
-132
-212
-222
-232
-312
-322
-332
-142
-152
-162
-172
-182
-192
-422
-522
-622
-722
-822
-922
155
-151
-153
-154
-156
-157
-158
-159
-145
-165
-245
-255
-265
-345
-355
-365
-115
-135
-175
-185
-195
-455
-555
-655
-755
-855
-955
166
-161
-163
-164
-167
-168
-169
-146
-246
-256
-266
-346
-356
-366
-116
-136
-176
-186
-196
-466
-566
-666
-766
-866
-966
171
-173
-174
-177
-178
-179
-181
-191
-271
-281
-291
-371
-381
-391
-111
-131
-141
-471
-571
-671
-771
-871
-971
216
-211
-213
-214
-215
-217
-218
-219
-226
-236
-316
-326
-336
-276
-286
-296
-416
-516
-616
-716
-816
-916
227
-221
-223
-224
-225
-228
-229
-117
-137
-237
-317
-327
-337
-247
-257
-267
-277
-287
-297
-427
-527
-627
-727
-827
-927
268
-261
-262
-263
-264
-269
-148
-248
-258
-348
-358
-368
-238
-278
-288
-298
-468
-568
-668
-768
-868
-968
399
-392
-393
-394
-395
-396
-397
-398
-189
-199
-279
-289
-299
-379
-389
-319
-329
-339
-349
-359
-369
-499
-599
-699
-799
-899
-999
443
-441
-442
-444
-445
-446
-447
-448
-449
-453
-463
-543
-553
-563
-643
-653
-663
-413
-423
-433
-473
-483
-493
-143
-243
-343
-743
-843
-943
451
-452
-454
-456
-457
-458
-459
-461
-541
-551
-561
-641
-651
-661
-411
-421
-431
-481
-491
-251
-351
-751
-851
-951
474
-472
-475
-476
-477
-478
-479
-484
-494
-574
-584
-594
-674
-684
-694
-414
-424
-434
-464
-274
-374
-774
-874
-974
525
-521
-523
-524
-526
-528
-529
-415
-425
-435
-515
-535
-615
-625
-635
-545
-565
-575
-585
-595
-325
-725
-825
-925
547
-542
-544
-546
-548
-549
-467
-557
-567
-647
-657
-667
-517
-537
-577
-587
-597
-147
-347
-747
-847
-947
558
-552
-554
-556
-559
-648
-658
-518
-538
-578
-588
-598
-758
-858
-958
581
-582
-583
-586
-589
-591
-681
-691
-511
-531
-781
-881
-981
624
-621
-623
-626
-628
-629
-514
-534
-614
-634
564
-562
-569
-644
-654
-664
-324
-724
-824
-924
-364
-764
-864
-964
772
-773
-775
-776
-777
-778
-779
-782
-792
-872
-882
-892
-972
-982
-992
-712
-732
-742
-752
-762
-272
-372
-572
-672
818
-811
-812
-813
-814
-815
-817
-819
-718
-728
-738
-828
-838
-918
-928
-938
-848
-878
-888
-898
-118
-318
-418
-618
849
-841
-842
-844
-845
-846
-749
-759
-769
-859
-869
-949
-959
-969
-829
-839
-879
-889
-149
144
-244
-254
-344
-354
-114
-134
-184
-194
-744
-944
-249
259
-252
-253
-239
-649
-659
863
-861
-862
-865
-867
-753
-763
-853
-953
-963
-823
-833
-873
-883
-893
353
-352
-357
-363
367
-361
-362
-313
-323
-333
-373
-383
-377
-387
-767
-967
876
-875
-877
-786
-796
-886
-896
-976
-986
-996
-826
821
-711
-721
-731
-831
-911
-921
-931
-891
-836
-856
-321
328
-138
-338
-378
-388
-428
-376
375
-275
273
-183
-193
-283
-293
-285
-295
-385
386
-382
-384
-233
235
-231
-234
-315
-335
241
-242
-341
342
-735
-835
-935
-741
-941
-642
-942
-573
-673
-973
-675
-975
-576
579
-489
-679
-689
-519
-539
-676
-979
-486
-686
912
-913
-914
-915
-917
-919
-832
-932
715
-713
-714
-717
-719
-745
-765
761
-961
-791
991
-993
-994
-995
-997
-998
-785
-795
852
-854
-857
-952
-962
965
-945
-985
-412
-512
513
-533
-613
-633
-593
-612
-113
119
133
-139
314
-311
331
-334
611
-617
-619
-631
417
-419
-437
-637
-487
-497
-733
-933
645
-646
-465
-665
656
-652
-685
-695
-636
-696
-756
-956
988
-983
-984
-987
-989
-788
-798
-978
977
-787
-797
-887
-897
789
-783
-784
793
-794
-723
923
-926
-929
748
-746
946
-948
-729
726
-736
-936
-739
939
-934
-937
837
-834
734
-737
-754
757
954
-957
-426
429
-439
-639
-469
462
-662
669
-432
-482
-492
-677
678
-488
485
-495
-498
496
-596
592
-682
-692
-688
-698
-436
438
536
-532
632
-638
282
-284
-292
294
683
-687
-693
697
884
-885
-894
895
187
-188
-197
198
