148
-141
-142
-143
-144
-145
-146
-147
-149
-158
-168
-248
-258
-268
-348
-358
-368
-118
-128
-138
-178
-188
-198
-448
-548
-648
-748
-848
-948
189
-181
-182
-183
-184
-185
-186
-187
-179
-199
-279
-289
-299
-379
-389
-399
-119
-129
-139
-159
-169
-489
-589
-689
-789
-889
-989
194
-191
-192
-193
-195
-196
-197
-174
-274
-284
-294
-374
-384
-394
-114
-124
-134
-154
-164
-494
-594
-694
-794
-894
-994
223
-221
-222
-224
-225
-226
-227
-228
-229
-113
-123
-133
-213
-233
-313
-323
-333
-243
-253
-263
-273
-283
-293
-423
-523
-623
-723
-823
-923
235
-231
-232
-234
-236
-237
-238
-239
-115
-125
-135
-215
-315
-325
-335
-245
-255
-265
-275
-285
-295
-435
-535
-635
-735
-835
-935
455
-451
-452
-453
-454
-456
-457
-458
-459
-445
-465
-545
-555
-565
-645
-655
-665
-415
-425
-475
-485
-495
-155
-355
-755
-855
-955
461
-462
-463
-464
-466
-467
-468
-469
-441
-541
-551
-561
-641
-651
-661
-411
-421
-431
-471
-481
-491
-161
-261
-361
-761
-861
-961
476
-472
-473
-474
-477
-478
-479
-486
-496
-576
-586
-596
-676
-686
-696
-416
-426
-436
-446
-176
-276
-376
-776
-876
-976
519
-511
-512
-513
-514
-515
-516
-517
-518
-419
-429
-439
-529
-539
-619
-629
-639
-549
-559
-569
-579
-599
-219
-319
-719
-819
-919
524
-521
-522
-525
-526
-527
-528
-414
-424
-434
-534
-614
-624
-634
-544
-554
-564
-574
-584
-324
-724
-824
-924
587
-581
-582
-583
-585
-588
-487
-497
-577
-597
-677
-687
-697
-537
-547
-557
-567
-287
-387
-787
-887
-987
642
-643
-644
-646
-647
-649
-442
-542
-552
-562
-652
-662
-612
-622
-632
-672
-682
-692
-242
-342
-742
-842
-942
744
-741
-743
-745
-746
-747
-749
-754
-764
-844
-854
-864
-944
-954
-964
-714
-734
-774
-784
-244
-344
-444
484
-482
-483
-488
-674
-684
-884
-984
753
-751
-752
-756
-757
-758
-759
-763
-843
-853
-863
-943
-953
-963
-713
-733
-773
-783
-793
-153
-353
-553
-653
831
-832
-833
-834
-836
-837
-838
-839
-711
-721
-731
-811
-821
-911
-921
-931
-841
-851
-871
-881
-891
-131
-331
-531
-631
875
-872
-873
-874
-877
-878
-879
974
-971
-972
-973
-975
-977
-978
-979
-775
-785
-795
-885
-895
-985
-995
814
-812
-813
-815
-816
-817
-818
-914
-934
-825
-845
-865
-214
-314
334
-332
-336
-337
-338
-339
329
-321
-322
-326
-327
-328
-354
-364
-349
-359
-369
-729
-829
-929
-175
165
-162
-163
-166
-167
-345
-365
173
-171
-172
-177
-373
-383
-393
945
-941
-946
-947
-949
951
-952
-956
-957
-958
-959
-765
-965
-981
-991
-915
-925
-151
-251
-351
-573
-673
-375
-575
595
-591
-592
-593
-598
-675
-685
-695
571
-572
-578
-671
-681
-691
492
-493
-498
-499
-412
-422
-432
532
-533
-536
-538
449
-443
-447
-659
-669
-132
-732
-932
-249
-849
-271
-371
-771
385
-381
-382
-386
-388
-395
-292
-392
-792
-892
-992
912
-913
-916
-917
-918
-712
-722
-822
-922
933
-936
-937
-938
-939
739
-736
-737
-738
-769
-779
-799
-962
-982
-983
-993
-112
-212
-312
122
-121
-126
-127
111
-116
-117
-211
-311
-152
-611
621
-625
-626
-627
-628
615
-613
-616
-617
-618
636
-633
-637
-638
-656
-666
413
-417
-418
-433
-715
725
-726
-727
-728
-136
137
-217
-317
156
-157
-246
-256
-266
-346
-356
-366
717
-716
-718
-827
-927
-767
-777
-797
427
-428
-437
438
-556
558
-568
-658
-668
-856
-858
679
-678
-699
-216
218
316
-318
-278
-288
-298
-396
241
-247
-341
-281
-291
391
-397
-398
378
-372
-377
277
-272
282
-286
296
-297
-252
-262
-257
-267
772
-778
-782
-882
-762
781
-786
-788
-791
-796
798
-888
-898
-988
986
-886
883
-893
-896
-996
-998
766
-768
-846
847
-866
-966
-857
-867
-967
826
-828
-926
928
-897
899
997
-999
868
-862
-869
852
-859
-968
969
546
-543
-566
563
-663
343
-347
-363
-352
357
362
-367
-657
654
-664
667
-254
259
264
-269
-683
688
693
-698
