122
-121
-123
-124
-125
-126
-127
-128
-129
-112
-132
-212
-222
-232
-312
-322
-332
-142
-152
-162
-172
-182
-192
-422
-522
-622
-722
-822
-922
185
-181
-183
-184
-186
-187
-188
-189
-175
-195
-275
-285
-295
-375
-385
-395
-115
-135
-145
-155
-165
-485
-585
-685
-785
-885
-985
251
-252
-253
-254
-255
-256
-257
-258
-259
-141
-151
-161
-241
-261
-341
-351
-361
-211
-221
-231
-271
-281
-291
-451
-551
-651
-751
-851
-951
278
-272
-273
-274
-276
-277
-279
-178
-198
-288
-298
-378
-388
-398
-218
-228
-238
-248
-268
-478
-578
-678
-778
-878
-978
316
-311
-313
-314
-315
-317
-318
-319
-116
-136
-216
-226
-236
-326
-336
-346
-356
-366
-376
-386
-396
-416
-516
-616
-716
-816
-916
347
-342
-343
-344
-345
-348
-349
-147
-157
-167
-247
-267
-357
-367
-327
-337
-377
-387
-397
-447
-547
-647
-747
-847
-947
426
-421
-423
-424
-425
-427
-428
-429
-436
-526
-536
-626
-636
-446
-456
-466
-476
-486
-496
-726
-826
-926
445
-441
-442
-443
-444
-448
-449
-455
-465
-545
-555
-565
-645
-655
-665
-415
-435
-475
-495
-245
-745
-845
-945
462
-461
-463
-464
-467
-468
-469
-452
-542
-552
-562
-642
-652
-662
-412
-432
-472
-482
-492
-262
-362
-762
-862
-962
579
-571
-572
-573
-574
-575
-576
-577
-479
-489
-499
-589
-599
-679
-689
-699
-519
-529
-539
-549
-559
-569
-179
-379
-779
-879
-979
591
-592
-593
-594
-595
-596
-597
-598
-471
-481
-491
-581
-671
-681
-691
-511
-521
-531
-541
-561
-191
-391
-791
-891
-991
711
-712
-713
-714
-715
-717
-718
-719
-721
-731
-811
-821
-831
-911
-921
-931
-741
-761
-771
-781
-111
-411
431
-433
-434
-437
-438
-439
-611
-621
-631
321
-323
-324
-325
-328
-329
-131
-331
171
-173
-174
-176
-177
-371
-381
-871
-971
738
-732
-733
-734
-735
-736
-737
-739
-728
-818
-828
-838
-918
-928
-938
-748
-758
-768
-788
-798
-138
-338
118
-113
-114
-117
-119
-148
-158
-168
-418
-518
-618
-538
-638
754
-752
-753
-755
-756
-757
-759
-744
-764
-844
-854
-864
-944
-954
-964
-724
-774
-784
-794
-154
-354
-454
-554
-654
843
-841
-842
-846
-848
-849
-743
-763
-853
-863
-943
-953
-963
-813
-823
-833
-873
-883
-893
-143
-243
-543
-643
886
-881
-882
-884
-887
-888
-889
981
-982
-983
-984
-986
-987
-988
-989
-776
-786
-796
-876
-896
-976
-996
861
-865
-866
-867
-868
-869
-941
-961
-836
936
-932
-933
-934
-935
-937
-939
-856
-946
-956
-966
641
-644
-646
-648
-649
-661
676
-672
-673
-674
-675
-677
695
-692
-693
-694
-696
-697
-698
-586
-686
-615
-625
-635
-656
-666
-286
-795
-895
-995
919
-912
-913
-914
-915
-917
-729
-819
-829
-839
-929
-949
-959
-969
-999
-219
-419
459
-453
-457
-458
-659
-669
-619
-159
-359
-859
899
-892
-894
-897
-898
998
-992
-993
-994
-997
-789
-799
858
-852
-855
-857
-948
942
-742
-952
-958
-968
-972
-242
352
-353
-355
-358
368
-363
-364
-365
-369
265
-263
-264
-266
-269
-215
-225
-235
335
-333
-334
-339
-372
-382
-392
-535
-835
548
-544
-546
-558
-568
-658
-668
-528
628
-623
-624
-627
-629
639
-632
-633
-634
-637
-588
-688
229
-223
-224
-227
-139
-239
-249
-289
-299
955
-957
-765
-965
967
-767
-925
-975
-927
-977
-567
-667
488
-483
-484
-487
-498
389
-383
-384
-199
-399
-133
-134
137
-217
-237
-197
-537
-837
144
-146
-149
-164
-244
246
-156
153
-163
-166
169
-193
-194
196
-296
-746
749
766
-769
-553
-653
657
-557
556
-566
-617
-687
213
-214
-233
234
-283
-293
-284
-294
-413
-513
-613
533
-532
-534
-523
-563
564
663
-664
-583
-514
-524
-584
-683
832
-834
-812
-872
772
-773
-775
-777
-782
-792
875
-874
-877
974
-973
725
-723
-727
923
-924
-815
-825
515
-512
-517
612
-614
414
-417
-525
527
-474
-494
684
-682
582
-587
-814
817
824
-827
-374
373
-393
394
-473
477
493
-497
-282
287
292
-297
783
-787
-793
797
