121
-122
-123
-124
-125
-126
-127
-128
-129
-111
-131
-211
-221
-231
-311
-321
-331
-141
-151
-161
-171
-181
-191
-421
-521
-621
-721
-821
-921
154
-152
-153
-155
-156
-157
-158
-159
-144
-164
-244
-254
-264
-344
-354
-364
-114
-134
-174
-184
-194
-454
-554
-654
-754
-854
-954
165
-162
-163
-166
-167
-168
-169
-145
-245
-255
-265
-345
-355
-365
-115
-135
-175
-185
-195
-465
-565
-665
-765
-865
-965
182
-183
-186
-187
-188
-189
-172
-192
-272
-282
-292
-372
-382
-392
-112
-132
-142
-482
-582
-682
-782
-882
-982
214
-212
-213
-215
-216
-217
-218
-219
-224
-234
-314
-324
-334
-274
-284
-294
-414
-514
-614
-714
-814
-914
271
-273
-275
-276
-277
-278
-279
-281
-291
-371
-381
-391
-241
-251
-261
-471
-571
-671
-771
-871
-971
333
-332
-335
-336
-337
-338
-339
-113
-133
-223
-233
-313
-323
-343
-353
-363
-373
-383
-393
-433
-533
-633
-733
-833
-933
348
-341
-342
-346
-347
-349
-148
-248
-258
-268
-358
-368
-318
-328
-378
-388
-398
-448
-548
-648
-748
-848
-948
413
-411
-412
-415
-416
-417
-418
-419
-423
-513
-523
-613
-623
-443
-453
-463
-473
-483
-493
-713
-813
-913
489
-481
-484
-485
-486
-487
-488
-479
-499
-579
-589
-599
-679
-689
-699
-429
-439
-449
-459
-469
-289
-389
-789
-889
-989
519
-511
-512
-515
-516
-517
-518
-529
-539
-619
-629
-639
-549
-559
-569
-119
-319
-719
-819
-919
528
-522
-524
-525
-526
-527
-428
-438
-538
-618
-628
-638
-558
-568
-578
-588
-598
-228
-728
-828
-928
535
-531
-532
-534
-536
-537
-425
-435
-615
-625
-635
-545
-555
-575
-585
-595
-235
-735
-835
-935
574
-572
-573
-576
-577
-474
-494
-584
-594
-674
-684
-694
-544
-564
-374
-774
-874
-974
581
-583
-586
-587
-491
-591
-681
-691
-541
-551
-561
-781
-881
-981
597
-592
-593
-596
-477
-497
-677
-687
-697
-547
-557
-567
-197
-297
-397
-797
-897
-997
626
-622
-624
-627
-426
-436
-616
-636
-646
-656
-666
-676
-686
-696
-226
-326
-726
-826
-926
692
-693
-695
-698
-472
-492
-672
-612
-632
-642
-652
-662
-792
-892
-992
769
-761
-762
-763
-764
-766
-767
-768
-749
-759
-849
-859
-869
-949
-959
-969
-729
-739
-779
-799
-269
-369
-669
773
-772
-775
-776
-777
-778
-783
-793
-873
-883
-893
-973
-983
-993
-723
-743
-753
-173
-673
683
-685
-688
-643
-653
-663
-283
837
-831
-832
-834
-836
-838
-839
-717
-727
-737
-817
-827
-917
-927
-937
-847
-857
-867
-877
-887
-137
-237
-437
-637
898
-891
-894
-895
-896
-899
-788
-798
-878
-888
-978
-988
-998
-818
-858
-868
288
-285
-286
-287
-178
-198
-298
-238
-498
929
-922
-923
-924
-925
823
-822
-824
-825
-829
-939
-843
-853
-863
879
-872
-875
-876
972
-975
-976
-977
-979
-999
-912
-932
-942
-952
-962
-229
-329
-179
-379
943
-941
-944
-945
-946
-947
-953
-963
-143
193
-196
-199
-293
-243
-543
958
-951
-955
-956
-957
-758
-968
-918
-938
-458
-658
984
-985
-986
-987
-784
-794
-884
-994
787
-785
-786
-747
-757
967
-961
-964
-966
-934
-267
-367
-467
-667
-384
394
-395
-396
-399
299
-295
-296
225
-222
-227
-315
-325
-239
139
-136
-138
118
-116
-117
-149
-249
-259
359
-351
-352
-356
-357
361
-362
-366
-718
738
-731
-732
-734
-736
724
-722
-725
-744
-424
649
-641
-644
-645
-647
-659
-461
-661
-861
-387
146
-147
-246
-256
-266
-176
177
-377
236
-232
-316
432
-431
-434
-422
427
634
-631
611
-617
-442
-452
-462
-447
-457
657
-651
-655
-664
668
-468
478
-475
-476
496
-495
675
-678
-446
-456
-466
464
-444
-711
-811
-911
931
-936
-991
791
-795
-796
-741
-751
317
-312
322
-327
844
-841
-842
-845
-846
851
-852
-855
-856
-864
441
-445
-451
455
745
-742
-746
-755
-715
-546
542
-552
-562
-242
247
-257
-375
376
385
-386
-885
886
995
-996
815
-812
-816
712
-716
-915
916
-752
756
862
-866
252
-253
-262
263
553
-556
-563
566
