147
-141
-142
-143
-144
-145
-146
-148
-149
-157
-167
-247
-257
-267
-347
-357
-367
-117
-127
-137
-177
-187
-197
-447
-547
-647
-747
-847
-947
194
-191
-192
-193
-195
-196
-198
-199
-174
-184
-274
-284
-294
-374
-384
-394
-114
-124
-134
-154
-164
-494
-594
-694
-794
-894
-994
228
-221
-222
-223
-224
-225
-226
-227
-229
-118
-128
-138
-218
-238
-318
-328
-338
-248
-258
-268
-278
-288
-298
-428
-528
-628
-728
-828
-928
232
-231
-233
-234
-235
-236
-237
-239
-112
-122
-132
-212
-312
-322
-332
-242
-252
-262
-272
-282
-292
-432
-532
-632
-732
-832
-932
264
-261
-263
-265
-266
-269
-244
-254
-344
-354
-364
-214
-464
-564
-664
-764
-864
-964
295
-291
-293
-296
-297
-299
-175
-185
-275
-285
-375
-385
-395
-215
-245
-255
-495
-595
-695
-795
-895
-995
325
-321
-323
-324
-326
-327
-329
-115
-125
-135
-315
-335
-345
-355
-365
-425
-525
-625
-725
-825
-925
379
-371
-372
-373
-376
-377
-378
-179
-189
-279
-289
-389
-399
-319
-339
-349
-359
-369
-479
-579
-679
-779
-879
-979
381
-382
-383
-386
-387
-388
-171
-181
-271
-281
-391
-311
-331
-341
-351
-361
-481
-581
-681
-781
-881
-981
411
-412
-413
-414
-415
-416
-417
-418
-419
-421
-431
-511
-521
-531
-611
-621
-631
-441
-451
-461
-471
-491
-111
-211
-711
-811
-911
422
-423
-424
-426
-427
-429
-512
-522
-612
-622
-442
-452
-462
-472
-482
-492
-722
-822
-922
463
-465
-466
-467
-468
-469
-443
-453
-543
-553
-563
-643
-653
-663
-433
-473
-483
-493
-163
-363
-763
-863
-963
474
-475
-476
-477
-478
-484
-574
-584
-674
-684
-434
-444
-454
-774
-874
-974
527
-523
-524
-526
-529
-437
-517
-537
-617
-627
-637
-557
-567
-577
-587
-597
-727
-827
-927
558
-551
-552
-554
-555
-556
-559
-448
-458
-548
-568
-648
-658
-668
-518
-538
-578
-588
-598
-158
-358
-758
-858
-958
583
-582
-585
-586
-589
-573
-593
-673
-683
-693
-513
-533
-183
-283
-783
-883
-983
639
-633
-634
-635
-636
-638
-439
-519
-539
-619
-629
-649
-659
-669
-689
-699
-139
-739
-839
-939
644
-641
-642
-645
-646
-544
-654
-614
-624
-744
-844
-944
682
-685
-686
-687
-688
-572
-592
-672
-692
-652
-662
-182
-782
-882
-982
696
-691
-697
-698
-486
-496
-576
-596
-676
-616
-626
623
-613
-656
-666
-123
-723
-823
-923
-396
-796
-896
-996
721
-724
-726
-729
-731
-821
-831
-921
-931
-741
-751
-761
-771
-791
-121
131
-133
-136
-151
-161
733
-734
-735
-736
-737
-738
-713
-813
-833
-913
-933
-743
-753
-773
-793
-333
789
-784
-785
-786
-787
-788
-799
-889
-899
-989
-999
-719
-749
-759
-769
-489
815
-812
-814
-816
-817
-818
-819
-715
-835
-915
-935
-845
-855
-865
-875
-885
-515
-615
618
-438
-678
-718
-918
842
-841
-843
-846
-848
-849
-742
-752
-762
-852
-862
-942
-952
-962
-872
-892
-342
-542
562
-561
-565
-566
-569
-162
-362
876
-871
-873
-877
-878
-776
-886
-976
-986
-826
-836
-856
-866
-176
-276
917
-912
-914
-916
-919
712
-714
-716
-717
-837
-937
-772
-792
754
-755
-756
-757
-854
-954
-957
-967
-977
-987
-997
-217
-317
337
-334
-336
314
-313
-316
-397
-514
516
534
-535
-536
435
-436
-445
-455
-485
-546
-116
-216
126
-129
-156
-166
-186
188
286
-287
277
-273
-178
-398
-168
-246
-256
-926
936
-934
-938
838
-834
-868
-888
-898
-946
-956
-966
-677
-777
985
-984
-988
884
-887
-775
778
-975
-798
797
-897
-978
-998
-767
-748
-768
-824
829
924
-929
-859
-869
-945
-955
-965
487
-488
-497
498
-499
599
-591
-457
-549
969
-961
-968
948
-941
-943
-949
-959
-348
368
-366
766
-765
745
-746
-545
541
-651
-661
-571
575
671
-675
-241
251
-253
-259
-851
-951
953
861
-867
-853
857
-891
893
-973
-993
-153
-353
-657
655
-665
667
-155
165
-169
-971
972
991
-992
-172
173
392
-393
152
-159
-352
356
-346
343
-243
249
-113
119
213
-219
446
-449
-456
459
