135
-131
-132
-133
-134
-136
-137
-138
-139
-115
-125
-215
-225
-235
-315
-325
-335
-145
-155
-165
-175
-185
-195
-435
-535
-635
-735
-835
-935
146
-141
-142
-143
-144
-147
-148
-149
-156
-166
-246
-256
-266
-346
-356
-366
-116
-126
-176
-186
-196
-446
-546
-646
-746
-846
-946
182
-181
-183
-184
-187
-188
-189
-172
-192
-272
-282
-292
-372
-382
-392
-112
-122
-152
-162
-482
-582
-682
-782
-882
-982
222
-221
-223
-224
-226
-227
-228
-229
-212
-232
-312
-322
-332
-242
-252
-262
-422
-522
-622
-722
-822
-922
245
-241
-243
-244
-247
-248
-249
-255
-265
-345
-355
-365
-275
-285
-295
-445
-545
-645
-745
-845
-945
279
-271
-273
-274
-276
-277
-278
-179
-199
-289
-299
-379
-389
-399
-219
-239
-259
-269
-479
-579
-679
-779
-879
-979
294
-291
-293
-296
-297
-298
-174
-194
-284
-374
-384
-394
-214
-234
-254
-264
-494
-594
-694
-794
-894
-994
329
-321
-323
-324
-326
-327
-328
-119
-129
-319
-339
-349
-359
-369
-429
-529
-629
-729
-829
-929
362
-361
-363
-364
-367
-368
-342
-352
-462
-562
-662
-762
-862
-962
468
-461
-463
-464
-465
-466
-467
-469
-448
-458
-548
-558
-568
-648
-658
-668
-418
-428
-438
-478
-488
-498
-168
-268
-768
-868
-968
487
-481
-483
-484
-485
-486
-489
-477
-497
-577
-587
-597
-677
-687
-697
-417
-427
-437
-447
-457
-287
-387
-787
-887
-987
496
-491
-492
-493
-495
-499
-476
-576
-586
-596
-676
-686
-696
-416
-426
-436
-456
-396
-796
-896
-996
518
-511
-512
-513
-514
-515
-516
-517
-519
-528
-538
-618
-628
-638
-578
-588
-598
-118
-218
-318
-718
-818
-918
547
-541
-542
-543
-544
-549
-557
-567
-647
-657
-667
-527
-537
-347
-747
-847
-947
569
-561
-563
-564
-565
-566
-449
-459
-559
-649
-659
-669
-539
-589
-599
-169
159
-151
-153
-154
-157
-158
-759
-859
-959
-769
-869
-969
584
-581
-583
-585
-474
-574
-674
-684
-524
-534
-554
-784
-884
-984
593
-591
-592
-595
-473
-573
-673
-683
-693
-523
-533
-553
-193
-393
-793
-893
-993
612
-611
-613
-614
-615
-616
-617
-619
-412
-432
-532
-632
-642
-652
-672
-692
-712
-812
-912
624
-621
-623
-625
-626
-627
-414
-424
-434
-634
637
-631
-633
-636
-639
-644
-654
-664
-124
-724
-824
-924
-237
-337
-737
-837
-937
643
-641
-443
-453
-653
-663
-343
-743
-843
-943
748
-741
-742
-744
-749
-758
-848
-858
-948
-958
-728
-738
-778
-788
-798
-348
789
-781
-783
-785
-786
-799
-889
-899
-989
-999
-719
-739
-689
699
-691
-695
-698
814
-811
-813
-815
-816
-817
-819
-714
-734
-834
-914
-934
-844
-854
-864
-874
-114
164
-161
-163
-167
-344
341
-251
-261
-351
-354
-311
-331
-371
-381
-391
-314
334
-333
-336
-338
-441
-841
-941
-764
-964
833
-831
-832
-836
-838
-839
-713
-723
-733
-823
-913
-923
-933
-853
-863
-873
-883
849
-842
-949
-233
-433
865
-861
-866
-867
-755
-765
-855
-955
-965
-825
-875
-885
-895
-665
888
-881
-886
-878
-898
-978
-988
-998
-828
-288
-388
-688
678
-671
-675
-178
-378
927
-921
-925
-926
-928
-717
-727
-827
-917
938
-931
-932
-936
-939
732
-731
-736
919
-911
-915
-916
-752
-772
-792
-957
-967
-977
-997
-419
439
-431
-127
128
-121
-123
-238
-198
398
-395
-397
258
-253
-257
-358
423
-421
-425
-413
966
-961
-963
-756
-766
-856
-956
-976
-986
-666
661
-451
-551
-651
-681
685
-475
-575
-655
656
-556
-761
-385
375
-373
-376
-377
-775
-975
-985
995
-991
-992
-795
892
-891
-897
-872
-972
-852
974
-971
-973
-774
754
-751
-753
-757
-944
942
-952
-954
-442
444
-454
111
-113
-117
-211
-231
236
-216
-316
-171
-191
197
281
-283
-286
386
-383
173
-177
-411
415
-525
471
-472
-571
572
452
-455
-552
555
-711
-715
716
725
-721
-726
821
-826
-776
876
-871
-877
-851
857
951
-953
763
-767
-773
983
-981
-521
526
531
-536
353
-357
-263
267
213
-217
-313
317
-771
777
791
-797
