124
-121
-122
-123
-125
-126
-127
-128
-129
-114
-134
-214
-224
-234
-314
-324
-334
-144
-154
-164
-174
-184
-194
-424
-524
-624
-724
-824
-924
156
-151
-152
-153
-155
-157
-158
-159
-146
-166
-246
-256
-266
-346
-356
-366
-116
-136
-176
-186
-196
-456
-556
-656
-756
-856
-956
173
-171
-172
-175
-177
-178
-179
-183
-193
-273
-283
-293
-373
-383
-393
-113
-133
-143
-163
-473
-573
-673
-773
-873
-973
226
-221
-222
-223
-225
-227
-228
-229
-216
-236
-316
-326
-336
-276
-286
-296
-426
-526
-626
-726
-826
-926
244
-241
-242
-243
-245
-247
-248
-249
-254
-264
-344
-354
-364
-274
-284
-294
-444
-544
-644
-744
-844
-944
281
-282
-285
-287
-288
-289
-181
-191
-271
-291
-371
-381
-391
-211
-231
-251
-261
-481
-581
-681
-781
-881
-981
341
-342
-343
-345
-347
-348
-349
-141
-161
-351
-361
-311
-321
-331
-441
-541
-641
-741
-841
-941
362
-363
-365
-367
-368
-369
-142
-162
-252
-262
-352
-312
-322
-332
-372
-382
-392
-462
-562
-662
-762
-862
-962
387
-384
-385
-386
-388
-389
-187
-197
-277
-297
-377
-397
-317
-327
-337
-357
-487
-587
-687
-787
-887
-987
413
-411
-412
-414
-415
-416
-417
-418
-419
-423
-433
-513
-523
-533
-613
-623
-633
-443
-453
-463
-483
-493
-213
-313
-713
-813
-913
445
-442
-446
-447
-448
-449
-455
-465
-545
-555
-565
-645
-655
-665
-425
-435
-475
-485
-495
-145
-745
-845
-945
477
-471
-472
-474
-476
-478
-479
-497
-577
-597
-677
-697
-427
-437
-457
-467
-777
-877
-977
492
-491
-494
-496
-498
-499
-482
-572
-582
-592
-672
-682
-692
-422
-432
-452
-192
-292
-792
-892
-992
528
-521
-522
-525
-527
-529
-428
-438
-518
-538
-618
-628
-638
-548
-558
-568
-578
-588
-598
-328
-728
-828
-928
589
-583
-584
-585
-586
-489
-579
-599
-679
-689
-699
-519
-539
-549
-559
-569
-189
-789
-889
-989
617
-611
-612
-614
-615
-616
-619
-517
-537
-627
-637
-647
-657
-667
-117
-217
-717
-817
-917
635
-631
-632
-634
-636
-639
-515
-535
-625
-675
-685
-695
-135
-235
-335
-735
-835
-935
664
-661
-663
-666
-668
-669
-454
-464
-554
-564
-654
-674
-684
-694
-764
-864
-964
693
-691
-696
-698
-593
-683
-643
-653
-793
-893
-993
722
-721
-723
-725
-727
-729
-712
-732
-812
-822
-832
-912
-922
-932
-742
-752
-772
-782
-622
748
-743
-746
-747
-749
-758
-768
-848
-858
-868
-948
-958
-968
-718
-738
-778
-788
-798
-148
-648
763
-761
-765
-766
-767
-769
-753
-843
-853
-863
-943
-953
-963
-733
-783
543
-542
-546
-547
-553
-563
-263
823
-821
-825
-827
-829
-833
-923
-933
-883
983
-982
-984
-985
-986
-988
-323
927
-921
-925
-929
-737
-837
-937
-947
-957
-967
-997
325
-329
-115
-215
-315
-355
-375
-395
869
-861
-865
-866
-867
-759
-849
-859
-949
-959
-969
-819
-839
-879
-899
-169
-269
-469
888
-882
-884
-885
-886
-878
-898
-978
-998
-818
-838
182
-185
-188
-272
-112
-132
785
-784
-786
-775
-795
-875
-895
-975
-995
-715
-755
484
-486
-488
-574
-594
-434
686
-688
-576
-596
-676
678
-671
-646
-658
-278
-378
931
-934
-936
-938
-939
-711
-731
-811
-831
-911
918
-914
-915
-916
-919
815
-814
-816
-855
-951
-961
-971
-991
-118
-218
-318
319
-119
111
-131
-139
-219
212
-232
-239
-339
-359
-379
-399
-511
-512
532
-531
-534
-536
514
-516
436
-431
-439
-466
566
-561
-567
557
-551
-552
-714
716
-719
-736
-836
834
-734
739
-776
-796
-779
-799
-854
-874
-894
-257
-757
797
-791
-794
-897
-857
847
-842
-846
946
-942
-966
965
-955
-976
-996
642
-649
-652
-147
149
-259
-199
255
-253
-258
353
-358
-165
-265
195
-198
-275
279
-295
-299
298
-398
233
-237
-238
-333
338
137
-138
-167
168
267
-268
458
-451
-459
-468
461
-651
659
-421
429
621
-629
575
-571
591
-595
-979
999
-994
-891
896
-876
376
-374
394
-396
954
-952
852
-851
751
-754
-771
774
871
-872
972
-974
