137
-131
-132
-133
-134
-135
-136
-138
-139
-117
-127
-217
-227
-237
-317
-327
-337
-147
-157
-167
-177
-187
-197
-437
-537
-637
-737
-837
-937
229
-221
-222
-223
-224
-225
-226
-228
-119
-129
-219
-239
-319
-329
-339
-249
-259
-269
-279
-289
-299
-429
-529
-629
-729
-829
-929
263
-261
-262
-264
-265
-266
-267
-268
-143
-153
-163
-243
-253
-343
-353
-363
-213
-233
-273
-283
-293
-463
-563
-663
-763
-863
-963
286
-281
-282
-284
-285
-287
-288
-176
-186
-196
-276
-296
-376
-386
-396
-216
-236
-246
-256
-486
-586
-686
-786
-886
-986
298
-291
-292
-294
-295
-297
-178
-188
-198
-278
-378
-388
-398
-218
-238
-248
-258
-498
-598
-698
-798
-898
-998
315
-311
-312
-313
-314
-316
-318
-115
-125
-215
-235
-325
-335
-345
-355
-365
-375
-385
-395
-415
-515
-615
-715
-815
-915
359
-351
-352
-354
-356
-357
-358
-149
-159
-169
-349
-369
-379
-389
-399
-459
-559
-659
-759
-859
-959
397
-391
-392
-393
-394
-277
-377
-387
-347
-367
-497
-597
-697
-797
-897
-997
419
-411
-412
-413
-414
-416
-417
-418
-439
-519
-539
-619
-639
-449
-469
-479
-489
-499
-719
-819
-919
425
-421
-422
-423
-424
-426
-427
-428
-435
-525
-535
-625
-635
-445
-455
-465
-475
-485
-495
-725
-825
-925
466
-461
-462
-464
-467
-468
-446
-456
-546
-556
-566
-646
-656
-666
-436
-476
-496
-166
-366
-766
-866
-966
488
-481
-482
-483
-484
-487
-478
-578
-588
-678
-688
-438
-448
-458
-788
-888
-988
552
-551
-553
-554
-555
-557
-558
-442
-452
-542
-562
-642
-652
-662
-512
-522
-532
-572
-582
-592
-152
-252
-752
-852
-952
628
-621
-622
-623
-624
-626
-627
-518
-528
-538
-618
-638
-648
-658
-668
-128
-328
-728
-828
-928
643
-641
-644
-645
-647
-649
-443
-453
-543
-653
-613
-633
-673
-683
-693
-743
-843
-943
684
-681
-682
-685
-687
-689
-474
-494
-574
-584
-594
-674
-694
-614
-634
-654
-664
-184
-384
-784
-884
-984
696
-691
-692
-695
-699
-576
-596
-676
-616
-636
-796
-896
-996
711
-712
-713
-714
-716
-717
-718
-721
-731
-811
-821
-831
-911
-921
-931
-741
-751
-761
-771
-781
-791
-111
-211
-511
-611
758
-753
-754
-755
-756
-757
-748
-768
-848
-858
-868
-948
-958
-968
-738
-778
-158
795
-792
-793
-794
-799
-775
-785
-875
-885
-895
-975
-985
-995
-735
-745
-765
-195
-595
812
-813
-814
-816
-817
-818
-722
-732
-822
-832
-912
-922
-932
-842
-862
-872
-882
-892
-112
-212
214
-114
-124
-234
-324
-334
-244
-254
-274
-612
617
-517
-527
-657
-667
-677
-514
-914
-917
827
-823
-824
-826
-727
-927
-847
-857
-867
-877
-887
845
-841
-844
-846
-849
-855
-865
-945
-955
-965
-835
935
-933
-934
-936
-938
-939
-145
-245
-545
883
-881
-889
-773
-783
-873
-893
-973
-983
-993
-833
-853
953
-951
-954
-956
-957
-913
-923
-183
-383
-583
971
-972
-974
-976
-977
-978
-979
-871
-891
-981
-991
878
-874
-876
-879
776
-772
-774
-777
-779
-726
-736
-746
-838
918
-916
-941
-961
-118
338
-331
-332
-333
-336
-348
-368
-171
-271
-371
-471
-571
-671
113
-116
-123
-323
-173
-193
373
-372
-374
-513
516
-526
-536
836
-834
-839
-926
924
-724
723
-733
-734
739
-749
-769
-789
-856
946
-942
-944
-947
-949
-964
-994
894
-899
-854
851
-861
-864
869
-969
-523
-524
521
-431
-531
-631
632
-432
-541
-561
-581
-591
491
-492
-493
-441
-451
472
-473
-477
-672
433
-434
-533
534
-544
-564
-121
-321
231
-232
-241
-251
-146
-346
156
-151
-154
-155
-126
122
-322
326
-142
-162
-172
-182
-192
549
-547
-548
568
-565
-567
-569
-669
-579
-589
-599
593
-573
679
-675
148
-141
-144
-168
341
-342
-344
-161
-361
-381
382
-272
275
-175
-185
165
-164
364
-362
242
-247
-255
257
-742
-651
655
661
-665
454
-457
-444
447
744
-747
-764
174
-179
-194
-575
577
585
-587
181
-189
-191
199
-782
787
-987
762
-767
-962
967
-982
989
992
-999
