134
-131
-132
-133
-135
-136
-137
-138
-139
-114
-124
-214
-224
-234
-314
-324
-334
-144
-154
-164
-174
-184
-194
-434
-534
-634
-734
-834
-934
145
-141
-142
-143
-146
-147
-148
-149
-155
-165
-245
-255
-265
-345
-355
-365
-115
-125
-175
-185
-195
-445
-545
-645
-745
-845
-945
152
-151
-153
-156
-157
-158
-159
-162
-242
-252
-262
-342
-352
-362
-112
-122
-172
-182
-192
-452
-552
-652
-752
-852
-952
211
-212
-213
-215
-216
-217
-218
-219
-111
-121
-221
-231
-311
-321
-331
-241
-251
-261
-271
-281
-291
-411
-511
-611
-711
-811
-911
277
-272
-273
-274
-275
-276
-278
-279
-177
-187
-197
-287
-297
-377
-387
-397
-227
-237
-247
-257
-267
-477
-577
-677
-777
-877
-977
283
-282
-284
-285
-286
-288
-289
-173
-183
-193
-293
-373
-383
-393
-223
-233
-243
-253
-263
-483
-583
-683
-783
-883
-983
425
-421
-422
-423
-424
-426
-427
-428
-429
-415
-435
-515
-525
-535
-615
-625
-635
-455
-465
-475
-485
-495
-225
-325
-725
-825
-925
436
-431
-432
-433
-437
-438
-439
-416
-516
-526
-536
-616
-626
-636
-446
-456
-466
-476
-486
-496
-236
-336
-736
-836
-936
498
-491
-492
-493
-494
-497
-499
-478
-488
-578
-588
-598
-678
-688
-698
-418
-448
-458
-468
-198
-298
-398
-798
-898
-998
553
-551
-554
-555
-556
-557
-558
-559
-443
-453
-463
-543
-563
-643
-653
-663
-513
-523
-533
-573
-593
-353
-753
-853
-953
567
-561
-562
-564
-565
-566
-568
-569
-447
-457
-467
-547
-647
-657
-667
-517
-527
-537
-587
-597
-167
-367
-767
-867
-967
589
-581
-582
-584
-585
-586
-479
-489
-579
-599
-679
-689
-699
-519
-529
-539
-549
-189
-389
-789
-889
-989
746
-741
-742
-743
-744
-747
-748
-749
-756
-766
-846
-856
-866
-946
-956
-966
-716
-726
-776
-786
-796
-246
-346
-546
-646
775
-771
-772
-773
-774
-778
-779
-785
-795
-875
-885
-895
-975
-985
-995
-715
-735
-755
-765
-375
-575
595
-591
-592
-594
-596
-675
-685
-695
576
-571
-572
-574
-676
-686
-696
-176
-376
-876
-976
385
-381
-382
-384
-386
-388
-295
-395
235
-232
-238
-239
-315
-335
-835
-935
791
-792
-793
-794
-797
-799
-781
-871
-881
-891
-971
-981
-991
-721
-731
-751
-761
-191
-391
-691
822
-821
-823
-824
-826
-827
-828
-829
-712
-722
-732
-812
-832
-912
-922
-932
-842
-862
-872
-882
-892
-222
292
-294
-296
-299
-372
-392
-322
-522
-622
-692
-992
913
-914
-915
-916
-917
-918
-919
-713
-723
-733
-813
-833
-923
-933
815
-814
-816
-817
-818
-819
926
-921
-924
-927
-928
-929
763
-762
-764
-768
-769
-843
-863
-943
-963
782
-784
-787
-788
-972
-982
-855
-865
-973
-993
-986
-996
-113
-313
-413
473
-471
-472
-474
-673
-693
-613
-126
-226
-326
343
-341
-344
-347
-348
-349
-163
-363
357
-351
-354
-356
-358
-359
123
-127
-128
-129
-323
-333
117
-116
-118
-119
316
-312
-317
-318
-319
332
-337
-338
-339
-327
-366
-396
-417
487
-481
-482
-484
-687
-697
694
-674
-684
-614
-624
-644
-654
-664
-617
-717
-623
633
-631
-632
-637
-638
-639
627
-621
-628
-629
521
-524
-528
-531
-541
724
-727
-728
-729
-714
-754
-532
538
-518
-618
-548
718
-719
-738
-838
-938
-758
-757
759
-849
-859
-869
-949
-959
-969
737
-739
-837
-937
-857
-957
-259
-459
-659
672
-671
681
-682
-641
-651
-661
-612
619
-419
-642
-662
-649
648
-658
-668
-669
-248
-848
-948
-873
893
-894
-896
-897
-899
886
-884
-887
-888
847
-841
-844
-947
-181
984
-987
-988
-874
-974
-994
997
-999
-944
-954
-964
374
-371
-378
-379
171
-178
-179
-394
399
188
-186
196
-199
-161
361
-364
-368
-369
-166
-168
169
-249
244
-254
-264
-269
229
-228
328
-329
-444
-544
542
-442
-462
412
-414
-512
514
-942
941
-851
-861
-951
-961
962
-965
-968
955
-958
831
-839
-931
939
879
-878
978
-979
-441
449
-469
451
-454
-461
464
854
-858
-864
868
-655
656
665
-666
-256
258
266
-268
