134
-131
-132
-133
-135
-136
-137
-138
-139
-114
-124
-214
-224
-234
-314
-324
-334
-144
-154
-164
-174
-184
-194
-434
-534
-634
-734
-834
-934
222
-221
-223
-225
-226
-227
-228
-229
-112
-122
-212
-232
-312
-322
-332
-242
-252
-262
-272
-282
-292
-422
-522
-622
-722
-822
-922
271
-273
-274
-275
-276
-277
-278
-279
-171
-181
-191
-281
-291
-371
-381
-391
-211
-231
-241
-251
-261
-471
-571
-671
-771
-871
-971
287
-283
-284
-285
-286
-288
-289
-177
-187
-197
-297
-377
-387
-397
-217
-237
-247
-257
-267
-487
-587
-687
-787
-887
-987
319
-311
-313
-315
-316
-317
-318
-119
-129
-219
-239
-329
-339
-349
-359
-369
-379
-389
-399
-419
-519
-619
-719
-819
-919
323
-321
-325
-326
-327
-328
-113
-123
-213
-233
-333
-343
-353
-363
-373
-383
-393
-423
-523
-623
-723
-823
-923
347
-341
-342
-344
-345
-346
-348
-147
-157
-167
-357
-367
-337
-447
-547
-647
-747
-847
-947
386
-382
-384
-385
-388
-176
-186
-196
-296
-376
-396
-336
-356
-366
-486
-586
-686
-786
-886
-986
473
-472
-474
-475
-476
-477
-478
-479
-483
-493
-573
-583
-593
-673
-683
-693
-413
-433
-443
-453
-463
-173
-773
-873
-973
531
-532
-533
-535
-536
-537
-538
-539
-411
-421
-431
-511
-521
-611
-621
-631
-541
-551
-561
-581
-591
-331
-731
-831
-931
566
-562
-563
-564
-565
-567
-568
-569
-446
-456
-466
-546
-556
-646
-656
-666
-516
-526
-576
-596
-166
-266
-766
-866
-966
584
-582
-585
-588
-589
-484
-494
-574
-594
-674
-684
-694
-514
-524
-544
-554
-784
-884
-984
644
-641
-642
-643
-645
-648
-649
-444
-454
-464
-654
-664
-614
-624
-244
-744
-844
-944
658
-651
-652
-653
-655
-657
-659
-448
-458
-468
-548
-558
-668
-618
-628
-638
-678
-688
-698
-158
-258
-358
-758
-858
-958
697
-691
-692
-695
-696
-699
-497
-577
-597
-677
-617
-627
-637
-667
-797
-897
-997
799
-791
-792
-793
-794
-795
-796
-798
-779
-789
-879
-889
-899
-979
-989
-999
-729
-739
-749
-759
-769
-199
-299
-499
-599
835
-832
-833
-836
-837
-838
-839
-715
-725
-735
-815
-825
-915
-925
-935
-845
-855
-865
-875
-885
-895
-235
-335
338
-118
-128
-218
-238
236
-116
-126
-216
215
-115
-125
-245
-255
-265
-295
-246
-256
-368
-378
-398
-415
-515
-615
-435
-635
-436
-636
-736
-936
-438
-738
-938
872
-874
-876
-877
-878
-772
-782
-882
-892
-972
-982
-992
-812
-842
-852
-862
-172
-372
-572
-672
898
-891
-893
-894
-896
-778
-788
-888
-978
-988
-998
-818
-828
-848
-868
-198
-298
-498
-598
921
-924
-926
-927
-928
-929
-711
-721
-811
-821
-911
-941
-951
-961
-981
-991
111
-117
-121
127
-141
-151
-161
-427
-527
-727
-827
491
-492
-495
-496
-481
-681
676
-675
-679
-441
-451
-461
661
-662
-663
-665
-669
-616
-626
-361
351
-352
-354
-355
-751
-851
-761
-861
-776
-976
996
-993
-994
-995
-916
-946
-956
945
-942
-943
-948
-949
-745
-755
-765
-955
-965
-975
-985
983
-783
-883
881
-781
785
-775
741
-742
-743
-746
-748
-841
-913
-933
-953
-963
-145
-445
-545
-183
-185
-485
-685
625
-629
-425
-525
954
-952
-957
-959
-754
-764
-854
-864
-964
-914
-974
977
774
-777
-714
-724
-917
-937
-967
-254
-374
375
-175
-195
-395
-365
-575
595
-592
-555
142
-143
-146
-148
-149
-152
-162
-362
364
-264
156
-153
-155
-159
165
-163
-168
-169
-182
-192
193
392
-394
-293
294
-442
449
-459
-469
-549
-559
-429
-439
-489
-542
543
-553
-513
-243
-843
846
-849
-756
-856
-816
-826
248
-249
-268
455
-452
-457
-465
178
-179
-188
189
-578
579
488
-482
682
-689
-418
-428
-529
528
-518
639
-632
-633
613
-612
-713
-813
733
-732
-737
-753
-763
-728
726
-716
416
-412
-414
-417
424
-426
814
-817
-824
829
717
-712
-718
918
-912
932
-939
-757
752
-762
-962
-767
768
-968
969
-859
-869
512
-517
-432
437
462
-467
-552
557
-857
853
-863
867
-253
259
263
-269
