145
-141
-142
-143
-144
-146
-147
-148
-149
-155
-165
-245
-255
-265
-345
-355
-365
-115
-125
-135
-175
-185
-195
-445
-545
-645
-745
-845
-945
179
-171
-172
-173
-174
-176
-177
-178
-189
-199
-279
-289
-299
-379
-389
-399
-119
-129
-139
-159
-169
-479
-579
-679
-779
-879
-979
256
-251
-252
-253
-254
-257
-258
-259
-156
-166
-246
-266
-346
-356
-366
-216
-226
-236
-276
-286
-296
-456
-556
-656
-756
-856
-956
278
-271
-272
-273
-274
-275
-277
-188
-198
-288
-298
-378
-388
-398
-218
-228
-238
-248
-268
-478
-578
-678
-778
-878
-978
321
-322
-323
-324
-325
-326
-327
-328
-329
-111
-121
-131
-211
-221
-231
-311
-331
-341
-351
-361
-371
-381
-391
-421
-521
-621
-721
-821
-921
416
-411
-412
-413
-414
-415
-417
-418
-419
-426
-436
-516
-526
-536
-616
-626
-636
-446
-466
-476
-486
-496
-116
-316
-716
-816
-916
441
-442
-443
-444
-447
-448
-449
-451
-461
-541
-551
-561
-641
-651
-661
-431
-471
-481
-491
-241
-741
-841
-941
464
-462
-463
-465
-467
-468
-469
-454
-544
-554
-564
-644
-654
-664
-424
-434
-474
-484
-494
-164
-264
-364
-764
-864
-964
543
-542
-546
-547
-548
-549
-453
-553
-563
-643
-653
-663
-513
-523
-533
-573
-583
-593
-243
-343
-743
-843
-943
587
-581
-582
-584
-585
-586
-588
-589
-477
-487
-497
-577
-597
-677
-687
-697
-517
-527
-537
-557
-567
-187
-287
-387
-787
-887
-987
615
-611
-612
-613
-614
-617
-618
-619
-425
-435
-515
-525
-535
-625
-635
-655
-665
-675
-685
-695
-215
-315
-715
-815
-915
672
-671
-673
-674
-676
-472
-482
-492
-572
-592
-682
-692
-622
-632
-642
-652
-662
-372
-772
-872
-972
723
-722
-724
-725
-726
-727
-728
-729
-713
-733
-813
-823
-833
-913
-923
-933
-753
-763
-773
-783
-793
-123
-223
-423
-623
784
-781
-782
-785
-786
-788
-789
-774
-794
-874
-884
-894
-974
-984
-994
-714
-734
-744
-754
-184
-284
-384
-684
818
-811
-812
-814
-817
-819
-718
-738
-828
-838
-918
-928
-938
-848
-858
-868
-888
-898
-118
-318
-518
852
-851
-853
-854
-855
-857
-859
-742
-752
-762
-842
-862
-942
-952
-962
-822
-832
-882
-892
-152
-352
-452
-552
562
-565
-566
-568
-569
-512
-522
-532
-162
-262
-362
981
-982
-983
-985
-986
-988
-989
-771
-791
-871
-881
-891
-971
-991
-911
-931
-951
-961
571
-574
-575
-576
-591
-681
-691
-511
-531
631
-633
-634
-637
-638
-639
433
-432
-437
-438
-439
422
-427
-428
-429
627
-624
-628
-629
-473
475
-485
-495
-595
-483
-493
-455
555
-558
-559
457
-458
-459
-647
-657
-667
596
-594
-598
-599
694
-693
-696
-698
-699
683
-686
-688
-689
711
-712
-717
-719
-731
-831
-751
-761
861
-863
-865
-866
-867
-869
-122
-222
-922
-127
-227
-827
-927
-133
-233
-333
151
-153
-154
-157
-158
-161
-261
-181
-191
-755
-955
-357
-757
-957
374
-373
-375
-376
-377
-194
-294
-394
-314
-334
-344
-354
244
-242
-247
-249
342
-347
-348
-349
-214
-224
-234
-312
-332
-382
-392
-844
-944
954
-953
-958
-959
963
-965
-966
-967
-968
-969
765
-766
-767
-768
-769
-735
-775
-795
-973
-993
-914
-924
-934
353
-358
-359
-163
-263
-363
-313
-383
-393
666
-668
-669
-646
873
-875
-876
-877
-883
-893
-975
-281
291
-292
-293
-295
-297
-183
-283
193
-192
-196
-197
397
-395
-396
-113
213
-212
-217
-219
-317
319
-229
225
-235
-335
-239
-339
-285
282
-182
186
385
-386
-126
-136
336
-337
-338
-232
237
-117
-137
167
-168
-267
269
-367
368
-369
917
-912
-919
-737
-837
-937
-947
-977
976
-776
777
-796
-886
-896
-996
-797
-897
-997
-747
847
-846
-849
-926
-936
-946
746
-748
-749
-736
112
-114
-132
514
-519
-524
-534
-825
-925
929
-739
732
-932
-829
-839
-939
935
-835
-792
992
-995
-998
-999
798
-799
-758
759
948
-949
826
-824
834
-836
124
-128
-134
138
528
-529
-538
539
-648
649
658
-659
-885
889
895
-899
488
-489
-498
499
