132
-131
-133
-134
-135
-136
-137
-138
-139
-112
-122
-212
-222
-232
-312
-322
-332
-142
-152
-162
-172
-182
-192
-432
-532
-632
-732
-832
-932
163
-161
-164
-165
-166
-167
-168
-169
-143
-153
-243
-253
-263
-343
-353
-363
-113
-123
-173
-183
-193
-463
-563
-663
-763
-863
-963
213
-211
-214
-215
-216
-217
-218
-219
-223
-233
-313
-323
-333
-273
-283
-293
-413
-513
-613
-713
-813
-913
297
-291
-292
-294
-295
-296
-298
-299
-177
-187
-197
-277
-287
-377
-387
-397
-227
-237
-247
-257
-267
-497
-597
-697
-797
-897
-997
354
-351
-352
-355
-356
-357
-358
-359
-144
-154
-244
-254
-264
-344
-364
-314
-324
-334
-374
-384
-394
-454
-554
-654
-754
-854
-954
388
-381
-382
-383
-385
-386
-389
-178
-188
-198
-278
-288
-378
-398
-318
-328
-338
-348
-368
-488
-588
-688
-788
-888
-988
399
-391
-392
-393
-395
-396
373
-371
-372
-375
-376
-379
-179
-189
-199
-279
-289
-319
-329
-339
-349
-369
-473
-573
-673
-773
-873
-973
-499
-599
-699
-799
-899
-999
422
-421
-423
-424
-425
-426
-427
-428
-429
-412
-512
-522
-612
-622
-442
-452
-462
-472
-482
-492
-722
-822
-922
446
-441
-443
-444
-445
-447
-448
-449
-456
-466
-546
-556
-566
-646
-656
-666
-416
-436
-476
-486
-496
-146
-246
-346
-746
-846
-946
464
-461
-465
-467
-468
-469
-544
-564
-644
-664
-414
-434
-474
-484
-494
-764
-864
-964
478
-471
-475
-477
-479
-498
-578
-598
-678
-698
-418
-438
-458
-778
-878
-978
523
-521
-524
-525
-526
-527
-528
-529
-433
-533
-623
-633
-543
-553
-583
-593
-723
-823
-923
589
-581
-582
-584
-585
-586
-587
-489
-579
-679
-689
-519
-539
-549
-559
-569
-789
-889
-989
617
-611
-614
-615
-616
-618
-619
-417
-437
-517
-537
-627
-637
-647
-657
-667
-677
-687
-117
-317
-717
-817
-917
631
-634
-635
-636
-638
-639
-411
-431
-511
-531
-621
-641
-651
-661
-671
-681
-691
-231
-331
-731
-831
-931
643
-642
-645
-648
-649
-453
-653
-683
-693
-743
-843
-943
669
-662
-665
-668
-459
-659
-629
-269
-769
-869
-969
685
-682
-684
-686
-485
-495
-575
-595
-675
-695
-625
-655
-185
-285
-785
-885
-985
718
-711
-712
-714
-715
-716
-719
-728
-738
-818
-828
-838
-918
-928
-938
-748
-758
-768
-798
-118
-518
727
-721
-724
-725
-726
-729
-737
-827
-837
-927
-937
-747
-757
-767
-777
-787
-127
-327
337
-335
-336
-347
-367
753
-751
-752
-755
-756
-759
-853
-953
-733
-783
-793
819
-811
-812
-814
-815
-816
912
-911
-914
-915
-916
-919
-739
-829
-839
-929
-939
-849
-859
-879
-942
-952
-962
-972
-982
-992
-119
-419
415
-435
439
-515
-535
-455
-115
-315
-239
893
-891
-892
-894
-895
-896
-898
-883
-983
-993
998
-991
-994
-995
-996
-833
933
-934
-935
-936
-948
-958
-968
483
-481
-487
-493
491
-571
-591
577
-572
-574
-576
-451
457
-547
-557
-567
-157
147
-141
-145
-148
-149
-847
-947
-857
-957
-877
-977
-191
-791
941
-944
-945
-949
-741
-761
-841
-851
-861
-951
-961
-921
821
-824
-825
-826
-871
-881
-971
-981
-121
-221
-321
-241
-341
-541
974
-975
-976
-979
-774
-784
-794
-874
-884
-984
779
-771
-772
-775
-776
781
-782
-786
-749
959
-955
-956
-924
249
-242
-245
-248
-159
-259
129
-124
-125
-126
-128
-229
158
-151
-155
-156
-258
-268
-558
-658
652
-542
-552
-562
592
-594
-596
-672
-692
628
-624
-626
-538
224
-225
-226
-228
-114
-234
238
-235
-236
325
-326
-274
-284
-345
342
-252
-262
-362
-365
514
-516
-534
536
-925
926
-736
-836
965
-966
-967
-745
-765
-845
-855
-865
867
-862
-866
-868
-887
987
-986
-742
744
-844
-734
735
834
-835
-795
875
-872
-876
-842
848
-858
545
-548
-555
551
-561
-565
568
-251
-852
856
762
-766
-792
796
882
-886
255
-256
-265
-275
272
-271
-276
-282
171
-174
-175
-176
-181
-281
286
195
-194
-196
184
-186
-111
116
311
-316
261
-266
-361
366
-674
676
694
-696
