145
-141
-142
-143
-144
-146
-147
-148
-149
-155
-165
-245
-255
-265
-345
-355
-365
-115
-125
-135
-175
-185
-195
-445
-545
-645
-745
-845
-945
181
-182
-183
-184
-186
-187
-188
-189
-171
-191
-271
-281
-291
-371
-381
-391
-111
-121
-131
-151
-161
-481
-581
-681
-781
-881
-981
217
-211
-212
-213
-214
-215
-216
-218
-219
-117
-127
-137
-227
-237
-317
-327
-337
-247
-257
-267
-277
-287
-297
-417
-517
-617
-717
-817
-917
256
-251
-252
-253
-254
-258
-259
-156
-166
-246
-266
-346
-356
-366
-226
-236
-276
-286
-296
-456
-556
-656
-756
-856
-956
316
-311
-312
-313
-314
-315
-318
-319
-116
-126
-136
-326
-336
-376
-386
-396
-416
-516
-616
-716
-816
-916
457
-451
-452
-453
-454
-455
-458
-459
-447
-467
-547
-557
-567
-647
-657
-667
-427
-437
-477
-487
-497
-157
-357
-757
-857
-957
474
-471
-472
-473
-475
-476
-478
-479
-484
-494
-574
-584
-594
-674
-684
-694
-414
-424
-434
-444
-464
-174
-274
-374
-774
-874
-974
521
-522
-523
-524
-525
-526
-527
-528
-529
-411
-421
-431
-511
-531
-611
-621
-631
-541
-551
-561
-571
-591
-221
-321
-721
-821
-921
552
-553
-554
-555
-558
-559
-442
-462
-542
-562
-642
-652
-662
-512
-532
-572
-582
-592
-152
-352
-752
-852
-952
624
-622
-623
-625
-626
-627
-628
-629
-514
-534
-614
-634
-644
-654
-664
-124
-224
-324
-724
-824
-924
683
-682
-685
-686
-687
-688
-689
-483
-493
-573
-583
-593
-673
-693
-613
-633
-643
-653
-663
-283
-383
-783
-883
-983
725
-722
-723
-726
-727
-728
-729
-715
-735
-815
-825
-835
-915
-925
-935
-755
-765
-775
-785
-795
-225
-325
-425
743
-741
-742
-744
-746
-747
-748
-749
-753
-763
-843
-853
-863
-943
-953
-963
-713
-733
-773
-793
-243
-343
-443
-543
812
-811
-813
-814
-818
-819
-712
-732
-822
-832
-912
-922
-932
-842
-862
-872
-882
-892
-112
-412
-612
877
-871
-873
-875
-876
-878
-879
-777
-787
-797
-887
-897
-977
-987
-997
-827
-837
-847
-867
927
-923
-926
-928
-929
-737
-937
767
-761
-762
-764
-766
-768
-769
-947
-967
347
-341
-342
-344
-348
-349
-167
-367
-377
-387
-397
-177
197
-192
-193
-194
-196
-198
-199
176
-172
-173
-178
-179
-576
-676
-776
-976
-577
-677
587
-585
-586
-588
-589
-597
-697
-537
637
-632
-635
-636
-638
-639
941
-942
-944
-946
-948
-949
-751
-841
-851
-861
-951
-961
962
-964
-965
-966
-968
-969
-911
-931
-971
-991
-972
-982
-992
711
-714
-718
-719
-731
-831
-771
-791
891
-893
-894
-895
-896
-898
-899
-241
-441
-641
242
-244
-248
-249
-162
-262
-362
-222
-232
-272
-282
-292
671
-672
-675
-678
-679
-491
-691
461
-463
-465
-466
-468
-469
-651
-661
563
-564
-565
-566
-568
-569
544
-546
-548
-549
-513
-533
692
-695
-696
-698
-699
-482
-492
-844
351
-353
-354
-358
-359
-261
-361
231
-233
-234
-235
-238
-239
-331
335
-332
-333
-334
-338
-339
-375
-385
-395
-435
-535
153
-154
-158
-159
-163
-263
-363
-113
-123
-133
-392
-792
978
-973
-975
-979
993
-994
-995
-996
-998
-999
-778
-788
-798
-888
-988
-913
-933
-918
-938
-958
413
-415
-418
-419
-423
-433
833
-834
-836
-838
-839
-823
-278
-378
-578
-293
-393
-114
134
-132
-138
-139
122
-128
-129
-322
-164
914
-919
-734
-934
-954
-984
-422
432
-436
-438
-439
118
-119
-228
-328
-168
169
-269
-369
-518
-618
-669
-869
223
-229
-323
329
-273
373
-372
-379
382
-384
-388
-389
-399
-429
-829
772
-779
-782
-264
268
364
-368
-288
-298
398
-394
-864
-668
-868
488
-485
-486
-489
-498
-598
495
-496
-499
-575
579
-595
596
-599
-428
426
-536
538
-539
-446
-448
449
-649
-659
515
-519
-615
619
-826
828
-738
758
-754
-759
854
-855
-858
-859
-848
-884
648
-646
666
-665
655
-658
846
-849
-866
865
-955
959
-885
985
-986
-989
-886
889
-789
-799
739
-736
936
-939
275
-279
-285
-295
786
-784
794
-796
284
-289
-294
299
