139
-131
-132
-133
-134
-135
-136
-137
-138
-119
-129
-219
-229
-239
-319
-329
-339
-149
-159
-169
-179
-189
-199
-439
-539
-639
-739
-839
-939
168
-161
-162
-163
-164
-165
-166
-167
-148
-158
-248
-258
-268
-348
-358
-368
-118
-128
-178
-188
-198
-468
-568
-668
-768
-868
-968
183
-181
-182
-184
-185
-186
-187
-173
-193
-273
-283
-293
-373
-383
-393
-113
-123
-143
-153
-483
-583
-683
-783
-883
-983
192
-191
-194
-195
-196
-197
-172
-272
-282
-292
-372
-382
-392
-112
-122
-142
-152
-492
-592
-692
-792
-892
-992
245
-241
-242
-243
-244
-246
-247
-249
-145
-155
-255
-265
-345
-355
-365
-215
-225
-235
-275
-285
-295
-445
-545
-645
-745
-845
-945
291
-294
-296
-297
-298
-299
-171
-271
-281
-371
-381
-391
-211
-221
-231
-251
-261
-491
-591
-691
-791
-891
-991
342
-341
-343
-344
-346
-347
-349
-252
-262
-352
-362
-312
-322
-332
-442
-542
-642
-742
-842
-942
376
-374
-375
-377
-378
-379
-176
-276
-286
-386
-396
-316
-326
-336
-356
-366
-476
-576
-676
-776
-876
-976
389
-384
-385
-387
-388
-279
-289
-399
-359
-369
-489
-589
-689
-789
-889
-989
438
-431
-432
-433
-434
-435
-436
-437
-418
-428
-518
-528
-538
-618
-628
-638
-448
-458
-478
-488
-498
-238
-338
-738
-838
-938
454
-451
-452
-453
-455
-456
-457
-459
-444
-464
-544
-554
-564
-644
-654
-664
-414
-424
-474
-484
-494
-154
-254
-354
-754
-854
-954
469
-461
-462
-463
-465
-466
-467
-449
-549
-559
-569
-649
-659
-669
-419
-429
-479
-499
-269
259
-253
-256
-257
-759
-859
-959
-769
-869
-969
496
-493
-495
-497
-486
-586
-596
-686
-696
-416
-426
-446
-796
-896
-996
614
-611
-612
-613
-615
-616
-617
-619
-514
-524
-534
-624
-634
-674
-684
-694
-114
-214
-314
-714
-814
-914
643
-641
-646
-647
-648
-443
-543
-553
-563
-653
-663
-623
-633
-673
-693
-743
-843
-943
651
-652
-655
-656
-657
-658
-441
447
-541
-551
-561
-661
-547
-557
-567
-667
-417
-427
-477
-487
-621
-631
-671
-681
-147
-747
-847
-947
-151
-351
-751
-851
-951
675
-672
-677
-678
-679
-475
-485
-575
-585
-595
-685
-695
-625
-635
-665
-175
395
-394
-397
-398
-315
-325
-335
-775
-875
-975
-795
-895
-995
724
-721
-722
-723
-725
-726
-727
-728
-729
-734
-824
-834
-924
-934
-744
-764
-774
-784
-794
-124
-224
-324
732
-731
-733
-735
-736
-737
-712
-812
-822
-832
-912
-922
-932
-752
-762
-772
-782
-232
-532
-632
767
-761
-763
-765
-766
-757
-857
-867
-957
-967
-717
-777
-787
-797
-267
-367
816
-811
-813
-815
-817
-818
-819
-716
-826
-836
-916
-926
-936
-846
-856
-866
-886
-116
-216
-516
861
-862
-863
-864
-865
-741
-841
-941
-961
-821
-831
-871
-881
141
-144
-146
-361
-111
-121
174
-177
-274
-284
-574
-874
-974
913
-911
-915
-917
-918
-919
-713
-823
-833
-923
-933
-953
-963
-973
-993
-213
-313
-413
-513
927
-921
-925
-928
-929
-827
-837
835
-715
-825
-935
-937
931
-711
-855
-885
-971
-981
-977
-987
-997
-127
-227
-327
-527
-627
-331
-531
-535
948
-944
-946
-949
-748
-758
-848
-858
-958
-978
-988
-998
844
-849
-964
749
-746
-719
718
-828
829
-778
-788
-798
-779
-799
793
-773
771
-781
-873
-893
-753
853
-852
-884
-894
-879
-899
-218
-318
328
-321
-323
311
-317
-228
-411
-511
519
-512
-515
-517
-529
-629
-579
-599
699
-697
-698
688
-682
-687
-578
-588
-598
637
-636
-537
-237
-337
357
-353
-157
156
-266
-126
125
-115
117
-217
212
-222
-412
415
-425
-525
546
-548
-556
-566
-666
662
-552
-562
565
-555
558
-526
-536
533
-423
-523
626
-622
473
-471
-472
-573
-593
223
-226
-233
-333
334
-234
236
-263
264
363
-364
952
-955
-956
-962
-972
979
-999
994
-984
-982
755
-756
-965
966
-785
786
985
-986
-571
584
-581
-582
-587
481
-482
572
-577
-594
597
-421
422
521
-522
-872
882
-887
-888
287
-288
-277
278
877
-878
-897
898
