137
-131
-132
-133
-134
-135
-136
-138
-139
-117
-127
-217
-227
-237
-317
-327
-337
-147
-157
-167
-177
-187
-197
-437
-537
-637
-737
-837
-937
188
-181
-182
-183
-184
-185
-186
-189
-178
-198
-278
-288
-298
-378
-388
-398
-118
-128
-148
-158
-168
-488
-588
-688
-788
-888
-988
224
-221
-222
-223
-225
-226
-228
-229
-114
-124
-214
-234
-314
-324
-334
-244
-254
-264
-274
-284
-294
-424
-524
-624
-724
-824
-924
235
-231
-232
-233
-236
-238
-239
-115
-125
-215
-315
-325
-335
-245
-255
-265
-275
-285
-295
-435
-535
-635
-735
-835
-935
263
-261
-262
-266
-267
-268
-269
-143
-153
-163
-243
-253
-343
-353
-363
-213
-273
-283
-293
-463
-563
-663
-763
-863
-963
313
-311
-312
-316
-318
-319
-113
-123
-323
-333
-373
-383
-393
-413
-513
-613
-713
-813
-913
338
-331
-332
-336
-339
-218
-328
-348
-358
-368
-438
-538
-638
-738
-838
-938
362
-361
-364
-365
-366
-367
-369
-142
-152
-162
-242
-252
-342
-352
-322
-372
-382
-392
-462
-562
-662
-762
-862
-962
386
-381
-384
-385
-387
-389
-176
-196
-276
-286
-296
-376
-396
-326
-346
-356
-486
-586
-686
-786
-886
-986
395
-391
-394
-397
-399
-175
-195
-375
-345
-355
-495
-595
-695
-795
-895
-995
454
-451
-452
-453
-455
-456
-457
-458
-459
-444
-464
-544
-554
-564
-644
-654
-664
-414
-434
-474
-484
-494
-154
-354
-754
-854
-954
559
-551
-552
-553
-555
-556
-557
-558
-449
-469
-549
-569
-649
-659
-669
-519
-529
-539
-579
-589
-599
-159
-259
-359
-759
-859
-959
568
-561
-565
-566
-567
-448
-468
-548
-648
-658
-668
-518
-528
-578
-598
-768
-868
-968
617
-611
-612
-614
-615
-616
-618
-619
-417
-427
-517
-527
-627
-647
-657
-667
-677
-687
-697
-717
-817
-917
625
-621
-622
-623
-626
-628
-629
-415
-425
-515
-525
-645
-655
-665
-675
-685
-725
-825
-925
642
-641
-643
-646
-442
-542
-652
-632
-672
-682
-692
-742
-842
-942
689
-681
-683
-684
-479
-489
-499
-679
-699
-639
-289
-789
-889
-989
712
-711
-714
-715
-716
-718
-719
-722
-732
-812
-822
-832
-912
-922
-932
-752
-772
-782
-792
-112
-212
122
-121
-126
-129
-172
-192
-412
-512
-422
-522
731
-733
-734
-736
-739
-721
-811
-821
-831
-911
-921
-931
-741
-751
-761
-771
-781
-791
-431
-531
-631
856
-851
-852
-853
-855
-857
-858
952
-951
-953
-955
-956
-957
-958
-746
-756
-766
-846
-866
-946
-966
-816
-826
-836
-876
-896
-972
-982
-992
-156
-256
-656
873
-871
-872
-874
-875
-877
-878
-879
-773
-783
-793
-883
-893
-973
-983
-993
-823
-833
-843
-173
193
-191
-194
-199
-473
-573
-673
-493
-593
-693
894
-891
-892
-897
-898
-899
882
-881
-884
-885
-887
-774
-784
-794
-974
-984
-994
-814
-834
839
-729
-819
-829
-919
-929
-939
-844
-864
-849
-869
-439
-282
-482
-582
584
-581
-583
-585
-587
483
-481
-485
-487
-574
-594
-674
-694
-423
-433
-443
-514
-534
634
-633
-636
653
-651
-543
914
-915
-916
-918
-934
815
-818
-845
-865
-944
-964
418
-411
-416
-419
-428
429
-421
-426
-478
-498
-329
321
-111
-211
-341
-351
357
-247
-257
-347
-371
-377
511
-516
-521
-541
-571
-591
-753
-757
926
-923
-927
-928
-726
-936
933
-723
743
-744
-745
-747
-748
-749
-943
764
-765
-767
-769
-976
-996
523
-526
-533
-164
997
-991
-998
-999
-777
-787
785
-775
-975
-985
-797
-977
-987
981
-971
-755
758
-848
-948
727
-728
-827
828
-778
-798
978
-979
-941
-961
-947
-967
248
-241
-246
-249
-258
251
-141
-151
155
-161
-145
-165
171
-174
-179
-271
-281
287
-291
374
-379
-277
-297
144
-146
-149
-344
349
166
-169
-116
119
216
-219
-949
945
-965
969
-445
-545
465
-461
-466
-467
-475
575
-572
-576
-577
-666
661
-441
-671
-691
841
-847
-861
867
-471
491
-492
-496
-497
477
-472
-476
592
-596
-597
432
-436
-532
536
446
-447
-546
547
272
-279
-292
299
-678
676
-696
698
-776
779
796
-799
