121
-122
-123
-124
-125
-126
-127
-128
-129
-111
-131
-211
-221
-231
-311
-321
-331
-141
-151
-161
-171
-181
-191
-421
-521
-621
-721
-821
-921
152
-153
-154
-155
-156
-157
-158
-159
-142
-162
-242
-252
-262
-342
-352
-362
-112
-132
-172
-182
-192
-452
-552
-652
-752
-852
-952
234
-232
-233
-235
-236
-237
-238
-239
-114
-134
-214
-224
-314
-324
-334
-244
-254
-264
-274
-284
-294
-434
-534
-634
-734
-834
-934
249
-241
-243
-245
-246
-247
-248
-149
-169
-259
-269
-349
-359
-369
-219
-229
-279
-289
-299
-449
-549
-649
-749
-849
-949
255
-251
-253
-256
-257
-258
-145
-165
-265
-345
-355
-365
-215
-225
-275
-285
-295
-455
-555
-655
-755
-855
-955
268
-261
-263
-266
-267
-148
-168
-348
-358
-368
-218
-228
-278
-288
-298
-468
-568
-668
-768
-868
-968
296
-291
-292
-293
-297
-176
-186
-196
-276
-286
-376
-386
-396
-216
-226
-496
-596
-696
-796
-896
-996
335
-332
-333
-336
-337
-338
-339
-115
-135
-315
-325
-375
-385
-395
-435
-535
-635
-735
-835
-935
363
-361
-364
-366
-367
-143
-163
-343
-353
-313
-323
-373
-383
-393
-463
-563
-663
-763
-863
-963
382
-381
-384
-387
-388
-389
-272
-282
-372
-392
-312
-322
-482
-582
-682
-782
-882
-982
394
-391
-397
-398
-399
-174
-184
-194
-374
-344
-354
-494
-594
-694
-794
-894
-994
431
-432
-433
-436
-437
-438
-439
-411
-511
-531
-611
-631
-441
-451
-461
-471
-481
-491
-731
-831
-931
445
-442
-443
-444
-446
-447
-448
-465
-545
-565
-645
-665
-415
-425
-475
-485
-495
-745
-845
-945
466
-462
-464
-467
-469
-456
-546
-556
-566
-646
-656
-666
-416
-426
-476
-486
-166
-766
-866
-966
492
-493
-497
-498
-499
-472
-572
-592
-672
-692
-412
-422
-792
-892
-992
614
-612
-613
-615
-616
-617
-618
-619
-414
-424
-514
-524
-624
-644
-654
-664
-674
-684
-714
-814
-914
642
-641
-643
-647
-648
-542
-562
-662
-622
-632
-742
-842
-942
661
-667
-669
-541
-551
-561
-651
-671
-681
-691
-761
-861
-961
679
-673
-675
-676
-677
-678
-479
-489
-579
-589
-599
-689
-699
-629
-639
-659
-179
-379
-779
-879
-979
711
-712
-713
-715
-716
-717
-718
-719
-811
-911
-741
-751
-771
-781
-791
725
-722
-723
-724
-726
-727
-728
-729
-815
-825
-915
-925
-765
-775
-785
-795
515
-512
-513
-516
-517
-518
-519
-525
-625
-575
-585
-595
747
-743
-744
-746
-748
-757
-767
-847
-857
-867
-947
-957
-967
-737
-777
-787
-797
-147
-347
-547
774
-772
-773
-776
-778
-784
-874
-884
-974
-984
-754
-764
-474
-574
817
-812
-813
-816
-818
-819
-827
-837
-917
-927
-937
-877
-887
-897
-117
-217
-317
-417
843
-841
-844
-846
-848
-753
-853
-943
-953
-823
-833
-873
-883
-893
-543
858
-851
-854
-856
-859
-758
-948
-958
-828
-838
-878
-888
-898
548
-544
-458
-558
-658
-528
-538
-578
-588
-598
864
-862
-865
-869
-944
-954
-964
965
-962
-969
762
-769
-732
-824
924
-922
-923
-926
-928
-929
-975
-985
-995
144
-146
-164
167
-357
-137
-177
-187
-197
-564
-567
569
-459
-559
-529
-539
871
-872
-875
-876
-881
-891
-971
-981
-991
972
-973
-976
-977
-978
-912
-932
212
-213
-222
-271
281
-283
-287
-371
-571
175
-173
-178
-185
-195
576
-573
-577
-586
-686
-526
-536
-581
591
-593
-597
956
-951
-959
941
-946
-756
759
-739
-789
-799
-916
-936
-986
-341
346
351
-356
-316
-326
116
-113
-118
-119
-136
987
-983
-988
-989
-997
-487
-587
-687
697
-693
-695
-698
685
-683
-688
-477
-627
-637
-657
653
-453
-553
-623
-633
537
-532
-533
522
-523
-527
-427
457
-454
554
-557
484
-483
-488
-584
583
-473
478
-418
-428
-822
832
-836
-839
273
-277
-183
-193
377
-378
133
-138
-139
-223
227
-327
423
-429
-413
419
913
-918
-919
-733
-933
-993
318
-319
-328
329
628
-626
636
-638
826
-829
-736
738
-938
939
786
-783
-788
793
-798
-886
998
-999
-885
889
895
-899
188
-189
-198
199
