131
-132
-133
-134
-135
-136
-137
-138
-139
-111
-121
-211
-221
-231
-311
-321
-331
-141
-151
-161
-171
-181
-191
-431
-531
-631
-731
-831
-931
156
-152
-153
-154
-155
-157
-158
-159
-146
-166
-246
-256
-266
-346
-356
-366
-116
-126
-176
-186
-196
-456
-556
-656
-756
-856
-956
245
-241
-242
-243
-244
-247
-248
-249
-145
-165
-255
-265
-345
-355
-365
-215
-225
-235
-275
-285
-295
-445
-545
-645
-745
-845
-945
298
-291
-292
-293
-294
-296
-297
-299
-178
-188
-198
-278
-288
-378
-388
-398
-218
-228
-238
-258
-268
-498
-598
-698
-798
-898
-998
413
-411
-412
-414
-415
-416
-417
-418
-419
-423
-433
-513
-523
-533
-613
-623
-633
-443
-453
-463
-473
-483
-493
-113
-213
-313
-713
-813
-913
471
-472
-474
-475
-476
-477
-478
-479
-481
-491
-571
-581
-591
-671
-681
-691
-421
-441
-451
-461
-271
-371
-771
-871
-971
487
-482
-484
-485
-486
-488
-489
-497
-577
-587
-597
-677
-687
-697
-427
-437
-447
-457
-467
-187
-287
-387
-787
-887
-987
525
-521
-522
-524
-526
-527
-528
-529
-425
-435
-515
-535
-615
-625
-635
-555
-565
-575
-585
-595
-125
-325
-725
-825
-925
542
-541
-543
-544
-546
-547
-548
-549
-442
-452
-462
-552
-562
-642
-652
-662
-512
-532
-572
-582
-592
-142
-342
-742
-842
-942
679
-672
-673
-674
-675
-676
-678
-499
-579
-589
-599
-689
-699
-619
-629
-639
-649
-659
-669
-179
-279
-379
-779
-879
-979
759
-751
-752
-753
-754
-755
-757
-758
-749
-769
-849
-859
-869
-949
-959
-969
-719
-729
-739
-789
-799
-259
-359
-459
-559
761
-762
-763
-764
-765
-766
-767
-768
-741
-841
-851
-861
-941
-951
-961
-711
-721
-781
-791
-261
-361
-561
-661
786
-782
-783
-784
-785
-788
-776
-796
-876
-886
-896
-976
-986
-996
-716
-726
-736
-746
-286
-386
-586
-686
815
-811
-812
-814
-816
-817
-818
-819
-715
-735
-835
-915
-935
-855
-865
-875
-885
-895
-115
-315
335
-332
-333
-334
-336
-337
-338
-339
-375
-385
-395
824
-821
-822
-823
-826
-827
-828
-829
-714
-724
-734
-834
-914
-924
-934
-844
-854
-864
-874
-884
-894
-124
-224
-324
-424
-624
892
-891
-893
-897
-899
-772
-792
-872
-882
-972
-982
-992
881
-883
-888
-889
-981
-991
-832
-852
-862
839
-833
-836
-837
-838
-919
-929
-939
-239
-439
-539
-281
251
-252
-253
-254
-257
-341
-351
641
-643
-644
-646
-647
-648
-551
-651
511
-514
-516
-517
-518
-519
-611
-621
429
-422
-426
-428
-449
-469
569
-563
-564
-566
-567
-568
-911
921
-922
-923
-926
-927
-928
-129
-229
-329
-169
-269
-369
-381
391
-392
-393
-394
-396
-397
-399
-192
-492
432
-434
-436
-438
-612
-622
-632
-232
-732
-932
-692
682
-683
-684
-685
-688
-182
-282
-382
918
-912
-916
-917
936
-933
-937
-938
-718
-728
-738
-946
-966
-948
-958
-968
-978
-988
-118
-318
-618
-236
-536
-636
588
-583
-584
-578
-538
-558
638
-634
-637
-628
-658
-668
112
-114
-117
-119
-122
-212
-222
-312
-322
-162
-172
-712
717
722
-723
-727
733
-737
-743
-773
-793
-747
-777
-797
-217
-317
-617
-233
-123
-127
128
-328
-148
-168
-143
-144
-147
149
-349
-189
-199
999
-993
-994
-995
-997
-989
197
-193
-194
-195
-177
-277
-377
-167
-163
164
-264
-344
-354
-364
-174
-184
-464
-664
-964
173
-175
-183
185
-273
-283
-373
-383
-573
-873
-973
983
-984
-985
-943
-953
-963
-214
216
-219
-226
-316
-326
319
-314
234
-237
-274
-284
289
-389
384
-374
-276
272
-372
376
-262
614
-616
-534
537
626
-627
-557
-654
-694
-666
-696
-576
574
-494
-594
-554
553
-653
-663
-593
596
693
-695
495
-496
-455
-465
-353
-853
-774
-974
794
-795
-744
748
-848
-858
857
-847
-867
-947
944
-954
-957
-967
-868
775
-778
-975
977
-877
878
-444
454
-458
347
-343
-348
-267
263
-363
-357
-367
-223
227
323
-327
843
-846
-863
866
446
-448
-466
468
-657
655
-665
667
-955
952
-962
965
-352
358
362
-368
