135
-131
-132
-133
-134
-136
-137
-138
-139
-115
-125
-215
-225
-235
-315
-325
-335
-145
-155
-165
-175
-185
-195
-435
-535
-635
-735
-835
-935
172
-171
-173
-174
-176
-177
-178
-179
-182
-192
-272
-282
-292
-372
-382
-392
-112
-122
-142
-152
-162
-472
-572
-672
-772
-872
-972
199
-191
-193
-194
-196
-197
-198
-189
-279
-289
-299
-379
-389
-399
-119
-129
-149
-159
-169
-499
-599
-699
-799
-899
-999
247
-241
-242
-243
-244
-245
-246
-248
-249
-147
-157
-167
-257
-267
-347
-357
-367
-217
-227
-237
-277
-287
-297
-447
-547
-647
-747
-847
-947
261
-262
-263
-264
-265
-266
-268
-269
-141
-151
-161
-251
-341
-351
-361
-211
-221
-231
-271
-281
-291
-461
-561
-661
-761
-861
-961
323
-321
-322
-324
-326
-327
-328
-329
-113
-123
-213
-223
-233
-313
-333
-343
-353
-363
-373
-383
-393
-423
-523
-623
-723
-823
-923
417
-411
-412
-413
-414
-415
-416
-418
-419
-427
-437
-517
-527
-537
-617
-627
-637
-457
-467
-477
-487
-497
-117
-317
-717
-817
-917
426
-421
-422
-424
-425
-428
-429
-436
-516
-526
-536
-616
-626
-636
-446
-456
-466
-476
-486
-496
-126
-226
-726
-826
-926
483
-481
-482
-484
-485
-488
-489
-473
-493
-573
-583
-593
-673
-683
-693
-433
-443
-453
-463
-183
-283
-783
-883
-983
559
-551
-552
-553
-554
-555
-556
-557
-558
-449
-459
-469
-549
-569
-649
-659
-669
-519
-529
-539
-579
-589
-259
-359
-759
-859
-959
578
-571
-574
-575
-576
-577
-478
-498
-588
-598
-678
-688
-698
-518
-528
-538
-548
-568
-278
-378
-778
-878
-978
614
-611
-612
-613
-615
-618
-619
-434
-514
-524
-534
-624
-634
-644
-654
-664
-674
-684
-694
-114
-214
-314
-714
-814
-914
711
-712
-713
-715
-716
-718
-719
-721
-731
-811
-821
-831
-911
-921
-931
-741
-751
-771
-781
-791
-111
-311
-511
739
-732
-733
-734
-736
-737
-738
-729
-819
-829
-839
-919
-929
-939
-749
-769
-779
-789
-239
-339
-439
479
-471
-474
-475
-679
-689
-639
629
-621
-622
-625
-628
-229
219
-212
-216
-218
-319
-879
-979
755
-752
-753
-754
-756
-757
-758
-745
-765
-845
-855
-865
-945
-955
-965
-725
-775
-785
-795
-255
-355
-455
-655
846
-841
-842
-843
-844
-848
-849
-746
-766
-856
-866
-946
-956
-966
-816
-836
-876
-886
-896
-146
-346
-546
-646
887
-881
-882
-884
-885
-888
-889
-777
-787
-797
-877
-897
-977
-987
-997
989
-981
-982
-984
-985
-986
-988
-827
-837
-857
-867
869
-862
-863
-864
-868
-949
-969
349
-342
-344
-345
-348
365
-362
-364
-366
-368
-369
-375
-385
-395
-465
-565
-665
-187
127
-121
-124
-128
331
-332
-334
-336
-337
-338
181
-184
-186
-188
-371
-381
-391
521
-522
-525
-431
-531
-631
515
-512
-513
-541
-581
-591
-545
-585
-595
-815
-915
-727
767
-762
-763
-764
-768
-957
-967
-927
937
-932
-933
-934
-936
-938
916
-912
-913
-918
-976
-996
813
-812
-818
-833
-853
-873
-893
312
-316
-318
-222
-232
252
-253
-254
-256
-258
-352
-116
118
236
-234
-238
224
-228
-148
-158
-168
358
-354
-356
-274
-284
-294
-276
-286
-296
-388
-398
-724
-824
-924
834
-832
-838
-854
-874
-894
-452
-652
-852
-952
657
-651
-653
-656
-658
-567
-667
-677
-687
-697
156
-153
-154
-166
953
-951
-954
-958
-743
-943
-963
-973
-993
454
-451
-458
-444
-464
-544
-564
-494
851
-858
-941
-871
875
-895
-975
-995
-891
-825
925
-922
-928
-275
273
-293
-773
793
-792
-794
-796
-798
-675
377
-374
-376
-387
-397
-681
-587
597
-592
-594
-596
584
-582
-586
566
-562
-563
-666
-384
386
394
-396
-784
-686
-786
776
-774
744
-742
-748
-944
-964
-144
143
-163
164
-543
542
-442
-462
468
-642
-662
-448
-648
-668
663
-643
-438
432
-532
533
-632
-633
638
-492
-942
948
962
-968
-992
-998
974
-971
991
-994
671
-676
-491
495
-691
-685
682
-692
-695
696
441
-445
-641
645
-782
788
892
-898
722
-728
-822
828
285
-288
-295
298
