135
-131
-132
-133
-134
-136
-137
-138
-139
-115
-125
-215
-225
-235
-315
-325
-335
-145
-155
-165
-175
-185
-195
-435
-535
-635
-735
-835
-935
149
-141
-142
-143
-144
-146
-147
-148
-159
-169
-249
-259
-269
-349
-359
-369
-119
-129
-179
-189
-199
-449
-549
-649
-749
-849
-949
163
-161
-162
-164
-166
-167
-168
-153
-243
-253
-263
-343
-353
-363
-113
-123
-173
-183
-193
-463
-563
-663
-763
-863
-963
198
-191
-192
-194
-196
-197
-178
-188
-278
-288
-298
-378
-388
-398
-118
-128
-158
-498
-598
-698
-798
-898
-998
219
-211
-212
-213
-214
-216
-217
-218
-229
-239
-319
-329
-339
-279
-289
-299
-419
-519
-619
-719
-819
-919
318
-311
-312
-313
-314
-316
-317
-228
-238
-328
-338
-348
-358
-368
-418
-518
-618
-718
-818
-918
331
-332
-333
-334
-336
-337
-111
-121
-221
-231
-321
-341
-351
-361
-371
-381
-391
-431
-531
-631
-731
-831
-931
357
-352
-354
-355
-356
-157
-247
-257
-267
-347
-367
-327
-377
-387
-397
-457
-557
-657
-757
-857
-957
396
-392
-393
-394
-395
-399
-176
-186
-276
-286
-296
-376
-386
-326
-346
-366
-496
-596
-696
-796
-896
-996
429
-421
-422
-423
-424
-425
-426
-427
-428
-439
-529
-539
-629
-639
-459
-469
-479
-489
-499
-729
-829
-929
455
-451
-452
-453
-454
-456
-458
-445
-465
-545
-555
-565
-645
-655
-665
-415
-475
-485
-495
-255
-755
-855
-955
464
-461
-462
-466
-467
-468
-444
-544
-554
-564
-644
-654
-664
-414
-434
-474
-484
-494
-264
-364
-764
-864
-964
472
-471
-473
-476
-477
-478
-482
-492
-572
-582
-592
-672
-682
-692
-412
-432
-442
-172
-272
-372
-772
-872
-972
546
-541
-542
-543
-547
-548
-446
-556
-566
-646
-656
-666
-516
-526
-536
-576
-586
-246
-746
-846
-946
567
-561
-562
-568
-569
-447
-647
-667
-517
-527
-537
-577
-587
-597
-767
-867
-967
637
-632
-633
-634
-636
-638
-417
-437
-617
-627
-677
-687
-697
-237
-737
-837
-937
642
-641
-643
-648
-552
-652
-662
-612
-622
-242
-342
-742
-842
-942
659
-651
-653
-658
-559
-669
-679
-689
-699
-759
-859
-959
686
-681
-683
-684
-685
-688
-486
-676
-616
-626
-786
-886
-986
717
-711
-712
-713
-714
-715
-716
-727
-817
-827
-917
-927
-747
-777
-787
-797
-117
753
-751
-752
-754
-756
-758
-743
-843
-853
-943
-953
-723
-733
-773
-783
-793
443
-441
-448
-553
-413
-433
-483
-493
776
-771
-774
-775
-778
-779
-876
-976
-726
-736
-766
791
-792
-794
-795
-799
-781
-871
-881
-891
-971
-981
-991
-721
-741
-761
-291
-491
497
-487
-591
-691
-297
-897
-997
894
-892
-893
-895
-899
-784
-874
-884
-974
-984
-994
-814
-824
-834
-844
-854
-294
-594
-694
914
-911
-912
-913
-915
-916
-724
-734
-924
-934
744
-745
-748
-944
-954
-114
-514
-614
-244
-344
345
-245
-265
-365
362
-152
-252
-262
-322
-382
-375
-385
-845
-945
-762
-862
-962
948
-941
-947
847
-841
-848
-768
-858
-868
-958
-968
-877
-887
-928
-938
-978
-988
241
-248
-151
-251
-261
-271
-281
969
-961
-965
-966
-769
765
-865
-869
-725
-785
-939
-979
-989
-999
599
-593
-595
-579
-589
973
-975
-977
-873
-883
-983
-993
987
-982
-985
-923
-933
-273
-373
-573
-673
-187
-287
112
-116
-122
-222
-232
-182
-512
-812
-124
126
-127
-226
-236
227
-223
-224
-156
154
-254
-174
-184
181
-171
177
-277
-826
-926
-481
488
-578
-588
-678
411
-416
-511
-521
-611
-621
436
-438
-811
816
-813
-815
-836
-936
932
-722
728
-732
-822
-832
-922
-738
739
-828
-838
-839
833
-823
782
-788
-789
-882
-992
995
-875
-885
852
-851
-856
-952
825
-821
921
-925
861
-866
-951
956
522
-523
-524
-525
-528
-532
-625
-628
538
-533
-534
624
-623
-558
551
-661
668
-571
-581
671
-674
-675
323
-324
-233
234
-274
275
-285
-295
-284
-383
-256
258
266
-268
-575
574
-584
-374
379
384
-389
878
-879
-888
889
-282
283
292
-293
-583
585
693
-695
513
-515
-613
615
