132
-131
-133
-134
-135
-136
-137
-138
-139
-112
-122
-212
-222
-232
-312
-322
-332
-142
-152
-162
-172
-182
-192
-432
-532
-632
-732
-832
-932
151
-153
-154
-155
-156
-157
-158
-159
-141
-161
-241
-251
-261
-341
-351
-361
-111
-121
-171
-181
-191
-451
-551
-651
-751
-851
-951
165
-163
-164
-166
-167
-168
-169
-145
-245
-255
-265
-345
-355
-365
-115
-125
-175
-185
-195
-465
-565
-665
-765
-865
-965
177
-173
-174
-176
-178
-179
-187
-197
-277
-287
-297
-377
-387
-397
-117
-127
-147
-477
-577
-677
-777
-877
-977
194
-193
-196
-198
-199
-184
-274
-284
-294
-374
-384
-394
-114
-124
-144
-494
-594
-694
-794
-894
-994
285
-281
-282
-283
-286
-288
-289
-275
-295
-375
-385
-395
-215
-225
-235
-485
-585
-685
-785
-885
-985
316
-311
-313
-314
-315
-317
-318
-319
-116
-126
-216
-226
-236
-326
-336
-346
-356
-366
-376
-386
-396
-416
-516
-616
-716
-816
-916
342
-343
-344
-347
-348
-349
-242
-252
-262
-352
-362
-372
-382
-392
-442
-542
-642
-742
-842
-942
391
-393
-398
-399
-271
-291
-371
-381
-321
-331
-491
-591
-691
-791
-891
-991
431
-433
-434
-435
-436
-437
-438
-439
-411
-421
-511
-521
-531
-611
-621
-631
-441
-461
-471
-481
-231
-731
-831
-931
469
-462
-463
-464
-466
-467
-468
-449
-459
-549
-559
-569
-649
-659
-669
-419
-429
-479
-489
-499
-269
-369
-769
-869
-969
528
-522
-523
-524
-525
-526
-527
-529
-418
-428
-518
-538
-618
-628
-638
-548
-558
-568
-578
-588
-598
-128
-228
-328
-728
-828
-928
545
-541
-543
-544
-546
-547
-445
-455
-555
-645
-655
-515
-535
-575
-595
-745
-845
-945
557
-552
-553
-554
-556
-447
-457
-567
-647
-657
-667
-517
-537
-587
-597
-257
-357
-757
-857
-957
566
-561
-562
-563
-564
-446
-456
-646
-656
-666
-536
-576
-586
-596
-266
-766
-866
-966
584
-581
-582
-583
-589
-474
-484
-574
-674
-684
571
-572
-573
-579
-671
-681
-514
-534
-771
-871
-971
-784
-884
-984
641
-643
-644
-648
-661
-741
-841
-941
675
-672
-673
-676
-678
-679
-475
-495
-695
-615
-625
-635
-775
-875
-975
711
-712
-713
-714
-715
-717
-718
-719
-721
-811
-821
-911
-921
-761
-781
-211
221
-223
-224
-227
-229
764
-762
-763
-767
-768
-744
-754
-844
-854
-864
-944
-954
-964
-724
-734
-774
-264
-364
-664
798
-792
-793
-795
-796
-797
-799
-778
-788
-878
-888
-898
-978
-988
-998
-738
-748
-758
-298
-498
-698
825
-822
-823
-824
-826
-827
-829
-725
-735
-815
-835
-915
-925
-935
755
-752
-753
-756
-759
-855
-955
-895
995
-992
-993
-996
-997
-999
415
-412
-413
-414
-417
-425
-325
335
-333
-334
-337
-338
-339
918
-912
-913
-914
-917
-919
-818
-838
-938
-948
-958
-968
-118
-218
238
-233
-234
-237
-239
-248
-258
-268
-278
939
-933
-934
-936
-937
-729
-739
-819
-839
-929
-949
-959
-979
-989
-539
533
-423
-513
-613
-623
-633
-593
-733
-833
-639
943
-946
-947
-743
-843
-853
-863
-953
-963
-923
-973
-983
-143
-243
-443
956
-952
-746
-846
-856
-926
-976
-986
-256
972
-974
-772
-782
-872
-882
-892
-982
874
-873
-876
-879
722
-723
-726
-727
-812
-922
813
-814
-817
-883
-893
-834
924
-927
-962
-113
119
-129
123
-213
-323
-219
-329
-183
-149
-189
-519
512
-422
-612
-622
-592
599
-689
-699
-619
629
-624
-626
-627
-324
327
214
-217
-244
-254
354
-353
-358
-359
-367
-614
617
-427
-637
-687
-697
-424
426
634
-636
-476
-486
-496
-654
444
-448
-454
-272
292
-293
-296
-299
-472
-492
-692
-899
146
-148
-246
368
-363
-186
188
276
-273
-279
-378
-388
848
-847
-849
-858
-868
-668
-776
478
-473
-488
-688
-458
658
-652
-653
247
-249
-267
263
-253
259
-747
749
-859
852
-862
-779
773
-783
-789
889
-881
-886
-887
981
-987
861
-867
-961
967
-452
453
662
-663
482
-483
-487
-682
497
-493
-373
379
383
-389
-683
686
693
-696
-786
787
896
-897
736
-737
-836
837
