144
-141
-142
-143
-145
-146
-147
-148
-149
-154
-164
-244
-254
-264
-344
-354
-364
-114
-124
-134
-174
-184
-194
-444
-544
-644
-744
-844
-944
153
-151
-152
-155
-156
-157
-158
-159
-163
-243
-253
-263
-343
-353
-363
-113
-123
-133
-173
-183
-193
-453
-553
-653
-753
-853
-953
186
-181
-182
-185
-187
-188
-189
-176
-196
-276
-286
-296
-376
-386
-396
-116
-126
-136
-166
-486
-586
-686
-786
-886
-986
227
-221
-222
-223
-224
-225
-226
-228
-229
-117
-127
-137
-217
-237
-317
-327
-337
-247
-257
-267
-277
-287
-297
-427
-527
-627
-727
-827
-927
271
-272
-273
-274
-275
-278
-279
-171
-191
-281
-291
-371
-381
-391
-211
-231
-241
-251
-261
-471
-571
-671
-771
-871
-971
311
-312
-313
-314
-315
-316
-318
-319
-111
-121
-131
-321
-331
161
-162
-165
-167
-168
-169
-341
-351
-361
-411
-511
-611
-711
-811
-911
-461
-561
-661
-761
-861
-961
342
-345
-346
-347
-348
-349
-242
-252
-262
-352
-362
-322
-332
-372
-382
-392
-442
-542
-642
-742
-842
-942
355
-356
-357
-358
-359
-245
-255
-265
-365
367
-366
-368
-369
-325
-335
-375
-385
-395
-377
-387
-397
-455
-555
-655
-755
-855
-955
-467
-567
-667
-767
-867
-967
393
-394
-398
-399
-283
-293
-373
-383
-323
-333
-493
-593
-693
-793
-893
-993
432
-431
-433
-434
-435
-436
-437
-438
-439
-412
-422
-512
-522
-532
-612
-622
-632
-452
-462
-472
-482
-492
-132
-232
-732
-832
-932
498
-491
-494
-495
-496
-497
-499
-478
-488
-578
-588
-598
-678
-688
-698
-418
-428
-448
-458
-468
-198
-298
-798
-898
-998
521
-523
-524
-525
-526
-528
-529
-421
-531
-621
-631
-541
-551
-581
-591
-721
-821
-921
536
-533
-534
-535
-537
-538
-539
-416
-426
-516
-616
-626
-636
-546
-556
-566
-576
-596
-236
-336
326
-324
-328
-329
-216
-726
-826
-926
-736
-836
-936
558
-552
-554
-557
-559
-548
-568
-648
-658
-668
-518
-258
-758
-858
-958
575
-572
-573
-574
-577
-579
-475
-485
-585
-595
-675
-685
-695
-515
-545
-565
-175
-775
-875
-975
587
-582
-583
-584
-589
-477
-487
-597
-677
-687
-697
-517
-547
-787
-887
-987
615
-613
-614
-617
-618
-619
-415
-425
-625
-635
-645
-665
-115
-215
-715
-815
-915
673
-672
-674
-676
-679
-473
-483
-683
-623
-633
-643
-663
-773
-873
-973
712
-713
-714
-716
-717
-718
-719
-722
-812
-822
-912
-922
-752
-762
-772
-782
-792
-112
-212
122
-125
-128
-129
-172
-192
754
-751
-756
-757
-759
-764
-854
-864
-954
-964
-724
-734
-774
-784
-794
-454
-654
769
-763
-765
-766
-768
-749
-849
-859
-869
-949
-959
-969
-729
-739
-779
-789
-799
-269
-469
-569
-669
797
-791
-795
-796
-777
-877
-897
-977
-997
-737
-747
177
-178
-179
-197
834
-831
-833
-835
-837
-838
-839
-814
-824
-914
-924
-934
-874
-884
-894
-234
-334
214
-213
-218
-219
233
-235
-238
-239
135
-138
-139
-195
199
-289
-299
-379
-389
118
-119
-338
339
-284
-294
-414
-514
-818
-918
-733
-933
-634
-735
-935
-639
-939
-599
-699
-899
-999
885
-881
-882
-883
-888
-889
-785
-895
-985
-995
-825
-845
-865
-285
295
-292
282
-288
-682
-982
925
-923
-928
-929
-725
745
-741
-743
-746
-748
-945
-965
776
-778
-876
-896
-976
-996
-445
465
-463
-464
-466
-476
696
-691
-692
-694
592
-594
-562
564
-563
-664
-646
-656
-666
662
-652
-862
-962
-892
891
-781
-981
-991
731
-738
-931
-841
-851
-992
994
-974
-984
952
-951
-956
-957
941
-943
-946
-947
-948
-852
872
-878
-879
-972
-441
-641
968
-963
-966
-848
-868
828
-823
-829
-728
723
-813
-913
-938
937
-817
-917
-783
788
983
-988
-989
-978
979
819
-816
916
-919
417
-413
-419
-637
638
-628
-447
-457
513
-519
-423
443
-446
-449
-543
549
456
-451
-459
651
-657
-659
647
-649
481
-484
-489
-681
-843
863
-866
-847
846
-856
857
-246
248
-249
-268
266
-256
259
378
-374
384
-388
474
-479
-684
689
-424
429
624
-629
