175
-171
-172
-173
-174
-176
-177
-178
-179
-185
-195
-275
-285
-295
-375
-385
-395
-115
-125
-135
-145
-155
-165
-475
-575
-675
-775
-875
-975
184
-181
-182
-183
-186
-187
-188
-189
-194
-274
-284
-294
-374
-384
-394
-114
-124
-134
-144
-154
-164
-484
-584
-684
-784
-884
-984
215
-211
-212
-213
-214
-216
-217
-218
-219
-225
-235
-315
-325
-335
-245
-255
-265
-415
-515
-615
-715
-815
-915
234
-231
-232
-233
-236
-237
-238
-239
-224
-314
-324
-334
-244
-254
-264
-434
-534
-634
-734
-834
-934
256
-251
-252
-253
-257
-258
-259
-146
-156
-166
-246
-266
-346
-356
-366
-226
-276
-286
-296
-456
-556
-656
-756
-856
-956
261
-262
-263
-267
-268
-269
-141
-151
-161
-241
-341
-351
-361
-221
-271
-281
-291
-461
-561
-661
-761
-861
-961
393
-391
-392
-396
-397
-398
-399
-193
-273
-283
-293
-373
-383
-313
-323
-333
-343
-353
-363
-493
-593
-693
-793
-893
-993
414
-411
-412
-413
-416
-417
-418
-419
-424
-514
-524
-614
-624
-444
-454
-464
-474
-494
-714
-814
-914
428
-421
-422
-423
-425
-426
-427
-429
-438
-518
-528
-538
-618
-628
-638
-448
-458
-468
-478
-488
-498
-128
-228
-328
-728
-828
-928
449
-441
-442
-443
-445
-446
-447
-459
-469
-549
-559
-569
-649
-659
-669
-439
-479
-489
-499
-149
-249
-349
-749
-849
-949
482
-481
-483
-485
-486
-487
-472
-492
-572
-582
-592
-672
-682
-692
-432
-452
-462
-282
-382
-782
-882
-982
496
-491
-495
-497
-476
-576
-586
-596
-676
-686
-696
-436
-466
-196
-796
-896
-996
512
-511
-513
-516
-517
-519
-522
-532
-612
-622
-632
-542
-552
-562
-112
-312
-712
-812
-912
531
-533
-535
-536
-537
-539
-431
-521
-611
-621
-631
-541
-551
-571
-581
-591
-131
-331
-731
-831
-931
568
-563
-564
-565
-566
-567
-548
-558
-648
-658
-668
-578
-588
-598
-168
-368
-768
-868
-968
577
-573
-574
-579
-477
-587
-597
-677
-687
-697
-527
-547
-557
-277
-377
-777
-877
-977
711
-713
-716
-717
-718
-719
-721
-811
-821
-911
-921
-741
-751
-771
-781
-791
-111
-311
748
-742
-743
-744
-745
-746
-747
-758
-848
-858
-948
-958
-738
-778
-788
-798
-148
-248
-348
755
-752
-753
-754
-757
-759
-765
-845
-855
-865
-945
-955
-965
-725
-735
-785
-795
-355
-455
-555
-655
762
-763
-764
-766
-767
-769
-842
-852
-862
-942
-952
-962
-722
-732
-772
-792
-162
-362
-662
787
-783
-786
-789
-797
-887
-897
-987
-997
-727
-737
-287
-387
794
-799
-774
-874
-894
-974
-994
-724
674
-671
-673
-678
-679
-594
-694
-644
-654
-664
818
-813
-816
-817
-819
-838
-918
-938
-878
-888
-898
-118
-318
822
-823
-824
-825
-826
-827
-829
-832
-922
-932
924
-923
-925
-926
-927
-929
-872
-892
-944
-954
-964
-122
-222
-322
847
-841
-843
-844
-846
-857
-867
-947
-957
-967
-837
-147
-247
-347
-647
886
-881
-883
-885
-889
-776
-876
-976
-986
-836
-866
376
-371
-372
-378
-379
-386
-316
-326
-336
-113
116
-117
-119
-126
-136
-616
-916
121
-123
-127
-129
-321
-191
381
-388
-389
-681
-981
-132
332
-337
-338
-339
138
-133
-137
-139
223
-227
-229
-158
358
-352
-354
-357
-359
-198
-243
242
-142
143
-152
-342
-153
-163
192
-197
-199
-272
-292
297
-298
-299
-523
-623
-723
-642
652
-651
-653
-657
-543
-643
-943
972
-971
-973
-978
-979
-992
278
-279
-288
289
-589
-689
-989
-157
159
-169
167
-367
-369
457
-451
-453
641
-645
-646
-467
-667
471
-473
-691
-437
-941
946
-966
-936
-546
666
-663
-665
526
-525
-529
-626
-636
599
-595
-699
625
-627
-629
-435
433
-613
-633
-635
-463
465
553
-554
544
-545
-583
585
683
-685
-688
-695
698
913
-917
-919
-733
-833
-933
937
-935
-939
835
-839
773
-779
-873
-983
-895
-953
-963
969
-859
-869
-959
951
-851
-991
-999
-726
729
736
-739
327
-329
-317
319
617
-619
-637
639
-344
345
364
-365
-853
854
863
-864
-871
879
891
-899
-985
988
995
-998
