148
-141
-142
-143
-144
-145
-146
-147
-149
-158
-168
-248
-258
-268
-348
-358
-368
-118
-128
-138
-178
-188
-198
-448
-548
-648
-748
-848
-948
164
-161
-162
-163
-165
-166
-167
-169
-154
-244
-254
-264
-344
-354
-364
-114
-124
-134
-174
-184
-194
-464
-564
-664
-764
-864
-964
231
-232
-233
-234
-235
-236
-237
-238
-239
-111
-121
-131
-211
-221
-311
-321
-331
-241
-251
-261
-271
-281
-291
-431
-531
-631
-731
-831
-931
276
-272
-273
-274
-275
-277
-278
-279
-176
-186
-196
-286
-296
-376
-386
-396
-216
-226
-246
-256
-266
-476
-576
-676
-776
-876
-976
375
-371
-372
-373
-374
-377
-378
-379
-175
-185
-195
-285
-295
-385
-395
-315
-325
-335
-345
-355
-365
-475
-575
-675
-775
-875
-975
453
-451
-452
-454
-455
-456
-457
-458
-459
-443
-463
-543
-553
-563
-643
-653
-663
-413
-423
-433
-473
-483
-493
-153
-253
-353
-753
-853
-953
461
-462
-465
-466
-467
-468
-469
-441
-541
-551
-561
-641
-651
-661
-411
-421
-471
-481
-491
-361
-761
-861
-961
487
-482
-484
-485
-486
-488
-489
-477
-497
-577
-587
-597
-677
-687
-697
-417
-427
-437
-447
-187
-287
-387
-787
-887
-987
512
-511
-513
-514
-515
-516
-517
-518
-519
-412
-422
-432
-522
-532
-612
-622
-632
-542
-552
-562
-572
-582
-592
-112
-212
-312
-712
-812
-912
684
-681
-682
-683
-685
-686
-688
-689
-474
-494
-574
-584
-594
-674
-694
-614
-624
-634
-644
-654
-284
-384
-784
-884
-984
756
-751
-752
-754
-755
-757
-758
-759
-746
-766
-846
-856
-866
-946
-956
-966
-716
-726
-736
-786
-796
-156
-356
-556
-656
771
-772
-773
-774
-777
-778
-779
-781
-791
-871
-881
-891
-971
-981
-991
-711
-721
-741
-171
-571
-671
795
-792
-793
-794
-797
-798
-799
-785
-885
-895
-985
-995
-715
-725
-735
-745
-765
585
-581
-583
-586
-588
-589
-495
-595
-695
-525
-535
-545
-555
-565
814
-811
-813
-815
-816
-817
-818
-819
-714
-724
-734
-824
-834
-914
-924
-934
744
-742
-743
-747
-749
-844
-854
-944
-954
-874
-894
-214
-314
-414
-444
-544
554
-557
-558
-559
-524
-534
974
-972
-973
-977
-978
-979
-994
827
-821
-822
-823
-825
-826
-828
-829
-717
-727
-737
-837
-917
-927
-937
767
-762
-763
-768
-769
-847
-857
-867
-947
-957
-967
-877
-897
997
-992
-993
-996
-998
-999
-127
-227
-327
-527
-627
-267
-367
-567
-667
177
-172
-173
-179
-197
-297
-397
-117
-137
-157
842
-841
-843
-845
-849
-852
-862
-942
-952
-962
851
-855
-858
-859
-941
-951
-832
-872
-882
-892
341
-342
-343
-346
-347
-349
-151
-351
366
-362
-363
-369
-381
-391
-316
-326
-336
-242
-442
-642
-566
-666
181
-182
-183
-189
-191
928
-921
-922
-923
-925
-926
-929
911
-913
-915
-916
-918
-919
-718
-728
-738
-838
-938
788
-782
-783
-789
982
-983
-986
-988
-989
-878
-888
-898
868
-863
-865
-869
-958
-968
835
-833
-836
-839
-935
936
-932
-933
-939
-611
-228
-328
-428
-528
-628
-135
-435
-635
-136
-436
-536
-636
658
-652
-655
-657
-659
662
-665
-668
-669
-568
569
-449
-549
-649
-529
-539
-579
-599
-672
-692
-618
-638
-678
-698
-262
-269
-969
472
-478
-479
-492
578
-573
-498
-598
-538
-282
-382
886
-883
-889
-896
-288
-388
-113
-115
116
-119
-126
-416
-616
-122
-123
125
-129
-215
-225
-155
-425
-625
-132
133
-139
-213
-223
-313
-323
-333
-193
-533
537
-617
-637
-547
546
-446
445
-645
-646
647
-415
615
-613
-619
-526
-596
713
-719
-723
-733
-633
639
-419
418
-438
-429
-439
434
-424
426
-626
-629
-496
499
696
-691
-693
-699
591
-593
673
-679
-521
523
621
-623
-218
298
-292
-293
-294
-299
394
-392
-393
-398
-399
192
-199
-152
159
-249
-259
-359
224
-222
-229
-324
-334
252
-255
-257
-352
357
-247
217
-219
-317
-337
289
-283
383
-389
-318
319
338
-332
-339
322
-329
-722
729
732
-739
-245
243
-263
265
-943
963
-965
-945
949
955
-959
-873
879
893
-899
