137
-131
-132
-133
-134
-135
-136
-138
-139
-117
-127
-217
-227
-237
-317
-327
-337
-147
-157
-167
-177
-187
-197
-437
-537
-637
-737
-837
-937
153
-151
-152
-154
-155
-156
-158
-159
-143
-163
-243
-253
-263
-343
-353
-363
-113
-123
-173
-183
-193
-453
-553
-653
-753
-853
-953
172
-171
-174
-175
-176
-178
-179
-182
-192
-272
-282
-292
-372
-382
-392
-112
-122
-142
-162
-472
-572
-672
-772
-872
-972
225
-221
-222
-223
-224
-226
-228
-229
-115
-125
-215
-235
-315
-325
-335
-245
-255
-265
-275
-285
-295
-425
-525
-625
-725
-825
-925
231
-232
-233
-234
-236
-238
-239
-111
-121
-211
-311
-321
-331
-241
-251
-261
-271
-281
-291
-431
-531
-631
-731
-831
-931
326
-322
-323
-324
-328
-329
-116
-126
-216
-316
-336
-346
-356
-366
-376
-386
-396
-426
-526
-626
-726
-826
-926
374
-371
-373
-375
-377
-378
-379
-184
-194
-274
-284
-294
-384
-394
-314
-334
-344
-354
-364
-474
-574
-674
-774
-874
-974
441
-442
-443
-444
-445
-446
-447
-448
-449
-451
-461
-541
-551
-561
-641
-651
-661
-411
-421
-471
-481
-491
-141
-341
-741
-841
-941
487
-482
-483
-484
-485
-486
-488
-489
-477
-497
-577
-587
-597
-677
-687
-697
-417
-427
-457
-467
-287
-387
-787
-887
-987
495
-492
-493
-494
-496
-498
-499
-475
-575
-585
-595
-675
-685
-695
-415
-435
-455
-465
-195
-395
-795
-895
-995
518
-511
-512
-513
-514
-515
-516
-517
-519
-418
-428
-438
-528
-538
-618
-628
-638
-548
-558
-568
-578
-588
-598
-118
-218
-318
-718
-818
-918
554
-552
-555
-556
-557
-559
-454
-464
-544
-564
-644
-654
-664
-524
-534
-584
-594
-254
-754
-854
-954
714
-711
-712
-713
-715
-716
-717
-719
-724
-734
-814
-824
-834
-914
-924
-934
-744
-764
-784
-794
-114
119
-129
-219
-319
-339
-149
-169
-189
-199
-214
124
-128
338
-332
-333
-144
-164
-348
-358
-368
-388
-398
-414
-614
-419
-619
-819
-919
-424
434
-432
-433
-436
-439
-624
-634
-738
-838
-938
778
-771
-773
-775
-776
-777
-779
-788
-798
-878
-888
-898
-978
-988
-998
-728
-748
-758
-768
-278
-478
-678
783
-781
-782
-785
-786
-789
-793
-873
-883
-893
-973
-983
-993
-723
-733
-743
-763
-283
-383
-583
-683
846
-842
-843
-844
-845
-847
-848
-849
-746
-756
-766
-856
-866
-946
-956
-966
-816
-836
-876
-886
-896
-146
-246
-546
-646
945
-942
-943
-944
-947
-948
-949
-745
-755
-765
-855
-865
-955
-965
735
-732
-736
-739
-815
-835
-915
-935
796
-791
-792
-797
-799
-976
-986
-996
-975
-985
615
-611
-612
-613
-616
-617
-535
-635
-645
-655
-665
244
-242
-247
-248
-249
-264
-145
148
-168
-258
-268
-188
-198
-345
-545
565
-562
-563
-566
-567
-569
-648
355
-351
-352
-357
-359
-165
-365
185
-181
-186
-385
875
-871
-877
-879
-885
-196
191
-381
389
-391
-279
-289
-299
-399
-161
166
361
-362
-367
-369
-256
-266
-349
-761
-861
-961
-466
-666
-589
-689
-889
-989
-591
-691
-891
-991
-296
-596
-696
212
-213
-312
313
-252
-262
342
-347
-393
397
-277
-297
-412
-812
-912
-413
416
-536
-636
-456
656
-652
-657
-658
-659
-476
-676
-686
-813
-913
-916
936
-932
-933
-939
-542
-642
-742
977
-971
-979
-897
-997
-917
911
-721
-811
817
-821
-921
-727
-827
-927
751
-752
-757
-759
-851
-951
881
-882
-884
-981
-857
-867
-957
-967
257
-259
-267
269
-469
-669
-769
-869
-969
-581
-681
-273
276
293
-298
-286
288
-576
586
-582
-688
698
-692
-693
-694
-699
684
-682
592
-593
-599
-522
-532
-668
982
-984
-892
-992
-922
-952
-962
-422
423
-429
-523
-533
539
-623
-633
-529
-629
-639
632
-622
-463
-473
479
-579
-679
-459
-549
649
-643
-647
-662
-823
-923
833
-832
-839
-863
963
-964
-968
864
-862
-868
-894
899
994
-999
-829
-859
543
-547
-663
667
-573
571
-671
673
-521
527
621
-627
747
-749
-767
762
-852
858
-958
959
-722
729
822
-828
928
-929
452
-458
-462
468
