124
-121
-122
-123
-125
-126
-127
-128
-129
-114
-134
-214
-224
-234
-314
-324
-334
-144
-154
-164
-174
-184
-194
-424
-524
-624
-724
-824
-924
178
-171
-172
-173
-175
-176
-177
-179
-188
-198
-278
-288
-298
-378
-388
-398
-118
-138
-148
-158
-168
-478
-578
-678
-778
-878
-978
189
-181
-182
-183
-185
-186
-187
-199
-279
-289
-299
-379
-389
-399
-119
-139
-149
-159
-169
-489
-589
-689
-789
-889
-989
195
-191
-192
-193
-196
-197
-275
-285
-295
-375
-385
-395
-115
-135
-145
-155
-165
-495
-595
-695
-795
-895
-995
245
-241
-242
-243
-244
-246
-247
-248
-249
-255
-265
-345
-355
-365
-215
-225
-235
-445
-545
-645
-745
-845
-945
317
-311
-312
-313
-315
-316
-318
-319
-117
-137
-217
-227
-237
-327
-337
-347
-357
-367
-377
-387
-397
-417
-517
-617
-717
-817
-917
352
-351
-353
-354
-356
-358
-359
-142
-152
-162
-252
-262
-342
-362
-322
-332
-372
-382
-392
-452
-552
-652
-752
-852
-952
384
-381
-383
-386
-274
-284
-294
-374
-394
-344
-364
-484
-584
-684
-784
-884
-984
393
-391
-396
-273
-283
-293
-373
-323
-333
-343
-363
-493
-593
-693
-793
-893
-993
422
-421
-423
-425
-426
-427
-428
-429
-412
-432
-512
-522
-532
-612
-622
-632
-442
-462
-472
-482
-492
-222
-722
-822
-922
467
-461
-463
-464
-465
-466
-468
-469
-447
-457
-547
-557
-567
-647
-657
-667
-437
-477
-487
-497
-167
-267
-767
-867
-967
474
-471
-473
-475
-476
-479
-494
-574
-594
-674
-694
-414
-434
-444
-454
-774
-874
-974
528
-521
-523
-525
-526
-527
-529
-418
-438
-518
-538
-618
-628
-638
-548
-558
-568
-588
-598
-228
-328
-728
-828
-928
539
-531
-533
-534
-535
-536
-537
-419
-439
-519
-619
-629
-639
-549
-559
-569
-579
-599
-239
-339
-739
-839
-939
575
-571
-572
-573
-576
-577
-485
-585
-675
-685
-515
-555
-565
-775
-875
-975
587
-581
-582
-583
-586
-597
-677
-687
-697
-287
-787
-887
-987
631
-633
-634
-635
-636
-637
-411
-431
-511
-611
-621
627
-623
-625
-626
-641
-651
-661
-671
-681
-691
-727
-827
-927
-131
-231
-331
-731
-831
-931
648
-642
-643
-644
-646
-649
-448
-458
-658
-668
-688
-698
-348
-748
-848
-948
682
-683
-686
-592
-672
-692
-662
-282
-782
-882
-982
716
-711
-712
-713
-714
-715
-718
-719
-726
-736
-816
-826
-836
-916
-926
-936
-746
-756
-766
-776
-786
-796
-116
-216
-416
-516
-616
436
-433
-435
-446
-456
-486
-496
-136
-236
-336
729
-721
-723
-725
-819
-829
-919
-929
-749
-759
-769
-779
-799
219
-211
-212
-213
-218
-229
-329
-259
-269
754
-751
-753
-755
-757
-758
-744
-764
-844
-854
-864
-944
-954
-964
-734
-794
544
-541
-542
-543
-546
562
-561
-563
-564
-566
-554
-654
-664
-514
513
-413
415
-613
614
-615
-455
-553
-113
-813
-913
-814
-914
-815
-915
-254
264
-261
-263
-266
-268
-762
-862
-962
798
-791
-792
-797
-788
-888
-898
-988
-998
-738
-768
488
-481
-483
673
-676
-679
-498
-653
-663
-773
-873
-973
863
-861
-865
-866
-868
-869
-743
-763
-843
-853
-943
-953
-963
-823
-833
-883
-163
912
-911
-918
-732
-812
-832
-932
-942
-972
-992
-112
111
-221
-321
-141
-151
-161
166
-146
-156
-256
-346
-366
132
-133
-232
-811
818
-838
-938
-858
-666
-966
925
-921
-923
821
-825
-735
-835
-935
-841
-851
-871
-881
-891
-955
-965
-985
223
-226
-233
238
326
-325
335
-338
-253
-258
368
-361
-369
349
-341
251
-257
-271
-281
286
-276
-296
-376
371
-291
-449
-849
-949
-451
-551
556
441
-443
453
-459
-656
-491
499
591
-596
696
-699
-741
-941
143
-147
-153
157
-951
-856
-956
-857
-957
958
-959
-968
-771
-971
-886
885
-785
765
-761
961
-969
-855
859
781
-783
-981
-991
983
-986
733
-737
-933
-879
-899
655
-659
-665
669
979
-976
-977
-999
876
-872
-877
-896
-996
-846
946
-947
934
-937
-834
837
894
-892
-897
772
-777
-994
997
-742
747
842
-847
-272
277
292
-297
