122
-121
-123
-124
-125
-126
-127
-128
-129
-112
-132
-212
-222
-232
-312
-322
-332
-142
-152
-162
-172
-182
-192
-422
-522
-622
-722
-822
-922
224
-221
-223
-225
-226
-227
-228
-229
-114
-134
-214
-234
-314
-324
-334
-244
-254
-264
-274
-284
-294
-424
-524
-624
-724
-824
-924
231
-233
-235
-236
-237
-238
-239
-111
-131
-211
-311
-321
-331
-241
-251
-261
-271
-281
-291
-431
-531
-631
-731
-831
-931
256
-252
-253
-255
-257
-258
-259
-146
-156
-166
-246
-266
-346
-356
-366
-216
-276
-286
-296
-456
-556
-656
-756
-856
-956
287
-282
-283
-285
-288
-289
-177
-187
-197
-277
-297
-377
-387
-397
-217
-247
-267
-487
-587
-687
-787
-887
-987
317
-313
-315
-316
-318
-319
-117
-137
-327
-337
-347
-357
-367
-417
-517
-617
-717
-817
-917
342
-341
-343
-344
-345
-348
-349
-242
-262
-352
-362
-372
-382
-392
-442
-542
-642
-742
-842
-942
376
-371
-373
-374
-375
-378
-379
-176
-186
-196
-386
-396
-326
-336
-476
-576
-676
-776
-876
-976
383
-381
-384
-385
-388
-389
-173
-183
-193
-273
-293
-393
-323
-333
-353
-363
-483
-583
-683
-783
-883
-983
463
-461
-462
-464
-465
-466
-467
-468
-469
-443
-453
-543
-553
-563
-643
-653
-663
-413
-423
-433
-473
-493
-163
-263
-763
-863
-963
494
-491
-492
-495
-496
-497
-498
-499
-474
-484
-574
-584
-594
-674
-684
-694
-414
-434
-444
-454
-194
-394
-794
-894
-994
532
-533
-534
-535
-536
-537
-538
-539
-412
-432
-512
-612
-632
-552
-562
-572
-582
-592
-732
-832
-932
595
-591
-593
-596
-597
-598
-599
-475
-485
-575
-585
-675
-685
-695
-515
-525
-545
-555
-565
-195
-295
-395
-795
-895
-995
657
-651
-652
-654
-655
-658
-659
-447
-457
-547
-557
-567
-647
-667
-627
-637
-677
-697
-157
-757
-857
-957
686
-681
-682
-688
-689
-486
-586
-696
-616
-626
-636
-646
-666
-786
-886
-986
725
-721
-723
-726
-727
-728
-729
-715
-735
-815
-825
-835
-915
-925
-935
-745
-755
-765
-775
-785
-325
-425
-625
847
-841
-843
-844
-845
-846
-848
-849
-747
-767
-867
-947
-967
-827
-837
-877
-897
-147
167
-161
-164
-165
-168
-169
859
-851
-852
-853
-854
-855
-858
-749
-759
-769
-869
-949
-959
-969
-819
-829
-839
-879
-889
-899
-159
-359
-459
-559
861
-862
-864
-865
-866
-868
-741
-751
-761
-941
-951
-961
-811
-821
-871
-881
-891
-361
-561
-661
938
-933
-934
-936
-937
-939
-718
-738
-818
-828
-838
-918
-928
-948
-958
-968
-978
-988
-998
-138
-338
-438
-638
966
-962
-964
-965
-746
-766
-946
-916
-926
-996
-566
974
-971
-972
-973
-975
-977
-979
-774
-784
-874
-884
-984
-914
-944
-954
-174
184
-181
-185
-188
-189
-144
-154
991
-992
-993
-997
-999
-771
-781
-791
-981
711
-712
-713
-714
-716
-719
-911
-921
927
-923
-929
-737
-411
-511
-611
-427
-527
437
-435
-436
-439
-477
577
-571
-573
-578
-579
-777
797
-792
-793
-796
-798
-799
896
-892
-893
-898
736
-733
-734
-739
-816
-826
823
-813
-833
-913
-836
834
-814
812
-912
919
-872
-882
-873
773
-772
-778
-779
-743
-753
789
-782
-788
982
-985
-989
-952
-119
-219
-419
-519
-619
-523
513
-514
-516
-518
-613
-623
-633
-113
-213
133
-135
-136
-139
116
-115
-118
-143
-153
243
-245
-248
-249
614
-615
-618
-634
-644
-664
-416
-943
945
953
-955
-145
-445
-645
-673
693
-691
-692
-698
-699
-482
885
-888
-875
878
-178
-278
-478
-678
-489
-589
-191
-391
171
-175
-179
275
-272
-279
292
-298
-299
-141
-151
351
-354
-355
-358
364
-365
-368
-369
155
-158
-265
-215
218
335
-339
-328
329
-268
269
148
-149
-198
199
398
-399
415
-418
-635
639
-429
-529
-629
-455
665
-662
-668
-669
452
-451
-458
-472
672
-671
-679
479
-471
-449
-649
-448
-548
-648
641
-441
446
-541
-551
-546
-426
526
-521
-528
581
-588
-481
488
421
-428
-621
628
-748
744
-754
-764
-544
549
-569
-752
758
762
-768
554
-558
-564
568
