122
-121
-123
-124
-125
-126
-127
-128
-129
-112
-132
-212
-222
-232
-312
-322
-332
-142
-152
-162
-172
-182
-192
-422
-522
-622
-722
-822
-922
131
-133
-134
-135
-136
-137
-138
-139
-111
-211
-221
-231
-311
-321
-331
-141
-151
-161
-171
-181
-191
-431
-531
-631
-731
-831
-931
264
-261
-262
-263
-265
-266
-267
-268
-269
-144
-154
-164
-244
-254
-344
-354
-364
-214
-224
-234
-274
-284
-294
-464
-564
-664
-764
-864
-964
283
-281
-282
-285
-286
-287
-288
-289
-173
-183
-193
-273
-293
-373
-383
-393
-213
-223
-233
-243
-253
-483
-583
-683
-783
-883
-983
358
-351
-352
-353
-355
-356
-357
-359
-148
-158
-168
-248
-258
-348
-368
-318
-328
-338
-378
-388
-398
-458
-558
-658
-758
-858
-958
413
-411
-412
-414
-415
-416
-417
-418
-419
-423
-433
-513
-523
-533
-613
-623
-633
-443
-453
-463
-473
-493
-113
-313
-713
-813
-913
427
-421
-424
-425
-426
-428
-429
-437
-517
-527
-537
-617
-627
-637
-447
-457
-467
-477
-487
-497
-227
-327
-727
-827
-927
485
-481
-482
-484
-486
-488
-489
-475
-495
-575
-585
-595
-675
-685
-695
-435
-445
-455
-465
-185
-385
-785
-885
-985
542
-541
-543
-544
-545
-546
-547
-548
-549
-442
-452
-462
-552
-562
-642
-652
-662
-512
-532
-572
-582
-592
-242
-342
-742
-842
-942
551
-553
-554
-555
-556
-557
-559
-441
-451
-461
-561
-641
-651
-661
-511
-521
-571
-581
-591
-251
-751
-851
-951
576
-573
-574
-577
-578
-579
-476
-496
-586
-596
-676
-686
-696
-516
-526
-536
-566
-176
-276
-376
-776
-876
-976
714
-711
-712
-715
-716
-717
-718
-719
-724
-734
-814
-824
-834
-914
-924
-934
-744
-754
-774
-784
-794
-114
-314
-514
-614
746
-741
-743
-745
-747
-748
-749
-756
-766
-846
-856
-866
-946
-956
-966
-726
-736
-786
-796
-146
-246
-346
-446
-646
763
-761
-762
-765
-767
-768
-769
-753
-843
-853
-863
-943
-953
-963
-723
-733
-773
-793
-163
-363
-563
593
-594
-597
-598
-599
-673
-693
-663
-893
-993
847
-841
-844
-845
-848
-849
-757
-857
-867
-947
-957
-967
-817
-837
-877
-887
-897
-147
-247
-347
-647
872
-871
-873
-874
-875
-878
-879
-772
-782
-792
-882
-892
-972
-982
-992
973
-971
-974
-975
-977
-978
-979
-812
-832
-852
-862
-923
-933
-272
-372
-472
-672
915
-911
-912
-916
-917
-918
-919
-725
-735
-815
-825
-835
-925
-935
-945
-955
-965
-995
612
-611
-615
-616
-618
-619
621
-624
-625
-626
-628
-629
-432
-632
492
-491
-494
-498
-499
-682
-692
471
-474
-478
-479
-671
-681
-691
811
-816
-818
-819
-721
-821
-921
-861
-881
-891
-115
-215
-315
-515
-271
-371
-771
382
-381
-384
-386
-387
-389
-292
-392
252
-255
-256
-257
-259
-362
-752
732
-737
-738
-739
-932
937
-936
-938
-939
-987
-997
-237
-337
-952
962
-961
-968
-969
941
-944
-948
-949
868
-865
-869
-828
-838
-888
-898
-981
-991
-241
291
-295
-296
-297
-298
-299
-391
-341
361
-365
-366
-367
-369
-468
-568
-668
781
-787
-788
-789
-791
-116
-117
-118
119
-219
-229
-239
-319
-329
-339
-149
-159
-169
-179
-189
-199
-519
518
-438
-528
-538
-638
448
-444
-449
-648
-588
-218
238
-235
-236
-228
-278
644
-643
-645
-649
653
-654
-655
-656
-657
-659
-454
434
-436
-439
-524
-534
-634
636
-635
-639
584
-587
-589
-674
-684
-694
567
-565
-569
665
-666
-667
-669
324
-323
-325
-326
333
-334
-335
-336
225
-226
-245
249
-349
-275
216
-217
-316
317
277
-279
-177
-187
-197
-377
-397
-343
345
-145
143
-153
-155
-165
-374
-394
-375
379
-399
-395
396
-186
-196
823
-826
-829
-833
-525
529
535
-539
926
-928
-929
-836
839
728
-729
-778
-798
-859
-889
-899
-986
-996
157
-156
166
-167
456
-459
-466
469
174
-175
-178
-184
188
-194
195
-198
775
-777
-779
-795
-895
797
-799
-755
759
855
-854
954
-959
-984
-994
-677
678
-679
-688
-698
-884
886
894
-896
687
-689
-697
699
-988
989
998
-999
