123
-121
-122
-124
-125
-126
-127
-128
-129
-113
-133
-213
-223
-233
-313
-323
-333
-143
-153
-163
-173
-183
-193
-423
-523
-623
-723
-823
-923
164
-161
-162
-165
-166
-167
-168
-169
-144
-154
-244
-254
-264
-344
-354
-364
-114
-134
-174
-184
-194
-464
-564
-664
-764
-864
-964
182
-181
-185
-186
-187
-188
-189
-172
-192
-272
-282
-292
-372
-382
-392
-112
-132
-142
-152
-482
-582
-682
-782
-882
-982
199
-191
-195
-196
-197
-198
-179
-279
-289
-299
-379
-389
-399
-119
-139
-149
-159
-499
-599
-699
-799
-899
-999
212
-211
-214
-215
-216
-217
-218
-219
-222
-232
-312
-322
-332
-242
-252
-262
-412
-512
-612
-712
-812
-912
266
-261
-263
-265
-267
-268
-269
-146
-156
-246
-256
-346
-356
-366
-226
-236
-276
-286
-296
-466
-566
-666
-766
-866
-966
288
-281
-283
-284
-285
-287
-178
-278
-298
-378
-388
-398
-228
-238
-248
-258
-488
-588
-688
-788
-888
-988
343
-341
-342
-345
-347
-348
-349
-243
-253
-353
-363
-373
-383
-393
-443
-543
-643
-743
-843
-943
371
-374
-375
-376
-377
-171
-271
-291
-381
-391
-311
-321
-331
-351
-361
-471
-571
-671
-771
-871
-971
418
-411
-413
-414
-415
-416
-417
-419
-428
-438
-518
-528
-538
-618
-628
-638
-448
-458
-468
-478
-498
-118
-318
-718
-818
-918
472
-473
-474
-475
-476
-477
-479
-492
-572
-592
-672
-692
-422
-432
-442
-452
-462
-772
-872
-972
484
-481
-483
-485
-486
-487
-489
-494
-574
-584
-594
-674
-684
-694
-424
-434
-444
-454
-384
-784
-884
-984
493
-491
-495
-496
-497
-573
-583
-593
-673
-683
-693
-433
-453
-463
-293
273
-274
-275
-277
-773
-873
-973
-793
-893
-993
617
-611
-613
-614
-615
-616
-619
-427
-437
-517
-527
-537
-627
-637
-647
-657
-667
-677
-687
-697
-117
-317
-717
-817
-917
626
-621
-622
-624
-625
-629
-426
-436
-516
-526
-536
-636
-646
-656
-676
-686
-696
-326
-726
-826
-926
639
-631
-632
-633
-634
-635
-429
-439
-519
-529
-539
-649
-659
-669
-679
-689
-239
-339
-739
-839
-939
736
-731
-732
-733
-734
-735
-737
-738
-716
-816
-836
-916
-936
-746
-756
-776
-786
-796
-136
-336
767
-761
-762
-763
-765
-768
-769
-747
-757
-847
-857
-867
-947
-957
-967
-727
-777
-787
-797
-367
-467
-567
825
-821
-822
-824
-827
-828
-829
-715
-725
-815
-835
-915
-925
-935
-845
-855
-865
-875
-885
-895
-225
-325
-425
421
-431
435
-511
-521
-531
-515
-525
-535
-441
-451
-461
-445
-455
-465
469
-449
-459
-549
-559
-569
-221
-721
-921
-135
-235
-335
-369
-869
-969
849
-841
-842
-844
-846
-848
-749
-759
-859
-949
-959
-819
-879
-889
-249
898
-891
-892
-894
-896
-897
-778
-798
-878
-978
-998
-838
-858
-868
-598
-698
914
-911
-913
-919
-714
-724
-814
-834
-924
-934
-944
-954
-974
-994
-314
-514
513
-533
-553
-563
-713
-813
811
-711
719
-831
-931
-729
-929
-779
-789
-851
-861
-881
-111
-319
927
-922
-928
-837
-937
-977
-987
-997
-227
-327
946
-941
-942
-945
-948
-856
-956
-976
-986
-996
-446
447
-457
456
-546
-556
-547
-557
-147
-247
985
-981
-983
-989
-775
774
-794
-874
-785
-795
-975
979
-995
-744
-754
854
-852
-853
-955
-965
-554
-654
644
-641
-642
-645
-648
-544
-579
589
-581
-585
-586
-587
-385
-685
681
-591
-691
695
-575
-595
-675
678
-578
-651
-661
-655
-665
-658
-668
175
-176
-177
-295
-395
-115
116
315
-316
-145
-155
-355
-365
565
-561
-562
-568
-545
-555
961
-962
-963
-968
-741
-751
-951
-991
992
-792
791
-781
783
-883
-753
-932
-952
368
-362
352
-357
-358
-359
-148
141
-151
-241
245
-251
-255
-158
157
-257
259
-131
231
-234
-237
-137
138
337
-334
-338
-328
297
-294
394
-396
-397
386
-387
224
-229
-324
329
-524
522
-532
534
-542
-552
-722
728
832
-833
933
-938
-748
-758
958
-953
863
-862
-541
548
551
-558
742
-745
-752
755
-652
653
662
-663
-886
887
876
-877
-576
577
596
-597
