147
-141
-142
-143
-144
-145
-146
-148
-149
-157
-167
-247
-257
-267
-347
-357
-367
-117
-127
-137
-177
-187
-197
-447
-547
-647
-747
-847
-947
185
-181
-182
-183
-184
-186
-188
-189
-175
-195
-275
-285
-295
-375
-385
-395
-115
-125
-135
-155
-165
-485
-585
-685
-785
-885
-985
198
-191
-192
-193
-194
-196
-199
-178
-278
-288
-298
-378
-388
-398
-118
-128
-138
-158
-168
-498
-598
-698
-798
-898
-998
213
-211
-212
-214
-215
-216
-217
-218
-219
-113
-123
-133
-223
-233
-313
-323
-333
-243
-253
-263
-273
-283
-293
-413
-513
-613
-713
-813
-913
251
-252
-254
-255
-256
-258
-259
-151
-161
-241
-261
-341
-351
-361
-221
-231
-271
-281
-291
-451
-551
-651
-751
-851
-951
425
-421
-422
-423
-424
-426
-427
-428
-429
-415
-435
-515
-525
-535
-615
-625
-635
-445
-455
-465
-475
-495
-225
-325
-725
-825
-925
436
-431
-432
-433
-434
-437
-438
-439
-416
-516
-526
-536
-616
-626
-636
-446
-456
-466
-476
-486
-496
-136
-236
-336
-736
-836
-936
497
-491
-492
-493
-494
-499
-477
-487
-577
-587
-597
-677
-687
-697
-417
-457
-467
-297
-397
-797
-897
-997
554
-552
-553
-555
-556
-557
-558
-559
-444
-454
-464
-544
-564
-644
-654
-664
-514
-524
-534
-574
-584
-594
-154
-354
-754
-854
-954
572
-571
-573
-575
-576
-578
-579
-472
-482
-582
-592
-672
-682
-692
-512
-522
-532
-542
-562
-172
-272
-372
-772
-872
-972
712
-711
-714
-715
-716
-717
-718
-719
-722
-732
-812
-822
-832
-912
-922
-932
-742
-752
-762
-782
-792
-112
-312
-412
-612
771
-773
-774
-775
-776
-777
-778
-779
-781
-791
-871
-881
-891
-971
-981
-991
-721
-731
-741
-761
-171
-371
-471
-671
784
-783
-786
-787
-788
-789
-794
-874
-884
-894
-974
-984
-994
-724
-734
-744
-764
-284
-384
-484
-684
828
-821
-823
-824
-826
-827
-829
-728
-738
-818
-838
-918
-928
-938
-848
-858
-868
-878
-888
-228
-328
-528
-628
845
-841
-842
-843
-844
-846
-849
-745
-755
-765
-855
-865
-945
-955
-965
-815
-835
-875
-895
-245
-345
-545
-645
866
-861
-862
-863
-864
-867
-869
-746
-756
-766
-856
-946
-956
-966
-816
-876
-886
-896
-166
-266
-366
-566
-666
973
-975
-976
-977
-978
-979
-793
-873
-883
-893
-983
-993
988
-982
-986
-987
-989
-923
-933
-943
-953
-963
-948
-958
-968
-173
-373
-473
-673
675
-674
-676
-678
-679
-595
-695
565
-561
-563
-567
-568
-569
-655
-665
355
-352
-353
-356
-358
-359
-265
-365
235
-232
-234
-237
-238
-239
-315
-335
915
-911
-914
-916
-917
-919
-735
-935
795
-796
-799
-995
996
-992
-999
726
-723
-727
-729
-926
-126
-226
-326
478
-474
-479
694
-691
-693
-696
-699
-488
-588
-688
414
-411
-418
-419
-614
-624
-634
-448
-458
-468
-114
-314
-814
834
-831
-833
-837
-839
733
-737
-739
-924
-934
-743
-753
-763
853
-852
-857
-859
811
-817
-819
-921
-931
-111
-311
-511
-611
-533
-633
-134
-334
-153
163
-162
-164
-169
-343
-363
-453
-653
-463
-663
-294
-394
-296
-396
-596
-116
119
316
-317
-318
-319
338
-331
-332
-337
-339
-129
-139
-229
-329
-159
-179
-346
-376
-386
-348
-368
-519
-619
-538
-638
-121
131
-132
-321
-531
-631
632
-637
-639
-622
-642
-652
-662
122
-124
-222
-322
-152
156
-246
174
-176
-274
-374
-656
276
-277
-279
-286
-224
227
324
-327
-287
-344
-364
-527
-627
-927
929
937
-939
-957
-967
-949
-959
952
-942
-962
-969
-529
-629
539
-537
517
-518
-617
618
548
-541
-543
-546
-549
646
-641
-643
-648
-649
443
-441
-442
-449
-658
-668
-483
586
-581
-583
-589
-686
-599
941
-944
-961
964
244
-242
-248
-249
-264
268
-262
-269
342
-349
-362
369
-382
-392
-379
377
-387
-389
-399
-748
749
-759
-769
-452
459
462
-461
-469
661
-667
-669
657
-659
481
-489
-591
593
-681
-683
689
521
-523
-621
623
-757
758
767
-768
-877
879
887
-882
-889
892
-899
-381
383
391
-393
282
-289
-292
299
