123
-121
-122
-124
-125
-126
-127
-128
-129
-113
-133
-213
-223
-233
-313
-323
-333
-143
-153
-163
-173
-183
-193
-423
-523
-623
-723
-823
-923
158
-151
-152
-154
-155
-156
-157
-159
-148
-168
-248
-258
-268
-348
-358
-368
-118
-138
-178
-188
-198
-458
-558
-658
-758
-858
-958
217
-211
-212
-214
-215
-216
-218
-219
-117
-137
-227
-237
-317
-327
-337
-247
-257
-267
-277
-287
-297
-417
-517
-617
-717
-817
-917
274
-271
-272
-273
-275
-276
-278
-279
-174
-184
-194
-284
-294
-374
-384
-394
-224
-234
-244
-254
-264
-474
-574
-674
-774
-874
-974
371
-372
-373
-375
-376
-377
-378
-379
-171
-181
-191
-281
-291
-381
-391
-311
-321
-331
-341
-351
-361
-471
-571
-671
-771
-871
-971
452
-451
-453
-454
-455
-456
-457
-459
-442
-462
-542
-552
-562
-642
-652
-662
-412
-422
-432
-472
-482
-492
-252
-352
-752
-852
-952
488
-481
-483
-484
-485
-486
-487
-489
-478
-498
-578
-588
-598
-678
-688
-698
-418
-428
-438
-448
-468
-288
-388
-788
-888
-988
495
-491
-493
-494
-496
-497
-499
-475
-575
-585
-595
-675
-685
-695
-415
-425
-435
-445
-465
-195
-295
-395
-795
-895
-995
511
-512
-513
-514
-515
-516
-518
-519
-411
-421
-431
-521
-531
-611
-621
-631
-541
-551
-561
-581
-591
-111
-711
-811
-911
546
-543
-544
-545
-547
-548
-549
-446
-466
-556
-566
-646
-656
-666
-526
-536
-576
-586
-596
-146
-246
-346
-746
-846
-946
741
-742
-743
-744
-745
-747
-748
-749
-751
-761
-841
-851
-861
-941
-951
-961
-721
-731
-781
-791
-141
-241
-441
461
-463
-464
-467
-469
-641
-651
-661
251
-253
-255
-256
-259
-161
-261
131
-132
-134
-135
-136
-139
-221
-231
-831
-931
776
-772
-773
-775
-777
-778
-779
-786
-796
-876
-886
-896
-976
-986
-996
-716
-726
-736
-756
-766
-176
-476
-676
797
-792
-793
-794
-798
-799
-787
-877
-887
-897
-977
-987
-997
-727
-737
-757
-767
-197
-397
-597
-697
828
-821
-822
-824
-825
-826
-827
-829
921
-922
-924
-925
-926
-927
-928
-929
-718
-728
-738
-818
-838
-918
-938
768
-762
-763
-764
-765
-769
-848
-868
-948
-968
-878
-898
-981
-991
-228
-328
-528
-628
648
-643
-644
-645
-647
-649
-568
-668
538
-532
-533
-534
-535
-537
-539
-618
-638
318
-312
-314
-315
-316
-319
-238
-338
298
-292
-293
-296
-299
-398
978
-972
-973
-975
-979
-998
835
-832
-833
-834
-836
-837
-839
-715
-725
-735
-815
-915
-935
937
-932
-933
-934
-936
-939
-845
-855
-865
-875
-885
-947
-957
-967
-235
-335
-635
-437
-637
175
-172
-177
-179
-185
-285
-385
-115
-145
-165
615
-612
-613
-614
-616
-619
-525
-625
-655
-665
883
-881
-882
-884
-889
891
-892
-893
-894
-899
-783
-873
-983
-993
-813
-843
-853
-863
681
-682
-683
-684
-686
-687
-689
-691
696
-692
-693
-694
-699
-626
-636
-283
-383
393
-392
-396
-399
-343
-353
-363
-583
-593
-196
944
-942
-943
-945
-949
-754
-844
-854
-864
-954
-964
814
-812
-816
-819
-714
-724
-734
-914
916
-912
-913
-919
784
-782
-785
-789
-984
-994
985
-982
-989
755
-753
-759
-955
-965
-956
-966
-114
-414
-116
-416
-144
164
-162
-166
-167
-169
-344
-354
-364
186
-182
-187
-189
-286
-386
387
-382
-389
147
-142
-149
-347
-357
-367
-444
-447
-847
-355
-555
565
-563
-564
-567
-569
-664
-265
-365
-584
594
-592
-599
-524
-554
654
-653
-657
-659
-624
-634
-587
112
-119
-222
-232
-322
-332
-192
199
282
-289
-242
-262
-712
-582
589
-479
-579
-679
-529
-559
879
-872
992
-999
-849
842
-862
-962
-859
-869
-342
362
-366
-369
225
-226
-229
-325
-245
345
-349
236
-239
-326
-336
-266
356
-359
426
-424
-427
-429
434
-433
-436
-439
477
-473
-577
-677
324
-329
-334
339
-639
-739
-856
857
866
-867
-557
553
-443
449
-663
667
-669
413
-419
-633
632
-522
527
-622
-627
629
572
-573
-672
673
-713
719
733
-732
722
-729
243
-249
-263
269
-953
959
963
-969
