123
-121
-122
-124
-125
-126
-127
-128
-129
-113
-133
-213
-223
-233
-313
-323
-333
-143
-153
-163
-173
-183
-193
-423
-523
-623
-723
-823
-923
154
-151
-152
-155
-156
-157
-158
-159
-144
-164
-244
-254
-264
-344
-354
-364
-114
-134
-174
-184
-194
-454
-554
-654
-754
-854
-954
229
-221
-222
-224
-225
-226
-227
-228
-119
-139
-219
-239
-319
-329
-339
-249
-259
-269
-279
-289
-299
-429
-529
-629
-729
-829
-929
266
-261
-262
-263
-265
-267
-268
-146
-166
-246
-256
-346
-356
-366
-216
-236
-276
-286
-296
-466
-566
-666
-766
-866
-966
277
-271
-272
-273
-274
-275
-278
-177
-187
-197
-287
-297
-377
-387
-397
-217
-237
-247
-257
-477
-577
-677
-777
-877
-977
318
-311
-312
-314
-315
-316
-317
-118
-138
-218
-238
-328
-338
-348
-358
-368
-378
-388
-398
-418
-518
-618
-718
-818
-918
337
-331
-332
-334
-335
-336
-117
-137
-327
-347
-357
-367
-437
-537
-637
-737
-837
-937
353
-351
-352
-355
-359
-243
-253
-343
-363
-373
-383
-393
-453
-553
-653
-753
-853
-953
361
-362
-365
-369
-141
-161
-241
-251
-341
-321
-371
-381
-391
-461
-561
-661
-761
-861
-961
386
-382
-384
-385
-389
-176
-186
-196
-376
-396
-326
-486
-586
-686
-786
-886
-986
394
-392
-395
-399
-284
-294
-374
-324
-494
-594
-694
-794
-894
-994
463
-462
-464
-465
-467
-468
-469
-443
-543
-563
-643
-663
-413
-433
-473
-483
-493
-763
-863
-963
496
-491
-492
-495
-497
-498
-499
-476
-576
-596
-676
-696
-416
-426
-436
-446
-456
-796
-896
-996
548
-541
-542
-544
-545
-546
-547
-549
-448
-458
-558
-568
-648
-658
-668
-528
-538
-578
-588
-598
-148
-248
-748
-848
-948
562
-564
-565
-567
-569
-442
-452
-552
-642
-652
-662
-512
-522
-532
-572
-582
-592
-162
-762
-862
-962
571
-573
-574
-575
-579
-471
-481
-581
-591
-671
-681
-691
-511
-521
-531
-551
-171
-771
-871
-971
616
-611
-612
-613
-614
-615
-617
-619
-516
-526
-536
-626
-636
556
-555
-557
-559
-646
-656
-116
136
-131
-132
-135
-716
-816
-916
-736
-836
-936
-756
-856
-956
641
-644
-645
-647
-649
-441
-451
-651
-621
-631
-741
-841
-941
717
-711
-712
-713
-714
-715
-719
-727
-817
-827
-917
-927
-747
-757
-767
-787
-797
-417
-517
726
-721
-722
-724
-725
-728
-826
-926
-746
-776
744
-742
-743
-745
-749
-764
-844
-864
-944
-964
-734
-774
-784
-444
664
-665
-667
-669
-624
-634
-674
-684
751
-752
-755
-758
-759
-851
-951
-731
-781
-791
775
-772
-773
-778
-779
-785
-795
-875
-885
-895
-975
-985
-995
-735
-765
-175
-375
-475
-675
799
-792
-793
-798
-789
-879
-889
-899
-979
-989
-999
-739
-769
768
-858
-868
-958
-968
-738
-788
258
-252
-255
-168
-288
-298
-199
-599
-699
839
-831
-832
-833
-834
-835
-838
-819
-919
-939
-849
-859
-869
-439
-539
-639
846
-842
-843
-845
-847
943
-942
-945
-946
-947
-949
-876
976
-972
-973
-974
-978
-913
-933
-983
-993
883
-881
-882
-884
-887
-888
-783
782
-872
-892
-982
-992
-873
-893
-732
733
-813
513
-514
-515
-519
-533
-633
419
-411
-412
-414
-415
-449
-459
659
-655
-657
-479
-489
-583
-593
589
-584
-585
-587
-679
-689
-959
969
-965
-967
-169
673
-672
-678
-683
-693
-182
-282
-482
-682
-283
293
-291
-292
-295
-189
955
-952
-957
852
-855
-857
-865
867
-812
-822
-897
-915
-925
-935
-455
457
445
-447
-425
-435
-485
-427
-487
-145
-245
242
-142
-342
-212
-232
-345
349
165
-167
147
-149
-115
-185
-195
285
-281
179
-172
-178
-379
372
-192
112
-111
-322
325
-215
-235
-912
815
-811
-814
-825
-525
-625
-472
692
-695
-697
-698
-622
-632
-685
595
-597
687
-688
-535
534
-424
-434
-524
527
635
-638
-627
628
-428
-438
-828
-928
938
-931
-932
-934
922
-921
-924
-988
-998
-422
421
-431
432
-821
824
911
-914
891
-898
-981
-991
997
-987
984
-874
878
-211
214
231
-234
474
-478
-484
488
181
-188
-191
198
