148
-141
-142
-143
-144
-145
-146
-147
-149
-158
-168
-248
-258
-268
-348
-358
-368
-118
-128
-138
-178
-188
-198
-448
-548
-648
-748
-848
-948
167
-161
-162
-163
-164
-165
-166
-169
-157
-247
-257
-267
-347
-357
-367
-117
-127
-137
-177
-187
-197
-467
-567
-667
-767
-867
-967
186
-181
-182
-183
-184
-185
-189
-176
-196
-276
-286
-296
-376
-386
-396
-116
-126
-136
-156
-486
-586
-686
-786
-886
-986
211
-212
-213
-214
-215
-216
-217
-218
-219
-111
-121
-131
-221
-231
-311
-321
-331
-241
-251
-261
-271
-281
-291
-411
-511
-611
-711
-811
-911
275
-272
-273
-274
-277
-278
-279
-175
-195
-285
-295
-375
-385
-395
-225
-235
-245
-255
-265
-475
-575
-675
-775
-875
-975
344
-341
-342
-343
-345
-346
-349
-154
-244
-254
-264
-354
-364
-314
-324
-334
-374
-384
-394
-444
-544
-644
-744
-844
-944
415
-412
-413
-414
-416
-417
-418
-419
-425
-435
-515
-525
-535
-615
-625
-635
-445
-455
-465
-485
-495
-115
-315
-715
-815
-915
443
-441
-442
-446
-447
-449
-453
-463
-543
-553
-563
-643
-653
-663
-423
-433
-473
-483
-493
-243
-743
-843
-943
451
-452
-454
-456
-457
-458
-459
-461
-541
-551
-561
-641
-651
-661
-421
-431
-471
-481
-491
-151
-351
361
-362
-363
-365
-366
-369
-371
-381
-391
-751
-851
-951
-761
-861
-961
577
-571
-572
-573
-574
-576
-578
-579
-477
-487
-497
-587
-597
-677
-687
-697
-517
-527
-537
-547
-557
-377
-777
-877
-977
588
-581
-582
-583
-584
-585
-589
-478
-488
-498
-598
-678
-688
-698
-518
-528
-538
-558
-568
-288
-388
-788
-888
-988
692
-691
-693
-694
-695
-696
-699
-472
-482
-492
-592
-672
-682
-612
-622
-632
-642
-652
-662
-192
-292
-392
-792
-892
-992
753
-752
-754
-755
-756
-757
-758
-759
-763
-853
-863
-953
-963
-713
-723
-733
-773
-783
-793
-153
-253
-353
263
-262
-266
-269
-223
-233
-283
-293
771
-772
-774
-776
-778
-779
-781
-791
-871
-881
-891
-971
-981
-991
-721
-731
-741
-171
191
-193
-194
-199
-671
681
-683
-684
-685
-689
-591
595
-593
-594
-596
-599
673
-674
-676
-679
-545
-555
-565
-621
-631
-613
-623
-633
-173
-373
-873
-973
-795
-895
-995
799
-794
-796
-797
-798
-789
-879
-889
-899
-979
-989
-999
-719
-729
-739
-749
-769
-299
-399
-499
828
-821
-822
-823
-824
-825
-826
-827
-829
-718
-728
-738
-818
-838
-918
-928
-938
768
-762
-764
-765
-766
-858
-868
-958
-968
-878
-898
-228
-328
-428
-628
658
-654
-655
-656
-657
-659
647
-645
-646
-649
665
-664
-666
-668
-669
-468
438
-432
-434
-436
-437
-439
-618
-638
427
-422
-424
-426
-429
-617
-627
-637
462
-464
-466
-469
-542
-552
-562
318
-312
-313
-316
-317
-319
-238
-338
298
-294
-297
-378
-398
-227
-327
-727
-927
-747
-847
-947
-862
-962
-865
-965
978
-972
-974
-976
-998
834
-831
-832
-833
-835
-836
-837
-839
-714
-724
-734
-814
-914
-924
-934
784
-782
-785
-787
-874
-884
-894
-984
-994
841
-842
-845
-846
-849
-941
-854
-864
-134
-234
-534
-634
-284
174
-172
-179
-114
-124
224
-222
-226
-229
-524
-624
614
-616
-619
-514
-474
-484
489
494
-496
476
-479
-876
872
-882
-982
-812
-852
-372
379
-289
-389
-329
-339
-359
-112
-113
119
-129
-139
-239
-159
-519
-819
-919
-122
123
-125
-133
-323
-333
-523
-923
132
-135
-232
-322
-332
-152
155
-355
-532
-732
-932
-855
885
-883
-887
-985
-955
236
-237
-326
325
-335
-336
337
-246
-256
356
-352
287
-282
382
-383
-387
393
-397
-725
-925
-536
-636
639
-529
-539
-629
626
-516
-526
-726
722
-712
-912
-922
-742
512
-513
-522
521
-531
533
-921
931
-933
-935
-936
-937
-939
735
-736
-737
929
-926
-745
746
945
-942
-946
-949
952
-954
-956
-957
-959
964
-966
-969
-856
-866
869
857
-859
-716
717
-817
-917
-897
242
-249
-252
259
-546
549
-559
-569
554
-556
-564
566
983
-987
-893
896
-993
-996
997
813
-816
-913
916
