135
-131
-132
-133
-134
-136
-137
-138
-139
-115
-125
-215
-225
-235
-315
-325
-335
-145
-155
-165
-175
-185
-195
-435
-535
-635
-735
-835
-935
147
-141
-142
-143
-144
-146
-148
-149
-157
-167
-247
-257
-267
-347
-357
-367
-117
-127
-177
-187
-197
-447
-547
-647
-747
-847
-947
152
-151
-153
-154
-156
-158
-159
-162
-242
-252
-262
-342
-352
-362
-112
-122
-172
-182
-192
-452
-552
-652
-752
-852
-952
181
-183
-184
-186
-188
-189
-171
-191
-271
-281
-291
-371
-381
-391
-111
-121
-161
-481
-581
-681
-781
-881
-981
211
-212
-213
-214
-216
-217
-218
-219
-221
-231
-311
-321
-331
-241
-251
-261
-411
-511
-611
-711
-811
-911
226
-222
-223
-224
-227
-228
-229
-116
-126
-236
-316
-326
-336
-246
-256
-266
-276
-286
-296
-426
-526
-626
-726
-826
-926
265
-263
-264
-268
-269
-245
-255
-345
-355
-365
-275
-285
-295
-465
-565
-665
-765
-865
-965
274
-272
-273
-277
-278
-279
-174
-194
-284
-294
-374
-384
-394
-234
-244
-254
-474
-574
-674
-774
-874
-974
319
-312
-313
-314
-317
-318
-119
-129
-239
-329
-339
-349
-359
-369
-379
-389
-399
-419
-519
-619
-719
-819
-919
382
-383
-385
-386
-387
-388
-282
-292
-372
-392
232
-233
-237
-238
-322
-332
-432
-532
-632
-732
-832
-932
-482
-582
-682
-782
-882
-982
416
-412
-413
-414
-415
-417
-418
-436
-516
-536
-616
-636
-446
-456
-466
-476
-486
-496
-716
-816
-916
421
-422
-423
-424
-425
-427
-428
-429
-431
-521
-531
-621
-631
-441
-451
-461
-471
-491
-721
-821
-921
437
-433
-434
-438
-439
-517
-527
-537
-617
-627
-637
-457
-467
-477
-487
-497
-337
327
-323
-324
-328
-377
-397
-727
-827
-927
-737
-837
-937
475
-472
-473
-478
-479
-485
-495
-575
-585
-595
-675
-685
-695
-445
-455
-375
395
-393
-396
-398
-775
-875
-975
-795
-895
-995
483
-484
-488
-489
-493
-573
-583
-593
-673
-683
-693
-443
-453
-463
-283
-783
-883
-983
539
-533
-534
-538
-529
-629
-639
-549
-559
-569
-579
-589
-599
-739
-839
-939
572
-571
-576
-577
-578
-492
-592
-672
-692
-512
-522
-542
-562
-772
-872
-972
728
-722
-723
-724
-725
-729
-718
-738
-818
-828
-838
-918
-928
-938
-748
-758
-768
-778
-788
-798
-128
-528
-628
733
-731
-734
-736
-713
-813
-823
-833
-913
-923
-933
-743
-753
-763
-773
-793
-333
-633
744
-741
-742
-745
-746
-749
-754
-764
-844
-854
-864
-944
-954
-964
-714
-784
-794
-344
-444
-544
-644
755
-751
-756
-757
-759
-845
-855
-945
-955
-715
-785
-555
-655
767
-761
-762
-766
-769
-857
-867
-957
-967
-717
712
-812
-822
-912
-922
-792
-777
-787
-797
-612
622
-623
-624
-625
-642
-662
-567
-667
815
-814
-817
-825
-915
-925
917
-914
-885
985
-984
-986
-987
-988
-989
-977
-997
-515
-615
525
-523
-524
-545
645
-641
-643
-646
-648
-649
123
-124
-113
-163
-173
-193
841
-842
-843
-846
-848
-849
-851
-861
-941
-951
-961
-831
931
-934
-936
836
-834
-871
-891
-856
-866
-876
-886
-896
-971
-991
-341
-541
873
-877
-878
-879
-893
-973
-993
-853
-863
-373
293
-297
-298
-299
287
-288
-289
-243
-253
677
-671
-676
-678
-679
-587
-597
-687
-697
557
-551
-553
-554
-556
-558
-657
771
-776
-779
-791
-887
897
-892
-894
-898
-899
992
-994
-996
-998
-999
884
-888
-889
978
-976
-979
862
-868
-869
-942
-962
-824
829
924
-929
858
-859
-948
-958
-968
442
-448
-449
-462
-258
259
-169
-249
248
-168
-348
-358
-368
-548
949
-943
-946
-959
-969
-458
-658
-459
454
-464
-564
-654
-664
-494
-354
-659
-178
-378
376
-176
179
-196
198
-199
166
-164
364
-361
-363
-366
351
-353
-356
343
-346
114
-118
-334
338
-514
-614
634
-638
-684
-694
-543
546
-566
-656
-666
-586
-596
-651
653
-563
-663
513
-518
-613
618
-668
-688
-698
-953
956
963
-966
-584
588
594
-591
-598
691
-696
-699
686
-689
-498
499
468
-469
-568
561
-661
669
-786
789
796
-799
