123
-121
-122
-124
-125
-126
-127
-128
-129
-113
-133
-213
-223
-233
-313
-323
-333
-143
-153
-163
-173
-183
-193
-423
-523
-623
-723
-823
-923
144
-141
-142
-145
-146
-147
-148
-149
-154
-164
-244
-254
-264
-344
-354
-364
-114
-134
-174
-184
-194
-444
-544
-644
-744
-844
-944
159
-151
-152
-155
-156
-157
-158
-169
-249
-259
-269
-349
-359
-369
-119
-139
-179
-189
-199
-459
-559
-659
-759
-859
-959
217
-211
-212
-214
-215
-216
-218
-219
-117
-137
-227
-237
-317
-327
-337
-247
-257
-267
-277
-287
-297
-417
-517
-617
-717
-817
-917
285
-281
-282
-283
-284
-286
-288
-289
-175
-185
-195
-275
-295
-375
-385
-395
-225
-235
-245
-255
-265
-485
-585
-685
-785
-885
-985
386
-381
-382
-383
-384
-387
-388
-389
-176
-186
-196
-276
-296
-376
-396
-316
-326
-336
-346
-356
-366
-486
-586
-686
-786
-886
-986
391
-392
-393
-394
-397
-398
-399
-171
-181
-191
-271
-291
-371
-311
-321
-331
-341
-351
-361
-491
-591
-691
-791
-891
-991
415
-411
-412
-413
-414
-416
-418
-419
-425
-435
-515
-525
-535
-615
-625
-635
-445
-455
-465
-475
-495
-115
-315
-715
-815
-915
433
-431
-432
-434
-436
-437
-438
-439
-513
-533
-613
-633
-443
-453
-463
-473
-483
-493
-733
-833
-933
442
-441
-446
-447
-448
-449
-452
-462
-542
-552
-562
-642
-652
-662
-422
-472
-482
-492
-242
-342
-742
-842
-942
548
-541
-543
-545
-546
-547
-549
-458
-468
-558
-568
-648
-658
-668
-518
-528
-538
-578
-588
-598
-248
-348
-748
-848
-948
572
-571
-573
-574
-575
-576
-577
-579
-582
-592
-672
-682
-692
-512
-522
-532
-172
-272
-372
-772
-872
-972
611
-612
-614
-616
-618
-619
-421
-511
-521
-531
-621
-631
-641
-651
-661
-671
-681
-111
-711
-811
-911
756
-751
-752
-753
-754
-755
-757
-758
-746
-766
-846
-856
-866
-946
-956
-966
-716
-726
-736
-776
-796
-256
-456
-556
-656
761
-762
-763
-764
-765
-767
-768
-769
-741
-841
-851
-861
-941
-951
-961
-721
-731
-771
-781
241
-243
-246
-161
-251
-261
131
-132
-135
-136
-138
-221
-231
165
-162
-166
-167
-168
-345
-355
-365
266
-262
-263
-268
116
-112
-118
-226
-236
-516
-816
-916
-831
-931
646
-643
-645
-647
-649
-466
-566
-666
-626
-636
-676
-696
-461
-561
-565
-665
-865
-965
828
-821
-822
-824
-825
-826
-827
-829
921
-922
-924
-925
-926
-927
-928
-929
-718
-728
-738
-818
-838
-918
-938
-858
-868
-878
-888
-898
-971
-981
318
-312
-314
-319
-228
-238
-328
-338
-358
-368
258
-252
-253
-278
-298
-378
-428
-628
638
-632
-634
-637
-639
622
-624
-627
-629
-678
-688
-698
-222
-322
-722
-958
968
-962
-963
-964
-967
-969
-978
-988
-998
874
-871
-873
-875
-876
-877
-879
881
-882
-883
-884
-887
-889
-774
-784
-794
-894
-974
-984
-994
-814
-834
-854
-864
954
-952
-953
-955
-957
-914
-934
-454
-554
-654
471
-474
-476
-477
-478
-479
-481
-581
-451
457
551
-553
-555
-557
655
-653
-657
-467
-567
-667
-427
-487
-497
595
-593
-594
-596
-597
-599
-675
-695
496
-494
-498
-499
488
-484
-489
-426
526
-524
-527
-529
-536
537
-534
-539
-587
727
-724
-725
-729
-737
-837
-937
-747
-777
-787
-797
325
-324
-329
-335
-855
-357
-857
-274
-374
294
-292
-293
-299
232
-234
-239
-332
273
-279
-373
379
-377
-224
229
334
-339
424
-429
-514
519
-464
469
-569
-669
-589
714
-712
-713
-719
-734
-819
-919
-732
-832
-932
-869
-673
-773
-973
-674
976
-975
-977
-979
-896
-996
836
-835
-839
-936
775
-778
-779
-795
-895
-995
-735
739
935
-939
-745
-749
743
-843
-853
852
-862
-863
867
-943
-847
-947
-783
-793
-789
-799
-812
813
912
-913
-892
-893
845
-849
-945
949
-897
899
-989
-999
-982
-992
-343
347
-367
-352
353
362
-363
178
-177
-188
-198
677
-679
-687
-697
-788
782
-792
798
-182
187
192
-197
-987
983
-993
997
-583
584
-684
-694
563
-564
-663
664
-683
689
693
-699
