132
-131
-133
-134
-135
-136
-137
-138
-139
-112
-122
-212
-222
-232
-312
-322
-332
-142
-152
-162
-172
-182
-192
-432
-532
-632
-732
-832
-932
141
-143
-144
-145
-146
-147
-148
-149
-151
-161
-241
-251
-261
-341
-351
-361
-111
-121
-171
-181
-191
-441
-541
-641
-741
-841
-941
197
-193
-194
-195
-196
-198
-199
-177
-187
-277
-287
-297
-377
-387
-397
-117
-127
-157
-167
-497
-597
-697
-797
-897
-997
228
-221
-223
-224
-225
-226
-227
-229
-118
-128
-218
-238
-318
-328
-338
-248
-258
-268
-278
-288
-298
-428
-528
-628
-728
-828
-928
269
-262
-263
-264
-265
-266
-267
-159
-169
-249
-259
-349
-359
-369
-219
-239
-279
-289
-299
-469
-569
-669
-769
-869
-969
329
-321
-323
-324
-325
-326
-327
-119
-129
-319
-339
-379
-389
-399
-429
-529
-629
-729
-829
-929
336
-331
-333
-334
-335
-337
-116
-126
-216
-236
-316
-346
-356
-366
-376
-386
-396
-436
-536
-636
-736
-836
-936
343
-342
-344
-345
-347
-348
-153
-163
-243
-253
-353
-363
-313
-373
-383
-393
-443
-543
-643
-743
-843
-943
384
-381
-382
-385
-388
-174
-184
-274
-284
-294
-374
-394
-314
-354
-364
-484
-584
-684
-784
-884
-984
467
-461
-462
-463
-464
-465
-466
-468
-447
-457
-547
-557
-567
-647
-657
-667
-417
-427
-437
-477
-487
-367
-767
-867
-967
481
-482
-483
-485
-486
-488
-489
-471
-491
-571
-581
-591
-671
-681
-691
-411
-421
-431
-451
-281
-781
-881
-981
515
-511
-512
-513
-514
-516
-517
-518
-519
-415
-425
-435
-525
-535
-615
-625
-635
-545
-555
-565
-575
-585
-595
-115
-215
-315
-715
-815
-915
522
-521
-523
-524
-526
-527
-412
-422
-612
-622
-542
-552
-562
-572
-582
-592
-722
-822
-922
548
-544
-546
-549
-448
-458
-558
-568
-648
-658
-668
-538
-578
-588
-598
-748
-848
-948
563
-561
-564
-566
-453
-553
-653
-663
-533
-573
-583
-593
-763
-863
-963
586
-587
-589
-476
-496
-576
-596
-676
-686
-696
-556
-186
-286
-786
-886
-986
599
-594
-479
-499
-579
-679
-689
-699
-539
-559
-799
-899
-999
621
-623
-624
-626
-627
-531
-611
-631
551
-554
-651
-661
-721
-821
-921
-751
-851
-951
649
-642
-644
-645
-646
-449
-459
-659
-619
-639
-749
-849
-949
693
-692
-694
-695
-698
-473
-493
-673
-683
-613
-633
-293
-793
-893
-993
723
-724
-725
-726
-727
-713
-733
-813
-823
-833
-913
-923
-933
-753
-773
-783
-123
-423
768
-761
-762
-764
-765
-766
-758
-858
-868
-958
-968
-718
-738
-778
-788
-798
-168
-368
772
-771
-774
-775
-776
-777
-779
-782
-792
-872
-882
-892
-972
-982
-992
-712
-742
-752
-272
-372
-472
-672
787
-785
-789
-877
-887
-977
-987
-717
-737
-747
-757
-687
846
-842
-844
-845
-847
-746
-756
-856
-866
-946
-956
-966
-816
-826
-876
-896
-246
-446
888
-883
-885
-889
-878
-898
-978
-988
-998
-818
-838
-188
-688
918
-911
-912
-914
-916
-917
-919
812
-811
-814
-817
-819
-938
-852
-862
-418
-618
964
-961
-962
-965
861
-864
-865
-744
745
-754
-854
-944
-954
-755
759
-855
-945
-955
-859
-959
-735
-795
-719
-739
-831
-871
-891
-924
-934
-974
-994
419
-413
-414
-416
433
-434
-438
-439
638
-634
-637
-678
-233
-245
-445
-164
-664
976
-971
-973
-975
-979
-796
-996
716
-711
-714
-926
-616
426
-424
-456
-176
-276
296
-291
-292
-295
-256
113
-114
-213
-173
-183
124
-125
-214
-234
235
-231
-237
-154
-255
-275
-285
614
-617
-534
537
574
-577
-474
-494
-674
677
-675
-654
-824
-835
-935
-837
-937
-874
-155
-156
158
166
-165
-358
-178
656
-652
-655
-666
175
-179
-185
189
-375
-395
-475
478
-498
-875
-378
371
-271
273
-391
-283
282
-392
398
211
-217
-311
317
-242
-252
-357
-873
879
983
-985
-989
853
-857
-953
827
-825
925
-927
895
-894
794
-791
991
-995
731
-734
-931
939
834
-839
-682
685
492
-495
-442
444
-454
-452
455
662
-665
942
-947
-952
957
-244
247
254
-257
352
-355
-362
365
