122
-121
-123
-124
-125
-126
-127
-128
-129
-112
-132
-212
-222
-232
-312
-322
-332
-142
-152
-162
-172
-182
-192
-422
-522
-622
-722
-822
-922
134
-131
-133
-135
-136
-137
-138
-139
-114
-214
-224
-234
-314
-324
-334
-144
-154
-164
-174
-184
-194
-434
-534
-634
-734
-834
-934
191
-193
-195
-196
-197
-198
-199
-171
-181
-271
-281
-291
-371
-381
-391
-111
-141
-151
-161
-491
-591
-691
-791
-891
-991
217
-211
-213
-215
-216
-218
-219
-117
-227
-237
-317
-327
-337
-247
-257
-267
-277
-287
-297
-417
-517
-617
-717
-817
-917
225
-221
-223
-226
-228
-229
-115
-235
-315
-325
-335
-245
-255
-265
-275
-285
-295
-425
-525
-625
-725
-825
-925
243
-241
-242
-244
-246
-248
-249
-143
-153
-163
-253
-263
-343
-353
-363
-233
-273
-283
-293
-443
-543
-643
-743
-843
-943
279
-272
-274
-276
-278
-179
-189
-289
-299
-379
-389
-399
-239
-259
-269
-479
-579
-679
-779
-879
-979
342
-341
-344
-345
-346
-347
-348
-349
-252
-262
-352
-362
-372
-382
-392
-442
-542
-642
-742
-842
-942
354
-351
-355
-356
-357
-358
-359
-254
-264
-364
-374
-384
-394
-454
-554
-654
-754
-854
-954
436
-431
-432
-433
-435
-437
-438
-439
-416
-426
-516
-526
-536
-616
-626
-636
-446
-456
-466
-476
-486
-496
-236
-336
-736
-836
-936
441
-444
-445
-447
-448
-449
-451
-461
-541
-551
-561
-641
-651
-661
-411
-421
-471
-481
-741
-841
-941
452
-453
-455
-457
-458
-459
-462
-552
-562
-652
-662
-412
-472
-482
-492
-752
-852
-952
465
-463
-464
-467
-468
-469
-545
-555
-565
-645
-655
-665
-415
-475
-485
-495
-165
-365
-765
-865
-965
498
-493
-494
-497
-499
-478
-488
-578
-588
-598
-678
-688
-698
-418
-428
-298
-398
-798
-898
-998
512
-511
-513
-514
-515
-518
-519
-532
-612
-632
-572
-582
-592
-712
-812
-912
528
-521
-523
-524
-527
-529
-538
-618
-628
-638
-548
-558
-568
-328
-728
-828
-928
589
-581
-583
-584
-585
-586
-587
-489
-599
-689
-699
-539
-549
-559
-569
-789
-889
-989
671
-672
-673
-674
-675
-676
-677
-571
-681
531
-533
-535
-537
-611
-621
-631
-231
238
-118
-318
-338
-258
-268
-288
-331
-731
-831
-931
-738
-838
-938
-771
-871
-971
727
-721
-723
-724
-726
-729
-737
-827
-837
-927
-937
-747
-757
-767
-777
-787
-797
-427
-627
637
-633
-635
-639
615
-613
-614
-619
-685
-695
-647
-657
-667
-687
-697
-715
-815
-915
751
-753
-755
-756
-758
-759
-761
-851
-861
-951
-961
-711
-781
-251
256
-146
-156
-166
-266
261
-361
-366
-286
-296
-556
-656
-856
-956
785
-782
-783
-784
-786
-788
-775
-795
-875
-885
-895
-975
-985
-995
-735
-745
-185
-385
816
-811
-813
-814
-818
-819
-716
-826
-916
-926
-846
-866
-876
-886
-896
-116
-316
326
-321
-323
-329
311
-313
-319
-376
-386
-396
-911
839
-832
-833
-835
935
-932
-933
-939
732
-733
-739
-719
-829
-919
-929
-762
-772
-792
-849
-859
-869
-899
-945
-955
333
-339
-113
119
-149
-159
-169
369
-367
-368
-373
-383
-393
-419
429
-423
-424
-629
-669
-769
-969
844
-845
-847
-848
-744
-764
-864
-944
-964
855
-853
-857
-858
-824
-874
-884
-894
-544
-644
145
-147
-148
-155
-175
863
-862
-867
-868
962
-963
-966
-967
-968
-763
-953
-823
821
-921
-881
981
-982
-983
-984
-986
-987
-988
-873
-883
-893
-972
-992
-563
-663
872
-877
-878
-882
-892
897
-887
888
-977
-997
-778
-978
-188
-388
387
-177
-187
-377
-397
395
-375
378
-178
575
-573
-574
-576
-577
-595
477
-473
-474
-487
-597
914
-913
-918
-714
-924
923
-713
718
-748
-768
766
-746
749
-946
-949
-959
-776
-796
-799
999
-993
-994
-996
976
-973
-974
413
-414
-623
624
-483
484
-594
-684
-694
564
-566
-567
-664
-649
659
-653
-658
553
-557
547
-546
-593
596
-686
-696
646
-648
-666
668
-947
948
957
-958
-157
158
167
-168
774
-773
793
-794
173
-176
-183
186
683
-682
692
-693
282
-284
-292
294
