139
-131
-132
-133
-134
-135
-136
-137
-138
-119
-129
-219
-229
-239
-319
-329
-339
-149
-159
-169
-179
-189
-199
-439
-539
-639
-739
-839
-939
141
-142
-143
-144
-145
-146
-147
-148
-151
-161
-241
-251
-261
-341
-351
-361
-111
-121
-171
-181
-191
-441
-541
-641
-741
-841
-941
156
-152
-153
-154
-155
-157
-158
-166
-246
-256
-266
-346
-356
-366
-116
-126
-176
-186
-196
-456
-556
-656
-756
-856
-956
178
-172
-173
-174
-175
-177
-188
-198
-278
-288
-298
-378
-388
-398
-118
-128
-168
-478
-578
-678
-778
-878
-978
214
-211
-212
-213
-215
-216
-217
-218
-114
-124
-224
-234
-314
-324
-334
-244
-254
-264
-274
-284
-294
-414
-514
-614
-714
-814
-914
275
-271
-272
-273
-276
-277
-279
-185
-195
-285
-295
-375
-385
-395
-225
-235
-245
-255
-265
-475
-575
-675
-775
-875
-975
326
-321
-322
-323
-325
-327
-328
-226
-236
-316
-336
-376
-386
-396
-426
-526
-626
-726
-826
-926
372
-371
-373
-374
-377
-379
-182
-192
-282
-292
-382
-392
-312
-332
-342
-352
-362
-472
-572
-672
-772
-872
-972
389
-381
-383
-384
-387
-289
-299
-399
-349
-359
-369
-489
-589
-689
-789
-889
-989
413
-411
-412
-415
-416
-417
-418
-419
-423
-433
-513
-523
-533
-613
-623
-633
-443
-453
-463
-473
-483
-493
-113
-313
-713
-813
-913
452
-451
-454
-455
-457
-458
-459
-442
-462
-542
-552
-562
-642
-652
-662
-422
-432
-482
-492
-252
-752
-852
-952
521
-522
-524
-525
-527
-528
-529
-421
-431
-511
-531
-611
-621
-631
-551
-561
-571
-581
-591
-221
-721
-821
-921
544
-543
-545
-546
-547
-548
-549
-444
-464
-554
-564
-644
-654
-664
-534
-574
-584
-594
-344
-744
-844
-944
566
-563
-565
-567
-568
-569
-446
-466
-646
-666
-516
-536
-576
-586
-596
-766
-866
-966
583
-582
-585
-587
-588
-573
-593
-673
-683
-693
-553
-183
-283
-783
-883
-983
653
-651
-655
-657
-658
-659
-643
-663
-253
-353
-753
-853
-953
668
-661
-665
-667
-669
461
-465
-467
-468
-469
-448
-558
-648
-471
-481
-491
-618
-628
-638
-688
-698
-761
-861
-961
-268
-368
-768
-868
-968
692
-691
-694
-695
-696
-697
-699
-592
-682
-612
-622
-632
-792
-892
-992
729
-722
-723
-724
-725
-727
-728
-719
-819
-829
-919
-929
-749
-759
-769
-779
-799
-429
-629
733
-731
-732
-734
-735
-736
-737
-738
-823
-833
-923
-933
-743
-763
-773
-793
-233
-333
788
-781
-782
-784
-785
-786
-787
-798
-888
-898
-988
-998
-718
-748
-758
-488
835
-831
-832
-834
-836
-837
-838
-715
-815
-825
-915
-925
-935
-845
-855
-865
-885
-895
-335
-435
-535
-635
891
-893
-894
-896
-897
-899
-771
-791
-871
-881
-971
-981
-991
-811
-851
671
-674
-676
-677
-679
-681
281
-286
-287
-291
-391
296
-293
-297
-231
-496
-796
-996
936
-931
-932
-934
-937
-938
-716
-816
-916
-946
-976
-986
616
-615
-617
-619
-436
-636
519
-512
-515
-517
-518
532
-537
-538
598
-595
-597
-599
-498
555
-557
-559
-445
-645
577
-579
-477
-487
-497
-687
-686
649
-647
447
-449
-427
-437
331
-337
-338
-311
-232
-247
-347
-747
-847
-947
-249
-849
-949
-355
-755
-955
-777
-877
-977
958
-951
-954
-957
-959
751
-754
-757
-848
-858
-948
-711
911
-912
-917
-918
-928
-258
-358
964
-962
-963
-965
-967
-969
-764
-854
-864
-924
824
-822
-827
-828
818
-812
-817
-874
-884
-974
-984
-994
-318
348
-343
-345
-248
-424
-624
354
-357
-164
-364
-394
973
-979
-873
-993
-943
999
-995
-997
-879
876
-776
774
-794
-886
746
-742
-745
-846
945
-942
-765
795
-797
-985
-474
-476
479
486
-484
-485
-499
685
-684
494
-495
-434
438
634
-637
627
-625
425
-428
-125
-127
-227
-927
922
-712
717
762
-767
-842
843
-862
-863
882
-887
-982
987
112
-115
-117
-122
123
-222
-223
228
315
-317
237
-238
-162
-163
-193
393
-397
165
-167
-365
-257
259
-269
-267
367
-363
242
-243
-262
263
857
-859
-867
869
184
-187
-194
197
