121
-122
-123
-124
-125
-126
-127
-128
-129
-111
-131
-211
-221
-231
-311
-321
-331
-141
-151
-161
-171
-181
-191
-421
-521
-621
-721
-821
-921
157
-152
-153
-154
-155
-156
-158
-159
-147
-167
-247
-257
-267
-347
-357
-367
-117
-137
-177
-187
-197
-457
-557
-657
-757
-857
-957
263
-261
-262
-264
-265
-266
-268
-269
-143
-163
-243
-253
-343
-353
-363
-213
-223
-233
-273
-283
-293
-463
-563
-663
-763
-863
-963
275
-271
-272
-274
-276
-277
-278
-279
-175
-185
-195
-285
-295
-375
-385
-395
-215
-225
-235
-245
-255
-475
-575
-675
-775
-875
-975
374
-371
-372
-373
-376
-377
-378
-379
-174
-184
-194
-284
-294
-384
-394
-314
-324
-334
-344
-354
-364
-474
-574
-674
-774
-874
-974
386
-381
-382
-383
-387
-388
-389
-176
-186
-196
-286
-296
-396
-316
-326
-336
-346
-356
-366
-486
-586
-686
-786
-886
-986
412
-411
-413
-414
-415
-416
-417
-418
-419
-422
-432
-512
-522
-532
-612
-622
-632
-442
-452
-462
-472
-482
-492
-112
-212
-312
-712
-812
-912
464
-461
-465
-466
-467
-468
-469
-444
-454
-544
-554
-564
-644
-654
-664
-424
-434
-484
-494
-164
-764
-864
-964
543
-541
-542
-545
-546
-547
-548
-549
-443
-453
-553
-643
-653
-513
-523
-533
-573
-583
-593
-743
-843
-943
588
-581
-582
-584
-585
-587
-589
-478
-488
-498
-578
-598
-678
-688
-698
-518
-528
-538
-558
-568
-188
-288
-788
-888
-988
681
-682
-683
-684
-685
-687
-689
-471
-481
-491
-571
-591
-671
-691
-611
-631
-641
-651
-661
-281
-781
-881
-981
714
-711
-713
-715
-716
-717
-718
-719
-724
-734
-814
-824
-834
-914
-924
-934
-744
-754
-784
-794
-114
-214
-514
-614
772
-771
-773
-776
-777
-778
-779
-782
-792
-872
-882
-892
-972
-982
-992
-722
-732
-742
-752
-762
-172
-572
-672
793
-791
-795
-796
-797
-798
-799
-783
-873
-883
-893
-973
-983
-993
-723
-733
-753
-193
-393
-493
-693
837
-831
-832
-833
-835
-836
-838
-839
-727
-737
-817
-827
-917
-927
-937
-847
-867
-877
-887
-897
-237
-337
-437
-537
-637
848
-841
-842
-844
-845
-846
-849
-748
-758
-768
-858
-868
-948
-958
-968
-818
-828
-878
-898
-148
-248
-348
-448
-648
851
-852
-853
-854
-855
-856
-859
-741
-751
-761
-861
-941
-951
-961
953
-952
-954
-955
-956
-959
944
-942
-945
-946
-947
-949
731
-735
-736
-738
-739
-811
-911
-931
728
-725
-726
-729
-918
-928
-938
-871
-891
-913
-923
-933
-984
-994
511
-515
-516
-517
-519
-431
-531
-551
-561
-228
-328
-428
-628
-144
134
-132
-133
-135
-136
-138
-139
-224
-234
-534
-634
-244
254
-251
-252
-256
-258
-259
-351
-451
441
-445
-446
-447
-449
-241
291
-292
-297
-298
-299
-391
-341
361
-362
-365
-368
-369
971
-976
-977
-978
-979
-991
998
-995
-996
-997
-999
178
-173
-179
183
-182
-189
-198
-398
-113
-118
-168
358
-352
-355
-359
-318
-338
-458
438
-433
-435
-436
-439
-618
-638
218
-216
-217
-219
-238
-658
668
-662
-665
-666
-667
-669
282
-287
-289
-192
199
-392
397
-399
-119
-149
-169
-222
-232
-242
227
-226
-229
-317
-327
617
-613
-615
-616
-619
-427
-527
-627
-647
567
-562
-565
-566
-569
-577
-597
-677
-697
747
-745
-746
-749
-767
-967
-787
987
-985
-989
477
-473
-476
-479
-487
-497
673
-676
-679
-483
423
-425
-426
-429
-623
-633
-323
-823
813
-815
-816
-819
-313
333
-332
-335
-339
322
-325
-329
-342
-822
862
-865
-866
-869
-962
-922
932
-935
-936
-939
-162
142
-145
-146
-642
884
-885
-889
-894
-499
-599
-699
-899
115
-116
-315
319
236
-239
-165
166
345
-349
-246
249
-915
916
-919
-826
-926
-966
-536
-636
-645
646
-649
-456
-556
-656
496
-495
-576
579
-596
-696
-489
485
-595
-695
-455
459
-559
-659
526
-524
-525
-529
624
-625
-626
-629
594
-592
692
-694
552
-555
-652
655
535
-539
-635
639
-755
756
-759
-766
876
-879
-896
895
-785
789
765
-769
-965
969
-825
829
925
-929
