134
-131
-132
-133
-135
-136
-137
-138
-139
-114
-124
-214
-224
-234
-314
-324
-334
-144
-154
-164
-174
-184
-194
-434
-534
-634
-734
-834
-934
147
-141
-142
-143
-145
-146
-148
-149
-157
-167
-247
-257
-267
-347
-357
-367
-117
-127
-177
-187
-197
-447
-547
-647
-747
-847
-947
186
-181
-182
-183
-185
-188
-189
-176
-196
-276
-286
-296
-376
-386
-396
-116
-126
-156
-166
-486
-586
-686
-786
-886
-986
213
-211
-212
-215
-216
-217
-218
-219
-113
-123
-223
-233
-313
-323
-333
-243
-253
-263
-273
-283
-293
-413
-513
-613
-713
-813
-913
327
-321
-322
-325
-326
-328
-329
-227
-237
-317
-337
-377
-387
-397
-427
-527
-627
-727
-827
-927
355
-351
-352
-353
-354
-356
-358
-359
-155
-165
-245
-255
-265
-345
-365
-315
-335
-375
-385
-395
-455
-555
-655
-755
-855
-955
394
-391
-392
-393
-398
-399
-274
-284
-294
-374
-384
-344
-364
-494
-594
-694
-794
-894
-994
446
-441
-442
-443
-444
-445
-448
-449
-456
-466
-546
-556
-566
-646
-656
-666
-416
-426
-436
-476
-496
-246
-346
-746
-846
-946
479
-471
-472
-473
-474
-475
-477
-478
-489
-499
-579
-589
-599
-679
-689
-699
-419
-429
-439
-459
-469
-179
-279
-379
-779
-879
-979
526
-521
-522
-523
-524
-525
-528
-529
-516
-536
-616
-626
-636
-576
-596
-226
-726
-826
-926
533
-531
-532
-535
-537
-538
-539
-423
-433
-623
-633
-543
-553
-563
-573
-583
-593
-733
-833
-933
558
-551
-552
-554
-557
-559
-458
-468
-548
-568
-648
-658
-668
-518
-578
-588
-598
-158
-258
-758
-858
-958
572
-571
-574
-575
-577
-482
-492
-582
-592
-672
-682
-692
-512
-542
-562
-172
-272
-372
-772
-872
-972
587
-581
-584
-585
-487
-497
-597
-677
-687
-697
-517
-567
-287
-787
-887
-987
638
-631
-632
-635
-637
-639
-418
-428
-438
-618
-628
-678
-688
-698
-238
-338
-738
-838
-938
661
-662
-663
-664
-665
-667
-669
-451
-461
-541
-561
-641
-651
-611
-621
-671
-681
-691
-161
-261
-361
-761
-861
-961
717
-711
-712
-714
-715
-716
-718
-719
-737
-817
-837
-917
-937
-757
-767
-777
-797
-417
-617
437
-431
-432
-435
-457
-467
657
-652
-653
-654
-659
-857
-957
751
-752
-753
-754
-756
-759
-741
-841
-851
-941
-951
-721
-731
-771
-781
-791
-151
-251
783
-782
-784
-785
-788
-789
-773
-793
-873
-883
-893
-973
-983
-993
-723
-743
-763
-383
-483
-683
891
-892
-895
-896
-897
-898
-899
-871
-881
-971
-981
-991
-811
-821
-831
-191
-291
-491
-591
595
481
-484
-485
-488
-495
-675
-685
684
-674
-695
498
-493
-411
-421
511
-514
-515
-519
-545
-565
-614
-624
-644
-111
-311
-911
-281
-381
-884
-984
-195
-295
-795
-995
-198
-298
-798
-998
921
-922
-923
-924
-925
-928
-929
-931
823
-822
-824
-825
-828
-829
-843
-853
-863
-121
171
-173
-175
-178
-271
-371
-221
963
-962
-964
-965
-966
-967
-968
-969
-943
-953
867
-862
-864
-865
-866
-868
-869
-877
-163
-363
-463
453
-452
-454
-643
343
-341
-342
-348
-349
241
-242
-244
-248
-249
-153
193
-192
-199
-373
378
-278
-288
-388
-231
331
-332
-336
-339
-318
-368
673
-676
-693
696
-778
-878
-978
-796
-996
976
-974
-975
-977
-776
-876
997
-992
-999
-916
-936
-956
277
-275
285
-282
-289
-297
-225
-235
-885
-985
112
-115
-118
-119
-122
-222
-232
-312
125
-128
-129
228
-229
-152
159
-169
-259
-269
-369
-162
168
-268
-412
-612
-812
-912
-425
-625
-725
-728
-859
-959
-768
748
-742
-744
-745
-749
-848
-948
-236
239
316
-319
-299
292
-382
389
-252
-262
362
-366
-816
-739
-839
-939
-462
642
-645
-649
465
-464
422
-424
-622
629
414
-415
615
-619
-814
-914
724
-722
-729
-764
-774
775
874
-875
-735
-765
-844
-854
-815
-915
-842
-942
-762
-889
-989
799
-792
732
-736
-832
-932
935
-835
836
766
-769
-856
852
-952
954
-944
-882
888
982
-988
845
-849
-945
949
-818
819
918
-919
544
-549
-564
569
-254
256
264
-266
