171
-172
-173
-174
-175
-176
-177
-178
-179
-181
-191
-271
-281
-291
-371
-381
-391
-111
-121
-131
-141
-151
-161
-471
-571
-671
-771
-871
-971
186
-182
-183
-184
-185
-187
-188
-189
-196
-276
-286
-296
-376
-386
-396
-116
-126
-136
-146
-156
-166
-486
-586
-686
-786
-886
-986
241
-242
-243
-244
-245
-246
-247
-248
-249
-251
-261
-341
-351
-361
-211
-221
-231
-441
-541
-641
-741
-841
-941
253
-252
-254
-255
-256
-257
-258
-259
-143
-153
-163
-263
-343
-353
-363
-213
-223
-233
-273
-283
-293
-453
-553
-653
-753
-853
-953
266
-262
-264
-265
-267
-268
-269
-346
-356
-366
-216
-226
-236
-466
-566
-666
-766
-866
-966
313
-311
-312
-314
-315
-316
-317
-318
-319
-113
-123
-133
-323
-333
193
-192
-194
-195
-197
-198
-199
-373
-383
-393
-413
-513
-613
-713
-813
-913
-493
-593
-693
-793
-893
-993
326
-321
-322
-324
-325
-327
-328
-329
331
-332
-334
-335
-336
-337
-338
-339
-426
-526
-626
-726
-826
-926
-431
-531
-631
-731
-831
-931
359
-352
-354
-355
-357
-358
-149
-159
-169
-349
-369
-379
-389
-399
-459
-559
-659
-759
-859
-959
384
-382
-385
-387
-388
-274
-284
-294
-374
-394
-344
-364
-484
-584
-684
-784
-884
-984
416
-411
-412
-414
-415
-417
-418
-419
-436
-516
-536
-616
-636
-446
-456
-476
-496
-716
-816
-916
434
-432
-433
-435
-437
-438
-439
-424
-514
-524
-534
-614
-624
-634
-444
-454
-464
-474
-494
-134
-234
-734
-834
-934
458
-451
-452
-455
-457
-448
-468
-548
-558
-568
-648
-658
-668
-428
-478
-488
-498
-158
-758
-858
-958
482
-481
-483
-485
-487
-489
-472
-492
-572
-582
-592
-672
-682
-692
-422
-442
-462
-282
-782
-882
-982
537
-532
-533
-535
-538
-539
-427
-517
-527
-617
-627
-637
-547
-557
-567
-577
-587
-597
-137
-237
-737
-837
-937
579
-573
-574
-575
-576
-578
-479
-499
-589
-599
-679
-689
-699
-519
-529
-549
-569
-279
-779
-879
-979
611
-612
-615
-618
-619
-421
-511
-521
-621
-651
-661
-681
-691
-711
-811
-911
622
-623
-625
-628
-629
-512
-522
-632
-642
-652
-662
-122
-222
-722
-822
-922
656
-654
-655
-657
-546
-556
-646
596
-591
-594
-595
-598
-676
-696
-756
-856
-956
-796
-896
-996
674
-673
-675
-677
-678
-694
-644
-664
-774
-874
-974
698
-695
-697
-588
-688
-638
-298
-398
-798
-898
-998
727
-721
-723
-724
-725
-728
-729
-717
-817
-827
-917
-927
-747
-757
-767
-777
-787
-797
-127
-227
751
-752
-754
-755
-761
-851
-861
-951
-961
-781
-791
-551
785
-783
-788
-789
-775
-795
-875
-885
-895
-975
-985
-995
-715
-735
-745
-765
-285
-585
-685
799
-792
-794
-889
-899
-989
-999
-719
-739
-749
-769
289
-287
-288
-299
-219
-229
-239
845
-842
-843
-844
-846
-847
-848
-849
-855
-865
-945
-955
-965
-815
-825
-835
-145
-345
-445
-545
-645
857
-852
-854
-867
-947
-957
-967
-877
-887
-897
-157
864
-862
-863
-868
-869
-744
-764
-944
-954
952
-742
-762
-942
-962
-964
714
-712
-718
-814
-824
-914
-924
-894
994
-991
-992
-997
-912
-932
-972
-114
-214
224
-225
-228
-124
-152
-552
-164
-564
928
-921
-923
-925
-929
821
-823
-828
-829
-738
-818
-838
-918
-938
-881
-891
892
981
-983
-987
-988
-772
-872
977
-973
-976
-978
732
-733
-736
-812
819
-832
-839
-919
915
-935
-939
-948
-968
-115
-215
-515
518
-528
-118
-218
-119
-128
-132
-232
-277
-377
-477
-581
583
491
-495
-497
-473
475
-683
687
-461
561
-562
-563
-565
542
-543
-544
554
-555
-425
-465
665
-663
-667
-669
-523
525
-635
-647
423
-429
-633
639
-443
-463
643
-649
-125
129
-139
-142
-342
-743
-943
144
-147
-148
-154
155
-165
-365
-135
138
235
-238
-168
-275
-295
278
-272
-378
372
-375
-292
297
-392
395
-397
212
-217
-112
117
162
-167
-362
-778
-878
888
-883
933
-936
-833
836
873
-876
-773
776
763
-768
-963
969
748
-746
946
-949
-348
347
-367
368
-447
449
467
-469
