147
-141
-142
-143
-144
-145
-146
-148
-149
-157
-167
-247
-257
-267
-347
-357
-367
-117
-127
-137
-177
-187
-197
-447
-547
-647
-747
-847
-947
164
-161
-162
-163
-165
-166
-168
-169
-154
-244
-254
-264
-344
-354
-364
-114
-124
-134
-174
-184
-194
-464
-564
-664
-764
-864
-964
185
-181
-182
-183
-186
-188
-189
-175
-195
-275
-285
-295
-375
-385
-395
-115
-125
-135
-155
-485
-585
-685
-785
-885
-985
213
-211
-212
-214
-215
-216
-217
-218
-219
-113
-123
-133
-223
-233
-313
-323
-333
-243
-253
-263
-273
-283
-293
-413
-513
-613
-713
-813
-913
346
-341
-342
-343
-345
-348
-349
-156
-246
-256
-266
-356
-366
-316
-326
-336
-376
-386
-396
-446
-546
-646
-746
-846
-946
418
-411
-412
-414
-415
-416
-417
-419
-428
-438
-518
-528
-538
-618
-628
-638
-448
-458
-468
-478
-488
-498
-118
-318
-718
-818
-918
453
-451
-452
-454
-455
-456
-457
-459
-443
-463
-543
-553
-563
-643
-653
-663
-423
-433
-473
-483
-493
-153
-353
363
-361
-362
-365
-368
-369
-373
-383
-393
-753
-853
-953
-763
-863
-963
524
-521
-522
-523
-525
-526
-527
-529
-424
-434
-514
-534
-614
-624
-634
-544
-554
-574
-584
-594
-224
-324
-724
-824
-924
587
-581
-582
-583
-586
-588
-589
-477
-487
-497
-577
-597
-677
-687
-697
-517
-537
-557
-567
-287
-387
-787
-887
-987
649
-641
-642
-644
-645
-648
-449
-469
-549
-559
-569
-659
-669
-619
-629
-639
-679
-689
-699
-249
-749
-849
-949
691
-692
-693
-694
-695
-696
-698
-471
-481
-491
-571
-591
-671
-681
-611
-621
-631
-651
-661
-191
-291
-391
-791
-891
-991
752
-751
-754
-755
-756
-757
-758
-759
-742
-762
-842
-852
-862
-942
-952
-962
-712
-722
-732
-772
-782
-792
-152
-252
-352
-552
-652
773
-771
-774
-775
-776
-777
-778
-779
-783
-793
-873
-883
-893
-973
-983
-993
-723
-733
-743
-173
193
-192
-196
-198
-199
-573
-673
683
-682
-684
-686
-688
-593
533
-531
-532
-535
-536
-539
-623
-633
-833
-933
798
-794
-795
-796
-797
-799
-788
-878
-888
-898
-978
-988
-998
-728
-738
-748
-768
-298
-398
-598
827
-821
-822
-823
-825
-826
-828
-829
923
-921
-922
-925
-926
-927
-928
-929
-717
-727
-737
-817
-837
-917
-937
767
-761
-765
-766
-769
-857
-867
-957
-967
843
-841
-844
-845
-848
-943
-877
-897
-227
-327
-427
-627
657
-654
-655
-656
-658
444
-441
-442
-445
-467
-667
-474
-484
-494
674
-672
-675
-676
-678
578
-572
-575
-576
-579
437
-431
-432
-435
-436
-439
-617
-637
-548
-558
-568
668
-662
-665
-666
317
-311
-312
-314
-315
-319
-237
-337
-377
-397
-744
-944
-268
-868
-968
-274
-374
-874
-974
-178
-278
-378
832
-831
-834
-835
-836
-838
-839
-812
-912
-932
938
-931
-934
-935
-936
-939
-872
-882
-892
858
-851
-854
-855
-856
-859
954
-951
-955
-956
-958
-959
-948
-914
-984
-994
-132
-232
-332
-632
-138
-238
-338
248
-241
-242
-245
262
-261
-265
-269
-158
-258
-358
128
-121
-122
-126
-129
-228
-328
-222
-272
-282
-292
-288
388
-381
-382
-384
-389
542
-541
-545
-462
-562
-512
-592
556
-551
-555
-466
-566
-516
-596
971
-972
-975
-976
-977
-979
-781
-871
-881
-981
997
-992
-995
-996
-999
982
-986
-989
-911
-941
945
-745
741
-861
-961
-865
-965
-711
-721
-731
811
-814
-815
-816
-819
-915
-111
-511
421
-422
-425
-426
-429
519
-515
-461
465
561
-565
-475
-495
595
-599
714
-715
-716
-719
-734
-784
615
-612
-616
622
-625
-626
-635
636
112
-116
-119
-322
-172
916
-919
-726
-736
786
-789
-876
-886
-896
866
-869
-966
969
-221
-321
226
-225
-229
-136
-236
176
-171
-179
-276
-286
-296
-271
-371
281
-284
-289
-231
-251
875
-879
-895
-476
277
-279
-297
-482
884
-889
-894
899
-486
489
496
-492
-499
472
-479
-372
379
392
-394
-399
294
-299
-234
334
-331
-335
-339
131
-139
-151
159
351
-355
-359
255
-259
-235
239
325
-329
-725
729
735
-739
