135
-131
-132
-133
-134
-136
-137
-138
-139
-115
-125
-215
-225
-235
-315
-325
-335
-145
-155
-165
-175
-185
-195
-435
-535
-635
-735
-835
-935
143
-141
-142
-144
-146
-147
-148
-149
-153
-163
-243
-253
-263
-343
-353
-363
-113
-123
-173
-183
-193
-443
-543
-643
-743
-843
-943
154
-151
-152
-156
-157
-158
-159
-164
-244
-254
-264
-344
-354
-364
-114
-124
-174
-184
-194
-454
-554
-654
-754
-854
-954
191
-192
-196
-197
-198
-199
-171
-181
-271
-281
-291
-371
-381
-391
-111
-121
-161
-491
-591
-691
-791
-891
-991
262
-261
-265
-266
-267
-268
-269
-162
-242
-252
-342
-352
-362
-212
-222
-232
-272
-282
-292
-462
-562
-662
-762
-862
-962
287
-283
-284
-285
-286
-288
-289
-177
-187
-277
-297
-377
-387
-397
-217
-227
-237
-247
-257
-487
-587
-687
-787
-887
-987
317
-311
-312
-313
-314
-316
-318
-319
-117
-127
-327
-337
167
-166
-168
-169
-347
-357
-367
-417
-517
-617
-717
-817
-917
-467
-567
-667
-767
-867
-967
329
-321
-322
-323
-324
-326
-328
-119
-129
-219
-229
-239
-339
-349
-359
-369
-379
-389
-399
-429
-529
-629
-729
-829
-929
393
-392
-394
-395
-396
-398
-273
-293
-373
-383
-333
-493
-593
-693
-793
-893
-993
415
-411
-412
-413
-414
-416
-418
-419
-425
-515
-525
-615
-625
-445
-455
-465
-475
-485
-495
-715
-815
-915
456
-451
-452
-453
-457
-458
-459
-446
-466
-546
-556
-566
-646
-656
-666
-426
-436
-476
-486
-496
-256
-356
-756
-856
-956
463
-461
-464
-468
-469
-553
-563
-653
-663
-423
-433
-473
-483
-763
-863
-963
478
-471
-472
-474
-477
-479
-488
-498
-578
-588
-598
-678
-688
-698
-428
-438
-448
-178
-278
-378
-778
-878
-978
481
-482
-484
-489
-571
-581
-671
-681
-421
-431
-441
-781
-881
-981
626
-621
-622
-623
-624
-627
-628
-516
-526
-536
-616
-636
-676
-686
-696
-126
-226
-726
-826
-926
637
-631
-632
-633
-634
-638
-639
-427
-437
-527
-537
-647
-657
-677
-697
-737
-837
-937
641
-642
-644
-645
-648
-649
-541
-551
-561
-651
-661
-611
-241
-341
-741
-841
-941
658
-652
-655
-659
-548
-558
-568
-668
-618
-258
-358
-758
-858
-958
699
-692
-694
-695
-499
-579
-589
-599
-679
-689
-619
-669
-299
-799
-899
-999
713
-711
-712
-714
-716
-718
-719
-723
-733
-813
-823
-833
-913
-923
-933
-753
-773
-783
-213
-513
-613
789
-782
-784
-785
-786
-788
-779
-879
-889
-979
-989
-739
-749
-759
-769
-189
179
-172
-176
-279
796
-792
-794
-795
-797
-798
-776
-876
-886
-896
-976
-986
-996
-736
-746
-766
-296
-596
825
-821
-822
-824
-827
-828
-725
-925
-845
-855
-865
-875
-885
-895
849
-842
-844
-846
-847
-848
-859
-869
-949
-959
-969
-819
-839
-249
259
-251
-255
-449
439
-432
-434
-519
-539
919
-911
-912
-914
-916
-918
-939
-549
-559
569
-564
-565
951
-952
-953
-955
-957
-751
-761
-851
-861
-961
853
-852
-857
-873
-883
-921
-931
-971
-351
355
361
-365
-366
-368
-245
-345
-331
-375
-385
-555
-755
965
-964
-966
-968
-745
-765
-945
775
-771
-772
-774
-777
871
-872
-874
-877
-975
-985
-995
-811
-831
897
-892
-894
-898
-977
-997
545
-542
-544
-547
-665
664
-444
-575
-585
-595
-614
612
-422
424
-512
-522
-532
-514
-524
-534
-494
-672
-682
-674
-684
-112
-812
-224
-724
-924
-764
768
-748
-868
-948
-728
-738
-864
866
-946
-816
-836
936
-932
-934
-938
-236
-336
-275
295
-294
-298
-675
673
-573
-583
-683
685
-973
983
-982
-984
-988
577
-572
-574
-576
586
-582
-584
594
-592
-597
492
-497
-442
447
552
-557
-747
-947
757
-752
-727
927
-922
-928
998
-992
-994
-888
-186
116
-118
-216
-386
974
-972
882
-884
-832
942
-944
-742
744
-734
372
-374
-376
-182
188
-382
276
-274
384
-388
122
-128
-332
-246
248
346
-348
-218
-228
-238
338
-334
-722
721
-731
732
-221
223
-233
-521
-523
528
533
-531
-538
511
-518
-211
214
231
-234
-814
818
834
-838
