147
-141
-142
-143
-144
-145
-146
-148
-149
-157
-167
-247
-257
-267
-347
-357
-367
-117
-127
-137
-177
-187
-197
-447
-547
-647
-747
-847
-947
155
-151
-152
-153
-154
-156
-158
-159
-165
-245
-255
-265
-345
-355
-365
-115
-125
-135
-175
-185
-195
-455
-555
-655
-755
-855
-955
173
-171
-172
-174
-176
-178
-179
-183
-193
-273
-283
-293
-373
-383
-393
-113
-123
-133
-163
-473
-573
-673
-773
-873
-973
182
-181
-184
-186
-188
-189
-192
-272
-282
-292
-372
-382
-392
-112
-122
-132
-162
-482
-582
-682
-782
-882
-982
191
-194
-196
-198
-199
-271
-281
-291
-371
-381
-391
-111
-121
-131
-161
-491
-591
-691
-791
-891
-991
211
-212
-213
-214
-215
-216
-217
-218
-219
-221
-231
-311
-321
-331
-241
-251
-261
-411
-511
-611
-711
-811
-911
232
-233
-234
-235
-236
-237
-238
-239
-222
-312
-322
-332
-242
-252
-262
-432
-532
-632
-732
-832
-932
289
-284
-285
-286
-287
-288
-279
-299
-379
-389
-399
-229
-249
-259
-269
-489
-589
-689
-789
-889
-989
341
-342
-343
-344
-346
-348
-349
-351
-361
-441
-541
-641
-741
-841
-941
352
-353
-354
-356
-358
-359
-362
-452
-552
-652
-752
-852
-952
434
-431
-433
-435
-436
-437
-438
-439
-414
-424
-514
-524
-534
-614
-624
-634
-444
-454
-464
-474
-484
-494
-134
-334
-734
-834
-934
451
-453
-456
-457
-458
-459
-461
-551
-561
-651
-661
-421
-471
-481
-751
-851
-951
462
-463
-465
-466
-467
-468
-469
-442
-542
-562
-642
-662
-412
-422
-472
-492
-762
-862
-962
528
-521
-522
-523
-525
-526
-527
-529
-418
-428
-518
-538
-618
-628
-638
-548
-558
-568
-578
-588
-598
-128
-228
-328
-728
-828
-928
531
-533
-535
-536
-537
-539
-621
-631
-571
-581
-731
-831
-931
577
-572
-574
-575
-576
-579
-477
-487
-497
-587
-597
-677
-687
-697
-517
-557
-567
-277
-377
-777
-877
-977
592
-593
-594
-595
-596
-599
-672
-692
-512
-792
-892
-992
622
-623
-625
-626
-627
-629
-612
-722
-822
-922
671
-674
-675
-676
-678
-679
-681
-771
-871
-971
719
-712
-713
-714
-715
-716
-717
-718
-729
-739
-819
-829
-839
-919
-929
-939
-749
-759
-769
-779
-799
-119
-319
-419
-519
-619
742
-743
-744
-745
-746
-748
-842
-942
-772
781
-783
-784
-785
-786
-787
-788
-881
-981
-721
-761
815
-812
-813
-814
-816
-817
-818
912
-913
-914
-915
-916
-917
-918
-725
-735
-825
-835
-925
-935
872
-874
-875
-876
-878
-879
-972
-845
-865
-885
-895
-315
-415
-515
-615
821
-823
-824
-826
-827
-921
-861
961
-963
-964
-965
-966
-967
-968
-969
843
-844
-846
-848
-849
-753
-763
-853
-863
-943
-953
-833
-883
-893
-243
-443
-543
-643
923
-924
-926
-927
-723
-733
-933
724
-726
-727
793
-794
-795
-796
-797
-798
-983
-993
-754
-764
-774
-223
-323
-423
-124
-224
-324
-493
-693
948
-944
-945
-946
-949
765
-766
-767
-768
-758
-858
-868
-958
-775
-938
-978
-988
-998
-248
-448
-648
-565
-665
114
-116
-118
-314
-164
318
-313
-316
-317
333
-335
-336
-337
-338
-339
-138
168
-166
-169
-258
-268
-368
369
-363
-364
-366
-378
-388
-398
-329
-633
635
-636
-637
-639
-425
429
-426
-427
417
-413
-416
-617
483
-485
-486
-488
-583
-683
-449
-479
-499
699
-694
-695
-696
-698
-645
-685
-649
-659
-669
-129
126
-136
139
-226
-326
549
-544
-545
-546
445
-446
-559
-569
-475
-495
585
-584
-586
684
-686
-688
-644
646
-556
-566
-656
-666
516
-513
613
-616
-653
-663
-654
-664
244
-246
-254
-264
-274
-294
658
-657
667
-668
-867
-869
979
-974
-975
-976
-899
-999
859
-854
-856
-857
-959
374
-375
-376
-384
-394
275
-276
-278
-295
-385
-395
298
-296
-297
-225
227
325
-327
-884
-984
-985
995
-994
-996
-997
894
-896
-897
-898
-864
866
954
-956
-957
-756
757
-737
-836
-886
-554
553
-563
564
-253
256
263
-266
888
-887
987
-986
776
-778
-736
738
936
-937
837
-838
-476
478
496
-498
386
-387
-396
397
