123
-121
-122
-124
-125
-126
-127
-128
-129
-113
-133
-213
-223
-233
-313
-323
-333
-143
-153
-163
-173
-183
-193
-423
-523
-623
-723
-823
-923
142
-141
-144
-145
-146
-147
-148
-149
-152
-162
-242
-252
-262
-342
-352
-362
-112
-132
-172
-182
-192
-442
-542
-642
-742
-842
-942
155
-151
-154
-156
-157
-158
-159
-165
-245
-255
-265
-345
-355
-365
-115
-135
-175
-185
-195
-455
-555
-655
-755
-855
-955
178
-171
-174
-176
-177
-179
-188
-198
-278
-288
-298
-378
-388
-398
-118
-138
-168
-478
-578
-678
-778
-878
-978
218
-211
-212
-214
-215
-216
-217
-219
-228
-238
-318
-328
-338
-248
-258
-268
-418
-518
-618
-718
-818
-918
247
-241
-243
-244
-246
-249
-167
-257
-267
-347
-357
-367
-227
-237
-277
-287
-297
-447
-547
-647
-747
-847
-947
269
-261
-263
-264
-266
-169
-259
-349
-359
-369
-229
-239
-279
-289
-299
-469
-569
-669
-769
-869
-969
321
-322
-324
-325
-326
-327
-329
-111
-131
-221
-231
-311
-331
-341
-351
-361
-371
-381
-391
-421
-521
-621
-721
-821
-921
372
-373
-374
-375
-376
-377
-379
-272
-282
-292
-382
-392
-312
-332
-472
-572
-672
-772
-872
-972
397
-393
-394
-395
-396
-399
-187
-197
-387
-317
-337
-497
-597
-697
-797
-897
-997
441
-443
-444
-445
-446
-448
-449
-451
-461
-541
-551
-561
-641
-651
-661
-411
-431
-471
-481
-491
-741
-841
-941
476
-473
-474
-475
-477
-479
-486
-496
-576
-586
-596
-676
-686
-696
-416
-426
-436
-456
-466
-276
-776
-876
-976
482
-483
-484
-485
-487
-488
-489
-492
-582
-592
-682
-692
-412
-422
-432
-452
-462
-782
-882
-982
538
-531
-532
-533
-534
-535
-536
-537
-539
-428
-438
-528
-628
-638
-548
-558
-568
-588
-598
-738
-838
-938
574
-571
-573
-575
-577
-579
-494
-584
-594
-674
-684
-694
-514
-524
-544
-554
-564
-274
-774
-874
-974
622
-624
-625
-626
-627
-629
-512
-522
-612
-632
-652
-662
-222
232
-234
-235
-236
-722
-822
-922
-732
-832
-932
636
-631
-633
-634
-635
-637
-639
-516
-526
-616
-646
-656
-666
-136
-336
-736
-836
-936
667
-663
-664
-665
-668
-457
-467
-557
-567
-657
-617
-677
-687
587
-581
-583
-585
-589
-517
-527
-767
-867
-967
-787
-887
-987
714
-711
-712
-713
-715
-716
-717
-719
-724
-734
-814
-824
-834
-914
-924
-934
-744
-754
-764
-784
-794
-114
-314
-414
-614
733
-731
-735
-737
-739
-813
-833
-913
-933
-743
-753
-763
-773
-783
-793
-433
789
-781
-785
-786
-788
-779
-799
-879
-889
-899
-979
-989
-999
-729
-749
-759
679
-671
-673
-675
-499
-599
-689
-699
-619
-649
-659
-189
-389
199
-191
-194
-196
-119
-139
863
-861
-862
-864
-865
-866
-868
-843
-853
-943
-953
-963
-873
-883
-893
-363
-463
-563
898
-891
-892
-894
-895
-896
-798
-888
-988
-998
-828
-848
-858
688
-681
-683
-685
-498
-698
-648
-658
935
-931
-937
-939
-725
-815
-825
-835
-915
-925
-945
-965
-975
-985
-995
831
-837
-839
-811
-911
-851
-871
-881
-335
-435
959
-951
-952
-954
-956
-957
-958
-849
-859
-949
-919
-929
549
-543
-545
-546
-459
-559
-519
-529
525
-415
-425
-515
-615
-565
-595
315
-316
-319
-225
339
-334
-385
-439
962
-961
-964
-966
-968
-752
-762
-852
792
-791
-795
-796
-992
812
-816
-817
-819
-912
829
-826
-827
419
-413
-417
-429
552
-553
-556
-562
566
-166
-366
-766
981
-983
-984
-986
-771
-971
-991
271
-273
-275
-181
-281
-291
161
-164
-251
751
-756
-757
-758
-761
857
-854
-856
-877
875
-775
777
-885
-977
973
-993
-727
-845
285
-283
-284
-286
-295
383
-384
-386
-293
253
-254
-256
-343
-353
643
-644
-645
-453
-653
654
-454
458
-464
465
-468
493
-495
-593
591
-691
-693
695
-511
513
611
-613
745
-746
-748
-765
768
-948
726
-728
-916
917
-926
-927
928
116
-117
-226
224
-134
137
184
-186
-294
296
-424
427
434
-437
348
-344
-346
356
-354
-358
364
-368
-884
886
994
-996
844
-846
-944
946
