171
-172
-173
-174
-175
-176
-177
-178
-179
-181
-191
-271
-281
-291
-371
-381
-391
-111
-121
-131
-141
-151
-161
-471
-571
-671
-771
-871
-971
222
-221
-223
-224
-225
-226
-227
-228
-229
-112
-122
-132
-212
-232
-312
-322
-332
-242
-252
-262
-272
-282
-292
-422
-522
-622
-722
-822
-922
313
-311
-314
-315
-316
-317
-318
-319
-113
-123
-133
-213
-233
-323
-333
-343
-353
-363
-373
-383
-393
-413
-513
-613
-713
-813
-913
324
-321
-325
-326
-327
-328
-329
-114
-124
-134
-214
-234
-334
-344
-354
-364
-374
-384
-394
-424
-524
-624
-724
-824
-924
337
-331
-335
-336
-338
-339
-117
-127
-137
-217
-237
-347
-357
-367
-377
-387
-397
-437
-537
-637
-737
-837
-937
388
-382
-385
-386
-389
-188
-198
-278
-288
-298
-378
-398
-348
-358
-368
-488
-588
-688
-788
-888
-988
451
-452
-453
-454
-455
-456
-457
-458
-459
-441
-461
-541
-551
-561
-641
-651
-661
-411
-421
-431
-481
-491
-251
-351
-751
-851
-951
462
-463
-464
-465
-466
-467
-468
-469
-442
-542
-552
-562
-642
-652
-662
-412
-432
-472
-482
-492
-162
-362
-762
-862
-962
535
-531
-532
-533
-534
-536
-538
-539
-415
-425
-435
-515
-525
-615
-625
-635
-545
-555
-565
-575
-585
-595
-135
-235
-735
-835
-935
556
-553
-554
-557
-558
-559
-446
-546
-566
-646
-656
-666
-516
-526
-576
-586
-596
-156
-256
-356
-756
-856
-956
579
-572
-573
-574
-577
-578
-479
-489
-499
-589
-599
-679
-689
-699
-519
-529
-549
-569
-279
-379
-779
-879
-979
617
-611
-612
-614
-616
-618
-619
-417
-427
-517
-527
-627
-647
-657
-667
-677
-687
-697
-717
-817
-917
638
-631
-632
-633
-634
-636
-639
512
-511
-514
-518
-418
-428
-438
-528
-628
-582
-592
-648
-658
-668
-678
-698
-712
-812
-912
-138
-238
-738
-838
-938
675
-672
-673
-674
-676
-475
-485
-495
-685
-695
445
-443
-444
-447
-448
-449
-645
-655
-665
-145
-245
-345
-745
-845
-945
-275
-375
-775
-875
-975
681
-682
-683
-684
-686
-581
-591
-691
692
-693
-694
-696
521
-523
-621
626
-623
-629
-416
-426
-436
-721
-821
-921
-126
-726
-826
-926
-781
-881
-981
-192
-392
-792
-892
-992
794
-791
-793
-795
-796
-797
-798
-799
-774
-784
-874
-884
-894
-974
-984
-994
-714
-734
-744
-754
-764
-194
-294
-494
-594
816
-811
-814
-815
-818
-819
-716
-736
-836
-916
-936
-846
-866
-876
-886
-896
-116
-216
842
-841
-843
-844
-847
-848
-849
-742
-752
-852
-942
-952
-832
-872
-882
-142
-342
858
-853
-854
-855
-857
-859
-748
-758
-768
-868
-948
-958
-968
-828
-878
-898
-158
-258
939
-931
-932
-933
-934
732
-731
-733
-739
-719
-729
-829
-839
-919
-929
-772
-782
-949
-959
-969
-989
-999
-139
136
-236
-146
-166
-186
-196
-239
231
-211
-241
-261
-831
-439
943
-941
-944
-946
-947
-743
-753
-763
-863
-953
-963
-923
-973
-983
-993
-143
-243
-543
-643
964
-961
-965
-966
-967
-864
-954
834
-833
-914
414
-419
-434
433
-423
429
-473
-483
-493
-474
-484
584
-583
-587
593
-597
-598
-563
-544
-564
-129
-164
-264
-664
274
-273
-276
-277
-184
-284
-244
-254
-193
-293
-893
987
-982
-985
-986
972
-976
-977
-978
-777
-787
-877
873
-773
-783
-883
-887
-897
-997
723
-725
-727
-728
-823
996
-991
-995
-998
891
-895
-899
-776
778
-786
-718
-861
911
-915
-918
-711
715
-825
827
-925
-927
928
-755
-765
-785
789
885
-889
-749
-759
757
-747
-767
-867
-957
955
-865
869
-769
-115
-215
125
-128
-155
-165
-185
-195
-255
-355
-157
-257
-169
-269
-369
-669
663
-653
-163
-263
-372
376
182
-183
-187
-189
283
-285
-286
-287
-289
-296
-396
-152
352
-359
153
-154
-159
-253
259
144
-147
-148
-149
-249
-349
-219
218
-118
119
168
-167
-248
-268
197
-199
-297
-299
295
-395
399
-265
365
-361
-366
341
-346
-741
746
761
-766
-644
649
654
-659
-246
247
266
-267
-547
548
567
-568
-476
477
-478
-487
486
-496
-497
498
