137
-131
-132
-133
-134
-135
-136
-138
-139
-117
-127
-217
-227
-237
-317
-327
-337
-147
-157
-167
-177
-187
-197
-437
-537
-637
-737
-837
-937
152
-151
-153
-154
-155
-156
-158
-159
-142
-162
-242
-252
-262
-342
-352
-362
-112
-122
-172
-182
-192
-452
-552
-652
-752
-852
-952
165
-161
-163
-164
-166
-168
-169
-145
-245
-255
-265
-345
-355
-365
-115
-125
-175
-185
-195
-465
-565
-665
-765
-865
-965
189
-181
-183
-184
-186
-188
-179
-199
-279
-289
-299
-379
-389
-399
-119
-129
-149
-489
-589
-689
-789
-889
-989
198
-191
-193
-194
-196
-178
-278
-288
-298
-378
-388
-398
-118
-128
-148
-498
-598
-698
-798
-898
-998
232
-231
-233
-234
-235
-236
-238
-239
-212
-222
-312
-322
-332
-272
-282
-292
-432
-532
-632
-732
-832
-932
258
-251
-253
-254
-256
-257
-259
-248
-268
-348
-358
-368
-218
-228
-458
-558
-658
-758
-858
-958
297
-291
-293
-294
-295
-296
-277
-287
-377
-387
-397
-247
-267
-497
-597
-697
-797
-897
-997
316
-311
-313
-314
-315
-318
-319
-116
-126
-216
-226
-326
-336
-346
-356
-366
-376
-386
-396
-416
-516
-616
-716
-816
-916
351
-353
-354
-357
-359
-141
-241
-261
-341
-361
-321
-331
-371
-381
-391
-451
-551
-651
-751
-851
-951
367
-363
-364
-369
-347
-467
-567
-667
-767
-867
-967
415
-411
-412
-413
-414
-417
-418
-419
-425
-435
-515
-525
-535
-615
-625
-635
-445
-455
-475
-485
-495
-215
-715
-815
-915
521
-522
-523
-524
-526
-527
-528
-529
-421
-431
-511
-531
-611
-621
-631
-541
-561
-571
-581
-591
-121
-221
-721
-821
-921
534
-533
-536
-538
-539
-424
-434
-514
-614
-624
-634
-544
-554
-564
-574
-584
-594
-334
-734
-834
-934
573
-572
-575
-576
-577
-578
-579
-473
-483
-493
-583
-593
-673
-683
-693
-513
-543
-553
-563
-173
-273
-373
-773
-873
-973
585
-582
-586
-587
-588
-595
-675
-685
-695
-545
-555
-285
-385
-785
-885
-985
699
-691
-692
-694
-696
-479
-499
-599
-679
-619
-629
-639
-649
-659
-669
-799
-899
-999
747
-741
-742
-743
-744
-745
-746
-748
-749
-757
-847
-857
-947
-957
-717
-727
-777
-787
-447
-547
-647
756
-753
-754
-755
-759
-766
-846
-856
-866
-946
-956
-966
-726
-736
-776
-786
-796
-456
-556
-656
793
-791
-792
-794
-795
-783
-883
-893
-983
-993
-713
-723
-733
-763
-393
817
-811
-812
-813
-814
-818
-819
-827
-917
-927
-877
-887
-517
557
-559
-457
-657
-617
859
-853
-854
-855
-769
-849
-869
-949
-959
-969
-829
-839
-879
-459
872
-871
-874
-875
-876
-878
-772
-782
-882
-892
-972
-982
-992
-822
-842
-862
-372
-472
-672
918
-911
-912
-913
-914
-919
-718
-728
-738
-828
-838
-928
-938
-948
-968
-978
-988
-518
-618
929
-922
-923
-924
-925
-926
-719
-729
-739
-939
779
-771
-774
-775
-778
-979
-229
-329
-429
954
-953
-955
-764
-844
-864
-944
-964
-974
-984
-994
-454
453
-443
-463
-643
-653
-663
-423
-433
-654
655
-645
971
-975
-976
-977
-781
-881
-891
-981
-991
987
-986
-931
-941
-961
-171
111
-113
-114
-211
-711
-271
281
-283
-284
-286
383
-382
-384
392
-394
-395
-323
-333
-343
-471
-671
-481
-681
491
-492
-494
-496
-441
-461
-487
-687
-592
596
-476
-486
-676
-686
-546
-566
886
-884
-888
-896
-996
995
-895
894
-784
788
-768
-824
-826
-836
936
-933
-935
-945
845
-841
-843
-848
868
-861
-863
761
-762
-731
735
831
-833
-835
823
-825
-725
-123
124
-214
-224
-324
143
-144
-146
-243
-263
-174
176
-276
714
-712
722
-724
-422
-622
-223
225
213
-219
-325
328
-335
-338
339
-275
274
-374
375
-244
-264
344
-349
-613
612
-512
519
-439
-549
-569
-642
-662
-682
482
-484
-488
-442
-462
-623
633
-636
-638
-428
-628
438
-436
-448
-468
-478
641
-644
-646
-648
-661
-943
942
-962
963
-542
548
562
-568
-668
-444
-474
477
-677
464
-466
-469
-664
666
-446
449
426
-427
-626
627
246
-249
-266
269
-674
678
684
-688
