146
-141
-142
-143
-144
-145
-147
-148
-149
-156
-166
-246
-256
-266
-346
-356
-366
-116
-126
-136
-176
-186
-196
-446
-546
-646
-746
-846
-946
175
-171
-172
-173
-174
-177
-178
-179
-185
-195
-275
-285
-295
-375
-385
-395
-115
-125
-135
-155
-165
-475
-575
-675
-775
-875
-975
228
-221
-222
-223
-224
-225
-226
-227
-229
-118
-128
-138
-218
-238
-318
-328
-338
-248
-258
-268
-278
-288
-298
-428
-528
-628
-728
-828
-928
282
-281
-283
-284
-286
-287
-289
-182
-192
-272
-292
-372
-382
-392
-212
-232
-242
-252
-262
-482
-582
-682
-782
-882
-982
313
-311
-312
-314
-315
-316
-317
-319
-113
-123
-133
-213
-233
-323
-333
-343
-353
-363
-373
-383
-393
-413
-513
-613
-713
-813
-913
351
-352
-354
-355
-357
-358
-359
-151
-161
-241
-251
-261
-341
-361
-321
-331
-371
-381
-391
-451
-551
-651
-751
-851
-951
457
-452
-453
-454
-455
-456
-458
-459
-447
-467
-547
-557
-567
-647
-657
-667
-417
-427
-437
-477
-487
-497
-157
-257
-757
-857
-957
471
-472
-473
-474
-476
-478
-479
-481
-491
-571
-581
-591
-671
-681
-691
-411
-421
-431
-441
-461
-271
-771
-871
-971
493
-492
-494
-495
-496
-498
-499
-483
-573
-583
-593
-673
-683
-693
-423
-433
-443
-463
-193
-293
-793
-893
-993
525
-521
-522
-523
-524
-526
-527
-529
-415
-425
-435
-515
-535
-615
-625
-635
-545
-555
-565
-585
-595
-325
-725
-825
-925
574
-572
-576
-577
-578
-579
-484
-584
-594
-674
-684
-694
-514
-534
-544
-554
-564
-274
-374
-774
-874
-974
642
-641
-643
-644
-645
-648
-649
-442
-462
-542
-552
-562
-652
-662
-612
-622
-632
-672
-692
592
-596
-597
-598
-599
-512
-532
-342
-742
-842
-942
-792
-892
-992
745
-741
-743
-744
-747
-748
-749
-755
-765
-845
-855
-865
-945
-955
-965
-715
-735
-785
-795
-245
-345
-445
762
-761
-763
-764
-766
-767
-768
-769
-752
-852
-862
-952
-962
-712
-722
-732
-772
152
-153
-154
-158
-159
-162
-362
-112
-122
-132
788
-781
-783
-784
-786
-787
-789
-778
-798
-878
-888
-898
-978
-988
-998
-718
-738
-758
-188
-388
-488
-588
-688
831
-832
-833
-834
-835
-836
-837
-838
-839
-711
-721
-731
-811
-821
-911
-921
-931
791
-794
-796
-797
-799
-881
-891
-981
-991
-841
-861
-131
-231
-531
-631
181
-183
-184
-187
-189
-191
-291
273
-276
-277
-279
-111
-121
211
-214
-215
-216
-217
-219
163
-164
-167
-168
-169
-243
-253
-263
198
-194
-197
-199
-378
-398
-511
-611
621
-623
-624
-626
-627
-629
-661
-563
-663
-863
-963
-773
-873
-973
678
-676
-677
-679
-698
-618
-638
-658
-668
914
-912
-915
-916
-917
-918
-919
-714
-724
-734
-814
-824
-924
-934
754
-753
-756
-759
-844
-854
-864
-944
-954
-964
-984
-994
-114
-414
-614
815
-812
-816
-817
-818
-819
-935
938
-932
-933
-936
-937
-939
-885
-895
-948
-958
-968
412
-416
-418
-419
-422
-432
518
-516
-517
-519
-438
-538
-548
-558
-568
332
-334
-335
-336
-337
-339
-322
235
-234
-236
-237
-239
326
-324
-327
-329
-255
-265
365
-364
-367
-368
-369
348
-344
-347
-349
296
-294
-297
-299
-376
-386
-396
-426
-726
-826
-926
-448
468
-464
-465
-466
-469
485
-486
-489
-685
-695
436
-434
-439
-536
-616
-636
716
-717
-719
-736
-776
-848
-254
259
-249
-269
-654
655
-653
-656
-659
-665
633
-634
-637
-639
-533
424
-429
-444
449
664
-666
-669
-549
-559
-569
-124
134
-137
-139
-733
723
-727
-729
-823
-923
244
-247
-264
267
-849
-949
858
-853
-856
-859
-868
-959
-867
-967
-985
995
-996
-997
-999
-696
686
-687
-689
-586
-886
-986
-896
-117
119
127
-129
617
-619
-537
539
587
-589
-697
699
-827
-927
737
-739
-777
779
-879
-889
-899
-979
-989
-379
377
-387
-397
-877
-977
-887
-987
983
-883
884
-894
897
843
-847
-943
-953
956
-866
869
-966
947
-941
961
-969
876
-872
972
-976
822
-829
-922
929
541
-543
-561
566
553
-556
-384
389
394
-399
