146
-141
-142
-143
-144
-145
-147
-148
-149
-156
-166
-246
-256
-266
-346
-356
-366
-116
-126
-136
-176
-186
-196
-446
-546
-646
-746
-846
-946
174
-171
-172
-173
-175
-177
-178
-179
-184
-194
-274
-284
-294
-374
-384
-394
-114
-124
-134
-154
-164
-474
-574
-674
-774
-874
-974
211
-212
-213
-214
-215
-216
-217
-218
-219
-111
-121
-131
-221
-231
-311
-321
-331
-241
-251
-261
-271
-281
-291
-411
-511
-611
-711
-811
-911
237
-232
-233
-234
-235
-236
-238
-239
-117
-127
-137
-227
-317
-327
-337
-247
-257
-267
-277
-287
-297
-437
-537
-637
-737
-837
-937
313
-312
-314
-315
-316
-318
-319
-113
-123
-133
-223
-323
-333
-343
-353
-363
-373
-383
-393
-413
-513
-613
-713
-813
-913
355
-351
-352
-354
-357
-358
-359
-155
-165
-245
-255
-265
-345
-365
-325
-335
-375
-385
-395
-455
-555
-655
-755
-855
-955
453
-451
-452
-454
-456
-457
-458
-459
-443
-463
-543
-553
-563
-643
-653
-663
-423
-433
-473
-483
-493
-153
-253
-753
-853
-953
487
-481
-482
-484
-485
-486
-488
-489
-477
-497
-577
-587
-597
-677
-687
-697
-417
-427
-447
-467
-187
-387
-787
-887
-987
522
-521
-523
-524
-525
-526
-527
-528
-529
-412
-422
-432
-512
-532
-612
-622
-632
-542
-552
-562
-572
-582
-592
-122
-222
-322
-722
-822
-922
578
-571
-573
-575
-576
-579
-478
-498
-588
-598
-678
-688
-698
-518
-538
-548
-558
-568
-278
-378
-778
-878
-978
615
-614
-616
-617
-618
-619
-415
-425
-435
-515
-535
-625
-635
-645
-665
-675
-685
-695
-115
-715
-815
-915
726
-721
-723
-724
-725
-727
-728
-729
-716
-736
-816
-826
-836
-916
-926
-936
-756
-766
-776
-786
-796
-226
-326
336
-332
-334
-338
-339
-376
-386
-396
-426
-626
-436
-536
-636
742
-741
-743
-744
-745
-747
-748
-749
-752
-762
-842
-852
-862
-942
-952
-962
-712
-732
-772
-782
-792
-242
-342
-442
-642
764
-761
-763
-765
-767
-768
-769
-754
-844
-854
-864
-944
-954
-964
-714
-734
-784
-794
-264
-364
-464
-564
-664
883
-881
-882
-884
-885
-886
-888
-889
-773
-783
-793
-873
-893
-973
-983
-993
733
-731
-735
-738
-739
-823
-833
-923
-933
-843
-863
623
-621
-624
-627
-628
-629
-533
-633
517
-514
-516
-519
416
-414
-418
-419
-466
-476
-496
-547
-557
-567
-673
-683
-693
-717
-817
-917
273
-272
-275
-276
-279
-183
-193
-283
-293
163
-161
-162
-167
-168
-169
-243
-263
943
-941
-945
-947
-948
-949
-963
-583
593
-591
-594
-595
-596
-599
891
-892
-894
-895
-896
-897
-898
-899
-771
-781
-791
-871
-971
-981
-991
751
-757
-758
-759
-841
-851
-861
-951
-961
-821
-831
-151
-551
-651
-191
181
-182
-185
-188
-189
-371
-381
-391
-581
-681
-491
-691
968
-965
-966
-967
-969
-848
-858
-868
-958
-918
-928
-938
-988
-998
-268
-368
-468
-668
-112
132
-135
-138
-139
-152
-192
-832
-932
118
-119
-128
-228
-328
-158
-198
-718
719
-819
-829
-839
-919
-929
-939
-779
-789
-799
-818
125
-129
-225
-195
-825
-925
-157
159
-249
-259
-269
262
-252
-362
-349
-369
197
-199
-377
-397
-282
-292
652
-654
-656
-657
-658
-659
-462
-662
-672
-682
-692
258
-254
-248
244
-344
-348
-224
229
324
-329
-288
-298
-289
-299
-424
-824
-924
-429
-444
-544
-644
554
-556
-559
-534
-584
-859
-959
-797
777
-775
-877
-977
-997
285
-286
-295
296
-585
-785
788
-798
795
-875
-975
-985
-995
935
-931
-934
921
-927
-835
827
-828
838
-834
814
-812
912
-914
872
-876
-879
-972
-982
-992
-847
-857
856
-866
-956
957
-867
-421
428
-438
-638
-448
648
-641
-647
-649
667
-661
-666
-669
566
-561
-565
-569
545
-541
-549
-445
-465
531
-539
-431
-631
-586
589
-479
-499
-679
-689
-699
671
-676
-471
639
-634
434
-439
-494
-845
849
865
-869
347
-341
361
-367
441
-449
-461
469
-372
379
-389
-399
-472
475
492
-495
976
-979
-986
-996
382
-388
-392
398
686
-684
694
-696
984
-989
-994
999
