138
-131
-132
-133
-134
-135
-136
-137
-139
-118
-128
-218
-228
-238
-318
-328
-338
-148
-158
-168
-178
-188
-198
-438
-538
-638
-738
-838
-938
142
-141
-143
-144
-145
-146
-147
-149
-152
-162
-242
-252
-262
-342
-352
-362
-112
-122
-172
-182
-192
-442
-542
-642
-742
-842
-942
174
-171
-173
-175
-176
-177
-179
-184
-194
-274
-284
-294
-374
-384
-394
-114
-124
-154
-164
-474
-574
-674
-774
-874
-974
229
-221
-222
-223
-224
-225
-226
-227
-119
-129
-219
-239
-319
-329
-339
-249
-259
-269
-279
-289
-299
-429
-529
-629
-729
-829
-929
234
-231
-232
-233
-235
-236
-237
-214
-314
-324
-334
-244
-254
-264
-434
-534
-634
-734
-834
-934
257
-251
-253
-255
-256
-258
-157
-167
-247
-267
-347
-357
-367
-217
-277
-287
-297
-457
-557
-657
-757
-857
-957
261
-263
-265
-266
-268
-151
-161
-241
-341
-351
-361
-211
-271
-281
-291
-461
-561
-661
-761
-861
-961
273
-272
-275
-276
-278
-183
-193
-283
-293
-373
-383
-393
-213
-243
-473
-573
-673
-773
-873
-973
285
-282
-286
-288
-185
-195
-295
-375
-385
-395
-215
-245
-485
-585
-685
-785
-885
-985
321
-322
-323
-325
-326
-327
-111
-121
-311
-331
-371
-381
-391
-421
-521
-621
-721
-821
-921
354
-353
-355
-356
-358
-359
-344
-364
-454
-554
-654
-754
-854
-954
396
-392
-397
-398
-399
-186
-196
-296
-376
-386
-316
-336
-346
-366
-496
-596
-696
-796
-896
-996
414
-411
-412
-413
-415
-416
-417
-418
-419
-424
-514
-524
-614
-624
-444
-464
-484
-494
-714
-814
-914
431
-432
-433
-435
-436
-437
-439
-511
-531
-611
-631
-441
-451
-471
-481
-491
-731
-831
-931
467
-462
-463
-465
-466
-468
-469
-447
-547
-567
-647
-667
-427
-477
-487
-497
-767
-867
-967
482
-483
-486
-488
-489
-472
-492
-572
-582
-592
-672
-682
-692
-422
-452
-382
-782
-882
-982
493
-495
-498
-499
-583
-593
-683
-693
-423
-443
-453
-793
-893
-993
522
-523
-525
-526
-527
-528
-512
-532
-612
-622
-632
-552
-562
-722
-822
-922
553
-551
-555
-556
-558
-559
-543
-563
-643
-653
-663
-513
-533
-153
-753
-853
-953
628
-623
-625
-626
-627
-428
-518
-618
-648
-658
-668
-678
-688
-698
-728
-828
-928
641
-644
-645
-646
-649
-541
-651
-671
-681
-691
-741
-841
-941
652
-655
-656
-659
-662
-752
-852
-952
694
-695
-697
-699
-584
-594
-684
-664
-794
-894
-994
715
-711
-712
-713
-716
-717
-718
-719
-725
-735
-815
-825
-835
-915
-925
-935
-745
-755
-765
-775
-795
-115
-315
-515
-615
724
-723
-726
-727
-824
-924
-744
-764
-784
739
-732
-733
-736
-737
-819
-839
-919
-939
-749
-759
-769
-779
-789
-799
-539
-639
751
-756
-758
-851
-951
-771
-781
-791
776
-772
-777
-778
-786
-876
-886
-976
-986
-746
-766
-476
-576
-676
788
-783
-787
-798
-878
-888
-898
-978
-988
-998
-748
-768
-388
-588
811
-812
-813
-816
-817
-818
-911
918
-912
-913
-916
-917
-871
-881
-891
-948
-958
-968
827
-823
-826
-837
-927
-937
-847
-877
-887
-897
-127
836
-832
-833
932
-933
-936
923
-926
-846
-856
-866
-962
-972
-992
-943
-963
-983
883
-884
-889
984
-981
-987
-989
-843
-863
-944
-964
-123
-332
-536
-636
858
-855
-859
-848
-868
-458
965
-966
-969
-845
-865
-945
-955
-975
-995
-165
-365
-565
-665
971
-977
-979
-991
-571
-113
163
-166
-169
-343
-363
743
-747
-763
762
-862
947
-946
-949
956
-959
-792
797
-997
999
-879
-899
-156
246
-248
-216
212
-312
-292
298
372
-377
-378
-379
-446
-546
-456
426
-425
-516
-616
116
-117
-126
125
-335
-155
159
345
-348
-349
368
-369
-189
-199
389
-387
-445
-545
455
-459
-475
-568
-872
875
892
-895
-575
-675
595
-591
-597
-598
-599
581
-586
-587
-589
686
-687
-689
-535
537
635
-633
-637
613
-617
-619
-517
519
566
-564
-569
544
-548
-549
-666
669
448
-449
-478
479
578
-577
-579
677
-679
-313
317
333
-337
-844
849
864
-869
-181
187
191
-197
