123
-121
-122
-124
-125
-126
-127
-128
-129
-113
-133
-213
-223
-233
-313
-323
-333
-143
-153
-163
-173
-183
-193
-423
-523
-623
-723
-823
-923
164
-161
-162
-165
-166
-167
-168
-169
-144
-154
-244
-254
-264
-344
-354
-364
-114
-134
-174
-184
-194
-464
-564
-664
-764
-864
-964
185
-181
-182
-186
-187
-188
-189
-175
-195
-275
-285
-295
-375
-385
-395
-115
-135
-145
-155
-485
-585
-685
-785
-885
-985
299
-291
-292
-293
-294
-296
-297
-298
-179
-199
-279
-289
-379
-389
-399
-219
-229
-239
-249
-259
-269
-499
-599
-699
-799
-899
-999
316
-311
-312
-314
-315
-317
-318
-319
-116
-136
-216
-226
-236
-326
-336
-346
-356
-366
-376
-386
-396
-416
-516
-616
-716
-816
-916
325
-321
-322
-324
-327
-328
-329
-215
-225
-235
-335
-345
-355
-365
-425
-525
-625
-725
-825
-925
349
-341
-342
-343
-347
-348
-149
-159
-359
-369
-339
-449
-549
-649
-749
-849
-949
357
-351
-352
-353
-358
-147
-157
-247
-257
-267
-367
-337
-377
-387
-397
-457
-557
-657
-757
-857
-957
437
-431
-432
-433
-434
-435
-436
-438
-439
-417
-427
-517
-527
-537
-617
-627
-637
-447
-467
-477
-487
-497
-137
-237
-737
-837
-937
443
-441
-442
-444
-445
-446
-448
-453
-463
-543
-553
-563
-643
-653
-663
-413
-473
-483
-493
-243
-743
-843
-943
478
-471
-472
-474
-475
-476
-479
-488
-498
-578
-588
-598
-678
-688
-698
-418
-428
-458
-468
-178
-278
-378
-778
-878
-978
484
-481
-482
-486
-489
-494
-574
-584
-594
-674
-684
-694
-414
-424
-454
-284
-384
-784
-884
-984
547
-541
-542
-544
-545
-546
-548
-567
-647
-667
-577
-587
-597
-747
-847
-947
565
-561
-562
-566
-568
-569
-455
-465
-555
-645
-655
-665
-515
-535
-575
-595
-265
-765
-865
-965
629
-621
-622
-624
-626
-628
-419
-429
-519
-529
-539
-619
-639
-659
-669
-679
-689
-729
-829
-929
638
-631
-632
-633
-634
-635
-636
-518
-528
-538
-618
558
-551
-552
-554
-556
-559
-648
-658
-668
-138
-238
-338
-738
-838
-938
-158
-258
-758
-858
-958
662
-661
-666
-452
-462
-642
-652
-612
-672
-682
-692
-262
-362
-762
-862
-962
676
-671
-673
-675
-677
-496
-576
-586
-596
-686
-696
-646
-656
-176
-276
-776
-876
-976
756
-751
-752
-753
-754
-755
-759
-746
-766
-846
-856
-866
-946
-956
-966
-726
-736
-786
-796
-156
-256
-456
466
-461
-469
459
-451
-426
-859
-959
-266
769
-761
-763
-767
-768
-869
-969
-719
-739
-779
-789
788
-781
-782
-783
-787
-798
-888
-898
-988
-998
-718
-728
-748
-288
-388
791
-792
-793
-794
-795
-797
-771
-871
-881
-891
-971
-981
-991
-711
-721
-731
-741
-191
-391
-491
-591
-691
814
-811
-812
-813
-815
-817
-818
-819
-714
-724
-734
-824
-834
-914
-924
-934
-844
-854
-874
-894
-214
-514
-614
926
-921
-922
-927
-928
-826
-836
-936
-986
-996
-526
536
-531
-532
-533
-534
524
-521
-522
-224
944
-941
-942
-945
-948
-744
-954
774
-772
-773
-775
-777
-974
-994
-644
641
-651
654
-611
-681
-141
-241
-841
-274
234
-231
-232
-334
-374
394
-392
-393
-398
198
-192
-196
-197
286
-281
-282
-283
-287
146
-142
-148
-246
-118
368
-361
-363
-248
-268
848
-842
-845
-868
-968
-828
918
-911
-912
-913
-915
-917
-919
-218
228
-221
-222
-227
119
-111
-112
-117
217
-211
-212
-139
177
-171
-172
-277
-717
727
-722
-827
-877
-977
-886
896
-892
-893
-895
-897
982
-983
-987
-989
-872
-882
-972
-992
-932
-952
-382
-582
-131
132
331
-332
151
-152
-251
-261
263
-253
271
-272
-273
-371
-381
383
372
-373
-831
-931
821
-822
-851
-861
-421
422
-412
-512
411
-415
-511
513
-613
615
-492
495
-695
-573
-583
-593
592
-572
712
-713
-715
-732
-832
-742
745
852
-853
-855
-955
733
-735
-833
-933
242
-245
-252
255
-951
953
961
-963
-967
-863
867
-887
997
-993
-995
-973
-571
579
581
-589
873
-875
-879
-883
889
975
-979
835
-839
-935
939
-683
687
693
-697
