177
-171
-172
-173
-174
-175
-176
-178
-179
-187
-197
-277
-287
-297
-377
-387
-397
-117
-127
-137
-147
-157
-167
-477
-577
-677
-777
-877
-977
212
-211
-213
-214
-215
-216
-217
-218
-219
-112
-122
-132
-222
-232
-312
-322
-332
-242
-252
-262
-272
-282
-292
-412
-512
-612
-712
-812
-912
239
-231
-233
-234
-235
-236
-237
-238
-119
-129
-139
-229
-319
-329
-339
-249
-259
-269
-279
-289
-299
-439
-539
-639
-739
-839
-939
245
-241
-243
-244
-246
-247
-248
-145
-155
-165
-255
-265
-345
-355
-365
-225
-275
-285
-295
-445
-545
-645
-745
-845
-945
253
-251
-254
-256
-257
-258
-143
-153
-163
-263
-343
-353
-363
-223
-273
-283
-293
-453
-553
-653
-753
-853
-953
278
-271
-274
-276
-188
-198
-288
-298
-378
-388
-398
-228
-268
-478
-578
-678
-778
-878
-978
392
-391
-393
-394
-395
-396
-399
-182
-192
-372
-382
-342
-352
-362
-492
-592
-692
-792
-892
-992
411
-413
-414
-415
-416
-417
-418
-419
-421
-431
-511
-521
-531
-611
-621
-631
-441
-451
-461
-471
-481
-491
-111
-311
-711
-811
-911
446
-442
-443
-444
-447
-448
-449
-456
-466
-546
-556
-566
-646
-656
-666
-426
-436
-476
-486
-496
-146
-346
-746
-846
-946
452
-454
-455
-457
-458
-459
-462
-542
-552
-562
-642
-652
-662
-422
-432
-472
-482
-152
-752
-852
-952
474
-473
-475
-479
-484
-494
-574
-584
-594
-674
-684
-694
-424
-434
-464
-374
-774
-874
-974
498
-493
-495
-497
-499
-488
-588
-598
-688
-698
-428
-438
-468
-798
-898
-998
517
-513
-514
-515
-516
-518
-519
-427
-437
-527
-537
-617
-627
-637
-547
-557
-567
-587
-597
-317
-717
-817
-917
541
-543
-544
-548
-549
-551
-561
-641
-651
-661
-571
-581
-591
-141
-341
-741
-841
-941
593
-595
-596
-599
-483
-573
-583
-673
-683
-693
-523
-533
-563
-193
-793
-893
-993
613
-614
-615
-616
-618
-619
-423
-433
435
-623
-633
-425
429
-525
-535
-625
-635
-529
-629
463
-465
-467
-469
-643
-663
-485
487
-489
-687
-697
-113
-313
-713
-813
-913
-729
-829
-929
-135
-335
-735
-835
-935
-763
-863
-963
-787
-887
-987
638
-632
-634
-636
-528
-538
-628
-648
-658
-668
-138
-338
-738
-838
-938
657
-654
-655
-659
-647
-667
-357
-757
-857
-957
664
-665
-669
-554
-564
-644
649
-559
-569
-624
-679
-689
-699
-149
-349
-749
-849
-949
-164
-264
-364
-764
-864
-964
696
-691
-695
-576
-586
-676
-686
-626
622
-522
-532
-672
-682
-722
-822
-922
-196
-296
-796
-896
-996
716
-714
-715
-718
-719
-726
-736
-816
-826
-836
-916
-926
-936
-756
-766
-776
-786
-116
-316
833
-831
-832
-834
-837
-723
-733
-823
-923
-933
-843
-873
-883
-133
-333
859
-851
-854
-855
-856
-858
-759
-769
-869
-959
-969
-819
919
-914
-915
-918
-879
-889
-899
-979
-989
-999
-159
-359
865
-861
-862
-866
-867
-868
-755
-765
-955
-965
-815
-825
-875
-885
-895
555
-558
-565
568
-575
-585
-168
-368
-768
-968
872
-871
-876
-772
-782
-882
-972
-982
-842
886
-881
-884
-888
-976
-986
-572
579
582
-589
376
-371
-373
-375
-379
-186
-286
-386
-326
-336
-356
-366
-779
897
-891
-894
-797
-997
821
-824
-827
-828
-721
-731
-921
-931
-847
-121
-221
-321
934
-932
-937
732
-734
-737
-724
-814
818
-924
-728
-928
-742
-762
844
-848
-744
-754
-944
-954
-984
-994
-118
-318
-134
-334
-534
536
524
-526
-124
-224
-324
-136
131
-331
337
-227
226
-126
-327
-151
-161
-181
-191
-266
267
-261
-347
-367
-144
-344
348
-148
142
-162
-158
-358
128
-123
-125
323
-325
-328
183
-184
-185
-189
-383
-942
962
-961
-966
-967
956
-951
-958
-748
-948
758
-751
761
-767
-771
-781
-791
-788
988
-981
-983
-985
351
-354
-361
369
154
-156
166
-169
-114
115
314
-315
-194
-195
199
385
-381
-384
-389
-783
-685
681
-671
675
971
-973
-975
-991
995
773
-775
-785
-795
-743
747
943
-947
725
-727
-925
927
-281
284
291
-294
-784
789
794
-799
