124
-121
-122
-123
-125
-126
-127
-128
-129
-114
-134
-214
-224
-234
-314
-324
-334
-144
-154
-164
-174
-184
-194
-424
-524
-624
-724
-824
-924
157
-151
-152
-153
-155
-156
-158
-159
-147
-167
-247
-257
-267
-347
-357
-367
-117
-137
-177
-187
-197
-457
-557
-657
-757
-857
-957
182
-181
-183
-185
-186
-188
-189
-172
-192
-272
-282
-292
-372
-382
-392
-112
-132
-142
-162
-482
-582
-682
-782
-882
-982
229
-221
-222
-223
-225
-226
-227
-228
-119
-139
-219
-239
-319
-329
-339
-249
-259
-269
-279
-289
-299
-429
-529
-629
-729
-829
-929
243
-241
-242
-244
-245
-246
-248
-143
-163
-253
-263
-343
-353
-363
-213
-233
-273
-283
-293
-443
-543
-643
-743
-843
-943
254
-251
-252
-255
-256
-258
-264
-344
-354
-364
-274
-284
-294
-454
-554
-654
-754
-854
-954
268
-261
-262
-265
-266
-148
-168
-348
-358
-368
-218
-238
-278
-288
-298
-468
-568
-668
-768
-868
-968
291
-295
-296
-297
-171
-191
-271
-281
-371
-381
-391
-211
-231
-491
-591
-691
-791
-891
-991
425
-421
-422
-423
-426
-427
-428
-415
-435
-515
-525
-535
-615
-625
-635
-445
-455
-465
-475
-485
-495
-325
-725
-825
-925
447
-441
-442
-444
-446
-448
-449
-467
-547
-567
-647
-667
-417
-437
-477
-487
-497
-747
-847
-947
458
-451
-452
-453
-456
-459
-548
-558
-648
-658
-418
-438
-478
-488
-498
-758
-858
-958
466
-461
-462
-463
-464
-469
-546
-556
-566
-646
-656
-666
-416
-436
-476
-486
-496
-166
-366
-766
-866
-966
481
-483
-484
-489
-471
-571
-581
-671
-681
-411
-431
-781
-881
-981
494
-492
-493
-499
-474
-574
-584
-594
-674
-684
-694
-414
-434
-394
-794
-894
-994
528
-521
-522
-523
-526
-527
-518
-538
-618
-628
-638
-578
-588
-598
-328
-728
-828
-928
536
-531
-532
-533
-534
-537
-539
-516
-616
-626
-636
-576
-586
-596
-136
-236
-336
-736
-836
-936
687
-683
-685
-686
-688
-689
-577
-587
-597
-677
-697
517
-511
-512
-513
-514
-519
-617
-627
-637
-217
-317
-717
-817
-917
-287
-387
-787
-887
-987
718
-711
-712
-713
-714
-715
-716
-719
-738
-818
-838
-918
-938
-748
-778
-788
-798
-118
-318
727
-721
-722
-723
-726
-737
-827
-837
-927
-937
-767
-777
-797
-327
731
-732
-733
-734
-735
-739
-811
-821
-831
-911
-921
-931
-741
-751
-761
-771
-131
-331
-631
756
-752
-753
-755
-759
-746
-846
-856
-946
-956
-776
-786
-796
-356
793
-792
-795
-799
-773
-783
-873
-883
-893
-973
-983
-993
-763
-193
-393
-593
-693
833
-832
-834
-835
-839
-813
-823
-913
-923
-933
-853
-863
-133
-333
-433
-633
848
-841
-842
-844
-845
-849
-948
-878
-888
-898
879
-871
-872
-874
-875
-876
-877
971
-972
-974
-975
-976
-977
-978
-979
-779
-789
-889
-899
-989
-999
-819
-859
-869
-941
-951
-961
-179
-379
-479
-579
-679
-111
113
-115
-116
-313
-323
-173
-413
473
-472
-573
-583
-673
-613
623
-621
-622
611
-612
-614
-619
634
-632
-639
-641
-651
-661
-653
-663
-644
-664
-311
321
-322
-326
-341
-351
-361
-934
-373
383
-384
-385
-386
-388
-389
374
-375
-376
-377
-378
-774
277
-275
-276
-397
-237
337
-332
-335
-338
138
-135
-178
-198
398
-395
-396
-399
199
-195
-196
-149
-169
678
-672
-675
-676
696
-692
-695
-698
-699
176
-175
285
-286
-146
346
-342
-345
-349
-215
-235
232
-212
216
-312
315
-316
-355
-365
-815
-915
935
-932
-939
919
-912
-914
-916
814
-812
-816
-864
-884
-945
-955
-965
-985
-995
-949
-959
-969
412
-419
-432
439
-585
589
-599
-549
-559
-569
-785
784
-984
-744
-764
-885
886
-896
-986
988
-996
-998
-826
822
-922
926
-852
-862
-892
-141
145
161
-165
541
-542
-544
-545
-551
-561
564
-562
-563
-565
553
-552
-555
944
-942
-964
-645
-745
851
-855
-861
-953
952
-742
749
-762
-962
963
-967
867
-865
765
-769
772
-775
-992
997
895
-897
642
-649
-652
-662
-352
359
362
-369
655
-659
-665
669
-572
575
592
-595
