149
-141
-142
-143
-144
-145
-146
-147
-148
-159
-169
-249
-259
-269
-349
-359
-369
-119
-129
-139
-179
-189
-199
-449
-549
-649
-749
-849
-949
172
-171
-173
-174
-175
-176
-177
-178
-182
-192
-272
-282
-292
-372
-382
-392
-112
-122
-132
-152
-162
-472
-572
-672
-772
-872
-972
225
-221
-222
-223
-224
-226
-227
-228
-229
-115
-125
-135
-215
-235
-315
-325
-335
-245
-255
-265
-275
-285
-295
-425
-525
-625
-725
-825
-925
257
-251
-252
-253
-254
-256
-258
-157
-167
-247
-267
-347
-357
-367
-217
-237
-277
-287
-297
-457
-557
-657
-757
-857
-957
262
-261
-263
-264
-266
-268
-242
-342
-352
-362
-212
-232
-462
-562
-662
-762
-862
-962
278
-271
-273
-274
-276
-279
-188
-198
-288
-298
-378
-388
-398
-218
-238
-248
-478
-578
-678
-778
-878
-978
318
-311
-312
-313
-314
-316
-317
-319
-118
-128
-138
-328
-338
-348
-358
-368
-418
-518
-618
-718
-818
-918
343
-341
-344
-345
-346
-153
-163
-243
-353
-363
-323
-333
-373
-383
-393
-443
-543
-643
-743
-843
-943
376
-371
-374
-375
-377
-379
-186
-196
-286
-296
-386
-396
-326
-336
-356
-366
-476
-576
-676
-776
-876
-976
397
-391
-394
-395
-399
-187
-197
-387
-327
-337
-497
-597
-697
-797
-897
-997
424
-421
-422
-423
-426
-427
-428
-429
-414
-434
-514
-524
-534
-614
-624
-634
-444
-454
-464
-474
-484
-494
-124
-324
-724
-824
-924
446
-441
-442
-445
-447
-448
-456
-466
-546
-556
-566
-646
-656
-666
-416
-436
-486
-496
-246
-746
-846
-946
539
-531
-532
-533
-535
-536
-537
-538
-419
-439
-519
-529
-619
-629
-639
-559
-569
-579
-589
-599
-239
-339
-739
-839
-939
542
-541
-544
-545
-547
-548
-452
-552
-642
-652
-512
-522
-582
-592
-742
-842
-942
563
-561
-564
-565
-567
-568
-453
-463
-553
-653
-663
-513
-523
-573
-583
-593
-763
-863
-963
575
-571
-574
-577
-475
-485
-495
-585
-595
-675
-685
-695
-515
-555
-775
-875
-975
591
-594
-596
-598
-471
-481
-491
-581
-671
-681
-691
-511
-521
-551
-191
-291
-791
-891
-991
668
-661
-664
-665
-667
-669
-458
-468
-558
554
-644
-654
-648
-658
-584
-628
-638
-688
-698
-154
-354
-754
-854
-954
-168
158
-151
-155
-156
166
-161
-164
-165
-116
-126
-136
-758
-858
-958
-766
-866
-966
-768
-868
-968
689
-682
-683
-684
-686
-687
-479
-489
-499
-679
-699
-659
-289
-389
299
-293
-294
-219
329
-321
-322
332
-331
-334
-729
-829
-929
-432
-632
-732
-832
-932
-789
-889
-989
-799
-899
-999
715
-711
-712
-713
-714
-716
-717
-719
-735
-815
-835
-915
-935
-745
-755
-765
-785
-795
-415
-615
731
-733
-734
-736
-737
-738
-721
-811
-821
-831
-911
-921
-931
-741
-751
-761
-771
-781
-131
-231
-431
-631
769
-764
-767
-759
-859
-869
-959
-969
-779
459
-451
-455
-469
794
-792
-793
-796
-798
-774
-784
-874
-884
-894
-974
-984
-994
-744
674
-673
-677
-694
-194
834
-833
-836
-837
-838
-814
-914
-934
-844
-864
-134
-234
847
-841
-845
-848
-747
748
-867
-947
-967
-948
-728
-788
-817
-827
-877
-887
-647
467
-461
-465
411
-412
-413
-417
-611
-621
435
-433
-437
-438
-635
528
-526
-527
-477
473
-483
-493
-693
-487
587
-586
-588
696
-692
516
-517
-616
-626
-636
-111
-211
121
-123
-127
-181
-216
236
-233
-816
-916
-828
-928
938
-933
-936
-937
-988
-998
-773
777
-787
-977
-987
-727
-873
-973
-896
-996
852
-851
-853
-855
-856
-752
-952
-812
-822
-882
-892
888
-881
-883
-885
-886
-898
826
-823
-726
-926
-488
482
-492
498
-782
722
-723
-912
-922
612
-613
-617
-622
-982
992
-993
-995
964
-961
-965
-944
244
-241
-364
281
-283
-284
-381
213
-214
-113
-133
137
114
-117
-184
384
-385
-813
819
-919
893
-895
-783
786
-983
985
-981
-986
753
-756
-953
956
-951
-955
865
-861
941
-945
871
-879
-971
979
-913
917
923
-927
-623
627
633
-637
-641
645
651
-655
-351
355
361
-365
183
-185
-193
195
