122
-121
-123
-124
-125
-126
-127
-128
-129
-112
-132
-212
-222
-232
-312
-322
-332
-142
-152
-162
-172
-182
-192
-422
-522
-622
-722
-822
-922
148
-141
-143
-144
-145
-146
-147
-149
-158
-168
-248
-258
-268
-348
-358
-368
-118
-138
-178
-188
-198
-448
-548
-648
-748
-848
-948
151
-153
-154
-155
-156
-157
-159
-161
-241
-251
-261
-341
-351
-361
-111
-131
-171
-181
-191
-451
-551
-651
-751
-851
-951
173
-174
-175
-176
-177
-179
-183
-193
-273
-283
-293
-373
-383
-393
-113
-133
-163
-473
-573
-673
-773
-873
-973
252
-253
-254
-255
-256
-257
-259
-242
-262
-342
-352
-362
-272
-282
-292
-452
-552
-652
-752
-852
-952
267
-263
-264
-265
-266
-269
-167
-247
-347
-357
-367
-217
-227
-237
-277
-287
-297
-467
-567
-667
-767
-867
-967
334
-331
-333
-335
-336
-337
-338
-339
-114
-134
-214
-224
-234
-314
-324
-344
-354
-364
-374
-384
-394
-434
-534
-634
-734
-834
-934
371
-372
-375
-376
-377
-378
-379
-271
-281
-291
-381
-391
-311
-321
-471
-571
-671
-771
-871
-971
385
-382
-386
-387
-388
-389
392
-395
-396
-397
-398
-399
-185
-195
-275
-285
-295
-315
-325
-345
-355
-365
-485
-585
-685
-785
-885
-985
-492
-592
-692
-792
-892
-992
429
-421
-423
-424
-425
-426
-427
-428
-419
-439
-519
-529
-539
-619
-629
-639
-449
-459
-469
-479
-489
-499
-229
-329
-729
-829
-929
458
-453
-454
-455
-456
-457
-468
-558
-568
-658
-668
-418
-438
-478
-488
-498
-758
-858
-958
472
-474
-475
-476
-477
-482
-572
-582
-672
-682
-412
-432
-442
-462
-772
-872
-972
543
-541
-542
-544
-545
-546
-547
-549
-443
-463
-553
-563
-643
-653
-663
-513
-523
-533
-583
-593
-243
-343
-743
-843
-943
566
-561
-562
-564
-565
-569
-446
-466
-556
-646
-656
-666
-516
-526
-536
-576
-586
-596
-166
-366
-766
-866
-966
631
-632
-633
-635
-636
-637
-638
-411
-431
-511
-521
-531
-611
-621
-641
-661
-681
-691
-231
-731
-831
-931
659
-654
-655
-657
-559
-649
-669
-679
-689
-699
-359
-759
-859
-959
688
-683
-684
-686
-687
-578
-588
-598
-678
-698
-618
-628
-288
-788
-888
-988
728
-721
-723
-724
-725
-726
-727
-718
-738
-818
-828
-838
-918
-928
-938
-768
-778
-798
-228
-328
318
-313
-316
-317
-319
-218
-238
327
-323
-326
-117
-137
-518
-527
-627
-827
-927
-528
538
-532
-535
-537
512
-514
-515
-517
-612
-712
-812
-912
735
-732
-733
-736
-737
-739
-715
-815
-825
-835
-915
-925
-935
-745
-755
-765
-775
-795
-135
-235
-435
774
-776
-777
-779
-784
-794
-874
-884
-894
-974
-984
-994
-714
-744
-754
-764
-274
-574
-674
849
-841
-842
-844
-845
-846
-847
-749
-769
-869
-949
-969
-819
-839
-879
-889
-899
-249
-349
346
-246
-356
353
-363
369
-169
-746
-946
-753
-853
-953
856
-854
-855
-857
-756
757
-956
-747
-947
-957
-717
-787
-797
-816
-826
-836
-876
-886
-896
-557
936
-932
-933
-937
-939
832
-833
-837
-716
-916
-926
-862
-882
-976
-986
-996
-136
139
-119
-219
-239
-189
-199
-236
233
-213
-223
-433
-436
437
-417
-617
-447
647
-642
-644
-645
662
-664
-665
-487
-497
-677
-697
-762
-962
954
-955
-864
-944
-964
-914
-924
-554
555
-445
-465
-525
524
-414
-614
-624
-584
-594
-575
-595
694
-693
-695
-696
-484
-494
814
-811
-813
-817
-824
917
-911
-913
-919
719
-711
-713
-789
-799
-977
-987
-997
211
-215
-216
-221
-194
-294
968
-961
-963
-965
-868
-978
-998
981
-982
-983
-989
-781
-791
-881
-891
-991
782
-783
-786
796
-793
-742
741
-761
763
-861
-941
942
-945
-863
865
821
-823
-921
923
-875
-895
-993
-623
613
-615
-616
-413
-441
444
461
-464
-481
-491
-244
245
164
-165
-184
284
-286
-289
115
-116
-225
226
-276
-296
-415
416
625
-626
495
-493
-496
483
-486
-675
676
975
-979
-995
999
-581
591
-597
-599
-883
887
893
-897
-898
-877
878
577
-579
-587
589
-278
279
298
-299
186
-187
-196
197
