123
-121
-122
-124
-125
-126
-127
-128
-129
-113
-133
-213
-223
-233
-313
-323
-333
-143
-153
-163
-173
-183
-193
-423
-523
-623
-723
-823
-923
134
-131
-132
-135
-136
-137
-138
-139
-114
-214
-224
-234
-314
-324
-334
-144
-154
-164
-174
-184
-194
-434
-534
-634
-734
-834
-934
147
-141
-142
-145
-146
-148
-149
-157
-167
-247
-257
-267
-347
-357
-367
-117
-177
-187
-197
-447
-547
-647
-747
-847
-947
151
-152
-155
-156
-158
-159
-161
-241
-251
-261
-341
-351
-361
-111
-171
-181
-191
-451
-551
-651
-751
-851
-951
172
-175
-176
-178
-179
-182
-192
-272
-282
-292
-372
-382
-392
-112
-162
-472
-572
-672
-772
-872
-972
188
-185
-186
-189
-198
-278
-288
-298
-378
-388
-398
-118
-168
-488
-588
-688
-788
-888
-988
219
-211
-212
-215
-216
-217
-218
-119
-229
-239
-319
-329
-339
-249
-259
-269
-279
-289
-299
-419
-519
-619
-719
-819
-919
291
-293
-294
-295
-296
-297
-271
-281
-371
-381
-391
-221
-231
-491
-591
-691
-791
-891
-991
413
-411
-412
-414
-415
-416
-417
-418
-433
-513
-533
-613
-633
-443
-453
-463
-473
-483
-493
-713
-813
-913
421
-422
-424
-425
-426
-427
-428
-429
-431
-511
-521
-531
-611
-621
-631
-441
-461
-471
-481
-321
-721
-821
-921
446
-442
-444
-445
-448
-449
-456
-466
-546
-556
-566
-646
-656
-666
-436
-476
-486
-496
-246
-346
-746
-846
-946
478
-474
-475
-477
-479
-498
-578
-598
-678
-698
-438
-458
-468
-778
-878
-978
495
-492
-494
-497
-499
-485
-575
-585
-595
-675
-685
-695
-435
-455
-465
-195
-395
-795
-895
-995
527
-522
-524
-525
-526
-528
-529
-437
-517
-537
-617
-627
-637
-557
-567
-577
-587
-597
-227
-327
-727
-827
-927
541
-542
-543
-544
-545
-548
-549
-561
-641
-661
-571
-581
-741
-841
-941
558
-552
-553
-554
-555
-559
-568
-648
-658
-668
-518
-538
-258
-358
-758
-858
-958
582
-583
-584
-586
-589
-482
-592
-682
-692
-512
-532
-562
-782
-882
-982
711
-712
-714
-715
-716
-717
-718
-731
-811
-831
-911
-931
-761
-771
-781
-311
331
-332
-335
-336
-337
-338
728
-722
-724
-725
-726
-729
-738
-818
-828
-838
-918
-928
-938
-748
-768
-798
-228
-328
-628
739
-732
-733
-735
-736
-737
-829
-839
-929
-939
-749
-759
-769
-779
-789
-799
629
-622
-624
-625
-626
-439
432
-612
-632
-539
-639
-452
-462
-649
-659
-669
-679
-689
-699
-232
-832
-932
742
-743
-744
-745
-752
-762
-842
-852
-862
-942
-952
-962
-792
-242
-342
-642
757
-753
-754
-755
-756
-767
-857
-867
-957
-967
-777
-787
-797
-457
-657
773
-774
-775
-776
-783
-793
-873
-883
-893
-973
-983
-993
-763
-273
-373
-573
-673
812
-814
-815
-816
-817
-822
-912
-922
-892
992
-994
-996
-997
-998
-999
898
-894
-896
-897
-899
-848
-868
-312
876
-871
-874
-875
-877
-879
-786
-796
794
-784
785
-884
-974
-984
-885
-975
-985
-886
-976
-986
-764
-765
766
-856
-866
-956
-966
-826
-836
-166
-266
-366
-276
-376
-576
-676
-285
-385
-394
-594
-694
969
-961
-963
-964
-965
-968
861
-863
-864
-865
-869
948
-943
-944
-945
-949
-849
-859
-959
-881
889
-887
-979
-989
837
-833
-835
933
-935
-936
-937
-917
-953
317
-315
-316
-318
-237
238
-235
-236
-248
-268
-377
-387
-397
618
-614
-615
-616
514
-515
-516
-638
-564
-574
579
-489
-599
-569
-914
-348
368
-362
-363
-364
-365
-369
349
-343
-344
-345
-169
165
-245
-255
-265
-355
-359
-115
116
-226
-326
-196
199
-379
-389
-399
915
-916
-825
824
-924
-925
926
-844
-854
954
-955
-254
-354
-454
459
-469
-654
-565
563
-643
-653
-663
-593
596
-686
-696
535
-536
-635
636
-263
-665
-396
393
-283
-383
-353
683
-681
-684
-687
671
-674
-677
-693
697
484
-487
-464
467
-667
-971
977
981
-987
-277
287
-284
-286
386
-384
256
-252
-253
243
-244
264
-262
352
-356
222
-225
-322
325
-274
275
374
-375
-843
845
853
-855
644
-645
-664
662
-652
655
