134
-131
-132
-133
-135
-136
-137
-138
-139
-114
-124
-214
-224
-234
-314
-324
-334
-144
-154
-164
-174
-184
-194
-434
-534
-634
-734
-834
-934
145
-141
-142
-143
-146
-147
-148
-149
-155
-165
-245
-255
-265
-345
-355
-365
-115
-125
-175
-185
-195
-445
-545
-645
-745
-845
-945
222
-221
-223
-225
-226
-227
-228
-229
-112
-122
-212
-232
-312
-322
-332
-242
-252
-262
-272
-282
-292
-422
-522
-622
-722
-822
-922
337
-331
-333
-335
-336
-338
-339
-117
-127
-217
-237
-317
-327
-347
-357
-367
-377
-387
-397
-437
-537
-637
-737
-837
-937
348
-341
-342
-343
-344
-346
-349
-158
-168
-248
-258
-268
-358
-368
-318
-328
-378
-388
-398
-448
-548
-648
-748
-848
-948
371
-372
-373
-374
-375
-376
-379
-171
-181
-191
-271
-281
-291
-381
-391
-311
-321
-351
-361
-471
-571
-671
-771
-871
-971
439
-431
-432
-433
-435
-436
-438
-419
-429
-519
-529
-539
-619
-629
-639
-449
-459
-469
-479
-489
-499
-239
-739
-839
-939
466
-461
-462
-463
-464
-465
-467
-468
-446
-456
-546
-556
-566
-646
-656
-666
-416
-426
-476
-486
-496
-166
-266
-366
-766
-866
-966
473
-472
-474
-475
-477
-478
-483
-493
-573
-583
-593
-673
-683
-693
-413
-423
-443
-453
-173
-273
-773
-873
-973
515
-511
-512
-513
-514
-516
-517
-518
-415
-425
-525
-535
-615
-625
-635
-555
-565
-575
-585
-595
-215
-315
-715
-815
-915
523
-521
-524
-526
-527
-528
-533
-613
-623
-633
-543
-553
-563
-123
-323
-723
-823
-923
597
-591
-592
-594
-596
-598
-599
-487
-497
-577
-587
-677
-687
-697
-547
-557
-567
-197
-297
-797
-897
-997
631
-632
-636
-638
-411
-421
-531
-611
-621
-641
-651
-661
-681
-691
-231
-731
-831
-931
649
-642
-643
-644
-647
-549
-559
-569
-659
-669
-679
-689
-699
-249
-749
-849
-949
665
-662
-663
-664
-667
-668
653
-652
-654
-655
-657
-658
-455
-675
-685
-695
-153
-253
-353
-753
-853
-953
-765
-865
-965
759
-751
-752
-754
-755
-756
-757
-758
-769
-859
-869
-959
-969
-719
-729
-779
-789
-799
-159
-259
-359
761
-762
-763
-764
-767
-768
-741
-841
-851
-861
-941
-951
-961
-711
-721
-781
-791
-161
-261
-561
772
-774
-775
-776
-777
-778
-782
-792
-872
-882
-892
-972
-982
-992
-712
-732
-742
-172
-572
-672
796
-793
-794
-795
-798
-786
-876
-886
-896
-976
-986
-996
-716
-726
-736
-746
-196
-296
-396
-696
812
-811
-813
-814
-816
-817
-818
-819
-832
-912
-932
-842
-852
-862
-412
-612
532
-536
-538
-542
-552
-562
-582
863
-864
-867
-868
-743
-843
-943
-963
-833
-883
-893
243
-241
-244
-246
-247
-163
-263
-363
-213
-233
-283
-293
878
-874
-875
-877
-879
-788
-888
-898
-978
-988
-998
-828
-838
-858
-178
-278
-578
-678
936
-933
-935
-938
-826
-836
835
-725
-735
-825
-925
-916
-926
785
-783
-784
-787
-885
-895
-975
-985
-995
-855
955
-952
-954
-956
-957
-958
968
-962
-964
-967
942
-944
-946
-947
-918
-928
325
-326
-329
-235
-385
-395
733
-738
-713
-913
-236
238
-118
-128
-218
-288
-298
-442
452
-451
-454
-457
-458
447
-441
-444
-482
-492
-417
-427
541
-544
-551
-581
846
-844
-847
-856
744
-747
-854
857
-714
-724
-827
-887
-152
-352
-157
-257
558
-554
564
-568
-574
-584
-588
-264
-364
275
-274
-276
-277
-279
-285
-295
-485
495
-491
-494
-498
481
-484
-488
-881
-981
994
-991
-993
-999
891
-894
-899
983
-984
-987
-989
-884
889
-974
977
-979
-821
824
-829
-914
-924
-917
-927
-424
428
-418
414
-614
-624
-618
-628
718
-717
727
-728
617
-616
626
-627
-676
674
-684
-694
-686
-126
-177
-183
-383
-189
-289
-389
-589
586
-576
579
176
-179
-186
-286
-386
-116
-156
151
-251
-111
-121
129
211
-216
-219
316
-313
-319
113
-119
-193
393
-392
-394
-399
-169
-199
299
-294
256
-254
354
-356
284
-287
-384
382
-182
-192
198
187
-188
162
-167
-362
369
267
-269
-911
919
921
-929
-682
688
692
-698
