137
-131
-132
-133
-134
-135
-136
-138
-139
-117
-127
-217
-227
-237
-317
-327
-337
-147
-157
-167
-177
-187
-197
-437
-537
-637
-737
-837
-937
158
-151
-152
-153
-154
-155
-156
-159
-148
-168
-248
-258
-268
-348
-358
-368
-118
-128
-178
-188
-198
-458
-558
-658
-758
-858
-958
173
-171
-172
-174
-175
-176
-179
-183
-193
-273
-283
-293
-373
-383
-393
-113
-123
-143
-163
-473
-573
-673
-773
-873
-973
225
-221
-222
-223
-224
-226
-228
-229
-115
-125
-215
-235
-315
-325
-335
-245
-255
-265
-275
-285
-295
-425
-525
-625
-725
-825
-925
286
-281
-282
-284
-287
-288
-289
-186
-196
-276
-296
-376
-386
-396
-216
-236
-246
-256
-266
-486
-586
-686
-786
-886
-986
321
-322
-323
-324
-326
-328
-329
-111
-121
-211
-231
-311
-331
-341
-351
-361
-371
-381
-391
-421
-521
-621
-721
-821
-921
345
-342
-343
-344
-346
-347
-349
-145
-165
-355
-365
-375
-385
-395
-445
-545
-645
-745
-845
-945
356
-352
-353
-354
-357
-359
-146
-166
-366
-316
-336
-456
-556
-656
-756
-856
-956
363
-362
-364
-367
-369
-243
-253
-263
-313
-333
-463
-563
-663
-763
-863
-963
412
-411
-413
-414
-415
-416
-417
-418
-419
-422
-432
-512
-522
-532
-612
-622
-632
-442
-452
-462
-472
-482
-492
-112
-212
-312
-712
-812
-912
431
-433
-434
-435
-436
-438
-439
-511
-531
-611
-631
-441
-451
-461
-471
-481
-491
-731
-831
-931
448
-443
-444
-446
-447
-449
-468
-548
-568
-648
-668
-428
-478
-488
-498
-748
-848
-948
515
-513
-514
-516
-517
-518
-519
-535
-615
-635
-555
-565
-575
-585
-595
-715
-815
-915
591
-592
-593
-594
-596
-597
-598
-599
-571
-581
-671
-681
-691
-541
-551
-561
-191
-291
-791
-891
-991
646
-641
-642
-643
-644
-647
-649
-466
-546
-566
-666
-616
-626
-636
-676
-696
-746
-846
-946
661
-662
-664
-665
-667
-669
-651
-161
-261
-761
-861
-961
679
-672
-674
-675
-677
-678
-479
-489
-499
-579
-589
-689
-699
-619
-629
-639
-659
-279
-379
-779
-879
-979
692
-693
-694
-695
-697
-698
-572
-582
-682
-652
-192
-292
-392
-792
-892
-992
743
-741
-742
-744
-747
-749
-753
-843
-853
-943
-953
-713
-723
-733
-783
-793
-543
752
-751
-754
-755
-757
-759
-762
-842
-852
-862
-942
-952
-962
-722
-732
-772
-782
-252
-552
766
-764
-765
-767
-768
-769
-866
-966
-716
-726
-736
-776
-796
781
-784
-785
-787
-788
-789
-771
-871
-881
-971
-981
-711
271
-272
-274
-277
-278
-181
141
-142
-144
-149
-241
-251
-841
-941
829
-822
-823
-824
-826
-827
-828
-719
-729
-739
-819
-839
-919
-929
-939
799
-794
-795
-797
-798
-889
-899
-989
-999
-849
-859
-869
-129
-429
-529
539
-533
-534
-536
-538
-549
-559
-569
-239
-339
-199
-299
-399
883
-882
-884
-885
-887
-888
-893
-983
-993
-813
-833
-483
-583
-683
493
-494
-495
-496
-497
-423
-453
934
-932
-933
-935
-936
-938
-714
-724
-734
-814
-834
-914
-924
774
-775
-777
-778
-874
-894
-974
-984
-994
735
-738
-835
-944
-954
-964
-234
-334
-634
836
-832
-838
922
-923
-926
-927
-928
913
-911
-916
-917
-918
811
-816
-817
-818
-851
951
-955
-957
-959
872
-875
-876
-877
-878
-972
-982
-896
-213
233
-232
-238
-613
116
-114
-119
-126
-122
124
332
-338
-214
-314
-164
-184
-194
195
-185
-372
-382
182
-189
389
-384
-387
-388
-162
169
-249
-259
-269
219
-218
318
-319
298
-294
-297
-378
-398
614
-617
-618
-424
-524
-624
-654
-684
717
-718
-727
728
-528
-628
638
-633
-688
949
-947
-969
459
-454
-455
-457
-469
-374
377
394
-397
-474
-574
-477
-577
-977
-895
-995
996
-997
-998
-976
897
-898
-987
-847
844
-854
-864
-857
855
-865
-965
-867
868
967
-968
-244
-544
-655
465
-464
-467
484
-485
-487
-584
-475
476
685
-687
-576
578
587
-588
-426
427
526
-523
-527
623
-627
553
-554
-557
-653
657
564
-562
-567
542
-547
-242
247
262
-264
-267
254
-257
975
-978
-985
988
