134
-131
-132
-133
-135
-136
-137
-138
-139
-114
-124
-214
-224
-234
-314
-324
-334
-144
-154
-164
-174
-184
-194
-434
-534
-634
-734
-834
-934
149
-141
-142
-143
-145
-146
-147
-148
-159
-169
-249
-259
-269
-349
-359
-369
-119
-129
-179
-189
-199
-449
-549
-649
-749
-849
-949
157
-151
-152
-153
-155
-156
-158
-167
-247
-257
-267
-347
-357
-367
-117
-127
-177
-187
-197
-457
-557
-657
-757
-857
-957
216
-211
-212
-213
-215
-217
-218
-219
-116
-126
-226
-236
-316
-326
-336
-246
-256
-266
-276
-286
-296
-416
-516
-616
-716
-816
-916
239
-231
-232
-233
-235
-237
-238
-229
-319
-329
-339
-279
-289
-299
-439
-539
-639
-739
-839
-939
254
-251
-252
-253
-255
-258
-244
-264
-344
-354
-364
-274
-284
-294
-454
-554
-654
-754
-854
-954
313
-311
-312
-315
-317
-318
-113
-123
-223
-323
-333
-343
-353
-363
-373
-383
-393
-413
-513
-613
-713
-813
-913
328
-321
-322
-325
-327
-118
-128
-228
-338
-348
-358
-368
-378
-388
-398
-428
-528
-628
-728
-828
-928
362
-361
-365
-366
-162
-242
-262
-342
-352
-332
-372
-382
-392
-462
-562
-662
-762
-862
-962
374
-371
-375
-376
-377
-379
-384
-394
-474
-574
-674
-774
-874
-974
433
-431
-432
-435
-436
-437
-438
-423
-523
-533
-623
-633
-443
-453
-463
-473
-483
-493
-733
-833
-933
475
-471
-472
-476
-477
-478
-479
-485
-495
-575
-585
-595
-675
-685
-695
-415
-425
-445
-455
-465
-175
-275
-775
-875
-975
488
-481
-482
-484
-486
-487
-489
-498
-578
-588
-598
-678
-688
-698
-418
-448
-458
-468
-188
-288
-788
-888
-988
521
-522
-524
-525
-526
-527
-529
-411
-421
-511
-531
-611
-621
-631
-541
-551
-561
-571
-581
-591
-121
-221
-721
-821
-921
547
-542
-543
-544
-545
-546
-548
-447
-467
-567
-647
-667
-517
-537
-577
-587
-597
-747
-847
-947
565
-563
-564
-566
-568
-569
-555
-645
-655
-665
-515
-535
-165
-265
-765
-865
-965
589
-582
-583
-584
-586
-499
-579
-599
-679
-689
-699
-519
-559
-389
399
-391
-395
-396
-397
-789
-889
-989
-799
-899
-999
624
-622
-625
-626
-627
-629
-414
-424
-514
-614
594
-592
-593
-596
-494
-684
-694
-644
-664
-724
-824
-924
-794
-894
-994
635
-632
-636
-637
-638
-615
-335
-735
-835
-935
677
-671
-672
-673
-676
-497
-687
-697
-617
-277
-777
-877
-977
738
-731
-732
-736
-737
-718
-818
-838
-918
-938
-748
-758
-768
-778
-798
-538
742
-741
-743
-744
-745
-746
-752
-842
-852
-942
-952
-712
-722
-772
-782
-792
-442
-642
787
-781
-783
-784
-785
-786
-797
-887
-897
-987
-997
-717
-727
-767
-287
-387
297
-291
-292
-293
-295
-298
-227
337
-331
111
-112
-115
-161
-171
-181
-191
-711
-811
-911
-837
-937
795
-791
-793
-796
-885
-895
-985
-995
-715
-725
-755
-195
858
-851
-853
-855
-856
-859
-848
-868
-948
-958
-968
-878
-898
-558
518
-512
-618
-658
876
-871
-872
-873
-879
-776
-886
-896
-976
-986
-996
-826
-836
-846
-866
-176
-576
891
-892
-893
-771
-881
-971
-981
-991
-831
832
931
-932
-936
-812
-822
-912
-922
-841
-861
-882
-941
-951
-961
-532
536
-426
-556
271
-272
-273
-278
-281
-381
-241
-261
681
-682
-683
-686
-491
-691
-641
-651
-661
955
-953
-956
-959
-845
-945
-915
-925
815
-814
-817
-819
-825
-355
966
-963
-964
-967
-969
-756
-766
-946
867
-863
-864
-869
726
-723
-729
-926
-827
829
-823
923
-927
-929
917
-914
-919
714
-719
-764
-943
944
-844
843
-753
-763
773
-779
-883
884
-973
-983
-993
-984
982
-972
-992
998
-978
979
-417
427
-422
-429
-243
-643
-444
464
-461
-466
-469
761
-769
-751
759
-459
419
-412
612
-619
-652
-692
-659
669
-663
-666
-668
648
-646
-248
245
-345
-225
222
-122
125
-185
-282
-285
283
-173
-183
-193
385
-386
163
-166
-168
-263
268
-573
572
-492
496
693
-696
452
-451
-456
441
-446
-552
553
-653
656
-341
346
351
-356
-172
178
-198
-182
186
192
-196
