122
-121
-123
-124
-125
-126
-127
-128
-129
-112
-132
-212
-222
-232
-312
-322
-332
-142
-152
-162
-172
-182
-192
-422
-522
-622
-722
-822
-922
181
-183
-184
-185
-186
-187
-188
-189
-171
-191
-271
-281
-291
-371
-381
-391
-111
-131
-141
-151
-161
-481
-581
-681
-781
-881
-981
255
-251
-252
-253
-254
-256
-257
-258
-259
-145
-155
-165
-245
-265
-345
-355
-365
-215
-225
-235
-275
-285
-295
-455
-555
-655
-755
-855
-955
263
-261
-262
-264
-266
-267
-268
-269
-143
-153
-163
-243
-343
-353
-363
-213
-223
-233
-273
-283
-293
-463
-563
-663
-763
-863
-963
336
-331
-333
-334
-335
-337
-338
-339
-116
-136
-216
-226
-236
-316
-326
-346
-356
-366
-376
-386
-396
-436
-536
-636
-736
-836
-936
453
-451
-452
-454
-456
-457
-458
-459
-443
-543
-553
-643
-653
-413
-423
-433
-473
-483
-493
-753
-853
-953
478
-471
-472
-474
-475
-476
-477
-479
-488
-498
-578
-588
-598
-678
-688
-698
-418
-428
-438
-448
-468
-178
-278
-378
-778
-878
-978
495
-491
-492
-494
-496
-497
-499
-485
-575
-585
-595
-675
-685
-695
-415
-425
-435
-445
-465
-195
-395
-795
-895
-995
529
-521
-523
-524
-525
-526
-527
-528
-419
-429
-439
-519
-539
-619
-629
-639
-549
-559
-569
-579
-589
-599
-229
-329
-729
-829
-929
531
-532
-533
-534
-535
-537
-538
-411
-421
-431
-511
-611
-621
-631
-541
-551
-561
-571
-591
-231
-731
-831
-931
547
-542
-544
-545
-546
-548
-447
-467
-557
-567
-647
-657
-667
-517
-577
-587
-597
-147
-247
-347
-747
-847
-947
674
-671
-672
-673
-676
-677
-679
691
-692
-693
-694
-696
-697
-699
-484
-574
-584
-594
-684
-641
-651
-661
-614
-624
-634
-644
-654
-664
-174
-274
-374
-774
-874
-974
-791
-891
-991
718
-711
-712
-713
-714
-715
-716
-717
-719
-728
-738
-818
-828
-838
-918
-928
-938
-748
-758
-768
-788
-798
-118
-218
-318
-518
-618
741
-742
-743
-744
-745
-746
-749
-751
-761
-841
-851
-861
-941
-951
-961
-721
-771
-241
-341
-441
461
-462
-464
-466
-469
351
-352
-354
-357
-358
-359
-361
-311
-321
786
-782
-783
-784
-785
-787
-789
-776
-796
-876
-886
-896
-976
-986
-996
-726
-756
-766
-286
-486
-586
-686
815
-811
-812
-813
-814
-816
-817
-819
-725
-735
-825
-835
-915
-925
-935
-845
-865
-875
-885
-115
-315
-515
565
-562
-564
-566
-568
-645
-665
558
-552
-554
-556
444
-442
-446
-449
-648
-658
-668
-414
-424
-434
514
-512
-513
-516
489
-482
-487
687
-682
-683
-689
-617
-627
-637
-114
-214
-314
-914
-615
-144
-244
-344
-844
-944
945
-942
-943
-946
-948
-949
843
-842
-846
-848
-849
-765
-965
775
-772
-773
-777
-779
-975
-985
-823
-833
-873
-883
-893
-158
-858
-958
-175
135
-133
-134
-137
-138
-139
-325
625
-623
-626
-628
-635
638
-632
-633
613
-612
-616
-113
-313
323
-324
-327
-328
-373
-383
-393
-913
-723
-923
228
-221
-224
-227
211
-217
-219
234
-237
-238
-239
-284
-294
-248
-288
-298
-911
-734
-834
-934
-375
385
-382
-384
-387
-388
-389
-287
-887
-987
-289
282
-272
-292
-372
-392
-242
-582
583
-573
-593
-882
-982
-983
-889
-989
862
-864
-866
-867
-868
-869
-752
-762
-852
-952
-962
968
-964
-966
-967
-969
-832
-872
-892
-988
984
-794
-884
888
-894
-994
-898
-998
-924
-954
652
-656
-659
-642
-662
342
-348
-349
-362
148
-146
-149
-168
-368
-198
398
-394
-397
-399
194
-193
-196
-197
-199
173
-176
-177
-179
-154
-164
364
-367
-369
-764
-973
-117
119
317
-319
-159
-169
249
-246
-279
-299
379
-377
-417
-917
-919
646
-649
-666
669
166
-167
-156
157
-757
-857
-957
767
-769
-727
724
-824
-754
759
854
-856
-859
956
-959
-737
-797
-739
-799
826
-821
-827
921
-926
-927
-916
912
-732
733
-932
-933
792
-793
-972
-992
993
-997
-999
871
-877
-879
-971
-412
416
432
-437
-426
427
572
-576
-592
596
276
-277
-296
297
977
-979
-897
899
837
-839
-937
939
