144
-141
-142
-143
-145
-146
-147
-148
-149
-154
-164
-244
-254
-264
-344
-354
-364
-114
-124
-134
-174
-184
-194
-444
-544
-644
-744
-844
-944
157
-151
-152
-153
-155
-156
-158
-159
-167
-247
-257
-267
-347
-357
-367
-117
-127
-137
-177
-187
-197
-457
-557
-657
-757
-857
-957
163
-161
-162
-165
-166
-168
-169
-243
-253
-263
-343
-353
-363
-113
-123
-133
-173
-183
-193
-463
-563
-663
-763
-863
-963
229
-221
-222
-223
-224
-225
-226
-227
-228
-119
-129
-139
-219
-239
-319
-329
-339
-249
-259
-269
-279
-289
-299
-429
-529
-629
-729
-829
-929
266
-261
-262
-265
-268
-246
-256
-346
-356
-366
-216
-236
-276
-286
-296
-466
-566
-666
-766
-866
-966
287
-281
-282
-283
-284
-285
-288
-277
-297
-377
-387
-397
-217
-237
-487
-587
-687
-787
-887
-987
317
-311
-312
-313
-314
-315
-316
-318
-327
-337
-417
-517
-617
-717
-817
-917
385
-381
-382
-383
-384
-386
-388
-389
-175
-185
-195
-275
-295
-375
-395
-325
-335
-345
-355
-365
-485
-585
-685
-785
-885
-985
438
-431
-432
-433
-434
-435
-436
-437
-439
-418
-428
-518
-528
-538
-618
-628
-638
-448
-458
-468
-478
-488
-498
-138
-238
-338
-738
-838
-938
451
-452
-453
-454
-455
-456
-459
-441
-461
-541
-551
-561
-641
-651
-661
-411
-421
-471
-481
-491
-251
-351
-751
-851
-951
469
-462
-464
-465
-467
-449
-549
-559
-569
-649
-659
-669
-419
-479
-489
-499
-369
-769
-869
-969
495
-492
-493
-494
-496
-497
-475
-575
-595
-675
-695
-415
-425
-445
-795
-895
-995
531
-532
-533
-534
-535
-536
-537
-539
-511
-521
-611
-621
-631
-571
-581
-591
-131
-231
-331
-731
-831
-931
573
-572
-574
-576
-577
-578
-579
-473
-483
-583
-593
-673
-683
-693
-513
-523
-543
-553
-273
-373
-773
-873
-973
613
-612
-614
-615
-616
-619
-413
-423
-623
-633
443
-442
-446
-447
-643
-653
-213
-713
-813
-913
-743
-843
-943
647
-642
-645
-646
-648
-547
-567
-667
-627
-637
-677
-697
-747
-847
-947
655
-652
-654
-656
-658
-545
-555
-565
-665
-625
-635
-255
245
-241
-242
-248
-215
-235
-745
-845
-945
-755
-855
-955
676
-671
-672
-674
-678
-679
-476
-486
-586
-596
-686
-696
-626
-636
-176
-376
-776
-876
-976
725
-721
-722
-723
-724
-726
-727
-728
-715
-735
-815
-825
-835
-915
-925
-935
-765
-775
-125
-525
515
-512
-514
-516
-519
639
-632
-634
-689
-699
-115
135
-132
-136
-739
-839
-939
791
-792
-793
-794
-796
-797
-798
-799
-771
-781
-871
-881
-891
-971
-981
-991
-711
-741
-761
-191
-291
-391
-691
681
-682
-684
-688
-181
821
-822
-823
-824
-826
-827
-828
-811
-911
-921
-841
-861
-121
-321
846
-842
-848
-849
-746
-756
-856
-946
-956
-816
-836
-886
-896
-546
556
-552
-554
-558
-526
882
-883
-884
-888
-889
-772
-782
-872
-892
-972
-982
-992
-812
-832
-852
-862
-182
-482
484
-474
-584
-594
-694
-414
-424
-582
-784
-984
948
-941
-942
-949
961
-962
-964
-965
-967
-968
865
-864
-867
-868
767
-762
-764
-768
-748
-758
-858
-958
-737
-777
-875
975
-974
-977
-978
-979
-918
-928
-988
-998
341
-342
-348
-349
-361
359
-352
-358
-371
-379
-399
-548
542
-562
-662
-522
-592
-742
749
-759
-859
-959
-719
-779
-789
258
-252
362
-368
-218
-278
-298
-322
-332
-372
-392
953
-952
-954
752
-753
-754
-853
854
-712
-732
-814
-834
-874
-894
-923
-933
-983
-993
323
-324
-326
-328
-233
-333
293
-292
-294
-393
128
-122
-126
-118
-178
-188
-198
783
-786
-788
-893
-733
833
-837
937
-932
-934
-936
-927
-997
232
-234
-112
-212
-272
588
-589
-598
-698
692
-472
477
-597
599
-427
527
-524
624
-622
564
-568
-664
668
-924
172
-171
-179
271
-274
-192
111
-116
-211
214
-334
336
-396
-714
-914
734
-736
-774
778
994
-996
-999
986
-989
-878
-898
716
-718
-916
-926
922
-912
919
818
-819
412
-416
-422
426
374
-378
-394
398
-877
879
897
-899
-186
189
196
-199
