138
-131
-132
-133
-134
-135
-136
-137
-139
-118
-128
-218
-228
-238
-318
-328
-338
-148
-158
-168
-178
-188
-198
-438
-538
-638
-738
-838
-938
189
-181
-182
-183
-184
-185
-186
-187
-179
-199
-279
-289
-299
-379
-389
-399
-119
-129
-149
-159
-169
-489
-589
-689
-789
-889
-989
194
-191
-192
-193
-195
-196
-197
-174
-274
-284
-294
-374
-384
-394
-114
-124
-144
-154
-164
-494
-594
-694
-794
-894
-994
214
-211
-212
-213
-215
-216
-217
-219
-224
-234
-314
-324
-334
-244
-254
-264
-414
-514
-614
-714
-814
-914
229
-221
-222
-223
-225
-226
-227
-239
-319
-329
-339
-249
-259
-269
-429
-529
-629
-729
-829
-929
265
-261
-262
-263
-266
-267
-268
-145
-155
-165
-245
-255
-345
-355
-365
-235
-275
-285
-295
-465
-565
-665
-765
-865
-965
313
-311
-312
-315
-316
-317
-113
-123
-233
-323
-333
-343
-353
-363
-373
-383
-393
-413
-513
-613
-713
-813
-913
336
-331
-332
-335
-337
-116
-126
-236
-326
-346
-356
-366
-376
-386
-396
-436
-536
-636
-736
-836
-936
351
-352
-354
-357
-358
-359
-141
-151
-161
-241
-251
-341
-361
-321
-371
-381
-391
-451
-551
-651
-751
-851
-951
372
-375
-377
-378
-172
-272
-282
-292
-382
-392
-322
-342
-362
-472
-572
-672
-772
-872
-972
457
-452
-453
-454
-455
-456
-458
-459
-447
-467
-547
-557
-567
-647
-657
-667
-417
-427
-437
-477
-487
-497
-157
-257
-757
-857
-957
482
-481
-483
-484
-485
-486
-488
-492
-582
-592
-682
-692
-412
-422
-432
-442
-462
-782
-882
-982
533
-531
-532
-534
-535
-537
-539
-423
-433
-523
-623
-633
-543
-553
-563
-573
-583
-593
-733
-833
-933
546
-541
-542
-544
-545
-548
-549
-446
-466
-556
-566
-646
-656
-666
-516
-526
-576
-586
-596
-146
-246
-746
-846
-946
564
-561
-562
-568
-569
-444
-464
-554
-644
-654
-664
-524
-574
-584
-364
344
-347
-348
-349
369
-367
-368
-744
-844
-944
-764
-864
-964
-469
-669
-769
-869
-969
577
-571
-575
-578
-579
-587
-597
-677
-687
-697
-517
-527
-177
-277
-777
-877
-977
591
-595
-598
-599
-471
-491
-581
-671
-681
-691
-511
-521
-291
-791
-891
-991
628
-621
-622
-624
-625
-626
-627
-418
-428
-518
-528
-618
-648
-658
-668
-678
-688
-698
-728
-828
-928
655
-652
-653
-659
-445
-555
-645
-615
-635
-675
-685
-695
-755
-855
-955
732
-731
-734
-735
-737
-739
-712
-722
-812
-822
-832
-912
-922
-932
-742
-752
-762
-792
-232
-632
754
-753
-756
-758
-759
-854
-954
-724
-774
-784
778
-771
-773
-775
-776
-779
-788
-798
-878
-888
-898
-978
-988
-998
-718
-748
-768
-278
-478
793
-795
-796
-797
-799
-783
-873
-883
-893
-973
-983
-993
-723
-743
-763
-293
-493
-693
842
-841
-843
-845
-847
-848
-849
-852
-862
-942
-952
-962
-892
992
-995
-996
-997
-999
-142
-242
252
-253
-256
-258
-152
-162
248
-243
-247
-288
-298
-642
-448
-948
-552
662
-661
-663
-612
881
-884
-885
-886
-887
-781
-871
-971
-981
-811
-821
-831
-861
-281
897
-895
-896
-899
-787
-987
-817
-827
-837
-867
-297
296
-176
-276
-286
-496
-696
699
-479
-499
-679
-619
-639
-649
-397
918
-911
-915
-916
-917
-919
-818
-958
-968
923
-921
-924
-925
-926
-927
-823
-943
-953
-963
979
-974
-975
-976
-879
-939
-949
-959
956
-766
-856
-866
-966
-986
-156
153
-143
147
-163
166
-167
-173
-117
-127
-747
-947
-853
863
-868
858
-859
749
-741
-745
945
-941
-719
-935
-985
984
-874
-934
-449
559
-558
468
-461
-463
-498
495
-475
-585
588
-415
-425
-435
-519
835
-834
-839
824
-825
-826
-715
-725
-815
819
-816
785
-786
-875
876
-419
439
-431
-434
-424
634
-631
-637
617
-611
-616
474
-473
-476
-674
-684
443
-441
641
-643
-717
175
-171
271
-273
283
-287
-385
-395
398
387
-388
-115
-125
325
-327
237
-231
515
-512
522
-525
112
-111
121
-122
-421
426
411
-416
-711
716
-726
-721
727
931
-937
761
-767
-961
967
673
-676
-683
686
