178
-171
-172
-173
-174
-175
-176
-177
-179
-188
-198
-278
-288
-298
-378
-388
-398
-118
-128
-138
-148
-158
-168
-478
-578
-678
-778
-878
-978
191
-192
-193
-194
-195
-196
-197
-199
-181
-271
-281
-291
-371
-381
-391
-111
-121
-131
-141
-151
-161
-491
-591
-691
-791
-891
-991
259
-251
-252
-253
-254
-255
-256
-257
-258
-149
-159
-169
-249
-269
-349
-359
-369
-219
-229
-239
-279
-289
-299
-459
-559
-659
-759
-859
-959
273
-272
-274
-275
-276
-277
-183
-283
-293
-373
-383
-393
-213
-223
-233
-243
-263
-473
-573
-673
-773
-873
-973
294
-292
-295
-296
-297
-184
-284
-374
-384
-394
-214
-224
-234
-244
-264
-494
-594
-694
-794
-894
-994
318
-311
-312
-313
-314
-315
-316
-317
-319
-218
-228
-238
-328
-338
-348
-358
-368
-418
-518
-618
-718
-818
-918
341
-342
-343
-344
-345
-346
-347
-241
-261
-351
-361
-321
-331
-441
-541
-641
-741
-841
-941
385
-382
-386
-387
-389
-185
-285
-375
-395
-325
-335
-355
-365
-485
-585
-685
-785
-885
-985
426
-421
-422
-423
-424
-425
-427
-428
-429
-416
-436
-516
-526
-536
-616
-626
-636
-446
-456
-466
-476
-486
-496
-126
-226
-326
-726
-826
-926
433
-431
-432
-434
-435
-437
-438
-439
-413
-513
-523
-533
-613
-623
-633
-443
-453
-463
-483
-493
-133
-333
-733
-833
-933
448
-442
-444
-445
-447
-449
-458
-468
-548
-558
-568
-648
-658
-668
-488
-498
-248
268
-262
-265
-266
-267
-748
-848
-948
-768
-868
-968
454
-451
-452
-455
-457
-464
-544
-554
-564
-644
-654
-664
-414
-474
-484
-154
-354
-754
-854
-954
477
-471
-472
-475
-479
-487
-497
-577
-587
-597
-677
-687
-697
-417
-467
-377
-777
-877
-977
515
-511
-512
-514
-517
-519
-415
-525
-535
-615
-625
-635
-545
-555
-565
-575
-595
-115
-215
-715
-815
-915
557
-551
-552
-553
-556
-547
-567
-647
-657
-667
-527
-537
-157
-357
-757
-857
-957
592
-593
-596
-598
-599
-482
-492
-572
-582
-672
-682
-692
-522
-532
-542
-562
-392
-792
-892
-992
638
-631
-632
-634
-637
-639
-528
-538
-628
588
-581
-583
-584
-586
-589
-688
-698
-738
-838
-938
-788
-888
-988
652
-651
-653
-655
-656
-462
-642
-662
412
-411
-419
-612
-622
-112
-212
-712
-812
-912
-152
-352
-752
-852
-952
669
-661
-663
-665
-666
-469
-549
-569
-649
-619
-629
-679
-689
-699
-769
-869
-969
675
-671
-674
-676
-495
499
-695
-489
481
-571
-681
-579
-461
465
561
-563
-566
-645
-521
-531
543
-546
-643
646
576
-574
684
-683
-686
693
-696
-614
-624
-143
-743
-843
-943
-146
-246
-746
-846
-946
-761
-861
-961
-165
-765
-865
-965
-775
-875
-975
-376
-776
-876
-976
-781
-881
-981
-784
-884
-984
-793
-893
-993
-399
-799
-899
-999
727
-721
-722
-723
-724
-725
-728
-729
-717
-737
-817
-827
-837
-917
-927
-937
-747
-767
-787
-797
-127
-227
-327
-627
621
-611
617
-117
-217
-221
-821
-921
764
-762
-763
-766
-744
-844
-864
-944
-964
-714
-734
-774
144
-142
-145
-147
-164
-364
-114
-124
-134
798
-795
-796
-898
-998
-758
814
-811
-813
-816
-819
-824
-834
-914
-924
-934
-874
974
-971
-972
-979
835
-831
-832
-836
-839
-735
-825
-925
-935
-845
-855
-895
995
-996
-997
-945
-955
-135
-235
851
-853
-856
-858
-751
-951
958
-953
-956
-871
771
-772
-779
-711
-731
828
-822
-823
-829
-928
911
-913
-916
-919
-931
-211
216
231
-232
-236
-237
-116
-136
-336
-286
-716
932
-936
-939
-732
-922
736
-739
-756
-786
-942
-962
-982
-132
-332
113
-119
-123
-323
-153
-163
-713
719
923
-929
-749
-789
-963
-983
-122
125
-129
-225
222
-322
-155
156
245
-242
-247
-166
-356
353
-363
-366
-186
396
-397
-282
287
-187
-745
742
-842
-862
755
-753
863
-866
-867
966
-967
-782
783
-883
-986
886
-882
-887
-889
872
-879
-896
897
-987
989
-847
849
947
-949
-372
379
182
-189
-162
167
362
-367
-137
139
337
-334
-339
324
-329
-524
529
534
-539
