137
-131
-132
-133
-134
-135
-136
-138
-139
-117
-127
-217
-227
-237
-317
-327
-337
-147
-157
-167
-177
-187
-197
-437
-537
-637
-737
-837
-937
145
-141
-142
-143
-144
-146
-148
-149
-155
-165
-245
-255
-265
-345
-355
-365
-115
-125
-175
-185
-195
-445
-545
-645
-745
-845
-945
163
-161
-162
-164
-166
-168
-169
-153
-243
-253
-263
-343
-353
-363
-113
-123
-173
-183
-193
-463
-563
-663
-763
-863
-963
212
-211
-213
-214
-215
-216
-218
-219
-112
-122
-222
-232
-312
-322
-332
-242
-252
-262
-272
-282
-292
-412
-512
-612
-712
-812
-912
247
-241
-244
-246
-248
-249
-257
-267
-347
-357
-367
-277
-287
-297
-447
-547
-647
-747
-847
-947
283
-281
-284
-285
-286
-288
-289
-273
-293
-373
-383
-393
-223
-233
-483
-583
-683
-783
-883
-983
315
-311
-313
-314
-316
-318
-319
-225
-235
-325
-335
-375
-385
-395
-415
-515
-615
-715
-815
-915
356
-351
-352
-354
-358
-359
-156
-256
-266
-346
-366
-326
-336
-376
-386
-396
-456
-556
-656
-756
-856
-956
369
-361
-362
-364
-368
-159
-259
-269
-349
-329
-339
-379
-389
-399
-469
-569
-669
-769
-869
-969
426
-421
-422
-423
-424
-425
-427
-428
-429
-416
-436
-516
-526
-536
-616
-626
-636
-446
-466
-476
-486
-496
-126
-226
-726
-826
-926
485
-481
-482
-484
-487
-488
-489
-475
-495
-575
-585
-595
-675
-685
-695
-435
-455
-465
-785
-885
-985
491
-492
-493
-494
-497
-498
-499
-471
-571
-581
-591
-671
-681
-691
-411
-431
-441
-451
-461
-191
-291
-391
-791
-891
-991
521
-522
-523
-524
-525
-527
-528
-529
-511
-531
-611
-621
-631
-541
-551
-561
-121
-221
-321
-721
-821
-921
559
-552
-553
-554
-555
-557
-558
-449
-459
-549
-649
-659
-519
-539
-579
-589
-599
-759
-859
-959
584
-582
-586
-587
-588
-474
-574
-594
-674
-684
-694
-514
-534
-544
-564
-184
-384
-784
-884
-984
617
-613
-614
-618
-619
-417
-517
-627
-657
-667
-677
-687
-697
-717
-817
-917
624
-622
-623
-625
-628
-629
-414
-434
-634
-644
-654
-664
-124
-224
-324
-724
-824
-924
689
-682
-686
-688
-479
-679
-699
-639
-189
-789
-889
-989
743
-741
-742
-744
-746
-748
-749
-753
-843
-853
-943
-953
-713
-723
-733
-773
-793
-443
-543
-643
755
-751
-752
-754
-757
-758
-765
-855
-865
-955
-965
-725
-735
-775
-795
-655
797
-792
-794
-796
-798
-799
-777
-787
-877
-887
-897
-977
-987
-997
-727
-767
387
-381
-382
-388
-377
-397
-597
827
-822
-823
-825
-828
-829
-927
-857
-867
925
-922
-923
-928
-929
-835
-935
-975
-995
722
-728
-729
-732
-832
-932
-762
-772
-782
323
-328
-333
866
-861
-862
-864
-868
-766
-846
-946
-966
-816
-836
-876
-886
-896
-566
-666
895
-892
-893
-894
-898
-899
-875
275
-271
-274
-276
-278
-279
-295
944
-941
-942
-948
-949
-764
-844
-854
-954
-964
849
-841
-842
-848
-819
-839
-879
-914
-934
-974
-994
-344
-444
961
-962
-967
-968
-761
768
-851
-951
957
-952
-958
852
-858
-718
-738
-778
-788
-872
-882
-911
-931
-971
-981
-152
342
-341
-348
-372
-392
641
-642
-646
-648
-651
-661
546
-542
-548
-576
-596
-442
448
-458
-468
-568
-658
-668
-418
-438
-478
-452
-652
653
-453
-633
-673
-693
-457
454
-464
-154
-254
264
-261
-268
-234
-294
976
-972
-973
-978
-979
-776
-786
781
-771
-871
-881
888
-986
-996
-878
-988
982
-992
-998
-711
-731
-818
-838
-916
-936
-176
-676
696
-692
-698
-181
-182
186
-188
-196
-296
-116
236
-231
-238
-239
251
-258
-151
158
-118
-128
129
-119
-229
228
-338
-178
-198
-179
-199
299
-298
716
-714
-719
-736
779
-774
874
-873
993
-999
734
-739
-814
-834
-913
-933
114
-111
331
-334
171
-172
-174
-371
192
-194
811
-813
-831
833
-433
-533
-374
378
394
-398
-578
-678
672
-472
-572
-592
598
-593
-518
513
-413
419
-439
432
-532
-632
-462
467
-567
473
-477
-573
577
562
-565
-662
665
535
-538
-635
638
918
-919
-938
939
