123
-121
-122
-124
-125
-126
-127
-128
-129
-113
-133
-213
-223
-233
-313
-323
-333
-143
-153
-163
-173
-183
-193
-423
-523
-623
-723
-823
-923
185
-181
-182
-184
-186
-187
-188
-189
-175
-195
-275
-285
-295
-375
-385
-395
-115
-135
-145
-155
-165
-485
-585
-685
-785
-885
-985
211
-212
-214
-215
-216
-217
-218
-219
-111
-131
-221
-231
-311
-321
-331
-241
-251
-261
-271
-281
-291
-411
-511
-611
-711
-811
-911
234
-232
-235
-236
-237
-238
-239
-114
-134
-224
-314
-324
-334
-244
-254
-264
-274
-284
-294
-434
-534
-634
-734
-834
-934
262
-263
-265
-266
-267
-268
-269
-142
-152
-162
-242
-252
-342
-352
-362
-222
-272
-282
-292
-462
-562
-662
-762
-862
-962
278
-273
-276
-277
-279
-178
-198
-288
-298
-378
-388
-398
-228
-248
-258
-478
-578
-678
-778
-878
-978
332
-335
-336
-337
-338
-339
-112
-132
-312
-322
-372
-382
-392
-432
-532
-632
-732
-832
-932
358
-351
-353
-354
-355
-356
-357
-359
-148
-158
-168
-348
-368
-318
-328
-458
-558
-658
-758
-858
-958
436
-431
-433
-435
-437
-438
-439
-416
-426
-516
-526
-536
-616
-626
-636
-446
-456
-466
-476
-486
-496
-136
-736
-836
-936
451
-452
-453
-454
-455
-457
-459
-441
-461
-541
-551
-561
-641
-651
-661
-421
-471
-481
-491
-151
-751
-851
-951
482
-483
-484
-487
-488
-489
-472
-492
-572
-582
-592
-672
-682
-692
-412
-422
-442
-782
-882
-982
497
-493
-494
-495
-498
-499
-477
-577
-587
-597
-677
-687
-697
-417
-427
-447
-467
-197
-297
-397
-797
-897
-997
513
-512
-514
-515
-517
-518
-519
-413
-533
-613
-633
-543
-553
-563
-573
-583
-593
-713
-813
-913
542
-544
-545
-546
-547
-548
-549
-552
-642
-652
-522
-742
-842
-942
569
-564
-565
-566
-567
-568
-449
-469
-559
-649
-659
-669
-529
-539
-579
-589
-599
-169
-369
-769
-869
-969
598
-591
-594
-595
-596
-588
-688
-698
-528
-538
-798
-898
-998
617
-612
-614
-615
-618
-619
622
-621
-624
-625
-627
-628
-629
-527
-537
-637
557
-554
-555
-556
-647
-657
-667
-117
-317
-717
-817
-917
-722
-822
-922
-157
-257
-757
-857
-957
656
-653
-654
-655
-646
-666
-676
-686
-696
-156
-256
-756
-856
-956
671
-673
-674
-675
-679
-571
-581
-681
-691
-631
-171
-371
-771
-871
-971
755
-752
-753
-754
-759
-745
-765
-845
-855
-865
-945
-955
-965
-715
-725
-735
-775
-795
-255
777
-772
-773
-774
-776
-779
-787
-877
-887
-977
-987
-727
-737
-747
-767
-177
-377
835
-831
-833
-837
-838
-839
-815
-825
-915
-925
-935
-875
-895
-535
531
-521
-731
-931
-635
844
-841
-843
-846
-847
-848
-849
-744
-764
-854
-864
-944
-954
-964
-814
-824
-874
-884
-894
-144
-344
-444
-644
154
-159
-164
-364
-174
-194
876
-872
-873
-879
-786
-796
-886
-896
-976
-986
-996
-816
-826
-866
-176
-376
-576
586
-584
-286
-386
899
-891
-892
-893
-789
-799
-889
-979
-989
-999
-819
-829
-859
-199
-299
-399
-699
924
-921
-926
-927
-928
-929
-714
-724
-914
-974
-984
-994
414
-415
-418
-419
-424
-524
525
-425
-464
664
-663
-665
-668
-474
574
-575
-684
-694
315
-316
-319
-225
-325
245
-243
-246
-247
-249
-345
-365
-445
-645
465
-463
-468
-475
695
-693
-374
975
-972
-973
-995
172
-179
-192
983
-981
-988
-783
-793
-883
-993
-933
733
-738
-739
-743
-763
-943
-953
-963
-283
-383
-683
689
473
-479
-443
448
643
-648
-428
429
638
-639
-229
-329
-729
-138
118
-116
-119
139
-137
-149
-718
-818
812
-712
-912
792
-791
-794
-992
991
-781
-881
888
784
-788
-852
853
952
-959
-863
-828
-868
-941
-961
-918
728
-721
-726
821
-827
937
-938
-939
-748
-768
-861
867
-947
-967
-343
-948
968
-966
-253
259
363
-361
-366
-367
-349
293
-296
-373
379
-393
-289
287
-387
-389
226
-227
-326
327
-347
147
-141
-146
-167
381
-384
-191
196
-391
394
-396
161
-166
-341
346
741
-746
-749
-761
766
-946
949
-716
719
916
-919
