131
-132
-133
-134
-135
-136
-137
-138
-139
-111
-121
-211
-221
-231
-311
-321
-331
-141
-151
-161
-171
-181
-191
-431
-531
-631
-731
-831
-931
166
-162
-163
-164
-165
-167
-168
-169
-146
-156
-246
-256
-266
-346
-356
-366
-116
-126
-176
-186
-196
-466
-566
-666
-766
-866
-966
179
-172
-173
-174
-175
-177
-178
-189
-199
-279
-289
-299
-379
-389
-399
-119
-129
-149
-159
-479
-579
-679
-779
-879
-979
227
-222
-223
-224
-225
-226
-228
-229
-117
-127
-217
-237
-317
-327
-337
-247
-257
-267
-277
-287
-297
-427
-527
-627
-727
-827
-927
241
-242
-243
-244
-245
-248
-249
-251
-261
-341
-351
-361
-271
-281
-291
-441
-541
-641
-741
-841
-941
423
-421
-422
-424
-425
-426
-428
-429
-413
-433
-513
-523
-533
-613
-623
-633
-443
-453
-463
-473
-483
-493
-123
-323
-723
-823
-923
488
-481
-482
-484
-485
-486
-487
-489
-478
-498
-578
-588
-598
-678
-688
-698
-418
-438
-448
-458
-468
-188
-288
-388
-788
-888
-988
491
-492
-494
-495
-496
-497
-499
-471
-571
-581
-591
-671
-681
-691
-411
-451
-461
-391
-791
-891
-991
559
-551
-552
-553
-554
-555
-556
-557
-558
-449
-459
-469
-549
-569
-649
-659
-669
-519
-529
-539
-589
-599
-259
-359
-759
-859
-959
562
-561
-563
-564
-565
-567
-568
-442
-452
-462
-542
-642
-652
-662
-512
-522
-532
-572
-582
-592
-262
-362
-762
-862
-962
687
-682
-683
-684
-685
-686
-689
-477
-577
-587
-597
-677
-697
699
-692
-693
-694
-695
-696
-617
-637
-647
-657
-667
-619
-629
-639
-187
-387
-787
-887
-987
-799
-899
-999
719
-711
-712
-713
-714
-715
-716
-717
-718
-729
-739
-819
-829
-839
-919
-929
-939
-749
-769
-789
-219
-319
-419
439
-432
-434
-435
-436
-437
329
-322
-324
-325
-326
-328
-239
-339
269
-263
-264
-265
-268
-349
-369
-869
-969
736
-732
-733
-734
-735
-737
-738
-726
-816
-826
-836
-916
-926
-936
-746
-756
-776
-786
-796
-236
-336
-536
-636
774
-771
-772
-773
-775
-777
-778
-784
-794
-874
-884
-894
-974
-984
-994
-724
-744
-754
-764
-274
-374
-474
-574
-674
847
-842
-843
-844
-845
-846
-848
-849
-747
-757
-767
-857
-867
-947
-957
-967
949
-942
-943
-944
-945
-946
-948
797
-792
-793
-795
-798
-877
-897
-977
-997
-817
-837
889
-881
-882
-883
-885
-886
-989
-147
-347
-447
-547
377
-371
-372
-373
-375
-376
-378
381
-382
-383
-384
-385
-386
-197
-397
157
-152
-153
-154
-155
-158
-357
-367
-457
467
-464
-465
-417
-781
-981
855
-851
-852
-853
-854
-856
-858
-745
-755
-765
-865
-955
-965
956
-951
-952
-953
-954
-958
-815
-825
-835
-875
-895
-976
-986
-996
-255
-355
-455
-655
-456
454
-444
-544
-644
-654
-664
-414
-254
-354
-656
912
-911
-913
-914
-915
-917
-918
-722
-812
-822
-832
-922
-932
937
-933
-934
-935
-938
-972
-982
-992
-112
-212
-312
-412
472
-475
-476
-672
-612
517
-511
-514
-515
-516
-518
-537
521
-524
-525
-526
-528
-611
-621
811
-813
-814
-818
-721
-821
-921
833
-834
-838
-861
-871
971
-973
-975
-978
-863
-873
-893
-961
626
-622
-624
-625
-628
632
-634
-635
-638
-416
415
-535
-615
-616
-445
446
-546
-646
614
-618
-534
538
-548
-676
-114
-214
-314
-115
-215
-315
122
-124
-125
-128
-232
-332
-142
-182
-192
-233
-333
-238
-338
-272
-872
892
-896
-898
-782
876
-878
998
-993
-995
-928
-968
-276
-576
278
-273
-275
-198
-298
-398
-218
-258
282
-283
-284
-285
-286
-292
-392
-252
253
-143
-343
-353
-363
-213
216
-316
-293
-296
396
-393
-394
-395
313
-318
-113
118
-148
-653
-753
586
-583
-584
-585
594
-593
-595
-596
184
-183
-185
193
-194
-195
-294
295
-144
145
-345
-365
234
-235
-334
335
344
-342
-348
352
-358
-364
368
742
-743
-748
-752
-545
543
-643
-663
-573
575
673
-675
-645
648
665
-661
-668
651
-658
-751
758
761
-763
-768
963
-964
864
-868
783
-785
-983
985
725
-728
-925
924
-824
828
