149
-141
-142
-143
-144
-145
-146
-147
-148
-159
-169
-249
-259
-269
-349
-359
-369
-119
-129
-139
-179
-189
-199
-449
-549
-649
-749
-849
-949
154
-151
-152
-153
-155
-156
-157
-158
-164
-244
-254
-264
-344
-354
-364
-114
-124
-134
-174
-184
-194
-454
-554
-654
-754
-854
-954
171
-172
-173
-175
-176
-177
-178
-181
-191
-271
-281
-291
-371
-381
-391
-111
-121
-131
-161
-471
-571
-671
-771
-871
-971
186
-182
-183
-185
-187
-188
-196
-276
-286
-296
-376
-386
-396
-116
-126
-136
-166
-486
-586
-686
-786
-886
-986
192
-193
-195
-197
-198
-272
-282
-292
-372
-382
-392
-112
-122
-132
-162
-492
-592
-692
-792
-892
-992
221
-222
-223
-224
-225
-226
-227
-228
-229
-211
-231
-311
-321
-331
-241
-251
-261
-421
-521
-621
-721
-821
-921
232
-233
-234
-235
-236
-237
-238
-239
-212
-312
-322
-332
-242
-252
-262
-432
-532
-632
-732
-832
-932
342
-341
-343
-345
-346
-347
-348
-352
-362
-442
-542
-642
-742
-842
-942
351
-353
-355
-356
-357
-358
-361
-451
-551
-651
-751
-851
-951
418
-411
-412
-413
-414
-415
-416
-417
-419
-428
-438
-518
-528
-538
-618
-628
-638
-448
-458
-468
-478
-488
-498
-118
-218
-318
-718
-818
-918
422
-423
-424
-425
-426
-427
-429
-512
-522
-612
-622
-452
-462
-472
-482
-722
-822
-922
431
-433
-434
-435
-436
-437
-439
-511
-531
-611
-631
-441
-461
-481
-491
-731
-831
-931
477
-473
-474
-475
-476
-479
-487
-497
-577
-587
-597
-677
-687
-697
-447
-457
-467
-277
-377
-777
-877
-977
483
-484
-485
-489
-493
-573
-583
-593
-673
-683
-693
-443
-453
-463
-283
-383
-783
-883
-983
519
-513
-514
-515
-516
-517
-529
-539
-619
-629
-639
-559
-569
-579
-589
-599
-219
-319
-719
-819
-919
541
-543
-544
-545
-546
-547
-548
-561
-641
-661
-581
-591
-741
-841
-941
562
-563
-564
-565
-566
-567
-568
-552
-652
-662
-572
-582
-762
-862
-962
645
-643
-644
-646
-647
-648
-445
-455
-465
-555
-655
-665
495
-494
-496
-499
-575
-585
-595
-675
-685
-695
-615
-625
-635
-245
-745
-845
-945
-295
-395
-795
-895
-995
672
-674
-676
-678
-679
-682
-772
-872
-972
681
-684
-688
-689
-691
699
-694
-696
-698
-659
-669
-781
-881
-981
-299
-399
-799
-899
-999
711
-712
-713
-714
-715
-716
-717
-811
-911
-761
-791
729
-723
-724
-725
-726
-727
-728
-739
-829
-839
-929
-939
-759
-769
-779
-789
-329
339
-333
-334
-335
-336
-337
-338
-379
-389
752
-753
-755
-756
-757
-758
-852
-952
-782
774
-773
-775
-776
-778
-784
-794
-874
-884
-894
-974
-984
-994
-734
-744
-764
-274
-374
-574
814
-812
-813
-815
-816
-817
912
-913
-914
-915
-916
-917
-824
-834
-924
-934
882
-885
-887
-888
-889
-982
-844
-864
-214
-314
324
-323
-325
-326
-327
-328
-384
-394
-614
-524
-624
853
-855
-856
-857
-858
-859
-743
-763
-843
-863
-943
-953
-963
-823
-833
-873
-893
243
-246
-247
-248
-163
-253
-263
-363
-213
-273
-293
-553
-653
663
-664
-666
-667
-668
-613
-623
-633
634
-636
-637
-534
658
-656
-657
557
-556
-558
-527
-537
-257
-957
-258
-958
861
-865
-866
-867
-868
-869
-961
-891
991
-993
-996
-997
-998
879
-875
-876
-878
-979
-989
-279
289
-284
-285
-287
-288
294
-297
-298
584
-588
-594
113
-115
-117
-123
-133
-313
-125
-127
128
-138
-168
-828
-928
-135
137
-217
-317
165
-167
-255
256
-265
-365
-266
-366
-216
215
-315
316
-275
278
-378
-388
-398
267
-268
-367
368
-616
617
-627
626
-526
-536
-826
-926
-737
-837
-937
955
-956
-959
-765
-965
969
-964
-966
-967
-968
944
-946
-947
-948
-925
-935
-975
-985
785
-787
-788
-735
-444
446
464
-466
-469
-456
459
-746
-846
766
-767
-768
-736
-796
375
-373
393
-397
-385
387
973
-976
-978
-793
896
-897
-898
733
-738
-923
927
-933
-827
825
-835
-836
838
936
-938
847
-848
-747
748
797
-798
-987
988
523
-525
-533
535
576
-578
-596
598
