145
-141
-142
-143
-144
-146
-147
-148
-149
-155
-165
-245
-255
-265
-345
-355
-365
-115
-125
-135
-175
-185
-195
-445
-545
-645
-745
-845
-945
176
-171
-172
-173
-174
-177
-178
-179
-186
-196
-276
-286
-296
-376
-386
-396
-116
-126
-136
-156
-166
-476
-576
-676
-776
-876
-976
187
-181
-182
-183
-184
-188
-189
-197
-277
-287
-297
-377
-387
-397
-117
-127
-137
-157
-167
-487
-587
-687
-787
-887
-987
213
-211
-212
-214
-215
-216
-217
-218
-219
-113
-123
-133
-223
-233
-313
-323
-333
-243
-253
-263
-273
-283
-293
-413
-513
-613
-713
-813
-913
244
-241
-242
-246
-247
-248
-249
-154
-164
-254
-264
-344
-354
-364
-224
-234
-274
-284
-294
-444
-544
-644
-744
-844
-944
311
-312
-314
-315
-316
-317
-318
-319
-111
-121
-131
-221
-231
-321
-331
-341
-351
-361
-371
-381
-391
-411
-511
-611
-711
-811
-911
419
-412
-414
-415
-416
-417
-418
-429
-439
-519
-529
-539
-619
-629
-639
-449
-459
-469
-479
-489
-499
-119
-719
-819
-919
458
-451
-452
-453
-454
-455
-456
-457
-448
-468
-548
-558
-568
-648
-658
-668
-428
-438
-478
-488
-498
-158
-258
-358
-758
-858
-958
493
-491
-492
-494
-495
-496
-497
-473
-483
-573
-583
-593
-673
-683
-693
-423
-433
-443
-463
-193
-393
-793
-893
-993
522
-521
-523
-524
-525
-526
-527
-528
-422
-432
-512
-532
-612
-622
-632
-542
-552
-562
-572
-582
-592
-122
-222
-322
-722
-822
-922
546
-541
-543
-547
-549
-446
-466
-556
-566
-646
-656
-666
-516
-536
-586
-596
-346
-746
-846
-946
685
-681
-682
-684
-686
-688
-689
-475
-485
-575
-585
-595
-675
-695
-615
-625
-635
-655
-665
-285
-385
-785
-885
-985
726
-721
-723
-724
-725
-727
-728
-729
-716
-736
-816
-826
-836
-916
-926
-936
-756
-766
-786
-796
616
-614
-617
-618
-426
-436
-626
-636
486
-481
-482
-484
-696
-226
-326
-886
-986
772
-771
-773
-774
-775
-777
-778
-779
-782
-792
-872
-882
-892
-972
-982
-992
-712
-732
-742
-752
-762
-272
-372
-472
-672
692
-691
-694
-697
-698
-699
-642
-652
-662
-192
-292
-392
853
-851
-852
-854
-855
-856
-857
-859
-743
-753
-763
-843
-863
-943
-953
-963
-823
-833
-873
-883
-153
163
-161
-162
-168
-169
-343
-353
-363
643
-641
-647
-649
-553
-563
-653
-663
533
-531
-534
-535
-537
-538
-623
-633
923
-921
-924
-925
-927
-928
-929
-733
-933
783
-781
-784
-788
-789
-973
-983
373
-374
-375
-378
-379
-383
869
-861
-862
-864
-865
-866
-867
-868
-749
-759
-769
-849
-949
-959
-969
896
-891
-894
-895
-897
-898
-899
-996
-829
-839
-879
-889
349
-342
-347
-348
-159
-259
-269
-359
-369
-329
-339
-389
-399
-569
-669
951
-952
-954
-955
-956
-957
-741
-751
-761
-841
-941
-961
966
-962
-964
-965
-967
-968
-931
-971
-981
-991
441
-442
-447
-461
-551
-561
-651
-661
462
-464
-465
-467
-421
-431
-471
-151
152
-252
-262
-352
-362
191
-194
-198
-199
-271
-281
-291
-112
-132
-251
261
-266
-267
-268
368
-366
-367
-328
-338
-388
-398
-768
-591
-791
731
-734
-735
-737
-738
-739
-821
-831
939
-932
-934
-935
-937
-938
799
-794
-795
-797
-798
-979
-989
-999
621
-624
-627
-628
-631
-671
-139
129
-124
-128
-229
-239
-299
-599
114
-118
-134
138
-324
-334
-228
-238
-514
-714
-814
-914
828
-824
-825
-827
834
-832
-835
-837
-838
-718
-818
-918
748
-747
-848
-948
-874
-884
-878
-888
881
-871
518
-515
-517
-638
-578
-588
-598
678
-674
-677
-679
659
-654
-657
-559
424
-425
-427
-434
-634
637
435
-437
-474
477
-577
-597
594
-574
-584
-554
-564
664
-667
-235
-335
-237
-337
754
-755
-757
-764
765
-767
-715
717
-817
-917
555
-557
-565
567
571
-579
-581
589
974
-975
-977
-978
-984
988
-994
-998
-877
875
-995
997
-815
812
-912
915
-842
847
942
-947
-275
-278
279
-289
384
-382
282
-288
-394
395
-295
298
-232
236
332
-336
225
-227
-325
327
-256
257
356
-357
