149
-141
-142
-143
-144
-145
-146
-147
-148
-159
-169
-249
-259
-269
-349
-359
-369
-119
-129
-139
-179
-189
-199
-449
-549
-649
-749
-849
-949
187
-181
-182
-183
-184
-185
-186
-188
-177
-197
-277
-287
-297
-377
-387
-397
-117
-127
-137
-157
-167
-487
-587
-687
-787
-887
-987
193
-191
-192
-194
-195
-196
-198
-173
-273
-283
-293
-373
-383
-393
-113
-123
-133
-153
-163
-493
-593
-693
-793
-893
-993
218
-211
-212
-213
-214
-215
-216
-217
-219
-118
-128
-138
-228
-238
-318
-328
-338
-248
-258
-268
-278
-288
-298
-418
-518
-618
-718
-818
-918
256
-251
-252
-253
-254
-255
-257
-156
-166
-246
-266
-346
-356
-366
-226
-236
-276
-286
-296
-456
-556
-656
-756
-856
-956
272
-271
-274
-275
-279
-172
-282
-292
-372
-382
-392
-222
-232
-242
-262
-472
-572
-672
-772
-872
-972
315
-311
-312
-313
-314
-316
-317
-319
-115
-125
-135
-225
-235
-325
-335
-345
-355
-365
-375
-385
-395
-415
-515
-615
-715
-815
-915
439
-431
-432
-433
-434
-435
-436
-437
-438
-419
-429
-519
-529
-539
-619
-629
-639
-459
-469
-479
-489
-499
-239
-339
-739
-839
-939
457
-451
-452
-453
-454
-455
-458
-447
-467
-547
-557
-567
-647
-657
-667
-417
-427
-477
-497
-357
-757
-857
-957
466
-461
-462
-463
-464
-465
-468
-446
-546
-566
-646
-666
-416
-426
-476
-486
-496
-766
-866
-966
475
-471
-473
-474
-478
-485
-495
-575
-585
-595
-675
-685
-695
-425
-445
-175
-775
-875
-975
491
-492
-494
-498
-481
-571
-581
-591
-671
-681
-691
-411
-421
-441
-291
-391
-791
-891
-991
513
-511
-512
-514
-516
-517
-413
-423
-523
-533
-613
-623
-633
-543
-553
-563
-573
-583
-713
-813
-913
542
-541
-544
-545
-548
-442
-552
-562
-642
-652
-662
-522
-532
-582
-592
-342
-742
-842
-942
569
-561
-564
-565
-568
-559
-659
-669
-579
-589
-599
-769
-869
-969
594
-596
-597
-598
-484
-574
-584
-674
-684
-694
-524
-534
-554
-294
-394
-794
-894
-994
616
-611
-612
-614
-617
-526
-536
-626
-636
-676
-686
-696
-116
-716
-816
-916
638
-631
-632
-634
-635
-637
-428
-528
-538
-628
-648
-658
-668
-678
-688
-698
-738
-838
-938
644
-641
-643
-645
-444
-654
-664
-624
-244
-344
-744
-844
-944
655
-651
-653
-555
-665
-625
-155
165
-161
-162
-164
-168
-245
-265
-755
-855
-955
-765
-865
-965
677
-673
-679
-577
-697
-627
-777
-877
-977
795
-792
-796
-797
-798
-799
-785
-885
-895
-985
-995
-725
-735
-745
285
-281
-284
-289
-295
299
-379
-389
-399
-229
329
-321
-322
-323
-324
-326
-327
-729
-829
-929
-699
692
-482
-682
689
-683
483
-488
-443
448
663
-661
551
-558
-521
-531
621
-622
-121
-221
-721
-821
-921
-348
-748
-848
-948
-151
-351
-751
-851
-951
-263
-363
-763
-863
-963
-783
-883
-983
-789
-889
-989
-892
-992
-899
-999
836
-831
-832
-833
-834
-835
-837
-726
-736
-826
-926
-936
-846
-876
-886
-896
126
-122
-124
-136
-336
-176
854
-852
-853
-858
-859
-754
-764
-864
-954
-964
-814
-824
-874
-884
-154
-354
898
-897
997
-996
-998
-778
-788
-878
-888
-978
-988
-828
-868
-917
-927
-937
-947
-967
396
-398
-376
-386
914
-911
-912
-919
-714
-724
-734
-924
-934
-974
-984
-114
-414
412
-422
424
-112
111
-131
-231
-331
-171
-711
-811
-712
-812
-224
925
-922
-923
-928
-825
-935
728
-722
-723
-727
-758
-768
845
-841
-843
-847
-945
822
-823
-827
-732
-932
-862
-882
881
-771
-781
-871
-971
-981
-861
867
-747
-767
873
-879
-773
-973
-817
819
-719
717
-737
223
-227
-233
-333
-243
-525
527
535
-537
-267
-367
371
-374
-378
-381
-341
-361
962
-961
-968
-752
-762
761
-741
-941
-952
958
-953
-959
759
-753
-731
733
931
-933
782
-784
-786
-982
986
774
-776
-779
-976
979
-743
746
943
-946
241
-247
-261
264
-364
347
-343
353
-352
-358
-234
237
-337
152
-158
-362
368
-132
134
332
-334
-174
178
384
-388
576
-578
-586
588
