122
-121
-123
-124
-125
-126
-127
-128
-129
-112
-132
-212
-222
-232
-312
-322
-332
-142
-152
-162
-172
-182
-192
-422
-522
-622
-722
-822
-922
134
-131
-133
-135
-136
-137
-138
-139
-114
-214
-224
-234
-314
-324
-334
-144
-154
-164
-174
-184
-194
-434
-534
-634
-734
-834
-934
155
-151
-153
-156
-157
-158
-159
-145
-165
-245
-255
-265
-345
-355
-365
-115
-175
-185
-195
-455
-555
-655
-755
-855
-955
273
-271
-272
-274
-275
-276
-277
-278
-279
-173
-183
-193
-283
-293
-373
-383
-393
-213
-223
-233
-243
-253
-263
-473
-573
-673
-773
-873
-973
291
-292
-294
-295
-296
-297
-298
-299
-171
-181
-191
-281
-371
-381
-391
-211
-221
-231
-241
-251
-261
-491
-591
-691
-791
-891
-991
315
-311
-313
-316
-317
-318
-319
-215
-225
-235
-325
-335
285
-282
-284
-286
-287
-288
-289
-375
-385
-395
-415
-515
-615
-715
-815
-915
-485
-585
-685
-785
-885
-985
327
-321
-323
-326
-328
-329
-117
-217
-227
-237
-337
-347
-357
-367
-377
-387
-397
-427
-527
-627
-727
-827
-927
416
-411
-412
-413
-414
-417
-418
-419
-426
-436
-516
-526
-536
-616
-626
-636
-446
-456
-466
-476
-486
-496
-116
-216
-716
-816
-916
441
-442
-443
-444
-445
-447
-448
-449
-451
-461
-541
-551
-561
-641
-651
-661
-421
-431
-471
-481
-141
-341
-741
-841
-941
463
-462
-464
-465
-467
-468
-469
-453
-543
-553
-563
-643
-653
-663
-423
-433
-483
-493
-163
-363
-763
-863
-963
577
-571
-572
-574
-575
-576
-578
-579
-477
-487
-497
-587
-597
-677
-687
-697
-517
-537
-547
-557
-567
-177
-777
-877
-977
582
-581
-583
-584
-586
-588
-589
-472
-482
-492
-592
-672
-682
-692
-512
-532
-542
-552
-562
-382
-782
-882
-982
646
-642
-644
-645
-647
-648
-649
-546
-556
-566
-656
-666
596
-593
-594
-595
-598
-599
-676
-686
-696
-146
-246
-346
-746
-846
-946
-196
-396
-796
-896
-996
752
-751
-753
-754
-756
-757
-758
-759
-742
-762
-842
-852
-862
-942
-952
-962
-712
-732
-772
-792
-252
-352
-452
432
-435
-437
-438
-439
-612
-632
457
-454
-458
-459
-657
-667
-832
-932
-652
662
-664
-665
-668
-669
-257
-857
-957
-262
242
-244
-247
-248
-249
-342
-362
267
-264
-266
-268
-269
-147
-167
254
-256
-258
-259
-344
-354
-364
-554
-654
-854
-954
-767
-867
-967
784
-781
-783
-786
-787
-788
-789
-774
-794
-874
-884
-894
-974
-984
-994
-714
-724
-744
-764
-384
-484
-684
811
-812
-813
-814
-817
-818
-819
-711
-721
-731
-821
-831
-911
-921
-931
912
-913
-914
-917
-918
-919
-851
-861
-871
-881
-972
-992
-111
331
-333
-336
-338
-339
113
-118
-119
161
-166
-168
-169
-351
-361
-143
-511
-611
-513
-613
-713
-531
521
-523
-524
-525
-528
-529
-621
-631
533
-535
-538
-539
-623
-633
-733
-833
-933
951
-953
-956
-958
-959
-761
-961
771
-775
-776
-778
-779
-971
-981
-671
681
-683
-688
-689
693
-694
-695
-698
-699
-793
-893
-993
948
-943
-944
-945
-947
-949
-748
-768
-848
-858
-868
-968
-928
-938
-978
-988
-998
-148
149
-349
-359
-369
-179
-189
-199
-348
343
-353
-743
723
-725
-726
-728
-729
-823
-923
983
-986
-987
-989
-883
-843
853
-856
-859
-548
-549
-749
-849
356
-358
-366
368
-376
-386
-378
-388
389
-379
-399
-398
-568
-489
488
-478
-498
-678
-428
-188
-888
-889
176
-178
-186
187
-197
198
-876
-976
886
-887
-826
-836
-866
878
-872
-875
-879
892
-895
-897
-898
-899
-798
-828
-838
372
-374
-392
394
-494
-218
219
-229
-239
-519
-619
-719
-226
228
236
-238
926
-924
-925
-929
824
-825
-829
-736
-936
766
-765
-769
-966
-844
-864
964
-965
-969
869
-865
-839
-424
474
-475
-479
-674
-624
614
-617
-618
-514
518
637
-635
-638
-639
-628
-558
559
658
-659
-569
717
-718
-737
-837
835
-735
-935
-937
939
738
-739
-747
745
-845
847
-795
-797
799
997
-995
-999
975
-979
544
-545
-564
565
-675
679
495
-499
-425
429
625
-629
