132
-131
-133
-134
-135
-136
-137
-138
-139
-112
-122
-212
-222
-232
-312
-322
-332
-142
-152
-162
-172
-182
-192
-432
-532
-632
-732
-832
-932
166
-161
-163
-164
-165
-167
-168
-169
-146
-156
-246
-256
-266
-346
-356
-366
-116
-126
-176
-186
-196
-466
-566
-666
-766
-866
-966
189
-181
-183
-184
-185
-187
-188
-179
-199
-279
-289
-299
-379
-389
-399
-119
-129
-149
-159
-489
-589
-689
-789
-889
-989
234
-231
-233
-235
-236
-237
-238
-239
-114
-124
-214
-224
-314
-324
-334
-244
-254
-264
-274
-284
-294
-434
-534
-634
-734
-834
-934
276
-271
-272
-273
-275
-277
-278
-286
-296
-376
-386
-396
-216
-226
-476
-576
-676
-776
-876
-976
295
-291
-292
-293
-297
-298
-175
-195
-285
-375
-385
-395
-215
-225
-245
-255
-265
-495
-595
-695
-795
-895
-995
316
-311
-313
-315
-317
-318
-319
-326
-336
-416
-516
-616
-716
-816
-916
328
-321
-323
-325
-327
-329
-118
-128
-218
-228
-338
-348
-358
-368
-378
-388
-398
-428
-528
-628
-728
-828
-928
347
-341
-342
-343
-344
-345
-349
-147
-157
-247
-257
-267
-357
-367
-337
-377
-387
-397
-447
-547
-647
-747
-847
-947
419
-411
-412
-413
-414
-415
-417
-418
-429
-439
-519
-529
-539
-619
-629
-639
-449
-459
-469
-479
-499
-219
-719
-819
-919
424
-421
-422
-423
-425
-426
-427
-514
-524
-614
-624
-444
-454
-464
-474
-484
-494
-724
-824
-924
451
-452
-453
-455
-456
-457
-458
-441
-461
-541
-551
-561
-641
-651
-661
-431
-471
-481
-491
-151
-251
-351
-751
-851
-951
578
-571
-572
-573
-574
-575
-577
-579
-478
-488
-498
-588
-598
-678
-688
-698
-518
-538
-548
-558
-568
-178
-778
-878
-978
658
-652
-653
-654
-655
-656
-657
-659
-448
-468
-648
-668
438
-433
-435
-436
-437
-618
-638
-738
-838
-938
-158
-258
-758
-858
-958
685
-681
-682
-683
-684
-686
-687
-475
-485
-585
-675
-615
-625
-635
-645
-665
-785
-885
-985
697
-691
-692
-693
-694
-696
-699
-477
-487
-497
-587
-597
-677
467
-462
-463
-465
-557
-567
-667
445
-442
-443
-446
-545
-555
-565
-617
-627
-637
-145
-745
-845
-945
-767
-867
-967
-197
-797
-897
-997
764
-761
-762
-763
-765
-768
-769
-744
-754
-844
-854
-864
-944
-954
-964
-714
-774
-784
-794
-364
-564
-664
781
-782
-783
-786
-787
-788
-771
-791
-871
-881
-891
-971
-981
-991
-711
-721
-731
-741
-281
-381
-581
798
-792
-793
-796
-799
-888
-898
-988
-998
-718
-748
288
-282
-283
-287
177
-171
-173
-174
-198
-117
-127
148
-141
-143
-144
-248
-268
-848
-948
-777
-877
-977
814
-811
-812
-813
-815
-817
-818
-914
918
-911
-912
-913
-915
-917
-874
-884
-894
868
-861
-862
-863
-865
-869
-968
837
-831
-833
-835
-836
-839
-717
-727
-737
-827
-927
-937
757
-752
-753
-755
-756
-759
-857
-957
-887
987
-982
-983
-984
-986
-537
872
-873
-875
-879
-772
-882
-892
-972
-992
-822
-842
-852
-372
-472
473
-483
-493
-583
-593
-673
-672
-373
-773
-973
929
-921
-922
-923
-925
-926
-729
-739
-829
-939
-949
-959
-969
-979
-999
-229
339
-331
-333
-335
-359
-369
946
-941
-942
-943
-746
-846
-856
-956
-936
-996
-546
-646
556
-552
-553
-554
-559
-526
-536
-586
-596
975
-974
994
-993
-775
779
-899
-749
-935
-955
-965
855
-853
-859
849
-841
-843
961
-962
-963
821
-823
-825
-826
-931
933
-713
-723
-733
743
-742
952
-953
-121
-221
-521
-621
-533
-633
241
-242
-243
-249
-261
-361
-211
111
-113
-115
125
-123
-191
-155
-511
-611
-525
-725
-543
-643
-549
-649
-252
262
-263
-269
-352
-362
259
-253
-355
365
-363
-562
-662
-679
599
-591
-592
-594
671
-674
584
-582
531
-535
-631
636
515
-512
-513
-517
-626
527
-522
-523
542
-544
-642
644
563
-569
-663
669
-715
712
-722
726
735
-736
-612
613
622
-623
-213
217
223
-227
-371
374
391
-392
-393
-394
382
-383
-384
193
-194
-153
154
353
-354
-482
486
492
-496
883
-886
-893
896
