133
-131
-132
-134
-135
-136
-137
-138
-139
-113
-123
-213
-223
-233
-313
-323
-333
-143
-153
-163
-173
-183
-193
-433
-533
-633
-733
-833
-933
149
-141
-142
-144
-145
-146
-147
-148
-159
-169
-249
-259
-269
-349
-359
-369
-119
-129
-179
-189
-199
-449
-549
-649
-749
-849
-949
164
-161
-162
-165
-166
-167
-168
-154
-244
-254
-264
-344
-354
-364
-114
-124
-174
-184
-194
-464
-564
-664
-764
-864
-964
187
-181
-182
-185
-186
-188
-177
-197
-277
-287
-297
-377
-387
-397
-117
-127
-157
-487
-587
-687
-787
-887
-987
257
-251
-252
-253
-255
-256
-258
-247
-267
-347
-357
-367
-217
-227
-237
-457
-557
-657
-757
-857
-957
311
-312
-314
-315
-316
-317
-318
-319
-111
-121
-211
-221
-231
-321
-331
-341
-351
-361
-371
-381
-391
-411
-511
-611
-711
-811
-911
346
-342
-343
-345
-348
-156
-246
-266
-356
-366
-326
-336
-376
-386
-396
-446
-546
-646
-746
-846
-946
353
-352
-355
-358
-243
-263
-363
-373
-383
-393
-453
-553
-653
-753
-853
-953
382
-384
-385
-388
-389
-172
-192
-272
-282
-292
-372
-392
-322
-332
-362
-482
-582
-682
-782
-882
-982
413
-412
-414
-415
-416
-417
-418
-419
-423
-513
-523
-613
-623
-443
-463
-473
-483
-493
-713
-813
-913
425
-421
-422
-424
-426
-427
-428
-429
-435
-515
-525
-535
-615
-625
-635
-445
-455
-465
-475
-485
-495
-125
-225
-325
-725
-825
-925
436
-431
-432
-434
-437
-438
-439
-516
-526
-536
-616
-626
-636
-456
-466
-476
-486
-496
-236
-736
-836
-936
474
-471
-472
-477
-478
-479
-484
-494
-574
-584
-594
-674
-684
-694
-444
-454
-274
-374
-774
-874
-974
489
-481
-488
-499
-579
-589
-599
-679
-689
-699
-459
-469
-289
-789
-889
-989
621
-622
-624
-627
-628
-629
-521
-531
-631
-641
-651
-661
-671
-681
-691
-721
-821
-921
639
-632
-634
-637
-638
-519
-529
-539
-619
-659
-669
-239
-339
-739
-839
-939
677
-672
-673
-675
-676
-678
-497
-577
-597
-697
-617
-647
-667
-777
-877
-977
683
-685
-686
-688
-573
-583
-593
-693
-643
-663
-283
-783
-883
-983
696
-692
-695
-698
-576
-586
-596
-656
-666
-196
-296
-796
-896
-996
723
-722
-724
-726
-727
-728
-729
-823
-923
-743
-763
-773
-793
756
-751
-752
-754
-755
-758
-759
-766
-856
-866
-956
-966
-716
-776
-786
-556
566
-561
-562
-563
-565
-567
-568
-569
543
-541
-542
-544
-545
-547
-548
559
-551
-552
-554
-555
-558
-843
-943
-859
-959
769
-761
-762
-765
-767
-768
-869
-969
-719
-779
-799
797
-791
-792
-794
-795
-798
-897
-997
-717
-737
-747
858
-851
-852
-854
-855
-748
-848
-868
-948
-958
-968
-818
-828
-838
-878
-888
-898
-158
-458
-658
928
-922
-924
-926
-927
-929
-718
-738
-918
-938
-978
-988
-998
-128
-228
-328
-528
947
-941
-942
-944
-945
-847
-867
-967
-917
-937
-447
467
-461
-462
-468
962
-961
-963
-965
-742
-842
-862
-952
863
-861
-865
-873
-893
-912
-932
-972
-992
261
-262
-265
-268
-151
-241
-271
-281
-291
-662
975
-971
-973
-976
-979
993
-991
-994
-995
-999
-775
-785
-875
-885
-895
-985
-915
-935
-955
919
-914
-916
-819
-829
986
-981
-984
-876
-886
-219
273
-275
-276
-278
-279
-293
-175
-375
-575
176
-171
-178
191
-195
-198
-286
-116
-126
122
-112
-212
-222
-232
-152
155
242
-245
-248
-365
368
-115
118
-218
-238
-338
-378
379
-299
-399
229
-224
-226
216
-214
-215
-329
-398
-816
826
-822
-824
-827
-518
-618
538
-532
-534
-537
-578
-588
-598
498
-491
-492
-448
-522
-442
441
-451
452
-642
-652
612
-614
-512
-712
-812
-741
-841
951
-954
-931
934
-714
715
-734
-814
-834
-735
-815
817
-835
-837
-745
744
-844
845
-784
514
-517
-524
527
324
-327
-234
235
-334
-335
337
-285
-295
395
-394
-644
654
-655
-645
648
665
-668
778
-771
-772
-788
781
-871
-881
884
-891
-894
-731
732
831
-832
571
-572
-581
585
-591
592
-595
872
-879
-892
899
-284
288
294
-298
