137
-131
-132
-133
-134
-135
-136
-138
-139
-117
-127
-217
-227
-237
-317
-327
-337
-147
-157
-167
-177
-187
-197
-437
-537
-637
-737
-837
-937
184
-181
-182
-183
-185
-186
-188
-189
-174
-194
-274
-284
-294
-374
-384
-394
-114
-124
-144
-154
-164
-484
-584
-684
-784
-884
-984
232
-231
-233
-234
-235
-236
-238
-239
-112
-122
-212
-222
-312
-322
-332
-242
-252
-262
-272
-282
-292
-432
-532
-632
-732
-832
-932
256
-251
-253
-254
-255
-257
-258
-259
-146
-156
-166
-246
-266
-346
-356
-366
-216
-226
-276
-286
-296
-456
-556
-656
-756
-856
-956
279
-271
-273
-275
-277
-278
-179
-199
-289
-299
-379
-389
-399
-219
-229
-249
-269
-479
-579
-679
-779
-879
-979
291
-293
-295
-297
-298
-171
-191
-281
-371
-381
-391
-211
-221
-241
-261
-491
-591
-691
-791
-891
-991
344
-341
-342
-343
-345
-347
-348
-349
-244
-264
-354
-364
-314
-324
-334
-444
-544
-644
-744
-844
-944
412
-411
-413
-414
-415
-416
-417
-418
-419
-422
-512
-522
-612
-622
-442
-452
-462
-472
-482
-492
-712
-812
-912
423
-421
-424
-425
-426
-427
-428
-429
-433
-513
-523
-533
-613
-623
-633
-443
-453
-463
-473
-483
-493
-123
-223
-323
-723
-823
-923
469
-461
-464
-465
-466
-467
-468
-449
-459
-549
-559
-569
-649
-659
-669
-439
-489
-499
-169
-369
-769
-869
-969
488
-481
-485
-486
-487
-478
-498
-578
-588
-598
-678
-688
-698
-438
-448
-458
-288
-388
-788
-888
-988
526
-521
-524
-525
-527
-528
-529
-436
-516
-536
-616
-626
-636
-546
-566
-576
-586
-596
-126
-326
-726
-826
-926
555
-551
-552
-553
-554
-557
-558
-445
-455
-545
-565
-645
-655
-665
-515
-535
-575
-585
-595
-155
-355
-755
-855
-955
589
-581
-582
-583
-587
-599
-689
-699
-519
-539
-789
-889
-989
621
-624
-625
-627
-628
-629
-431
-511
-531
-611
-631
-641
-651
-661
-671
-681
-121
-321
-721
-821
-921
647
-642
-643
-646
-648
-447
-457
-547
-567
-657
-667
-617
517
-514
-518
-577
-597
-677
-687
-697
-717
-817
-917
-247
-747
-847
-947
683
-682
-685
-686
-573
-593
-673
-693
-653
-663
-283
-383
-783
-883
-983
692
-694
-695
-696
-572
-592
594
-672
-474
-494
-574
571
-471
-674
-541
-561
-534
538
-618
-638
-564
-548
-568
-652
-662
-338
-738
-838
-938
-771
-871
-971
-192
-392
-792
-892
-992
-794
-894
-994
761
-762
-763
-764
-765
-766
-767
-768
-741
-751
-841
-851
-861
-941
-951
-961
-711
-731
-781
-161
-361
815
-811
-813
-814
-816
-818
-819
-715
-725
-735
-825
-835
-915
-925
-935
-845
-865
-875
-885
-895
-115
-215
-315
-615
833
-831
-834
-836
-839
-713
-733
-913
-933
881
-882
-886
-887
-981
-843
-853
-863
-873
-893
-333
859
-852
-854
-857
-858
-749
-759
-849
-949
-959
-829
-899
149
-141
-142
-143
-145
-148
-159
-359
-119
-129
441
-446
-451
454
-654
658
-664
666
-668
-434
435
-635
-475
-495
675
-676
-335
-754
-954
-158
-358
-758
-958
-866
-966
-175
-375
-775
-975
877
-872
-874
-876
-878
-777
-787
-797
-897
-977
-987
-997
-827
-867
-377
-477
476
-496
497
-176
-376
-776
-976
-397
922
-924
-927
-928
-929
-722
-822
727
-724
-728
-729
-757
-942
-952
-962
-972
-982
329
-325
-328
-319
-339
974
-973
-978
-774
-914
-934
-964
864
-862
-868
842
-846
-848
-742
-752
753
-743
-943
-953
957
-963
-967
-773
-793
993
-995
-996
-998
-999
799
-795
-796
-798
-719
-739
-824
828
-718
-918
896
-898
-786
-986
985
-785
782
-772
778
745
-746
-748
-945
-965
968
946
-948
-916
-936
224
-225
-228
-214
125
-128
-165
-195
-542
543
562
-563
-243
-245
248
-168
-268
-368
-218
213
-113
-313
-263
-153
-353
-357
-162
163
-363
-173
-193
-362
373
-372
-378
-393
172
-178
-382
-152
151
-351
352
-111
-285
287
-387
265
-267
-365
367
-385
386
395
-396
-398
-196
198
116
-118
-316
-336
331
-311
318
911
-919
-931
939
-716
714
-734
736
-614
619
634
-639
