132
-131
-133
-134
-135
-136
-137
-138
-139
-112
-122
-212
-222
-232
-312
-322
-332
-142
-152
-162
-172
-182
-192
-432
-532
-632
-732
-832
-932
164
-161
-163
-165
-166
-167
-168
-169
-144
-154
-244
-254
-264
-344
-354
-364
-114
-124
-174
-184
-194
-464
-564
-664
-764
-864
-964
214
-211
-213
-215
-216
-217
-218
-219
-224
-234
-314
-324
-334
-274
-284
-294
-414
-514
-614
-714
-814
-914
242
-241
-243
-245
-246
-247
-248
-249
-252
-262
-342
-352
-362
-272
-282
-292
-442
-542
-642
-742
-842
-942
295
-291
-293
-296
-297
-298
-299
-175
-185
-195
-275
-285
-375
-385
-395
-225
-235
-255
-265
-495
-595
-695
-795
-895
-995
313
-311
-315
-316
-317
-318
-319
-113
-123
-223
-233
-323
-333
-343
-353
-363
-373
-383
-393
-413
-513
-613
-713
-813
-913
349
-341
-345
-346
-347
-348
-149
-159
-259
-269
-359
-369
-329
-339
-379
-389
-399
-449
-549
-649
-749
-849
-949
358
-351
-355
-356
-357
-148
-158
-258
-268
-368
-328
-338
-378
-388
-398
-458
-558
-658
-758
-858
-958
429
-421
-422
-423
-424
-425
-426
-427
-428
-419
-439
-519
-529
-539
-619
-629
-639
-459
-469
-479
-489
-499
-129
-229
-729
-829
-929
465
-461
-462
-463
-466
-467
-468
-445
-455
-545
-555
-565
-645
-655
-665
-415
-435
-475
-485
-365
-765
-865
-965
486
-481
-482
-483
-484
-487
-488
-476
-496
-576
-586
-596
-676
-686
-696
-416
-436
-446
-456
-186
-286
-386
-786
-886
-986
528
-521
-522
-523
-524
-525
-526
-527
-418
-438
-518
-538
-618
-628
-638
-548
-568
-578
-588
-598
-128
-228
-728
-828
-928
557
-551
-552
-553
-554
-556
-559
-447
-457
-547
-567
-647
-657
-667
-517
-537
-577
-587
-597
-157
-257
-757
-857
-957
582
-581
-583
-584
-585
-589
-472
-492
-572
-592
-672
-682
-692
-512
-562
-382
-782
-882
-982
626
-621
-622
-623
-624
-625
-627
-516
-536
-616
-636
-646
-656
-666
-126
-226
-326
-726
-826
-926
648
-641
-643
-644
-448
-668
-678
-688
-698
-748
-848
-948
659
-651
-652
-653
-654
-569
-669
-679
-689
-699
-759
-859
-959
687
-681
-683
-684
-685
-477
-497
-677
-697
-617
-637
-187
-287
-387
-787
-887
-987
753
-751
-752
-754
-755
-756
-743
-763
-843
-853
-863
-943
-953
-963
-723
-733
-773
-783
-793
-153
-253
-453
769
-761
-762
-766
-767
-768
-869
-969
-719
-739
-779
-789
-799
791
-792
-794
-796
-797
-798
-771
-781
-871
-881
-891
-971
-981
-991
-711
-721
-731
-741
-191
-391
-491
-591
-691
815
-811
-812
-816
-817
-818
-819
-715
-725
-735
-825
-835
-915
-925
-935
-845
-855
-875
-885
-115
-515
511
-411
-431
-531
-611
-631
-541
-561
-571
-111
-911
-615
612
-412
417
-437
452
-451
-454
-662
-712
-912
-117
-717
-917
-852
-952
862
-861
-866
-867
-868
-962
968
-961
-966
-967
-822
-872
-892
-918
-938
-978
-988
-998
898
-893
-894
-896
-897
-899
-778
-788
-878
-888
-838
-198
-498
478
-471
-473
-474
671
-673
-674
-675
575
-573
-574
-579
599
-593
-594
441
-443
-444
-661
663
-543
-563
566
544
-546
533
-534
-535
-433
434
-633
-634
635
493
-494
-693
694
-833
-933
-734
-834
-934
-335
325
-321
-327
-125
-141
-841
-941
143
-145
-146
-147
-263
155
-151
-156
-173
-183
-193
-744
-844
-944
-955
-266
-366
256
-251
-236
-276
-856
-956
-171
-271
-371
-775
-975
-178
-278
-993
-394
-994
-199
-999
945
-946
-947
-745
785
-784
-985
979
-972
-973
-974
-976
-977
-879
-889
-989
839
-831
-836
-837
-919
916
-716
718
-736
-936
-738
737
-727
-827
-927
-937
-939
931
-821
-921
-747
746
-846
847
-776
-777
851
-854
-951
954
876
-873
-874
-877
-996
997
-992
772
-774
-722
724
922
-923
-924
823
-824
-883
884
983
-984
-116
336
-331
-337
-376
-396
-118
119
238
-231
-237
-239
188
-181
-189
-288
121
-127
-221
227
-179
-267
261
-361
367
-281
381
-384
374
-372
-377
392
-397
-277
273
-279
-283
289
-176
177
196
-197
