147
-141
-142
-143
-144
-145
-146
-148
-149
-157
-167
-247
-257
-267
-347
-357
-367
-117
-127
-137
-177
-187
-197
-447
-547
-647
-747
-847
-947
172
-171
-173
-174
-175
-176
-178
-179
-182
-192
-272
-282
-292
-372
-382
-392
-112
-122
-132
-152
-162
-472
-572
-672
-772
-872
-972
185
-181
-183
-184
-186
-188
-189
-195
-275
-285
-295
-375
-385
-395
-115
-125
-135
-155
-165
-485
-585
-685
-785
-885
-985
211
-212
-213
-214
-215
-216
-217
-218
-219
-111
-121
-131
-221
-231
-311
-321
-331
-241
-251
-261
-271
-281
-291
-411
-511
-611
-711
-811
-911
294
-293
-296
-297
-298
-299
-194
-274
-284
-374
-384
-394
-224
-234
-244
-254
-264
-494
-594
-694
-794
-894
-994
342
-341
-343
-344
-345
-346
-348
-349
-242
-252
-262
-352
-362
-312
-322
-332
-442
-542
-642
-742
-842
-942
454
-451
-452
-453
-455
-456
-457
-458
-459
-444
-464
-544
-554
-564
-644
-654
-664
-414
-424
-434
-474
-484
-154
-354
-754
-854
-954
476
-471
-473
-475
-477
-478
-479
-486
-496
-576
-586
-596
-676
-686
-696
-416
-426
-436
-446
-466
-276
-376
-776
-876
-976
491
-492
-493
-495
-497
-498
-499
-481
-571
-581
-591
-671
-681
-691
-421
-431
-441
-461
-191
-391
-791
-891
-991
525
-521
-522
-523
-524
-526
-527
-528
-529
-415
-425
-435
-515
-535
-615
-625
-635
-545
-555
-565
-575
-595
-225
-325
-725
-825
-925
537
-531
-532
-533
-534
-536
-538
-539
-417
-427
-437
-517
-617
-627
-637
-557
-567
-577
-587
-597
-237
-337
-737
-837
-937
714
-712
-713
-715
-716
-717
-718
-719
-724
-734
-814
-824
-834
-914
-924
-934
-744
-764
-774
-784
-114
-314
-514
-614
758
-751
-752
-753
-755
-756
-757
-759
-748
-768
-848
-858
-868
-948
-958
-968
-728
-738
-778
-788
-798
-158
-258
-358
-558
-658
761
-762
-763
-765
-766
-767
-769
-741
-841
-851
-861
-941
-951
-961
-721
-731
-771
-781
-161
151
-153
-156
-159
-351
-361
-551
-651
-561
541
-543
-546
-548
-549
-641
-661
822
-821
-823
-826
-827
-828
-829
-722
-732
-812
-832
-912
-922
-932
-852
-862
-882
-892
-222
232
-233
-235
-236
-238
-239
-422
-622
-432
-632
877
-871
-873
-874
-875
-878
-879
-777
-787
-797
-887
-897
-977
-987
-997
727
-723
-726
-729
-817
-917
-927
-857
-867
317
-313
-315
-316
-318
-319
335
-333
-334
-336
-338
-339
-227
-327
-355
-365
-377
-387
-397
-735
-835
-935
-277
287
-283
-286
-288
-289
-677
-487
467
-462
-463
-465
-468
-469
-657
-667
445
-443
-448
-449
-645
-655
-665
-245
-745
-845
-945
957
-952
-953
-955
-956
-959
962
-963
-964
-965
-966
-967
-969
-982
-992
-562
-662
-687
697
-692
-693
-695
-698
-699
675
-673
-674
-678
-679
-775
795
-792
-793
-796
-799
782
-783
-786
-789
-895
-975
-995
915
-913
-916
-918
-919
-815
-482
412
-413
-418
-419
-512
-612
-582
-682
592
-593
-598
-599
-552
652
-653
-656
-659
883
-881
-884
-886
-888
-889
-773
779
-893
-973
-983
-993
-899
-979
-989
-999
-739
-749
831
-833
-836
-838
-839
-921
-931
-813
-843
-853
-863
621
-623
-624
-626
-628
-629
-631
634
-633
-636
-638
-639
-684
-134
-279
-379
-579
-383
-483
-583
-683
573
-574
-578
584
-588
-589
-513
-553
-563
-273
278
-198
-378
-388
-398
-228
-248
-268
648
-643
-646
-649
663
-666
-668
-669
-568
518
-516
-519
616
-613
-618
-619
-428
-438
488
-489
-688
689
113
-116
-118
-119
-123
-133
-223
-323
-163
-193
-816
-818
819
-929
-939
898
-896
-978
-988
-998
996
-986
-849
-859
-869
949
-943
-944
-946
743
-746
-733
736
-926
-936
-136
-243
844
-846
-864
246
-249
-166
-256
-266
-356
-366
-226
229
-129
-139
138
-128
-328
-329
-168
368
-363
-364
-369
164
-169
-124
126
324
-326
-196
199
-389
-399
-259
-269
359
-353
928
-923
933
-938
423
-429
-433
439
253
-255
-263
265
855
-856
-865
866
556
-559
-566
569
-373
371
-381
386
393
-396
-971
974
981
-984
