132
-131
-133
-134
-135
-136
-137
-138
-139
-112
-122
-212
-222
-232
-312
-322
-332
-142
-152
-162
-172
-182
-192
-432
-532
-632
-732
-832
-932
156
-151
-153
-154
-155
-157
-158
-159
-146
-166
-246
-256
-266
-346
-356
-366
-116
-126
-176
-186
-196
-456
-556
-656
-756
-856
-956
167
-161
-163
-164
-165
-168
-169
-147
-247
-257
-267
-347
-357
-367
-117
-127
-177
-187
-197
-467
-567
-667
-767
-867
-967
188
-181
-183
-184
-185
-189
-178
-198
-278
-288
-298
-378
-388
-398
-118
-128
-148
-488
-588
-688
-788
-888
-988
218
-211
-213
-214
-215
-216
-217
-219
-228
-238
-318
-328
-338
-248
-258
-268
-418
-518
-618
-718
-818
-918
265
-261
-262
-263
-264
-269
-145
-245
-255
-345
-355
-365
-225
-235
-275
-285
-295
-465
-565
-665
-765
-865
-965
272
-271
-273
-274
-276
-277
-279
-282
-292
-372
-382
-392
-242
-252
-472
-572
-672
-772
-872
-972
329
-321
-323
-324
-325
-326
-327
-119
-129
-229
-239
-319
-339
-349
-359
-369
-379
-389
-399
-429
-529
-629
-729
-829
-929
331
-333
-334
-335
-336
-337
-111
-121
-221
-231
-311
-341
-351
-361
-371
-381
-391
-431
-531
-631
-731
-831
-931
385
-383
-384
-386
-387
-175
-195
-375
-395
-315
-485
-585
-685
-785
-885
-985
454
-451
-452
-453
-455
-457
-458
-459
-444
-464
-544
-554
-564
-644
-654
-664
-414
-424
-434
-474
-484
-494
-254
-354
-754
-854
-954
489
-481
-482
-483
-486
-487
-479
-499
-579
-589
-599
-679
-689
-699
-419
-439
-449
-469
-289
-789
-889
-989
526
-521
-522
-523
-524
-525
-527
-528
-416
-426
-436
-516
-536
-616
-626
-636
-546
-566
-576
-586
-596
-226
-726
-826
-926
558
-551
-552
-553
-555
-557
-559
-448
-468
-548
-568
-648
-658
-668
-538
-578
-598
-358
-758
-858
-958
583
-581
-582
-584
-587
-473
-493
-573
-593
-673
-683
-693
-513
-533
-543
-563
-283
-783
-883
-983
621
-622
-623
-624
-625
-627
-628
-411
-421
-511
-611
-641
-651
-661
-671
-681
-691
-721
-821
-921
645
-642
-643
-646
-647
-649
-445
-545
-655
-615
-635
-675
-695
-745
-845
-945
659
-652
-653
-657
-549
-569
-669
-619
-639
-259
-759
-859
-959
723
-722
-724
-725
-727
-728
-713
-733
-813
-823
-833
-913
-923
-933
-743
-753
-763
-773
-793
-123
-223
-423
779
-771
-774
-775
-776
-777
-778
-799
-879
-899
-979
-999
-719
-739
-749
-769
-179
782
-781
-784
-786
-787
-792
-882
-892
-982
-992
-712
-742
-752
-762
-682
834
-835
-836
-837
-838
-839
-714
-734
-814
-824
-914
-924
-934
-844
-864
-874
-884
-894
-234
-534
-634
848
-841
-842
-843
-846
-847
-849
-748
-768
-868
-948
-968
-828
-878
-898
-348
368
-362
-363
-364
897
-891
-893
-895
-896
-797
-877
-887
-977
-987
-997
-817
-827
-857
-297
-397
-497
-597
-697
928
-922
-925
-927
-738
-938
798
-791
-794
-795
-796
-978
-998
-428
-498
-698
941
-942
-943
-944
-946
-947
-949
-741
-751
-761
-851
-861
-951
-961
711
-715
-716
-717
-811
-911
-971
-981
-991
-141
-241
251
-253
-281
-291
-441
-541
881
-886
-871
955
-952
-953
-957
-755
757
-855
-747
735
-736
-737
-815
-825
822
-812
-912
-915
-935
-852
853
-863
-963
-862
962
-964
-966
-969
869
-866
-873
875
-876
-975
-995
816
-819
-916
-936
-316
236
-233
-237
-286
-296
-422
-435
-535
352
-353
-342
-462
-562
561
-461
-571
-591
-662
764
-766
-744
746
-446
-475
-575
976
-973
-974
993
-994
-996
984
-986
-376
396
-393
-394
-476
-676
-284
287
-377
-227
224
-114
-124
125
-314
-115
113
-313
317
-143
-173
-193
-244
-294
-413
-613
-417
-517
-617
-917
919
937
-939
-519
539
-537
-425
427
-437
-637
-447
547
-542
442
-443
-412
415
-515
-492
-495
595
-592
-594
692
-694
-696
-477
512
-514
-612
614
574
-577
-674
-684
373
-374
-293
299
-199
149
-144
344
-343
243
-249
-174
171
-191
194
-471
478
491
-496
686
-687
677
-678
466
-463
663
-666
433
-438
-633
638
