145
-141
-142
-143
-144
-146
-147
-148
-149
-155
-165
-245
-255
-265
-345
-355
-365
-115
-125
-135
-175
-185
-195
-445
-545
-645
-745
-845
-945
153
-151
-152
-154
-156
-157
-158
-159
-163
-243
-253
-263
-343
-353
-363
-113
-123
-133
-173
-183
-193
-453
-553
-653
-753
-853
-953
199
-191
-192
-194
-196
-197
-198
-179
-189
-279
-289
-299
-379
-389
-399
-119
-129
-139
-169
-499
-599
-699
-799
-899
-999
219
-211
-212
-213
-214
-215
-216
-217
-218
-229
-239
-319
-329
-339
-249
-259
-269
-419
-519
-619
-719
-819
-919
231
-232
-233
-234
-235
-236
-237
-238
-111
-121
-131
-221
-311
-321
-331
-241
-251
-261
-271
-281
-291
-431
-531
-631
-731
-831
-931
257
-252
-254
-256
-258
-167
-247
-267
-347
-357
-367
-227
-277
-287
-297
-457
-557
-657
-757
-857
-957
296
-292
-293
-294
-295
-298
-176
-186
-276
-286
-376
-386
-396
-226
-246
-266
-496
-596
-696
-796
-896
-996
326
-322
-323
-324
-325
-327
-328
-116
-126
-136
-316
-336
166
-161
-162
-164
-168
-346
-356
-366
-426
-526
-626
-726
-826
-926
-466
-566
-666
-766
-866
-966
335
-332
-333
-334
-337
-338
-225
-315
-375
-385
-395
-435
-535
-635
-735
-835
-935
382
-381
-383
-384
-387
-388
-172
-182
-272
-282
-372
-392
-312
-342
-352
-362
-482
-582
-682
-782
-882
-982
418
-411
-412
-413
-414
-415
-416
-417
-428
-438
-518
-528
-538
-618
-628
-638
-448
-458
-468
-478
-488
-498
-118
-318
-718
-818
-918
427
-421
-422
-423
-424
-425
-429
-437
-517
-527
-537
-617
-627
-637
-447
-467
-477
-487
-497
-127
-727
-827
-927
439
-432
-433
-434
-436
-529
-539
-629
-639
-449
-459
-469
-479
-489
-739
-839
-939
446
-441
-442
-443
-444
-456
-546
-556
-646
-656
-476
-486
-746
-846
-946
664
-661
-662
-663
-665
-667
-668
-669
-454
-464
-544
-554
-564
-644
-654
-614
-624
-634
-674
-684
-694
-264
-364
-764
-864
-964
672
-671
-673
-675
-676
-677
-678
-679
-472
-492
-572
-592
-692
-612
-622
-632
-642
-652
-772
-872
-972
687
-681
-683
-685
-686
-688
-689
-577
-587
-597
-697
-647
-187
-787
-887
-987
695
-691
-693
-698
-475
-485
-495
-575
-585
-595
-615
-625
-655
-795
-895
-995
722
-721
-723
-724
-725
-728
-729
-712
-732
-812
-822
-832
-912
-922
-932
-742
-752
-762
-792
-122
-222
-522
774
-771
-773
-775
-776
-777
-778
-779
-784
-794
-874
-884
-894
-974
-984
-994
-714
-734
-744
-754
-174
-274
-374
-474
-574
789
-781
-783
-785
-786
-788
-879
-889
-979
-989
-749
-759
-769
579
-571
-573
-576
-578
586
-581
-583
-584
-588
-589
598
-591
-593
-594
-516
-536
-548
-558
-568
-549
-559
-569
-886
-986
-398
-798
-898
-998
815
-811
-813
-814
-816
-817
-715
-825
-915
-925
-855
-865
-875
-885
-515
525
-521
-523
-524
-555
-565
852
-851
-854
-856
-858
-859
-842
-862
-942
-952
-962
-892
992
-991
-993
-997
-452
462
-461
-463
-465
-542
-552
551
-451
455
-541
-561
-641
-651
-562
-511
242
-244
-248
-262
268
-348
-358
-368
-228
-278
-288
378
-371
-373
-377
-178
-188
-351
-751
-951
-755
765
-761
-763
-767
-768
-955
-965
-868
-968
-878
-978
876
-871
-873
-877
-976
-836
893
-891
-897
-793
-883
-973
-983
-823
-833
-843
-863
-393
313
-314
-317
-223
224
-114
-124
128
-134
-138
184
-181
-284
-394
171
-177
-391
397
-513
-613
-713
-913
-824
-924
-828
-928
-471
473
-483
-493
-971
-273
275
283
-285
-975
977
985
-981
-988
-797
791
-881
888
-711
-741
-838
-848
-917
-937
-947
-967
481
-484
-491
494
911
-914
-916
-821
829
-921
-929
923
-733
-933
743
-747
-748
-943
-963
-849
-869
-941
-961
969
-949
-959
-611
616
621
-623
-636
633
-533
-643
514
-512
532
-534
112
-117
-132
137
-716
717
-737
-837
834
-934
-844
-543
547
563
-567
-847
841
-861
867
-341
361
-369
958
-954
-956
944
-948
756
-758
-736
738
936
-938
-344
349
354
-359
648
-649
-658
659
