122
-121
-123
-124
-125
-126
-127
-128
-129
-112
-132
-212
-222
-232
-312
-322
-332
-142
-152
-162
-172
-182
-192
-422
-522
-622
-722
-822
-922
146
-141
-143
-144
-145
-147
-148
-149
-156
-166
-246
-256
-266
-346
-356
-366
-116
-136
-176
-186
-196
-446
-546
-646
-746
-846
-946
153
-151
-154
-155
-157
-158
-159
-163
-243
-253
-263
-343
-353
-363
-113
-133
-173
-183
-193
-453
-553
-653
-753
-853
-953
288
-281
-282
-283
-284
-285
-286
-287
-289
-178
-188
-198
-278
-298
-378
-388
-398
-218
-228
-238
-248
-258
-268
-488
-588
-688
-788
-888
-988
291
-292
-293
-294
-295
-296
-297
-299
-171
-181
-191
-271
-371
-381
-391
-211
-221
-231
-241
-251
-261
-491
-591
-691
-791
-891
-991
451
-452
-454
-455
-456
-457
-458
-459
-441
-461
-541
-551
-561
-641
-651
-661
-411
-421
-431
-471
-481
-351
-751
-851
-951
468
-462
-463
-464
-465
-466
-467
-469
-448
-548
-558
-568
-648
-658
-668
-418
-428
-438
-478
-498
-168
-368
-768
-868
-968
473
-472
-474
-475
-476
-477
-479
-483
-493
-573
-583
-593
-673
-683
-693
-413
-423
-433
-443
-273
-373
-773
-873
-973
517
-511
-512
-513
-514
-515
-516
-518
-519
-417
-427
-437
-527
-537
-617
-627
-637
-547
-557
-567
-577
-587
-597
-117
-217
-317
-717
-817
-917
555
-552
-554
-556
-559
-445
-545
-565
-645
-655
-665
-525
-535
-575
-585
-595
-255
-355
-755
-855
-955
624
-621
-623
-625
-626
-628
-629
-414
-424
-434
-524
-534
-614
-634
-644
-654
-664
-674
-684
-694
-224
-324
-724
-824
-924
742
-741
-743
-744
-745
-747
-748
-749
-752
-762
-842
-852
-862
-942
-952
-962
-712
-732
-772
-782
-792
-242
-342
-442
-542
-642
776
-771
-774
-775
-777
-778
-779
-786
-796
-876
-886
-896
-976
-986
-996
-716
-726
-736
-756
-766
-276
-376
-576
-676
784
-781
-783
-785
-787
-789
-794
-874
-884
-894
-974
-984
-994
-714
-734
-754
-764
-184
-384
-484
-584
815
-811
-812
-813
-814
-816
-818
-819
-715
-725
-735
-825
-835
-915
-925
-935
-845
-865
-875
-885
-895
-115
-215
-315
-415
-615
844
-841
-843
-847
-848
-849
-854
-864
-944
-954
-964
-834
-244
-344
-444
494
-492
-495
-496
-497
-499
-574
-594
-544
564
-562
-563
-566
-569
-164
-264
-364
-194
-394
931
-932
-933
-934
-936
-937
-938
-939
-711
-721
-731
-821
-831
-911
-921
914
-912
-913
-916
-918
-919
832
-833
-836
-837
-838
-839
761
-763
-765
-767
-769
-861
-941
-961
795
-793
-797
-798
-799
-975
-985
-995
-872
-882
-892
-971
-981
-114
-214
-314
-131
-331
-531
-631
-432
-532
-632
341
-345
-347
-348
-349
-161
-361
358
-352
-354
-357
-359
254
-252
-257
-259
111
-118
-119
-311
-321
138
-134
-135
-137
-139
-318
-328
-338
174
-175
-177
-179
-274
-374
-234
334
-333
-335
-336
-337
-339
-611
521
-523
-526
-528
-529
-571
-581
-538
-638
618
-612
-613
-616
-619
412
-416
-419
-482
-678
-698
-718
-738
948
-943
-945
-947
-949
965
-963
-966
-967
-969
863
-866
-867
-869
-758
-858
-958
728
-723
-727
-729
-828
-928
-823
-883
-893
-978
-998
245
-247
-249
-165
-265
-365
-225
-235
325
-323
-326
-327
-329
-275
-375
-385
-395
-425
652
-656
-657
-659
-662
666
-663
-667
-669
-672
-682
-692
-636
-686
-696
675
-671
-677
-679
681
-685
-687
-689
-485
-695
435
-436
-439
-635
871
-877
-878
-879
-881
898
-897
-899
578
-572
-579
-598
185
-187
-189
-195
167
-169
-267
-367
-197
199
-279
-379
-389
-399
979
-972
-977
-889
887
-987
-997
-989
-999
-827
-857
-929
-959
-387
-487
697
-699
447
-449
-647
-397
377
-372
-277
272
-382
-392
-262
269
362
-369
-219
-229
-239
319
-313
-316
216
-213
-226
-236
713
-719
-733
-923
223
-227
-233
237
927
-926
826
-829
-737
739
757
-759
-957
956
-856
859
-426
429
536
-533
-539
633
-639
486
-489
-586
-596
543
-549
-643
649
-386
383
-393
396
-983
982
-992
993
-582
589
592
-599
