148
-141
-142
-143
-144
-145
-146
-147
-149
-158
-168
-248
-258
-268
-348
-358
-368
-118
-128
-138
-178
-188
-198
-448
-548
-648
-748
-848
-948
193
-191
-192
-194
-195
-196
-197
-199
-173
-183
-273
-283
-293
-373
-383
-393
-113
-123
-133
-153
-163
-493
-593
-693
-793
-893
-993
219
-211
-212
-213
-214
-215
-216
-217
-218
-119
-129
-139
-229
-239
-319
-329
-339
-249
-259
-269
-279
-289
-299
-419
-519
-619
-719
-819
-919
224
-221
-222
-223
-225
-226
-227
-228
-114
-124
-134
-234
-314
-324
-334
-244
-254
-264
-274
-284
-294
-424
-524
-624
-724
-824
-924
323
-321
-322
-325
-326
-327
-328
-233
-313
-333
-343
-353
-363
-423
-523
-623
-723
-823
-923
337
-331
-332
-335
-336
-338
-117
-127
-137
-237
-317
-347
-357
-367
-377
-387
-397
-437
-537
-637
-737
-837
-937
341
-342
-344
-345
-346
-349
-151
-161
-241
-251
-261
-351
-361
-311
-371
-381
-391
-441
-541
-641
-741
-841
-941
355
-352
-354
-356
-359
-155
-165
-245
-255
-265
-365
-315
-375
-385
-395
-455
-555
-655
-755
-855
-955
379
-372
-374
-376
-378
-179
-189
-389
-399
-369
-479
-579
-679
-779
-879
-979
445
-442
-443
-444
-446
-447
-449
-465
-545
-565
-645
-665
-415
-425
-435
-475
-485
-495
-745
-845
-945
476
-471
-472
-473
-474
-477
-478
-486
-496
-576
-586
-596
-676
-686
-696
-416
-426
-436
-456
-466
-176
-276
-776
-876
-976
487
-481
-482
-483
-484
-488
-489
-497
-577
-587
-597
-677
-687
-697
-417
-427
-457
-467
-187
-287
-787
-887
-987
549
-542
-543
-544
-546
-547
-459
-469
-559
-569
-649
-659
-669
-529
-539
-589
-599
-749
-849
-949
567
-561
-562
-563
-564
-566
-568
-557
-647
-657
-667
-517
-527
-167
-267
-767
-867
-967
627
-621
-622
-625
-626
-628
-629
-617
-727
-827
-927
635
-631
-632
-633
-634
-636
-638
-639
-515
-525
-535
-615
-675
-685
-695
-135
-235
-735
-835
-935
661
-662
-663
-664
-666
-668
-451
-461
-551
-651
-611
-671
-681
-691
-761
-861
-961
689
-682
-683
-684
-688
-499
-699
-789
-889
-989
731
-732
-733
-734
-736
-738
-739
-711
-721
-811
-821
-831
-911
-921
-931
-751
-771
-781
-791
-131
-231
-431
-531
752
-753
-754
-756
-757
-758
-759
-742
-762
-842
-852
-862
-942
-952
-962
-712
-722
-772
-782
-792
-152
-252
-452
-552
-652
765
-763
-764
-766
-768
-769
-865
-965
-715
-725
-775
-785
-795
777
-773
-774
-778
-797
-877
-897
-977
-997
-717
-747
-177
157
-154
-156
-159
-247
-257
169
-162
-164
-166
364
-362
-366
-384
-394
-857
-957
-464
-864
-964
-869
-969
-277
297
-291
-292
-295
-296
-298
784
-783
-786
-788
-794
-874
-884
-894
-974
-984
-994
-714
-744
-184
174
-171
-172
-175
-574
-674
-584
883
-881
-882
-885
-886
-888
-873
-973
-983
-813
-833
-843
-853
-863
-583
892
-891
-895
-896
-898
-899
-872
-972
-982
-992
-812
-822
-832
-392
-492
-592
-692
913
-912
-914
-915
-916
-917
-918
-713
-933
817
-814
-815
-816
-818
743
-746
-943
-953
-963
-847
947
-944
-946
-413
-513
-613
115
-111
-112
-116
121
-122
-125
-126
-181
-185
-421
-521
-243
-643
966
-968
-846
844
-854
-954
-856
-866
868
-956
-858
-958
-834
934
-932
-936
-938
-939
922
-925
-926
-928
-929
825
-826
-828
-829
-875
836
-838
-839
-716
718
-726
-728
729
796
-798
-799
-986
-996
999
-991
-995
-998
-878
871
-971
-981
-851
859
951
-959
-318
238
-232
-236
-278
-288
-418
-518
-618
-422
-522
526
-528
-516
-536
-616
-556
316
-312
132
-136
-182
186
-286
-386
-396
398
-388
382
-272
-282
428
-429
-438
-538
439
-432
-433
-434
533
-532
-534
-458
-468
-498
-553
-573
673
-672
-678
-653
-644
-266
-271
275
281
-285
-571
572
-575
-578
-582
-512
-975
978
985
-988
-581
-585
588
595
-591
-594
-598
491
-494
694
-698
-411
511
-514
554
-558
-454
453
-463
462
-642
646
-654
-656
658
-412
414
612
-614
242
-246
-262
263
-253
256
