133
-131
-132
-134
-135
-136
-137
-138
-139
-113
-123
-213
-223
-233
-313
-323
-333
-143
-153
-163
-173
-183
-193
-433
-533
-633
-733
-833
-933
167
-161
-162
-164
-165
-166
-168
-169
-147
-157
-247
-257
-267
-347
-357
-367
-117
-127
-177
-187
-197
-467
-567
-667
-767
-867
-967
216
-211
-212
-214
-215
-217
-218
-219
-116
-126
-226
-236
-316
-326
-336
-246
-256
-266
-276
-286
-296
-416
-516
-616
-716
-816
-916
262
-261
-263
-264
-265
-268
-269
-142
-152
-242
-252
-342
-352
-362
-222
-232
-272
-282
-292
-462
-562
-662
-762
-862
-962
275
-271
-273
-274
-277
-278
-279
-175
-185
-195
-285
-295
-375
-385
-395
-225
-235
-245
-255
-475
-575
-675
-775
-875
-975
297
-291
-293
-294
-298
-299
-287
-377
-387
-397
-227
-237
-497
-597
-697
-797
-897
-997
315
-311
-312
-314
-317
-318
-319
-115
-125
-325
-335
-345
-355
-365
-415
-515
-615
-715
-815
-915
327
-321
-322
-324
-328
-329
-337
-427
-527
-627
-727
-827
-927
349
-341
-343
-344
-346
-348
-149
-159
-249
-259
-359
-369
-339
-379
-389
-399
-449
-549
-649
-749
-849
-949
374
-371
-372
-373
-376
-378
-174
-184
-194
-284
-384
-394
-334
-354
-364
-474
-574
-674
-774
-874
-974
418
-411
-412
-413
-414
-417
-419
-428
-438
-518
-528
-538
-618
-628
-638
-448
-458
-468
-478
-488
-498
-118
-718
-818
-918
439
-431
-432
-434
-435
-436
-437
-429
-519
-529
-539
-619
-629
-639
-459
-469
-479
-489
-499
-239
-739
-839
-939
461
-463
-464
-465
-466
-441
-451
-541
-551
-561
-641
-651
-661
-421
-471
-481
-491
-361
-761
-861
-961
485
-482
-483
-484
-486
-487
-495
-585
-595
-685
-695
-425
-445
-455
-785
-885
-985
493
-492
-494
-496
-473
-573
-583
-593
-673
-683
-693
-423
-443
-453
-393
-793
-893
-993
559
-552
-553
-554
-555
-556
-557
-558
-569
-659
-669
-579
-589
-599
-759
-859
-959
623
-621
-622
-624
-625
-626
-513
-523
-613
-643
-653
-663
-723
-823
-923
646
-642
-644
-645
-647
-648
-446
-456
-546
-566
-656
-666
-636
-676
-686
-696
-146
-746
-846
-946
677
-671
-672
-678
-679
-477
-577
-587
-687
-617
-637
-657
-777
-877
-977
691
-692
-694
-698
-699
-571
-581
-591
-681
689
-682
-684
-688
-611
-631
-189
-289
229
-221
-224
-228
-119
-129
-729
-829
-929
-789
-889
-989
-191
-391
-791
-891
-991
736
-731
-732
-734
-735
-737
-738
-726
-826
-836
-926
-936
-756
-766
-776
-786
-796
-536
769
-763
-764
-765
-768
-869
-969
-719
-779
-799
781
-782
-783
-784
-787
-788
-771
-871
-881
-971
-981
-711
-721
-741
-751
171
-172
-176
-178
-179
-181
-281
-381
199
-192
-196
-198
-111
-121
-141
-151
-899
-999
795
-792
-794
-798
-895
-995
-725
-745
-755
819
-811
-812
-813
-814
-817
-919
-879
979
-972
-973
-976
-978
834
-831
-832
-835
-837
-838
-714
-724
-824
-914
-924
-934
-844
-854
-864
-884
-894
-234
-534
-634
847
-841
-842
-843
-845
-848
-747
-757
-857
-947
-957
717
-712
-713
913
-911
-912
-917
-937
-887
987
-982
-983
-984
-986
-988
994
-992
-996
-998
-943
-953
-963
-944
-954
-964
511
-512
-514
-517
-521
-531
537
-532
-535
-547
-447
457
-452
-454
584
-582
-586
-588
-594
-524
-544
-564
664
-665
-668
-444
442
-542
-652
-654
-422
-472
476
-576
-596
424
-426
-614
612
-522
-632
635
-525
526
-655
658
-548
-568
-112
114
-124
-144
-154
-935
-742
-942
-158
-258
-358
-758
-858
-958
-876
898
-892
-896
886
-882
-883
-888
-778
-878
-856
-866
-828
-868
578
-572
592
-598
-186
156
-155
145
-148
-356
-366
-545
543
-563
565
-243
-743
-945
-956
966
-965
-968
-865
863
-753
-853
773
-772
872
-873
-822
-852
-363
368
-248
-338
-388
-398
-386
396
-392
941
-948
-851
855
-951
-955
952
-752
754
-744
748
722
-728
-922
-932
821
-825
-921
-931
938
925
-928
-122
128
332
-331
231
-238
182
-188
-382
383
-283
288
-241
244
-254
-251
253
351
-353
