131
-132
-133
-134
-135
-136
-137
-138
-139
-111
-121
-211
-221
-231
-311
-321
-331
-141
-151
-161
-171
-181
-191
-431
-531
-631
-731
-831
-931
168
-162
-163
-164
-165
-166
-167
-169
-148
-158
-248
-258
-268
-348
-358
-368
-118
-128
-178
-188
-198
-468
-568
-668
-768
-868
-968
187
-182
-183
-184
-185
-186
-189
-177
-197
-277
-287
-297
-377
-387
-397
-117
-127
-147
-157
-487
-587
-687
-787
-887
-987
193
-192
-194
-195
-196
-199
-173
-273
-283
-293
-373
-383
-393
-113
-123
-143
-153
-493
-593
-693
-793
-893
-993
228
-222
-223
-224
-225
-226
-227
-229
-218
-238
-318
-328
-338
-278
-288
-298
-428
-528
-628
-728
-828
-928
239
-232
-233
-234
-235
-236
-237
-119
-129
-219
-319
-329
-339
-249
-259
-269
-279
-289
-299
-439
-539
-639
-739
-839
-939
276
-271
-272
-274
-275
-176
-286
-296
-376
-386
-396
-216
-246
-256
-266
-476
-576
-676
-776
-876
-976
415
-411
-412
-413
-414
-416
-417
-418
-419
-425
-435
-515
-525
-535
-615
-625
-635
-445
-455
-465
-475
-485
-495
-115
-215
-315
-715
-815
-915
448
-441
-442
-443
-444
-446
-447
-449
-458
-548
-558
-648
-658
-438
-478
-488
-498
-748
-848
-948
551
-552
-553
-554
-555
-556
-557
-559
-451
-461
-541
-561
-641
-651
-661
-511
-521
-571
-581
-591
-251
-351
-751
-851
-951
566
-562
-563
-564
-565
-567
-569
-456
-466
-546
-646
-656
-666
-516
-526
-536
-586
-596
-366
-766
-866
-966
592
-594
-595
-597
-598
-599
-472
-482
-492
-572
-582
-672
-682
-692
-512
-522
-532
-542
-292
-392
-792
-892
-992
617
-611
-612
-613
-614
-616
-618
-619
-427
-437
-517
-527
-537
-627
-637
-647
-657
-667
-677
-697
-217
-317
-717
-817
-917
655
-652
-653
-654
-659
-545
-645
-665
-675
-685
-695
-155
-255
-355
-755
-855
-955
684
-681
-683
-686
-688
-689
-474
-484
-494
-574
-584
-674
-694
-624
-634
-644
-664
-284
-384
-784
-884
-984
699
-691
-696
-698
-479
-489
-499
-579
-589
-679
-629
-649
-669
-399
-799
-899
-999
733
-732
-734
-735
-736
-737
-738
-713
-723
-813
-823
-833
-913
-923
-933
-743
-753
-763
-773
-783
-333
-433
-533
-633
742
-741
-744
-745
-746
-747
-749
-752
-762
-842
-852
-862
-942
-952
-962
-712
-722
-772
-782
-142
-242
-342
-642
643
-453
-463
-543
-663
662
-452
-462
-622
-632
-623
-673
-243
-343
-843
-943
-262
-362
756
-754
-757
-758
-759
-846
-856
-946
-956
-716
-726
-786
-796
-156
-356
767
-761
-764
-765
-769
-847
-857
-867
-947
-957
-967
-727
-777
-797
-267
-367
-467
785
-781
-788
-789
-775
-795
-875
-885
-895
-975
-985
-995
-725
-285
-385
-585
575
-573
-577
-578
547
-544
-549
-457
-247
257
-252
-253
-254
-347
-357
-175
-375
882
-881
-883
-886
-888
-889
-872
-972
-982
-812
-822
-832
-282
281
-291
-371
-381
-391
-241
-261
212
-213
-214
-112
-122
-312
-322
-332
263
-264
-265
-353
-363
-912
-863
-963
-481
-981
-382
971
-973
-974
-977
-978
-979
-771
-791
-871
-891
-991
-911
-921
-941
-961
-471
-671
678
491
-496
-497
486
-483
477
-473
583
-588
-421
621
-626
423
-422
-424
-426
-429
432
-434
-436
-513
-523
636
-638
313
-314
-316
-323
-721
711
-714
-718
-719
-811
-821
922
-924
-925
-926
-927
-929
-932
-336
-836
-936
873
-874
-877
-878
-879
-983
-853
953
-954
-958
-959
858
-854
-859
-818
-838
-898
-378
-778
798
-794
-988
-998
-986
989
-779
774
-894
-994
-724
729
-819
-829
-919
-949
-969
519
-514
-518
538
-534
524
-529
918
-914
-916
-938
996
-997
-896
897
-827
-837
937
-934
-935
-124
-324
-824
327
-325
-326
-337
346
-341
-344
-345
-349
361
-364
-365
-369
-146
841
-844
-845
-849
-861
869
-864
-865
149
-144
-145
245
-244
-159
-359
125
-126
-335
334
-114
116
-179
294
-295
-174
172
-372
-374
379
-394
395
-398
388
-389
-152
154
352
-354
814
-816
-834
835
-825
826
944
-945
-964
965
-454
459
464
-469
