146
-141
-142
-143
-144
-145
-147
-148
-149
-156
-166
-246
-256
-266
-346
-356
-366
-116
-126
-136
-176
-186
-196
-446
-546
-646
-746
-846
-946
172
-171
-173
-174
-175
-177
-178
-179
-182
-192
-272
-282
-292
-372
-382
-392
-112
-122
-132
-152
-162
-472
-572
-672
-772
-872
-972
183
-181
-184
-185
-187
-188
-189
-193
-273
-283
-293
-373
-383
-393
-113
-123
-133
-153
-163
-483
-583
-683
-783
-883
-983
215
-211
-212
-213
-214
-216
-217
-218
-219
-115
-125
-135
-225
-235
-315
-325
-335
-245
-255
-265
-275
-285
-295
-415
-515
-615
-715
-815
-915
243
-241
-242
-244
-247
-248
-249
-253
-263
-343
-353
-363
-223
-233
-443
-543
-643
-743
-843
-943
311
-312
-313
-314
-316
-317
-318
-319
-111
-121
-131
-221
-231
-321
-331
-341
-351
-361
-371
-381
-391
-411
-511
-611
-711
-811
-911
326
-322
-323
-324
-327
-328
-329
333
-332
-334
-336
-337
-338
-339
-226
-236
-376
-386
-396
-426
-526
-626
-726
-826
-926
-433
-533
-633
-733
-833
-933
414
-412
-413
-416
-417
-418
-419
-424
-434
-514
-524
-534
-614
-624
-634
-444
-454
-464
-474
-484
-494
-114
-714
-814
-914
422
-421
-423
-425
-427
-428
-429
-432
-512
-522
-532
-612
-622
-632
-442
-452
-462
-482
-492
-222
232
-234
-237
-238
-239
-252
-262
-722
-822
-922
-732
-832
-932
447
-441
-445
-448
-449
-457
-467
-547
-557
-567
-647
-657
-667
-437
-477
-487
-497
-347
-747
-847
-947
589
-581
-582
-584
-585
-586
-587
-588
-479
-489
-499
-579
-599
-679
-689
-699
-519
-529
-539
-549
-559
-569
-289
-389
-789
-889
-989
591
-592
-593
-594
-595
-596
-597
-598
-471
-481
-491
-571
-671
-681
-691
-521
-531
-541
-551
-561
-191
-291
-791
-891
-991
728
-721
-723
-724
-725
-727
-729
-718
-738
-818
-828
-838
-918
-928
-938
-748
-758
-768
-778
-788
-798
-128
-228
-528
-628
774
-771
-773
-775
-776
-777
-779
-784
-794
-874
-884
-894
-974
-984
-994
-734
-744
-754
-764
-274
-374
-574
-674
855
-851
-852
-853
-854
-856
-857
-858
-859
-745
-755
-765
-845
-865
-945
-955
-965
-825
-835
-875
-885
-895
-155
-355
-455
-555
-655
869
-861
-862
-863
-864
-866
-867
-868
-749
-759
-769
-849
-949
-959
-969
-819
-829
-839
-879
-899
-169
-269
-369
-469
-669
951
-952
-953
-954
-956
-957
-958
-741
742
-751
-761
-841
-941
-961
-752
-762
-842
-942
-962
-712
-782
-792
-921
-931
-971
-981
641
-642
-644
-645
-648
-649
-451
-461
-651
-661
431
-435
-436
-438
-439
-621
-631
459
-453
-456
-458
-659
821
-823
-824
-827
-731
-831
781
-785
-786
-787
-871
-881
-342
-542
349
-344
-345
-348
-159
-259
-359
-379
-399
545
-544
-548
-465
-565
-665
-525
-535
-575
-151
161
-164
-165
-167
-168
-251
-261
365
-362
-364
-367
-368
352
-354
-357
-358
195
-194
-197
-198
-199
-375
-385
-395
-552
562
-563
-564
-566
-568
-652
-662
554
-553
-556
-558
-654
-664
-154
-254
264
-267
-268
-224
-284
-294
-964
271
-276
-277
-278
-279
-281
299
-296
-297
-298
286
-287
-288
258
-257
157
-158
-117
-127
-137
227
-229
-527
523
-513
-613
-623
-573
-923
-627
-927
-757
-658
979
-973
-975
-976
-977
-978
-799
-999
-919
-929
-939
-486
-686
-886
-986
-495
-695
-795
735
-736
-737
-739
-925
924
-834
-934
-935
719
-713
-716
-717
844
-848
-944
948
-968
-988
-998
-119
118
-138
-518
-618
-619
-124
129
134
-139
625
-629
-635
639
-636
-637
-638
538
-536
-537
-578
-675
-685
475
-473
-476
-478
-485
488
-498
-678
-688
-698
-468
668
-663
-666
985
-982
-987
-995
-388
-888
-377
378
-398
-878
898
-892
-893
-896
-897
-384
387
394
-397
684
-682
-687
692
-693
-694
-696
-697
882
-887
-992
-812
912
-913
-916
-917
813
-816
-817
-873
673
-676
-677
-493
496
-576
577
463
-466
-653
656
516
-517
-616
617
753
-756
-763
-963
-793
993
-996
-997
876
-877
-796
797
766
-767
-966
967
-836
837
936
-937
