135
-131
-132
-133
-134
-136
-137
-138
-139
-115
-125
-215
-225
-235
-315
-325
-335
-145
-155
-165
-175
-185
-195
-435
-535
-635
-735
-835
-935
152
-151
-153
-154
-156
-157
-158
-159
-142
-162
-242
-252
-262
-342
-352
-362
-112
-122
-172
-182
-192
-452
-552
-652
-752
-852
-952
186
-181
-183
-184
-187
-188
-189
-176
-196
-276
-286
-296
-376
-386
-396
-116
-126
-146
-166
-486
-586
-686
-786
-886
-986
191
-193
-194
-197
-198
-199
-171
-271
-281
-291
-371
-381
-391
-111
-121
-141
-161
-491
-591
-691
-791
-891
-991
216
-211
-212
-213
-214
-217
-218
-219
-226
-236
-316
-326
-336
-246
-256
-266
-416
-516
-616
-716
-816
-916
224
-221
-222
-223
-227
-228
-229
-114
-124
-234
-314
-324
-334
-244
-254
-264
-274
-284
-294
-424
-524
-624
-724
-824
-924
241
-243
-245
-247
-248
-249
-251
-261
-341
-351
-361
-231
-441
-541
-641
-741
-841
-941
331
-332
-333
-337
-338
-339
-311
-321
-431
-531
-631
-731
-831
-931
425
-421
-422
-423
-426
-427
-428
-429
-415
-515
-525
-615
-625
-445
-455
-465
-475
-485
-495
-725
-825
-925
432
-433
-434
-436
-437
-438
-439
-412
-512
-522
-532
-612
-622
-632
-442
-462
-472
-482
-492
-232
-732
-832
-932
447
-443
-444
-446
-448
-449
-457
-467
-547
-557
-567
-647
-657
-667
-417
-477
-487
-497
-147
-347
-747
-847
-947
521
-523
-526
-527
-528
-529
-411
-511
-611
-621
-551
-561
-571
-581
-721
-821
-921
539
-533
-534
-536
-537
-538
-419
-519
-619
-629
-639
-549
-559
-569
-579
-589
-599
-239
-739
-839
-939
575
-572
-573
-574
-576
-577
-578
-585
-595
-675
-685
-695
-545
-555
-565
-275
-375
-775
-875
-975
584
-582
-583
-587
-588
-474
-484
-494
-594
-674
-684
-694
-514
-544
-554
-564
-384
-784
-884
-984
663
-661
-662
-664
-665
-666
-668
-669
-453
-463
-543
-553
-563
-643
-653
-613
-623
-633
-673
-683
-693
-163
-263
-363
-763
-863
-963
672
-671
-676
-677
-678
-679
-592
-682
-692
-642
-272
-372
-772
-872
-972
687
-681
-688
-689
-597
-697
517
-513
-518
413
-414
-418
-617
-627
-637
-473
-483
-493
593
-596
-598
651
-654
-655
-656
-658
-659
-451
-461
645
-644
-646
-648
-649
699
-696
-698
-479
-489
-499
-113
-313
-713
-813
-913
-117
-317
-717
-817
-917
-345
-745
-845
-945
-751
-851
-951
-287
-387
-787
-887
-987
-293
-393
-793
-893
-993
-299
-399
-799
-899
-999
758
-753
-754
-755
-756
-757
-759
-748
-768
-848
-858
-868
-948
-958
-968
-718
-728
-738
-778
-788
-798
-258
-358
-458
-558
556
-456
-466
-546
-566
-356
-856
-956
773
-771
-774
-776
-777
-779
-783
-873
-883
-973
-983
-723
-733
-743
-173
-273
-373
865
-861
-862
-864
-866
-867
-869
-765
-855
-955
-965
-815
-885
-895
-265
-365
888
-881
-882
-889
-878
-898
-978
-988
-998
-818
-828
-838
-288
-388
-488
481
-471
-781
-981
894
-892
-896
-897
-794
-874
-974
-994
-814
-834
-844
-854
-394
911
-912
-914
-915
-918
-919
-711
-811
715
-712
-714
-719
761
-762
-764
-766
-767
-769
-961
-785
-795
871
-876
-877
-879
-971
614
-618
-634
929
-922
-923
-926
-927
-928
938
-933
-934
-936
-937
734
-736
-737
-729
-819
812
-722
-822
-829
-744
-842
-949
-959
-969
-979
-989
789
-782
-749
-312
322
-323
-327
-328
-329
-382
-392
-129
-238
-638
636
-626
628
-128
-836
-289
-389
953
-954
-957
-843
-853
-943
-253
-353
976
-977
-796
-996
-946
-966
366
-364
-367
-368
-369
-346
-476
478
496
-498
-468
-178
-278
-378
118
-119
-318
319
-148
-168
-349
-359
-379
123
-127
-233
237
-143
343
-344
-348
268
-267
-269
283
-282
-285
292
-295
-297
-298
-383
385
-395
398
-397
255
-257
-259
-355
-277
279
-179
-823
833
-837
548
-542
562
-568
-962
982
-985
-792
797
-992
995
-997
742
-746
-942
944
-964
967
846
-849
-857
859
726
-727
-826
827
-144
149
-169
357
-354
164
-167
-174
177
374
-377
454
-459
-464
469
