135
-131
-132
-133
-134
-136
-137
-138
-139
-115
-125
-215
-225
-235
-315
-325
-335
-145
-155
-165
-175
-185
-195
-435
-535
-635
-735
-835
-935
227
-221
-222
-223
-224
-226
-228
-229
-117
-127
-217
-237
-317
-327
-337
-247
-257
-267
-277
-287
-297
-427
-527
-627
-727
-827
-927
246
-241
-242
-243
-244
-245
-248
-249
-146
-156
-166
-256
-266
-346
-356
-366
-216
-236
-276
-286
-296
-446
-546
-646
-746
-846
-946
259
-251
-252
-253
-254
-255
-258
-149
-159
-169
-269
-349
-359
-369
-219
-239
-279
-289
-299
-459
-559
-659
-759
-859
-959
326
-321
-322
-323
-324
-328
-329
-116
-126
-316
-336
-376
-386
-396
-426
-526
-626
-726
-826
-926
332
-331
-333
-334
-338
-339
-112
-122
-212
-232
-312
-342
-352
-362
-372
-382
-392
-432
-532
-632
-732
-832
-932
363
-361
-364
-365
-367
-368
-143
-153
-163
-263
-343
-353
-313
-373
-383
-393
-463
-563
-663
-763
-863
-963
397
-391
-394
-395
-398
-399
-177
-187
-197
-377
-387
-347
-357
-497
-597
-697
-797
-897
-997
554
-551
-552
-553
-555
-556
-557
-558
-444
-454
-464
-544
-564
-644
-654
-664
-514
-524
-534
-574
-584
-594
-154
-354
-754
-854
-954
568
-561
-562
-565
-566
-567
-569
-448
-458
-468
-548
-648
-658
-668
-518
-528
-538
-578
-588
-598
-168
-268
-768
-868
-968
583
-581
-582
-585
-586
-587
-589
-473
-483
-493
-573
-593
-673
-683
-693
-513
-523
-533
-543
-183
-283
-783
-883
-983
638
-631
-633
-634
-636
-637
-639
-418
-428
-438
-618
-628
-678
-688
-698
-238
-738
-838
-938
657
-651
-652
-653
-655
-656
-447
-457
-467
-547
-647
-667
-617
-677
-687
-157
-757
-857
-957
662
-661
-665
-666
-669
-442
-452
-462
-542
-642
-612
-622
-672
-682
-692
-162
-262
-762
-862
-962
679
-671
-674
-675
-676
-479
-489
-499
-579
-599
-689
-699
-619
-629
-649
-179
-379
-779
-879
-979
736
-731
-733
-734
-737
-739
-716
-816
-836
-916
-936
-756
-766
-776
-786
-796
-436
-536
817
-811
-812
-813
-814
-815
-818
-819
-717
-837
-917
-937
-847
-867
-877
-887
-417
-517
833
-831
-834
-839
-713
-723
-823
-913
-923
-933
-843
-853
-873
-893
-233
-433
886
-881
-882
-884
-885
-888
-889
-876
-896
-976
-986
-996
-856
-866
-186
-486
-686
891
-892
-894
-895
-898
-899
-771
-781
-791
-871
-971
-981
-991
-821
-841
-851
-861
-191
-291
-491
-591
-691
919
-911
-912
-914
-915
-918
-719
-729
-829
-929
-939
-949
-969
-989
-999
-119
-319
129
-121
-123
-124
-128
-189
-199
389
-381
-384
-385
-388
-419
-519
-429
-529
-789
799
-792
-793
-794
-795
-798
-749
-769
944
-941
-942
-943
-945
-947
-948
-744
-764
-844
-864
-964
-924
-934
931
-711
-721
-921
-951
-961
-974
-984
-994
-231
234
-114
-214
-314
-264
-274
-284
-294
-431
-531
-434
-144
-344
164
-161
-167
147
-141
-142
-148
152
-151
-158
-172
-182
-192
-174
-184
-194
374
-371
-375
-378
-747
-752
-852
-952
-474
-774
-874
784
-782
-785
-787
-788
-714
-724
824
-822
-825
-828
-424
-624
-484
-684
985
-982
-987
-988
-775
-875
-975
-995
-925
-955
-965
-285
-485
-685
681
-471
-481
-571
-611
-621
-641
-181
188
-178
-198
-278
-288
-298
-118
218
-211
-213
113
-111
311
-318
171
-173
-176
-271
-281
282
-272
-292
196
-193
261
-265
-341
-351
-411
-511
-413
-613
-718
-461
-761
-482
487
-488
-477
-577
-437
439
537
-539
-449
-469
549
-541
-545
521
-522
-525
-421
-849
869
-865
-496
-596
-696
616
-614
-615
414
-412
-415
-416
-516
-494
694
-695
576
-572
-575
-476
992
-993
-998
-772
-872
878
-972
-778
-978
842
-845
-848
-742
855
-858
-745
-755
-765
767
-967
966
-956
-777
773
-973
977
-743
-753
953
-958
-922
928
-728
-453
-355
358
345
-348
-445
-645
643
-443
441
-451
423
-422
-425
512
-515
-623
625
-592
595
-475
-495
-712
715
722
-725
-741
748
751
-758
-455
456
465
-466
472
-478
-492
498
-273
275
293
-295
