121
-122
-123
-124
-125
-126
-127
-128
-129
-111
-131
-211
-221
-231
-311
-321
-331
-141
-151
-161
-171
-181
-191
-421
-521
-621
-721
-821
-921
142
-143
-144
-145
-146
-147
-148
-149
-152
-162
-242
-252
-262
-342
-352
-362
-112
-132
-172
-182
-192
-442
-542
-642
-742
-842
-942
278
-271
-272
-273
-274
-275
-276
-277
-279
-178
-188
-198
-288
-298
-378
-388
-398
-218
-228
-238
-248
-258
-268
-478
-578
-678
-778
-878
-978
293
-291
-292
-294
-295
-296
-297
-299
-173
-183
-193
-283
-373
-383
-393
-213
-223
-233
-243
-253
-263
-493
-593
-693
-793
-893
-993
339
-332
-333
-334
-335
-336
-337
-338
-119
-139
-219
-229
-239
-319
-329
-349
-359
-369
-379
-389
-399
-439
-539
-639
-739
-839
-939
375
-371
-372
-374
-376
-377
-175
-185
-195
-285
-385
-395
-315
-325
-345
-355
-365
-475
-575
-675
-775
-875
-975
449
-441
-443
-444
-445
-446
-447
-448
-459
-469
-549
-559
-569
-649
-659
-669
-419
-429
-479
-489
-499
-249
-749
-849
-949
487
-481
-482
-483
-484
-485
-486
-488
-477
-497
-577
-587
-597
-677
-687
-697
-417
-427
-437
-457
-467
-187
-287
-387
-787
-887
-987
513
-511
-512
-514
-515
-516
-517
-518
-519
-413
-423
-433
-523
-533
-613
-623
-633
-543
-553
-563
-573
-583
-113
-313
-713
-813
-913
574
-571
-572
-576
-579
-474
-494
-584
-594
-674
-684
-694
-524
-534
-544
-554
-564
-174
-774
-874
-974
641
-643
-644
-645
-646
-647
-648
-451
-461
-541
-551
-561
-651
-661
-611
-631
-671
-681
-691
-241
-341
-741
-841
-941
722
-723
-724
-725
-726
-727
-728
-729
-712
-732
-812
-822
-832
-912
-922
-932
-752
-762
-772
-782
-792
-222
-322
-422
-522
-622
756
-751
-753
-754
-755
-757
-758
-759
-746
-766
-846
-856
-866
-946
-956
-966
-716
-736
-776
-786
-796
-156
-256
-356
-456
-556
-656
781
-783
-784
-785
-788
-789
-771
-791
-871
-881
-891
-971
-981
-991
-711
-731
-761
471
-472
-473
-476
-491
-581
-591
-411
-431
531
-532
-535
-536
-537
-538
-831
-931
-281
-381
391
-392
-394
-396
-397
-351
-361
818
-811
-814
-815
-816
-817
-819
911
-914
-915
-916
-917
-918
-919
-718
-738
-828
-838
-928
-938
-848
-858
-868
-888
-898
-951
-961
-118
-318
-418
-618
854
-851
-852
-853
-855
-857
-859
861
-862
-863
-864
-865
-867
-869
-744
-764
-844
-944
-954
-964
-824
-834
-884
-894
251
-254
-255
-257
-259
-261
-154
-354
-454
-654
963
-962
-965
-967
-968
-969
952
-953
-955
-957
-958
-959
-743
-763
-843
-943
769
-765
-767
-768
-719
-779
-799
-972
-982
-992
-923
-933
-973
-983
619
-612
-614
-615
-616
-617
-529
-629
-679
-689
-699
343
-344
-346
-347
-348
-153
-163
-353
-363
133
-134
-135
-136
-137
-138
-323
328
-324
-326
-327
-358
357
-157
-167
-247
-267
-367
-317
-368
823
-825
-826
-827
-829
-733
-833
929
-924
-925
-926
-927
773
-777
-873
-883
-979
-989
-999
-428
-528
-628
244
-245
-246
-164
-264
-364
366
-166
-266
-214
-224
-234
-284
-316
-386
546
-545
-547
-548
-466
-566
-666
-526
-586
-596
-452
-552
-652
-557
-657
159
-155
-158
168
-165
-169
265
-269
115
-114
-116
-117
314
-312
-215
-225
-235
-179
-189
-199
289
-282
-286
382
-384
-414
-714
-415
-715
717
-737
-837
-937
-747
-797
-217
-463
453
-455
-458
-653
-663
-465
-565
-665
-468
-568
-668
-673
683
-682
-685
-686
-688
879
-872
-876
-877
-889
-899
672
-676
-492
-582
-592
-692
562
-567
-462
464
-662
-664
667
-424
-434
527
-525
-627
-637
-632
624
-625
-626
-634
425
-426
-435
-635
-495
226
-227
-216
212
-232
-236
237
-412
416
432
-436
-438
-636
638
-496
498
696
-695
-698
-588
-598
558
-555
655
-658
-882
892
-895
-896
-897
847
-845
-947
988
-984
-985
-986
-798
-998
748
-745
945
-948
-935
-995
184
-186
-194
886
-885
795
-794
994
-996
-997
-976
977
734
-735
-934
936
835
-836
176
-177
-196
197
585
-589
-595
599
