122
-121
-123
-124
-125
-126
-127
-128
-129
-112
-132
-212
-222
-232
-312
-322
-332
-142
-152
-162
-172
-182
-192
-422
-522
-622
-722
-822
-922
138
-131
-133
-134
-135
-136
-137
-139
-118
-218
-228
-238
-318
-328
-338
-148
-158
-168
-178
-188
-198
-438
-538
-638
-738
-838
-938
154
-151
-153
-155
-156
-157
-159
-144
-164
-244
-254
-264
-344
-354
-364
-114
-174
-184
-194
-454
-554
-654
-754
-854
-954
271
-272
-273
-274
-275
-276
-277
-278
-279
-171
-181
-191
-281
-291
-371
-381
-391
-211
-221
-231
-241
-251
-261
-471
-571
-671
-771
-871
-971
295
-292
-293
-294
-296
-297
-298
-299
-175
-185
-195
-285
-375
-385
-395
-215
-225
-235
-245
-255
-265
-495
-595
-695
-795
-895
-995
316
-311
-313
-314
-315
-317
-319
-116
-216
-226
-236
-326
-336
-346
-356
-366
-376
-386
-396
-416
-516
-616
-716
-816
-916
423
-421
-424
-425
-426
-427
-428
-429
-413
-433
-513
-523
-533
-613
-623
-633
-443
-453
-463
-473
-483
-493
-223
-323
-723
-823
-923
444
-441
-442
-445
-446
-447
-448
-449
-464
-544
-564
-644
-664
-414
-434
-474
-484
-494
-744
-844
-944
552
-551
-553
-555
-556
-557
-558
-559
-452
-462
-542
-562
-642
-652
-662
-512
-532
-572
-582
-592
-252
-352
-752
-852
-952
588
-581
-583
-584
-585
-586
-587
-589
-478
-488
-498
-578
-598
-678
-688
-698
-518
-528
-548
-568
-288
-388
-788
-888
-988
615
-611
-612
-614
-617
-618
-619
-415
-435
-515
-525
-535
-625
-635
-645
-655
-665
-675
-685
-115
-715
-815
-915
677
-672
-673
-674
-676
-679
-477
-487
-497
-577
-597
-687
-697
-627
-637
-647
-657
-667
-177
-377
-777
-877
-977
711
-712
-713
-714
-717
-718
-719
-721
-731
-811
-821
-831
-911
-921
-931
-741
-751
-761
-781
-791
-111
-411
-511
745
-742
-743
-746
-747
-748
-749
-755
-765
-845
-855
-865
-945
-955
-965
-725
-735
-775
-785
-145
165
-161
-163
-166
-167
-169
-345
-355
-365
141
-143
-146
-147
-149
-341
-351
-361
-541
-641
-841
-941
-545
455
-451
-456
-457
-458
-459
-465
-565
-475
-485
575
-573
-574
-576
-579
-875
-975
763
-762
-764
-766
-767
-768
-769
-753
-843
-853
-863
-943
-953
-963
-733
-773
-783
-793
-263
-363
-563
-663
882
-881
-883
-884
-885
-886
-887
-889
-772
-782
-792
-872
-892
-972
-982
-992
985
-981
-983
-984
-986
-987
-989
732
-734
-736
-737
-739
-812
-832
-912
-932
-842
-862
-925
-935
412
-417
-418
-419
-432
-632
628
-621
-624
-626
-629
-472
-482
-492
468
-461
-466
-467
-469
-648
-658
-668
437
-431
-436
-439
-517
-527
-537
-728
-828
-928
-237
-337
-837
-937
-268
-368
-868
-968
372
-373
-374
-378
-379
-282
-382
-392
398
-393
-394
-397
-399
-342
-362
-348
-358
-682
692
-691
-693
-694
-696
-699
-798
-898
-998
949
-942
-946
-947
-948
962
-961
-964
-966
-967
-969
864
-861
-866
-867
-869
-759
-849
-859
-959
-814
-824
-834
-874
-894
-919
-929
-939
-979
-999
242
-243
-246
-247
-248
-249
-262
258
-253
-256
-257
-259
266
-267
-269
-286
848
-846
-847
-758
-858
-958
778
-774
-776
-779
-878
-978
-818
918
-913
-914
-917
-349
-549
-649
-566
-666
974
-973
-976
-784
-794
-994
724
-726
-727
-729
-924
-934
-224
-324
-524
594
-591
-593
-596
-599
683
-681
-684
-686
-689
543
-546
-547
-643
646
-653
-656
567
-561
-569
-514
519
-529
-539
-639
-534
634
-631
-636
214
-213
-217
-219
-234
-334
-284
384
-383
-387
-389
-119
-819
-343
347
353
-357
-359
-367
369
-333
-327
-329
-339
659
-651
661
-669
481
-486
-489
-491
-183
-283
233
-239
-113
117
-227
229
-187
-197
287
-289
813
-817
-833
-933
936
-826
-836
-926
927
-827
-873
-893
993
-991
-996
-997
891
-896
-897
-899
-851
951
-956
-957
857
-856
756
-757
-786
-796
876
-879
526
-521
531
-536
321
-325
-331
335
825
-829
-835
839
173
-176
-179
-193
-476
479
496
-499
186
-189
-196
199
-787
789
797
-799
