149
-141
-142
-143
-144
-145
-146
-147
-148
-159
-169
-249
-259
-269
-349
-359
-369
-119
-129
-139
-179
-189
-199
-449
-549
-649
-749
-849
-949
163
-161
-162
-164
-165
-166
-167
-168
-153
-243
-253
-263
-343
-353
-363
-113
-123
-133
-173
-183
-193
-463
-563
-663
-763
-863
-963
171
-172
-174
-175
-176
-177
-178
-181
-191
-271
-281
-291
-371
-381
-391
-111
-121
-131
-151
-471
-571
-671
-771
-871
-971
185
-182
-184
-186
-187
-188
-195
-275
-285
-295
-375
-385
-395
-115
-125
-135
-155
-485
-585
-685
-785
-885
-985
232
-231
-233
-234
-235
-236
-237
-238
-239
-112
-122
-132
-212
-222
-312
-322
-332
-242
-252
-262
-272
-282
-292
-432
-532
-632
-732
-832
-932
277
-273
-274
-276
-278
-279
-197
-287
-297
-377
-387
-397
-217
-227
-247
-257
-267
-477
-577
-677
-777
-877
-977
298
-293
-294
-296
-299
-198
-288
-378
-388
-398
-218
-228
-248
-258
-268
-498
-598
-698
-798
-898
-998
414
-411
-412
-413
-415
-416
-417
-418
-419
-424
-434
-514
-524
-534
-614
-624
-634
-444
-454
-464
-474
-484
-494
-114
-214
-314
-714
-814
-914
497
-491
-492
-493
-495
-496
-499
-487
-587
-597
-687
-697
-427
-437
-447
-457
-467
-797
-897
-997
541
-542
-543
-544
-545
-546
-547
-548
-441
-451
-461
-551
-561
-641
-651
-661
-511
-521
-531
-581
-591
-241
-341
-741
-841
-941
556
-552
-553
-554
-555
-557
-558
-559
-446
-456
-466
-566
-646
-656
-666
-516
-526
-536
-576
-586
-596
-156
-256
-356
-756
-856
-956
617
-611
-612
-613
-615
-616
-618
-619
-517
-527
-537
-627
-637
567
-562
-564
-565
-568
-569
-647
-657
-667
-117
-317
-717
-817
-917
-367
-767
-867
-967
648
-642
-643
-644
-645
-448
-458
-468
-658
-668
-628
-638
-678
-688
-348
-748
-848
-948
669
-662
-664
-665
654
-652
-653
-655
-659
-459
-469
-674
-684
-694
-629
-639
-679
-689
-699
-154
-254
-354
-754
-854
-954
-769
-869
-969
693
-691
-692
-695
-696
-473
-483
-573
-583
-593
-673
-683
-623
-633
-393
-793
-893
-993
723
-721
-722
-724
-725
-726
-727
-728
-729
-713
-733
-813
-823
-833
-913
-923
-933
-743
-753
-773
-783
-223
-323
-423
-523
746
-742
-744
-745
-747
-766
-846
-866
-946
-966
-716
-736
-776
-786
-796
-246
-346
779
-772
-774
-775
-778
-789
-799
-879
-889
-899
-979
-989
-999
-719
-739
-759
-379
-479
-579
792
-791
-794
-795
-782
-872
-882
-892
-972
-982
-992
-712
-752
-762
-192
152
-157
-158
-342
-352
-362
-452
-852
-952
-392
-592
862
-861
-864
-865
-868
-842
-942
-962
-812
-822
442
-443
-445
-462
465
453
-455
-422
-472
-482
-433
-425
-435
-475
-853
-953
-265
-365
-765
-965
894
-891
-895
-896
-784
-874
-884
-974
-984
-994
-824
-834
-844
991
-995
-996
-781
-881
-981
-911
-921
-931
-951
-961
-194
196
-286
-376
-386
-396
-116
118
-128
-138
-318
-328
-338
-126
-136
-518
-718
-818
-918
-394
399
-289
-389
-319
-329
-339
-594
595
-599
-575
-675
-515
-525
-535
916
-912
-915
-919
922
-924
-925
-926
-927
-928
-929
-816
-826
-836
-936
-976
-986
512
-513
-519
-522
-622
533
-538
-539
-572
-582
-216
-316
-333
934
-935
-937
-938
-939
-734
764
-761
-768
-944
-964
968
-758
-858
-958
-978
-988
959
-955
-957
-859
-134
137
-127
124
-224
-324
-334
-327
-337
827
-821
-825
-828
-829
-737
-837
-847
-857
-887
358
-351
-355
-357
347
-344
-345
-368
244
-245
-264
-364
255
-251
-284
283
-373
-383
-213
313
-311
-315
-215
-225
-947
757
-751
-755
851
-855
-787
788
987
-983
-878
-888
-738
838
-831
-835
-839
819
-811
-815
715
-711
731
-735
211
-219
-221
-321
-331
229
-226
-261
266
361
-366
-429
-529
528
-428
-438
439
-431
-436
-489
589
-584
-588
574
-578
-631
-374
372
-382
384
-672
676
682
-681
-686
481
-486
-488
-476
478
-421
426
621
-625
-626
635
-636
325
-326
-335
336
-876
886
-883
975
-973
873
-875
-843
845
943
-945
