148
-141
-142
-143
-144
-145
-146
-147
-149
-158
-168
-248
-258
-268
-348
-358
-368
-118
-128
-138
-178
-188
-198
-448
-548
-648
-748
-848
-948
182
-181
-183
-184
-185
-186
-187
-189
-172
-192
-272
-282
-292
-372
-382
-392
-112
-122
-132
-152
-162
-482
-582
-682
-782
-882
-982
226
-221
-222
-223
-224
-225
-227
-228
-229
-116
-126
-136
-216
-236
-316
-326
-336
-246
-256
-266
-276
-286
-296
-426
-526
-626
-726
-826
-926
274
-271
-273
-275
-277
-278
-279
-174
-194
-284
-294
-374
-384
-394
-214
-234
-244
-254
-264
-474
-574
-674
-774
-874
-974
339
-331
-332
-333
-334
-335
-337
-338
-119
-129
-139
-219
-239
-319
-329
-349
-359
-369
-379
-389
-399
-439
-539
-639
-739
-839
-939
421
-422
-423
-424
-425
-427
-428
-429
-411
-431
-511
-521
-531
-611
-621
-631
-441
-451
-461
-471
-481
-491
-121
-321
-721
-821
-921
456
-452
-453
-454
-455
-457
-458
-459
-446
-466
-546
-556
-566
-646
-656
-666
-416
-436
-476
-486
-496
-156
-356
-756
-856
-956
465
-462
-463
-464
-467
-468
-469
-445
-545
-555
-565
-645
-655
-665
-415
-435
-475
-485
-495
-165
-265
-365
-765
-865
-965
517
-512
-513
-514
-515
-516
-518
-519
-417
-437
-527
-537
-617
-627
-637
-547
-557
-567
-577
-587
-597
-117
-217
-317
-717
-817
-917
588
-581
-583
-584
-585
-586
-589
-478
-488
-498
-578
-598
-678
-688
-698
-528
-538
-558
-568
-288
-388
-788
-888
-988
644
-641
-642
-643
-647
-649
-444
-544
-554
-564
-654
-664
-614
-624
-634
-684
-694
-344
-744
-844
-944
675
-671
-672
-673
-676
-677
-679
-575
-595
-685
-695
-615
-625
-635
-175
-375
-775
-875
-975
718
-711
-712
-713
-714
-715
-716
-719
-728
-738
-818
-828
-838
-918
-928
-938
-758
-768
-778
-798
-218
-318
-418
438
-432
-433
-434
-618
-628
-638
328
-322
-323
-324
-325
-327
-238
298
-291
-293
-295
-297
-299
-378
-398
-898
-998
733
-731
-732
-734
-735
-736
-737
-723
-813
-823
-833
-913
-923
-933
-743
-753
-763
-773
-783
-793
-133
-233
-533
-633
742
-741
-745
-746
-747
-749
-752
-762
-842
-852
-862
-942
-952
-962
-722
-772
-792
-242
-342
-442
-542
891
-892
-893
-894
-895
-896
-897
-899
-771
-781
-791
-871
-881
-971
-981
-991
-811
-831
-841
-851
-861
-191
-391
-591
-691
976
-972
-973
-977
-978
-979
-776
-786
-796
-876
-886
-986
-996
878
-872
-873
-877
-879
992
-993
-994
-995
-997
-999
766
-761
-764
-767
-769
-846
-866
-946
-966
751
-754
-755
-757
-759
-941
-951
-961
-858
-868
-912
-922
-932
-916
-936
346
-341
-343
-345
-347
-166
-366
-376
-386
-396
-151
-251
-351
-551
-651
-176
196
-193
-195
-197
-199
-576
686
-681
-683
-687
-689
571
-572
-573
-579
-596
-696
-541
-561
661
-662
-663
-667
-668
-669
658
-652
-653
-657
-659
447
-443
-449
-477
-487
-497
697
-692
-693
-699
536
-532
-534
-535
525
-522
-523
-524
-529
414
-412
-413
-419
-616
-636
632
-612
-622
-484
-494
594
-592
-593
-599
-114
-314
-814
-914
816
-812
-815
-819
-836
822
-824
-825
-827
-829
-832
-125
-725
-925
-232
241
-243
-245
-247
-249
-161
-261
-361
-211
-231
-281
-847
-947
-958
968
-963
-964
-967
-969
-171
-371
381
-383
-385
-387
-311
472
-473
-479
-492
-794
-397
-797
111
-113
-115
-131
-911
931
-934
-935
-937
-123
623
-629
-613
619
-919
915
-835
-945
-955
-985
-215
-315
845
-843
-849
-855
-885
-124
127
134
-135
-137
235
-237
-154
-164
155
-153
-157
-159
-255
-355
-167
-177
-285
395
-393
-727
-927
837
-834
-857
-867
957
-953
-954
-959
-887
-987
-257
-357
785
-784
-787
-789
-795
799
777
-779
-889
-989
724
-729
-924
929
984
-983
883
-884
-853
-863
943
-949
-543
549
-559
-569
-377
373
-173
179
-283
287
-289
163
-169
-253
-263
-353
-363
213
-212
312
-313
-267
367
-362
-364
354
-352
553
-552
562
-563
252
-259
-262
269
-854
859
864
-869
-483
489
493
-499
