145
-141
-142
-143
-144
-146
-147
-148
-149
-155
-165
-245
-255
-265
-345
-355
-365
-115
-125
-135
-175
-185
-195
-445
-545
-645
-745
-845
-945
152
-151
-153
-154
-156
-157
-158
-159
-162
-242
-252
-262
-342
-352
-362
-112
-122
-132
-172
-182
-192
-452
-552
-652
-752
-852
-952
178
-171
-173
-174
-176
-177
-179
-188
-198
-278
-288
-298
-378
-388
-398
-118
-128
-138
-168
-478
-578
-678
-778
-878
-978
227
-221
-222
-223
-224
-225
-226
-228
-229
-117
-127
-137
-217
-237
-317
-327
-337
-247
-257
-267
-277
-287
-297
-427
-527
-627
-727
-827
-927
232
-231
-233
-234
-235
-236
-238
-239
-212
-312
-322
-332
-272
-282
-292
-432
-532
-632
-732
-832
-932
284
-281
-283
-285
-286
-289
-184
-194
-274
-294
-374
-384
-394
-214
-244
-254
-264
-484
-584
-684
-784
-884
-984
346
-341
-343
-344
-347
-348
-349
-166
-246
-256
-266
-356
-366
-316
-326
-336
-376
-386
-396
-446
-546
-646
-746
-846
-946
411
-412
-413
-414
-415
-416
-417
-418
-419
-421
-431
-511
-521
-531
-611
-621
-631
-441
-451
-461
-471
-481
-491
-111
-211
-311
-711
-811
-911
437
-433
-434
-435
-436
-438
-439
-517
-537
-617
-637
-447
-457
-467
-477
-487
-497
-737
-837
-937
553
-551
-554
-555
-556
-557
-558
-559
-443
-453
-463
-543
-563
-643
-653
-663
-513
-523
-533
-573
-583
-593
-253
-353
-753
-853
-953
575
-571
-572
-574
-576
-577
-579
-475
-485
-495
-585
-595
-675
-685
-695
-515
-525
-535
-565
-275
-375
-775
-875
-975
589
-581
-582
-586
-587
-588
-479
-489
-499
-599
-679
-689
-699
-519
-529
-539
-549
-569
-189
-389
-789
-889
-989
596
-591
-592
-594
-597
-598
-476
-486
-496
-676
-686
-696
-516
-526
-536
-566
-196
-296
-796
-896
-996
673
-671
-672
-674
-677
-473
-483
-493
-683
-693
423
-422
-424
-425
-426
-428
-429
-613
-623
-633
-123
-323
-723
-823
-923
-273
-373
-773
-873
-973
718
-712
-713
-714
-715
-716
-717
-719
-728
-738
-818
-828
-838
-918
-928
-938
-748
-758
-768
-788
-798
-218
-318
-518
-618
744
-741
-742
-743
-747
-749
-754
-764
-844
-854
-864
-944
-954
-964
-724
-734
-774
-794
-444
-544
-644
755
-751
-756
-757
-759
-765
-855
-865
-955
-965
-725
-735
-785
-795
-455
465
-462
-464
-466
-468
-469
-655
-665
456
-454
-458
-459
-656
-666
449
-442
-448
-649
-659
-669
-249
-849
-949
-856
-956
766
-761
-762
-763
-767
-769
-866
-966
-726
-736
-776
-786
793
-791
-792
-797
-799
-783
-883
-893
-983
-993
-733
-193
-293
-393
829
-821
-822
-824
-825
-826
-729
-739
731
-721
722
-831
-921
-931
-812
-912
-922
-819
-839
-919
-929
-939
-771
-781
-772
-782
787
-777
779
-877
-887
-897
-977
-987
-997
-879
-899
-979
-999
-859
-869
-522
-622
-129
-329
-629
-131
-331
377
-371
-372
-379
-187
-197
-387
-397
167
-161
-163
-164
-169
-357
-367
-567
547
-541
-542
-548
-647
-657
-667
561
-562
-564
-568
-641
-651
-661
512
-514
-612
-847
-947
-261
-361
-861
-961
-867
-967
-279
-687
697
-691
-692
-694
-698
681
-682
-688
-181
-381
-881
-981
848
-841
-842
-843
-858
-868
-948
-958
-968
-888
-898
-248
-648
642
-662
-942
916
-913
-914
-915
-917
-816
-836
-926
-936
817
-813
-814
-815
-857
851
-941
943
-951
-863
862
-962
-963
969
957
-959
-871
-891
-872
-882
-892
833
-834
-835
-933
-976
-986
-116
-216
276
-271
-186
183
-383
-113
-133
-616
-333
241
-243
-251
-351
-291
-269
-369
971
-972
-974
-991
472
-474
-482
488
-492
494
-498
874
-876
-894
895
-994
-885
886
-985
-995
385
-382
392
-391
-395
-399
191
-199
-295
299
-121
321
-324
-325
-328
338
-334
-335
-339
215
-213
-219
313
-314
-315
-319
263
-268
-363
258
-259
-358
-368
364
-354
359
-615
-538
534
-524
528
-614
619
-624
-634
-628
-638
-639
114
-119
-124
126
-134
-136
139
924
-925
-934
935
625
-626
-635
636
654
-658
-664
668
982
-988
-992
998
