122
-121
-123
-124
-125
-126
-127
-128
-129
-112
-132
-212
-222
-232
-312
-322
-332
-142
-152
-162
-172
-182
-192
-422
-522
-622
-722
-822
-922
156
-151
-153
-154
-155
-157
-158
-159
-146
-166
-246
-256
-266
-346
-356
-366
-116
-136
-176
-186
-196
-456
-556
-656
-756
-856
-956
169
-161
-163
-164
-165
-167
-168
-149
-249
-259
-269
-349
-359
-369
-119
-139
-179
-189
-199
-469
-569
-669
-769
-869
-969
198
-191
-193
-194
-195
-197
-178
-188
-278
-288
-298
-378
-388
-398
-118
-138
-148
-498
-598
-698
-798
-898
-998
227
-221
-223
-224
-225
-226
-228
-229
-117
-137
-217
-237
-317
-327
-337
-247
-257
-267
-277
-287
-297
-427
-527
-627
-727
-827
-927
235
-231
-233
-234
-236
-238
-239
-115
-135
-215
-315
-325
-335
-245
-255
-265
-275
-285
-295
-435
-535
-635
-735
-835
-935
243
-241
-242
-244
-248
-143
-253
-263
-343
-353
-363
-213
-273
-283
-293
-443
-543
-643
-743
-843
-943
282
-281
-284
-286
-289
-272
-292
-372
-382
-392
-252
-262
-482
-582
-682
-782
-882
-982
373
-371
-374
-375
-376
-377
-379
-173
-183
-383
-393
-313
-323
-333
-473
-573
-673
-773
-873
-973
431
-432
-433
-434
-436
-437
-438
-439
-411
-421
-511
-521
-531
-611
-621
-631
-441
-451
-461
-471
-481
-491
-131
-331
-731
-831
-931
449
-442
-444
-445
-446
-447
-448
-459
-549
-559
-649
-659
-419
-429
-479
-489
-499
-749
-849
-949
477
-472
-474
-475
-476
-478
-487
-497
-577
-587
-597
-677
-687
-697
-417
-457
-467
-177
-777
-877
-977
525
-523
-524
-526
-528
-529
-415
-425
-515
-615
-625
-545
-555
-565
-575
-585
-595
-725
-825
-925
589
-581
-583
-584
-586
-588
-579
-599
-679
-689
-699
-519
-539
-389
-789
-889
-989
639
-632
-633
-634
-636
-637
-638
-619
-629
-339
-739
-839
-939
647
-641
-642
-644
-645
-646
-648
-547
-557
-567
-657
-667
-617
-147
187
-181
-184
-185
-387
-397
-347
-747
-847
-947
-787
-887
-987
665
-661
-662
-663
-664
-666
-668
-455
-465
-655
-675
-685
-695
-365
-765
-865
-965
674
-671
-672
-676
-678
-484
-494
-574
-594
-684
-694
-614
-624
-654
-174
-274
-774
-874
-974
736
-732
-733
-734
-737
-738
-716
-726
-816
-826
-836
-916
-926
-936
-746
-766
-776
-786
-796
-336
-536
828
-821
-823
-824
-829
-718
-728
-818
-838
-918
-928
-938
-848
-858
-868
-878
-888
-328
-428
-628
862
-861
-863
-864
-866
-867
-742
-752
-762
-842
-852
-942
-952
-962
-812
-832
-872
-892
-362
-462
-562
879
-871
-875
-876
-779
-799
-899
-979
-999
-819
-859
-279
885
-881
-883
-884
-886
-775
-785
-795
-895
-975
-985
-995
-815
-845
-855
175
-171
-385
-395
-145
-485
495
-492
-493
-496
915
-911
-912
-913
-914
-917
-919
-715
-945
-955
948
-941
-944
-946
-748
-758
-768
-958
-968
-978
-988
-348
-548
951
-953
-954
-957
-959
-741
-751
-761
-841
-851
-961
759
-753
-754
-755
-757
745
-744
-719
-729
929
-921
-923
-924
-971
-981
-991
-329
-345
355
-351
-352
-354
-357
-358
342
-341
-344
367
-361
-364
-368
-542
-251
-551
-651
857
-853
-854
-767
-967
-817
-837
-897
986
-983
-984
-896
-976
972
-772
-792
-992
-996
712
-711
-713
-714
-717
-932
937
-933
-934
797
-791
-793
-794
-997
846
-844
-966
-412
452
-453
-454
-458
-552
-652
-512
-612
532
-533
-534
-537
-538
517
-513
-514
-516
-518
-572
-592
692
-691
-693
-696
681
-683
-686
-688
-571
-591
338
-334
-218
-318
-546
-381
-781
-386
384
-294
-394
-314
-324
-784
-486
-111
141
-144
-261
-541
544
561
-563
-564
-566
-568
-464
-554
466
-463
-468
-416
-426
254
-258
-264
268
-214
-113
114
133
-134
-414
424
-423
-814
-724
834
-833
764
-763
963
-964
-894
994
-993
-211
-216
219
-319
-299
399
-391
-396
-271
276
291
-296
771
-778
-891
893
-783
788
-721
723
811
-813
-311
316
321
-326
-616
626
-623
-576
578
596
-593
483
-488
-413
418
613
-618
553
-558
-653
658
