121
-122
-123
-124
-125
-126
-127
-128
-129
-111
-131
-211
-221
-231
-311
-321
-331
-141
-151
-161
-171
-181
-191
-421
-521
-621
-721
-821
-921
183
-182
-184
-185
-186
-187
-188
-189
-173
-193
-273
-283
-293
-373
-383
-393
-113
-133
-143
-153
-163
-483
-583
-683
-783
-883
-983
257
-251
-252
-253
-254
-255
-256
-258
-259
-147
-157
-167
-247
-267
-347
-357
-367
-217
-227
-237
-277
-287
-297
-457
-557
-657
-757
-857
-957
298
-291
-292
-294
-295
-296
-299
-178
-198
-278
-288
-378
-388
-398
-218
-228
-238
-248
-268
-498
-598
-698
-798
-898
-998
356
-351
-352
-353
-354
-355
-358
-359
-146
-156
-166
-246
-266
-346
-366
-316
-326
-336
-376
-386
-396
-456
-556
-656
-756
-856
-956
416
-411
-412
-413
-414
-415
-417
-418
-419
-426
-436
-516
-526
-536
-616
-626
-636
-446
-466
-476
-486
-496
-116
-216
-716
-816
-916
454
-451
-452
-453
-455
-458
-459
-444
-464
-544
-554
-564
-644
-654
-664
-424
-434
-474
-484
-494
-154
-754
-854
-954
497
-491
-492
-493
-495
-499
-477
-487
-577
-587
-597
-677
-687
-697
-427
-437
-447
-467
-197
-397
-797
-897
-997
541
-542
-543
-545
-546
-547
-548
-549
-441
-461
-551
-561
-641
-651
-661
-511
-531
-571
-581
-591
-241
-341
-741
-841
-941
572
-573
-574
-575
-576
-578
-579
-472
-482
-582
-592
-672
-682
-692
-512
-522
-532
-552
-562
-172
-272
-372
-772
-872
-972
649
-642
-643
-645
-646
-647
-648
-449
-469
-559
-569
-659
-669
-619
-629
-639
-679
-689
-699
-149
-249
-349
-749
-849
-949
717
-711
-712
-713
-714
-715
-718
-719
-727
-737
-817
-827
-837
-917
-927
-937
-747
-767
-777
-787
-117
-317
-517
-617
732
-731
-733
-734
-735
-736
-738
-739
-722
-812
-822
-832
-912
-922
-932
-742
-752
-762
-782
-792
-132
-232
-332
-432
-632
815
-811
-813
-814
-818
-819
-725
-825
-835
-915
-925
-935
-845
-855
-865
-875
-885
-895
-115
-215
-315
-515
-615
879
-871
-873
-874
-876
-877
-878
-779
-789
-799
-889
-899
-979
-989
-999
-829
-839
-859
-869
-179
-279
-379
-479
943
-942
-944
-945
-946
-947
-948
-743
-753
-763
-843
-853
-863
-953
-963
-913
-923
-933
-973
-993
-243
-343
-443
847
-842
-844
-846
-848
-867
-967
-887
746
-744
-745
-748
-766
-866
-966
-726
-776
-786
-796
981
-982
-984
-985
-986
-987
-988
-771
-781
-791
-881
-891
-971
-991
977
-974
-975
-976
-978
-911
-931
831
-833
-834
-836
-838
-851
-861
-951
-961
611
-612
-613
-614
-618
-431
-631
-671
-681
-691
751
-755
-758
-759
-761
-177
137
-134
-135
-136
-138
-139
-327
-337
-537
-637
-377
387
-381
-382
-384
-385
-389
-281
-481
471
-473
-475
-478
-271
261
-262
-263
-264
-265
-269
-361
363
-362
-364
-365
-368
-369
-313
-323
-333
-463
-563
-663
-371
391
-392
-394
-395
-399
-112
114
-118
-119
-214
-224
-234
-314
-324
-334
-144
-164
-174
-194
-514
-914
-142
145
-148
-155
-165
-245
-345
-175
176
-196
-276
-286
-195
-445
-676
-152
-158
159
-169
168
-162
-348
192
-199
-282
289
-284
-285
-219
-229
-239
448
-442
-468
-558
-568
-658
-668
-428
-438
-488
-959
-768
-868
-968
882
-884
-886
-888
-892
-992
-852
858
-958
-862
864
-764
-964
-824
-894
-828
-489
485
-585
-595
-675
-685
-695
-425
-435
-465
462
-652
-662
-422
622
-623
-624
-625
-627
-628
527
-523
-524
-525
-528
-529
-567
667
-665
-666
566
-565
-586
-596
-222
-322
952
-955
-962
-785
686
-684
-688
-696
-589
599
-593
-594
-519
-539
-212
213
312
-318
-319
-223
-233
242
-244
-342
344
274
-275
-374
375
-325
-335
-513
518
-538
-638
-588
584
-674
-694
693
-673
678
-534
634
-633
-635
535
-533
553
-555
-653
655
-918
919
-729
-929
-939
769
-765
965
-969
-995
225
-226
-235
236
433
-439
-423
429
-329
328
-338
339
-728
-928
938
-934
-936
773
-774
-775
-778
-793
-893
896
795
-794
-996
994
-784
788
-723
724
823
-826
-924
926
