172
-171
-173
-174
-175
-176
-177
-178
-179
-182
-192
-272
-282
-292
-372
-382
-392
-112
-122
-132
-142
-152
-162
-472
-572
-672
-772
-872
-972
198
-191
-193
-194
-195
-196
-197
-199
-188
-278
-288
-298
-378
-388
-398
-118
-128
-138
-148
-158
-168
-498
-598
-698
-798
-898
-998
216
-211
-212
-213
-214
-215
-217
-218
-219
-116
-126
-136
-226
-236
-316
-326
-336
-246
-256
-266
-276
-286
-296
-416
-516
-616
-716
-816
-916
257
-251
-252
-253
-254
-255
-258
-259
-147
-157
-167
-247
-267
-347
-357
-367
-227
-237
-277
-287
-297
-457
-557
-657
-757
-857
-957
363
-361
-362
-364
-365
-366
-368
-369
-143
-153
-163
-243
-263
-343
-353
-313
-323
-333
-373
-383
-393
-463
-563
-663
-763
-863
-963
417
-411
-412
-413
-414
-415
-418
-419
-427
-437
-517
-527
-537
-617
-627
-637
-447
-467
-477
-487
-497
-117
-317
-717
-817
-917
485
-481
-482
-483
-484
-486
-488
-489
-475
-495
-575
-585
-595
-675
-685
-695
-425
-435
-445
-455
-465
-185
-285
-385
-785
-885
-985
548
-541
-542
-543
-544
-545
-546
-547
-549
-448
-458
-468
-558
-568
-648
-658
-668
-518
-528
-538
-578
-588
-248
-348
-748
-848
-948
571
-573
-574
-576
-577
-579
-471
-491
-581
-591
-671
-681
-691
-511
-521
-531
-551
-561
-271
-371
-771
-871
-971
641
-642
-643
-644
-645
-646
-647
-649
-441
-451
-461
-651
-661
-611
-621
-631
-141
-241
-341
-741
-841
-941
733
-731
-732
-734
-735
-736
-737
-738
-739
-713
-723
-813
-823
-833
-913
-923
-933
-743
-753
-773
-783
-793
-133
-233
-433
-533
-633
775
-774
-776
-777
-778
-779
-795
-875
-895
-975
-995
-715
-725
-745
-755
-765
-275
-375
787
-781
-782
-784
-786
-788
-789
-797
-877
-887
-897
-977
-987
-997
-727
-747
-767
-187
-387
-587
-687
854
-851
-852
-853
-855
-856
-858
-859
-744
-754
-764
-844
-864
-944
-954
-964
-814
-824
-834
-874
-884
-894
-154
-354
-454
-554
-654
886
-881
-882
-883
-888
-889
-796
-876
-896
-976
-986
-996
-826
-836
-846
-866
-186
-386
-586
-686
928
-921
-922
-924
-925
-926
-927
-929
-718
-728
-818
-828
-838
-918
-938
-958
-968
-978
-988
878
-873
-879
-868
-228
-328
-428
-628
-478
438
-431
-432
-434
-436
-439
421
-422
-423
-424
-426
-429
-618
-638
318
-311
-312
-314
-315
-319
-238
-338
268
-261
-262
-264
-265
-269
-358
-121
-221
-321
-721
-821
758
-751
-752
-756
-759
-768
-678
688
-682
-683
-684
-689
942
-943
-945
-946
-947
-949
-742
-762
-842
-862
-952
-962
-912
-932
-982
-992
-242
-342
352
-351
-355
-356
-359
-322
-332
-442
847
-843
-845
-849
953
-951
-955
-956
-959
-867
-967
893
-891
-892
-899
792
-791
-794
-799
-973
-983
-993
-712
-722
-827
-837
937
-931
-934
-935
-936
-939
726
-724
-729
714
-711
-719
-914
761
-766
-769
-861
-961
-746
749
966
-965
-969
865
-869
-815
-825
-835
915
-911
-919
-114
-514
-614
-115
-515
-615
-526
-626
-137
127
-123
-124
-125
-129
-327
-337
443
-444
-446
-449
-453
-553
-653
-473
-493
-149
-249
-349
151
-155
-156
-159
-161
169
-164
-165
-166
-111
-131
-181
146
-144
-145
-346
135
-134
-139
-225
-235
-325
-335
184
-183
-189
-274
-284
-294
-374
-384
-394
113
-119
-223
811
-812
-819
-831
-513
-613
-535
-635
-452
-552
-652
-565
-665
-466
-566
-666
-469
-569
-669
582
-583
-584
-589
-492
-592
-692
462
-464
-562
-662
-512
519
-529
-539
-619
612
-522
-532
-622
-632
-629
-639
-559
-599
283
-281
-289
-273
279
-293
-299
-379
-389
381
-291
295
-391
-395
-399
231
-232
-234
-239
-331
222
-224
-229
244
-245
-344
345
-822
829
832
-839
-329
324
-334
339
-524
-624
673
-674
-676
-677
-679
-593
-693
523
-525
-623
625
555
-556
-655
377
-376
396
-397
476
-474
-479
-496
-596
-696
494
-499
-594
597
-694
-697
699
-456
459
656
-659
536
-534
634
-636
564
-567
-664
667
974
-979
-984
-994
-981
989
991
-999
